"#client_address";"client_country";"lon";"lat";"client_provider";"mlabservername";"connect_time";"download_speed";"neubot_version";"platform";"remote_address";"test_name";"timestamp";"upload_speed";"latency";"uuid";"asnum";"region";"city";"hour";"month";"year";"weekday";"day";"filedate"
"68.41.24.217";"US";-83.036000;42.724500;"AS7922 Comcast Cable Communications, Inc.";"mlab3-ord01";0.039252;2722220.483631;"0.004012999";"win32";"4.71.251.172";"bittorrent";1339977603;521034.954494;-1.000000;"7acc5903-5884-4564-add3-0be49e9fa576";7922;"MI";"Washington";0;6;2012;0;18;"20120618"
"67.168.59.54";"US";-122.668000;48.185500;"AS7922 Comcast Cable Communications, Inc.";"mlab3-ord01";0.062321;1970851.098520;"0.004012999";"win32";"4.71.251.172";"speedtest";1339978656;458147.461835;0.066108;"ea22d474-846e-407d-9ebe-cd03ff0d64f4";7922;"WA";"Coupeville";0;6;2012;0;18;"20120618"
"184.177.72.227";"US";-97.000000;38.000000;"AS22773 Cox Communications Inc.";"mlab3-ord01";0.078958;557097.974644;"0.004012999";"win32";"4.71.251.172";"speedtest";1339979212;585802.421076;0.082401;"e9aa2936-1c50-4b9d-89e4-2daad232b753";22773;"";"";0;6;2012;0;18;"20120618"
"173.160.133.65";"US";-122.449200;47.151100;"AS7922 Comcast Cable Communications, Inc.";"mlab3-ord01";0.065710;442762.130620;"0.004012999";"win32";"4.71.251.172";"speedtest";1339979440;462161.819129;0.067376;"cd29f4ce-ebe9-47c8-8b18-9406a9618ac1";7922;"WA";"Tacoma";0;6;2012;0;18;"20120618"
"69.249.238.83";"US";-75.163800;39.952300;"AS7922 Comcast Cable Communications, Inc.";"mlab3-ord01";0.034714;1833769.710660;"0.004012999";"win32";"4.71.251.172";"bittorrent";1339980541;211005.230128;-1.000000;"a49b9e19-6f47-4dc7-8196-0fc4dbc9e641";7922;"PA";"Philadelphia";0;6;2012;0;18;"20120618"
"68.40.93.208";"US";-82.582300;42.637600;"AS7922 Comcast Cable Communications, Inc.";"mlab3-ord01";0.047304;426023.322885;"0.004011999";"win32";"4.71.251.172";"speedtest";1339980689;402936.944769;0.047421;"5ddd06da-64ad-444c-b2c0-525541d4d177";7922;"MI";"Algonac";0;6;2012;0;18;"20120618"
"68.41.24.217";"US";-83.036000;42.724500;"AS7922 Comcast Cable Communications, Inc.";"mlab3-ord01";0.040420;1957513.413110;"0.004012999";"win32";"4.71.251.172";"speedtest";1339982067;510978.859163;0.048249;"7acc5903-5884-4564-add3-0be49e9fa576";7922;"MI";"Washington";1;6;2012;0;18;"20120618"
"184.177.72.227";"US";-97.000000;38.000000;"AS22773 Cox Communications Inc.";"mlab3-ord01";0.102257;599163.224053;"0.004012999";"win32";"4.71.251.172";"speedtest";1339982215;585913.020375;0.091133;"e9aa2936-1c50-4b9d-89e4-2daad232b753";22773;"";"";1;6;2012;0;18;"20120618"
"99.27.132.203";"US";-122.036300;37.368800;"AS7132 AS for SBIS-AS";"mlab3-ord01";0.081408;628182.108114;"0.004012999";"linux2";"4.71.251.172";"bittorrent";1339982295;78765.983558;-1.000000;"d0271e0a-854f-4f73-b087-7be4c60e4f8c";7132;"CA";"Sunnyvale";1;6;2012;0;18;"20120618"
"99.92.88.210";"US";-122.030700;37.353700;"AS7018 AT&T Services, Inc.";"mlab3-ord01";0.097661;659499.880302;"0.004012999";"darwin";"4.71.251.172";"bittorrent";1339982930;183721.262579;-1.000000;"13cf72ab-670c-4dc7-8fad-aa9a41f4355d";7018;"CA";"Sunnyvale";1;6;2012;0;18;"20120618"
"67.130.216.230";"US";-105.937800;35.687000;"AS209 NOVARTIS-DMZ-US";"mlab3-ord01";0.192945;145734.988613;"0.004012999";"win32";"4.71.251.172";"bittorrent";1339983001;58227.362271;-1.000000;"ee8fe911-f84d-4ab8-b486-dda4c138f932";209;"NM";"Santa Fe";1;6;2012;0;18;"20120618"
"76.10.12.242";"US";-88.242600;40.112500;"AS46925 PAVLOV MEDIA INC";"mlab3-ord01";0.031646;2570973.546620;"0.004012999";"win32";"4.71.251.172";"speedtest";1339983427;1602127.033650;0.014285;"b2c93218-2fa2-4a04-be8b-f4553cb22e1a";46925;"IL";"Champaign";1;6;2012;0;18;"20120618"
"24.130.152.60";"US";-122.088500;37.709000;"AS7922 Comcast Cable Communications, Inc.";"mlab3-ord01";0.110405;3617926.702498;"0.004012999";"darwin";"4.71.251.172";"bittorrent";1339984056;783751.497567;-1.000000;"92ef1dc6-e5b9-40c8-800b-cc909779319d";7922;"CA";"Castro Valley";1;6;2012;0;18;"20120618"
"70.113.90.176";"US";-97.722700;30.310600;"AS11427 Time Warner Cable Internet LLC";"mlab3-ord01";0.067433;1038043.985010;"0.004012999";"win32";"4.71.251.172";"speedtest";1339984192;217624.185551;0.071817;"f957f544-b6fe-4e0c-b05d-e4a409241054";11427;"TX";"Austin";1;6;2012;0;18;"20120618"
"132.161.219.98";"US";-92.717600;41.721700;"AS22949 Grinnell College";"mlab3-ord01";0.030644;1852936.014131;"0.004012999";"win32";"4.71.251.172";"bittorrent";1339984563;503001.623256;-1.000000;"de23301c-c09c-4e47-aa2b-90a625720856";22949;"IA";"Grinnell";1;6;2012;0;18;"20120618"
"74.163.8.166";"US";-86.875000;30.446700;"AS6389 BellSouth.net Inc.";"mlab3-ord01";0.063718;433405.424387;"0.004012999";"win32";"4.71.251.172";"bittorrent";1339985488;43328.656260;-1.000000;"4565989b-987f-4c3c-aa75-a740afde3068";6389;"FL";"Navarre";2;6;2012;0;18;"20120618"
"71.118.241.200";"US";-118.880000;34.213300;"AS701 MCI Communications Services, Inc. d/b/a Verizon Business";"mlab3-ord01";0.096697;2553480.367810;"0.004012999";"darwin";"4.71.251.172";"speedtest";1339985800;470971.459868;0.095633;"6240ede4-4770-4ab9-a1a5-5df49c84c463";701;"CA";"Thousand Oaks";2;6;2012;0;18;"20120618"
"98.22.138.166";"US";-95.790800;36.052600;"AS7029 Windstream Communications Inc";"mlab3-ord01";0.046329;261953.804342;"0.004012999";"win32";"4.71.251.172";"speedtest";1339985939;74354.784786;0.077756;"eb27082c-e25b-4239-869e-8ba23d438a17";7029;"OK";"Broken Arrow";2;6;2012;0;18;"20120618"
"24.61.63.89";"US";-71.031600;42.399700;"AS7922 Comcast Cable Communications, Inc.";"mlab3-ord01";0.047954;1509399.814350;"0.004012999";"win32";"4.71.251.172";"speedtest";1339986073;532511.656459;0.040010;"641fcec9-64c6-4ec1-a213-90d958a6f9a1";7922;"MA";"Chelsea";2;6;2012;0;18;"20120618"
"71.206.108.75";"US";-84.525500;42.742200;"AS7922 Comcast Cable Communications, Inc.";"mlab3-ord01";0.054123;20792.919414;"0.004011999";"win32";"4.71.251.172";"bittorrent";1339987263;176055.197803;-1.000000;"ffaa390e-2089-4db5-9b0b-c03d5eed4c9f";7922;"MI";"Lansing";2;6;2012;0;18;"20120618"
"76.169.71.176";"US";-118.273400;33.963800;"AS20001 Time Warner Cable Internet LLC";"mlab3-ord01";0.074242;2210447.146317;"0.004011999";"win32";"4.71.251.172";"bittorrent";1339987956;126481.454324;-1.000000;"2f0c137b-7982-4d9c-b50a-c362f2d810e0";20001;"CA";"Los Angeles";2;6;2012;0;18;"20120618"
"67.168.59.54";"US";-122.668000;48.185500;"AS7922 Comcast Cable Communications, Inc.";"mlab3-ord01";0.062955;1790219.820335;"0.004012999";"win32";"4.71.251.172";"bittorrent";1339989212;700989.443122;-1.000000;"ea22d474-846e-407d-9ebe-cd03ff0d64f4";7922;"WA";"Coupeville";3;6;2012;0;18;"20120618"
"208.102.218.140";"US";-84.897500;39.285200;"AS6181 Cincinnati Bell Telephone";"mlab3-ord01";0.016637;1088076.937957;"0.004012999";"win32";"4.71.251.172";"bittorrent";1339989450;235217.196938;-1.000000;"59bc30c0-4f87-4fbd-8bb7-35768315d718";6181;"IN";"West Harrison";3;6;2012;0;18;"20120618"
"24.24.223.229";"US";-118.404100;33.916400;"AS20001 Time Warner Cable Internet LLC";"mlab3-ord01";0.123595;34755.199053;"0.004012999";"linux2";"4.71.251.172";"bittorrent";1339989594;39367.955205;-1.000000;"36cfd7f8-0f92-42e9-be32-71c3f4d2fe09";20001;"CA";"El Segundo";3;6;2012;0;18;"20120618"
"50.76.47.114";"US";-122.419400;37.774900;"AS7922 Comcast Cable Communications, Inc.";"mlab3-ord01";0.072221;1498561.813520;"0.004012999";"win32";"4.71.251.172";"speedtest";1339989658;1219788.301790;0.079688;"a0907de9-08a5-4097-8c1d-bcbf94e3986b";7922;"CA";"San Francisco";3;6;2012;0;18;"20120618"
"207.231.92.41";"US";-121.370600;38.784300;"AS14051 Roseville Telephone Company";"mlab3-ord01";0.062498;2553197.638220;"0.004012999";"win32";"4.71.251.172";"speedtest";1339989915;3115311.241520;0.061379;"cb121e1a-4701-4c5a-91b5-29c9df2b10c0";14051;"CA";"Roseville";3;6;2012;0;18;"20120618"
"98.251.77.68";"US";-83.949600;33.512000;"AS7922 Comcast Cable Communications, Inc.";"mlab3-ord01";0.031681;3181232.611054;"0.004011999";"win32";"4.71.251.172";"bittorrent";1339990387;535505.121376;-1.000000;"cbfab653-aed3-47c3-b7d0-e4159cab6582";7922;"GA";"Covington";3;6;2012;0;18;"20120618"
"108.0.16.252";"US";-118.142300;33.771100;"AS701 MCI Communications Services, Inc. d/b/a Verizon Business";"mlab3-ord01";0.063273;1698671.174877;"0.004012999";"darwin";"4.71.251.172";"bittorrent";1339990782;661984.577530;-1.000000;"b13eed9c-7499-4364-89ba-e85068191268";701;"CA";"Long Beach";3;6;2012;0;18;"20120618"
"24.24.223.229";"US";-118.404100;33.916400;"AS20001 Time Warner Cable Internet LLC";"mlab3-ord01";0.449086;10533.177367;"0.004012999";"linux2";"4.71.251.172";"speedtest";1339991111;24698.223762;0.270565;"36cfd7f8-0f92-42e9-be32-71c3f4d2fe09";20001;"CA";"El Segundo";3;6;2012;0;18;"20120618"
"70.113.90.176";"US";-97.722700;30.310600;"AS11427 Time Warner Cable Internet LLC";"mlab3-ord01";0.094057;1236391.682171;"0.004012999";"win32";"4.71.251.172";"bittorrent";1339991285;219015.314103;-1.000000;"f957f544-b6fe-4e0c-b05d-e4a409241054";11427;"TX";"Austin";3;6;2012;0;18;"20120618"
"24.22.135.177";"US";-122.332100;47.606200;"AS7922 Comcast Cable Communications, Inc.";"mlab3-ord01";0.060491;2006311.841960;"0.004012999";"linux2";"4.71.251.172";"speedtest";1339991942;179376.625245;0.066250;"04cea472-6610-42db-acd2-c644a3d4447f";7922;"WA";"Seattle";3;6;2012;0;18;"20120618"
"67.168.66.115";"US";-122.630500;48.321800;"AS7922 Comcast Cable Communications, Inc.";"mlab3-ord01";0.062901;2077346.997150;"0.004012999";"win32";"4.71.251.172";"speedtest";1339991958;471190.268245;0.063898;"3ee99b5a-2c05-4823-a555-34b90b697de5";7922;"WA";"Oak Harbor";3;6;2012;0;18;"20120618"
"24.61.63.89";"US";-71.031600;42.399700;"AS7922 Comcast Cable Communications, Inc.";"mlab3-ord01";0.047569;1421283.339900;"0.004012999";"win32";"4.71.251.172";"speedtest";1339992205;528141.003523;0.041310;"641fcec9-64c6-4ec1-a213-90d958a6f9a1";7922;"MA";"Chelsea";4;6;2012;0;18;"20120618"
"75.145.125.61";"US";-104.984700;39.739200;"AS7922 Comcast Cable Communications, Inc.";"mlab3-ord01";0.045617;2610368.692670;"0.004012999";"linux2";"4.71.251.172";"speedtest";1339992408;330467.552630;0.039976;"d3080793-9920-4346-9c49-3a102587393e";7922;"CO";"Denver";4;6;2012;0;18;"20120618"
"68.41.24.217";"US";-83.036000;42.724500;"AS7922 Comcast Cable Communications, Inc.";"mlab3-ord01";0.039786;2710983.436344;"0.004012999";"win32";"4.71.251.172";"bittorrent";1339992506;517807.199101;-1.000000;"7acc5903-5884-4564-add3-0be49e9fa576";7922;"MI";"Washington";4;6;2012;0;18;"20120618"
"98.203.140.223";"US";-122.304300;47.610200;"AS7922 Comcast Cable Communications, Inc.";"mlab3-ord01";0.061762;2385795.847868;"0.004012999";"linux2";"4.71.251.172";"bittorrent";1339993212;486486.864917;-1.000000;"4bf1068a-cabe-4254-a52f-c2914db03ade";7922;"WA";"Seattle";4;6;2012;0;18;"20120618"
"69.148.250.152";"US";-97.337500;37.692200;"AS7018 AT&T Services, Inc.";"mlab3-ord01";0.075519;160157.199772;"0.004012999";"win32";"4.71.251.172";"bittorrent";1339993546;39264.448953;-1.000000;"acd06144-444b-4f3e-8410-58a01e77f7a8";7018;"KS";"Wichita";4;6;2012;0;18;"20120618"
"173.246.102.187";"US";-76.612200;39.290400;"AS29169 Gandi SAS";"mlab3-ord01";0.017230;5410569.108874;"0.004011999";"linux2";"4.71.251.172";"bittorrent";1339994183;685624.953142;-1.000000;"a57cd6aa-6b9a-40e3-ae4c-0685546dd104";29169;"MD";"Baltimore";4;6;2012;0;18;"20120618"
"132.161.219.98";"US";-92.717600;41.721700;"AS22949 Grinnell College";"mlab3-ord01";0.030376;1330411.046300;"0.004012999";"win32";"4.71.251.172";"bittorrent";1339995910;409244.451977;-1.000000;"de23301c-c09c-4e47-aa2b-90a625720856";22949;"IA";"Grinnell";5;6;2012;0;18;"20120618"
"75.145.125.61";"US";-104.984700;39.739200;"AS7922 Comcast Cable Communications, Inc.";"mlab3-ord01";0.039243;2520476.368769;"0.004012999";"linux2";"4.71.251.172";"bittorrent";1339996037;1300618.932800;-1.000000;"d3080793-9920-4346-9c49-3a102587393e";7922;"CO";"Denver";5;6;2012;0;18;"20120618"
"98.222.147.136";"US";-85.681400;40.411900;"AS7922 Comcast Cable Communications, Inc.";"mlab3-ord01";0.024715;3140469.237960;"0.004012999";"linux2";"4.71.251.172";"speedtest";1339996383;486547.414223;0.028247;"247a4b73-0dbb-440a-a85f-68d042f5a3a2";7922;"IN";"Fairmount";5;6;2012;0;18;"20120618"
"96.236.133.97";"US";-79.995900;40.440600;"AS701 MCI Communications Services, Inc. d/b/a Verizon Business";"mlab3-ord01";0.035085;352136.392955;"0.004012999";"linux2";"4.71.251.172";"bittorrent";1339997279;100770.812856;-1.000000;"002bd52f-5f9d-42eb-9ce6-e310c9db525a";701;"PA";"Pittsburgh";5;6;2012;0;18;"20120618"
"98.22.138.166";"US";-95.790800;36.052600;"AS7029 Windstream Communications Inc";"mlab3-ord01";2.796710;5291.725868;"0.004012999";"win32";"4.71.251.172";"speedtest";1339998008;23748.320809;2.857985;"eb27082c-e25b-4239-869e-8ba23d438a17";7029;"OK";"Broken Arrow";5;6;2012;0;18;"20120618"
"208.57.38.36";"US";-117.164900;32.807200;"AS14265 Telepacific Communications";"mlab3-ord01";0.068860;146777.475652;"0.004011999";"linux2";"4.71.251.172";"speedtest";1339998390;176904.551300;0.072703;"71bb2b47-414f-414d-b8ff-f1237c21f432";14265;"CA";"San Diego";5;6;2012;0;18;"20120618"
"68.58.125.60";"US";-86.158000;39.768400;"AS7922 Comcast Cable Communications, Inc.";"mlab3-ord01";0.037464;1606912.995750;"0.004012999";"darwin";"4.71.251.172";"speedtest";1339998464;511514.660097;0.040239;"9ad7184c-eb25-4754-a40f-91e4262a9d35";7922;"IN";"Indianapolis";5;6;2012;0;18;"20120618"
"68.40.185.45";"US";-83.740900;42.277600;"AS7922 Comcast Cable Communications, Inc.";"mlab3-ord01";0.039461;996380.152561;"0.004012999";"darwin";"4.71.251.172";"speedtest";1339998528;763918.616480;0.049120;"f77a7853-1ba8-4219-aa2c-2157b5e89023";7922;"MI";"Ann Arbor";5;6;2012;0;18;"20120618"
"71.192.154.157";"US";-71.051200;42.406300;"AS7922 Comcast Cable Communications, Inc.";"mlab3-ord01";0.078051;820280.729101;"0.004012999";"darwin";"4.71.251.172";"speedtest";1339999181;270158.785375;0.051215;"65fb0ed5-8aab-4ca3-973b-6f6abd2e24d4";7922;"MA";"Everett";5;6;2012;0;18;"20120618"
"71.237.28.39";"US";-104.984700;39.739200;"AS7922 Comcast Cable Communications, Inc.";"mlab3-ord01";0.055833;1037026.759450;"0.004012999";"darwin";"4.71.251.172";"speedtest";1339999426;432378.090226;0.202888;"95e96326-78fe-4507-8b06-f60611a1b7ad";7922;"CO";"Denver";6;6;2012;0;18;"20120618"
"98.251.77.68";"US";-83.949600;33.512000;"AS7922 Comcast Cable Communications, Inc.";"mlab3-ord01";0.031784;3163844.781690;"0.004011999";"win32";"4.71.251.172";"bittorrent";1339999480;469038.835744;-1.000000;"cbfab653-aed3-47c3-b7d0-e4159cab6582";7922;"GA";"Covington";6;6;2012;0;18;"20120618"
"98.207.87.80";"US";-122.299100;37.409600;"AS7922 Comcast Cable Communications, Inc.";"mlab3-ord01";0.074428;2429130.135000;"0.004012999";"darwin";"4.71.251.172";"speedtest";1339999581;242724.556959;0.084461;"0f7d671c-779f-4f63-8f54-ca28fcc35fd6";7922;"CA";"Redwood City";6;6;2012;0;18;"20120618"
"75.145.125.61";"US";-104.984700;39.739200;"AS7922 Comcast Cable Communications, Inc.";"mlab3-ord01";0.041087;3692549.322980;"0.004012999";"linux2";"4.71.251.172";"speedtest";1339999712;266001.353485;0.039006;"d3080793-9920-4346-9c49-3a102587393e";7922;"CO";"Denver";6;6;2012;0;18;"20120618"
"96.2.48.78";"US";-96.983300;42.836900;"AS11232 Midcontinent Media, Inc.";"mlab3-ord01";0.027666;2148596.164780;"0.004011999";"win32";"4.71.251.172";"speedtest";1339999840;590062.223893;0.045294;"a7ed429a-44c3-4195-a0e5-7eac41680125";11232;"SD";"Vermillion";6;6;2012;0;18;"20120618"
"24.61.63.89";"US";-71.031600;42.399700;"AS7922 Comcast Cable Communications, Inc.";"mlab3-ord01";0.040362;1552948.860862;"0.004012999";"win32";"4.71.251.172";"bittorrent";1339999854;465803.590392;-1.000000;"641fcec9-64c6-4ec1-a213-90d958a6f9a1";7922;"MA";"Chelsea";6;6;2012;0;18;"20120618"
"71.58.226.44";"US";-75.961500;41.249000;"AS7922 Comcast Cable Communications, Inc.";"mlab3-ord01";0.048086;3921759.785980;"0.004012999";"win32";"4.71.251.172";"speedtest";1340000010;700350.623793;0.057086;"fb6cc5ca-37c3-44c5-8176-4a40a17f217a";7922;"PA";"Plymouth";6;6;2012;0;18;"20120618"
"66.66.21.182";"US";-77.602400;43.185800;"AS11351 Time Warner Cable Internet LLC";"mlab3-ord01";0.024106;6100466.057350;"0.004012999";"win32";"4.71.251.172";"bittorrent";1340000052;650472.694192;-1.000000;"b4fb3816-21d6-43b3-91fc-aabe40980e90";11351;"NY";"Rochester";6;6;2012;0;18;"20120618"
"98.124.100.208";"US";-80.038400;33.118000;"AS16863 Home Telephone Company, Inc.";"mlab3-ord01";0.058766;1184613.464659;"0.004012999";"linux2";"4.71.251.172";"bittorrent";1340000225;174239.952588;-1.000000;"adcd5d0f-b5f4-47e4-9505-249669f515a0";16863;"SC";"Moncks Corner";6;6;2012;0;18;"20120618"
"75.127.236.122";"US";-97.000000;38.000000;"AS6128 Cablevision Systems Corp.";"mlab3-ord01";0.033158;1854014.298341;"0.004012999";"win32";"4.71.251.172";"bittorrent";1340000360;575832.015523;-1.000000;"560c097a-1dfa-4e05-9893-bdc56e35afc3";6128;"";"";6;6;2012;0;18;"20120618"
"209.155.86.74";"US";-77.426000;43.100500;"AS1785 PaeTec Communications, Inc.";"mlab3-ord01";0.036297;349526.293266;"0.004012999";"win32";"4.71.251.172";"speedtest";1340000380;39548.810753;0.034549;"4841c017-4566-4afc-a805-ba458ccb2be1";1785;"NY";"Fairport";6;6;2012;0;18;"20120618"
"71.89.124.38";"US";-88.736400;44.638200;"AS20115 Charter Communications";"mlab3-ord01";0.035878;1511302.599880;"0.004012999";"win32";"4.71.251.172";"speedtest";1340002182;354828.036958;0.036281;"0730ff7f-47eb-4e84-99b1-016150556fb6";20115;"WI";"Clintonville";6;6;2012;0;18;"20120618"
"71.206.108.75";"US";-84.525500;42.742200;"AS7922 Comcast Cable Communications, Inc.";"mlab3-ord01";0.252043;40046.849991;"0.004011999";"win32";"4.71.251.172";"bittorrent";1340002236;41219.844871;-1.000000;"ffaa390e-2089-4db5-9b0b-c03d5eed4c9f";7922;"MI";"Lansing";6;6;2012;0;18;"20120618"
"72.81.232.139";"US";-76.837500;39.174900;"AS701 MCI Communications Services, Inc. d/b/a Verizon Business";"mlab3-ord01";0.497905;1630604.773547;"0.004012999";"darwin";"4.71.251.172";"bittorrent";1340002907;252559.608113;-1.000000;"5d2377cf-2e67-40be-b1dc-e439a545da6f";701;"MD";"Columbia";7;6;2012;0;18;"20120618"
"173.160.133.65";"US";-122.449200;47.151100;"AS7922 Comcast Cable Communications, Inc.";"mlab3-ord01";0.068294;468961.235882;"0.004012999";"win32";"4.71.251.172";"speedtest";1340003026;474222.703639;0.067470;"cd29f4ce-ebe9-47c8-8b18-9406a9618ac1";7922;"WA";"Tacoma";7;6;2012;0;18;"20120618"
"76.10.12.242";"US";-88.242600;40.112500;"AS46925 PAVLOV MEDIA INC";"mlab3-ord01";0.011683;3659002.536528;"0.004012999";"win32";"4.71.251.172";"bittorrent";1340003761;2339299.660793;-1.000000;"b2c93218-2fa2-4a04-be8b-f4553cb22e1a";46925;"IL";"Champaign";7;6;2012;0;18;"20120618"
"71.118.241.200";"US";-118.880000;34.213300;"AS701 MCI Communications Services, Inc. d/b/a Verizon Business";"mlab3-ord01";0.074362;3114875.977062;"0.004012999";"darwin";"4.71.251.172";"bittorrent";1340003792;700681.251369;-1.000000;"6240ede4-4770-4ab9-a1a5-5df49c84c463";701;"CA";"Thousand Oaks";7;6;2012;0;18;"20120618"
"71.204.165.181";"US";-122.036300;37.368800;"AS7922 Comcast Cable Communications, Inc.";"mlab3-ord01";0.083940;2412298.649300;"0.004012999";"darwin";"4.71.251.172";"speedtest";1340004141;510333.716500;0.089650;"1ce7a86b-b408-4815-ae8b-bf0652a278f3";7922;"CA";"Sunnyvale";7;6;2012;0;18;"20120618"
"208.57.38.36";"US";-117.164900;32.807200;"AS14265 Telepacific Communications";"mlab3-ord01";0.068369;142107.861828;"0.004011999";"linux2";"4.71.251.172";"speedtest";1340004434;176708.753822;0.072735;"71bb2b47-414f-414d-b8ff-f1237c21f432";14265;"CA";"San Diego";7;6;2012;0;18;"20120618"
"74.60.227.223";"US";-84.561300;39.399500;"AS16586 CLEARWIRE - CLEAR WIRELESS LLC";"mlab3-ord01";0.087603;235660.994307;"0.004012999";"win32";"4.71.251.172";"speedtest";1340005485;55531.034087;0.075828;"59bc30c0-4f87-4fbd-8bb7-35768315d718";16586;"OH";"Hamilton";7;6;2012;0;18;"20120618"
"67.172.130.152";"US";-104.821400;38.833900;"AS7922 Comcast Cable Communications, Inc.";"mlab3-ord01";0.054448;3151964.075319;"0.004012999";"darwin";"4.71.251.172";"bittorrent";1340006037;346216.990503;-1.000000;"e83583f7-4c54-4291-a929-2fd12fd286f5";7922;"CO";"Colorado Springs";7;6;2012;0;18;"20120618"
"98.206.101.228";"US";-87.655100;41.937300;"AS7922 Comcast Cable Communications, Inc.";"mlab3-ord01";0.011674;3091581.026510;"0.004012999";"win32";"4.71.251.172";"speedtest";1340006697;521537.689409;0.015417;"1b8a7968-95b4-4827-8260-84d7e02b3d53";7922;"IL";"Chicago";8;6;2012;0;18;"20120618"
"71.204.165.181";"US";-122.036300;37.368800;"AS7922 Comcast Cable Communications, Inc.";"mlab3-ord01";0.082732;2519454.299020;"0.004012999";"darwin";"4.71.251.172";"speedtest";1340007024;503551.406822;0.088564;"1ce7a86b-b408-4815-ae8b-bf0652a278f3";7922;"CA";"Sunnyvale";8;6;2012;0;18;"20120618"
"98.222.147.136";"US";-85.681400;40.411900;"AS7922 Comcast Cable Communications, Inc.";"mlab3-ord01";0.024703;3140104.638736;"0.004012999";"linux2";"4.71.251.172";"bittorrent";1340007253;510396.900905;-1.000000;"247a4b73-0dbb-440a-a85f-68d042f5a3a2";7922;"IN";"Fairmount";8;6;2012;0;18;"20120618"
"24.130.152.60";"US";-122.088500;37.709000;"AS7922 Comcast Cable Communications, Inc.";"mlab3-ord01";0.072185;3043145.233350;"0.004012999";"darwin";"4.71.251.172";"speedtest";1340007815;733894.643002;0.078135;"92ef1dc6-e5b9-40c8-800b-cc909779319d";7922;"CA";"Castro Valley";8;6;2012;0;18;"20120618"
"99.130.96.199";"US";-117.490800;33.932900;"AS7018 AT&T Services, Inc.";"mlab3-ord01";0.092278;1063686.625670;"0.004012999";"linux2";"4.71.251.172";"speedtest";1340007980;175359.575205;0.094201;"0a3b2944-23c0-4116-a068-0d5627c0dec9";7018;"CA";"Riverside";8;6;2012;0;18;"20120618"
"50.12.211.162";"US";-93.263800;44.980000;"AS16586 CLEARWIRE - CLEAR WIRELESS LLC";"mlab3-ord01";0.075588;547457.097017;"0.004012999";"darwin";"4.71.251.172";"bittorrent";1340008069;146671.945666;-1.000000;"3955a411-3e83-4a8e-aa8e-165233e306e9";16586;"MN";"Minneapolis";8;6;2012;0;18;"20120618"
"50.83.240.108";"US";-95.977900;45.232200;"AS30036 Mediacom Communications Corp";"mlab3-ord01";0.018284;1506093.900820;"0.004012999";"darwin";"4.71.251.172";"speedtest";1340008205;323790.054949;0.021441;"43af2f72-3dc4-4824-9ff7-faa06a3cb206";30036;"MN";"Appleton";8;6;2012;0;18;"20120618"
"68.58.125.60";"US";-86.158000;39.768400;"AS7922 Comcast Cable Communications, Inc.";"mlab3-ord01";0.072550;1710422.111123;"0.004012999";"darwin";"4.71.251.172";"bittorrent";1340009948;513935.813509;-1.000000;"9ad7184c-eb25-4754-a40f-91e4262a9d35";7922;"IN";"Indianapolis";8;6;2012;0;18;"20120618"
"69.251.194.209";"US";-77.177000;39.175200;"AS7922 Comcast Cable Communications, Inc.";"mlab3-ord01";0.030273;3449523.724890;"0.004011999";"win32";"4.71.251.172";"speedtest";1340011289;543196.876172;0.031278;"5ab805cf-b023-4309-9496-d8b22873a074";7922;"MD";"Montgomery Village";9;6;2012;0;18;"20120618"
"70.122.243.11";"US";-97.015000;32.954600;"AS11427 Time Warner Cable Internet LLC";"mlab3-ord01";0.051747;3375612.424810;"0.004012999";"win32";"4.71.251.172";"speedtest";1340011757;331048.031686;0.051738;"bab8f612-1f34-46c2-a83e-fbaa7a2f8fa7";11427;"TX";"Coppell";9;6;2012;0;18;"20120618"
"67.168.66.115";"US";-122.630500;48.321800;"AS7922 Comcast Cable Communications, Inc.";"mlab3-ord01";0.062944;2063706.012300;"0.004012999";"win32";"4.71.251.172";"speedtest";1340013675;484355.472597;0.064131;"3ee99b5a-2c05-4823-a555-34b90b697de5";7922;"WA";"Oak Harbor";10;6;2012;0;18;"20120618"
"71.204.165.181";"US";-122.036300;37.368800;"AS7922 Comcast Cable Communications, Inc.";"mlab3-ord01";0.084152;2776862.147005;"0.004012999";"darwin";"4.71.251.172";"bittorrent";1340014215;543374.475260;-1.000000;"1ce7a86b-b408-4815-ae8b-bf0652a278f3";7922;"CA";"Sunnyvale";10;6;2012;0;18;"20120618"
"206.255.246.41";"US";-94.740500;32.500700;"AS53508 Cablelynx";"mlab3-ord01";0.034239;1351894.715780;"0.004012999";"win32";"4.71.251.172";"speedtest";1340016074;182357.269144;0.036190;"3a5b4ca4-0887-432d-a115-9f646a867cdb";53508;"TX";"Longview";10;6;2012;0;18;"20120618"
"68.58.125.60";"US";-86.158000;39.768400;"AS7922 Comcast Cable Communications, Inc.";"mlab3-ord01";0.038496;1767101.629396;"0.004012999";"darwin";"4.71.251.172";"bittorrent";1340016472;523227.974089;-1.000000;"9ad7184c-eb25-4754-a40f-91e4262a9d35";7922;"IN";"Indianapolis";10;6;2012;0;18;"20120618"
"76.169.71.176";"US";-118.273400;33.963800;"AS20001 Time Warner Cable Internet LLC";"mlab3-ord01";0.091819;1871462.745812;"0.004011999";"win32";"4.71.251.172";"bittorrent";1340016736;122891.308662;-1.000000;"2f0c137b-7982-4d9c-b50a-c362f2d810e0";20001;"CA";"Los Angeles";10;6;2012;0;18;"20120618"
"99.130.96.199";"US";-117.490800;33.932900;"AS7018 AT&T Services, Inc.";"mlab3-ord01";0.091701;584020.027847;"0.004012999";"linux2";"4.71.251.172";"speedtest";1340016794;146142.764197;0.094924;"0a3b2944-23c0-4116-a068-0d5627c0dec9";7018;"CA";"Riverside";10;6;2012;0;18;"20120618"
"71.190.171.206";"US";-73.525400;40.767000;"AS701 MCI Communications Services, Inc. d/b/a Verizon Business";"mlab3-ord01";0.031508;3822221.820708;"0.004012999";"linux2";"4.71.251.172";"bittorrent";1340016862;2468874.379903;-1.000000;"dfd87da2-1968-48ac-9bd2-5469644e29e4";701;"NY";"Hicksville";10;6;2012;0;18;"20120618"
"75.132.191.176";"US";-89.899800;38.512100;"AS20115 Charter Communications";"mlab3-ord01";0.015819;2089496.714750;"0.004012999";"win32";"4.71.251.172";"speedtest";1340018735;404079.214744;0.020456;"c08311ac-7edd-4390-b447-4ca484b5dacc";20115;"IL";"Belleville";11;6;2012;0;18;"20120618"
"98.22.138.166";"US";-95.790800;36.052600;"AS7029 Windstream Communications Inc";"mlab3-ord01";0.044654;375158.158100;"0.004012999";"win32";"4.71.251.172";"speedtest";1340018739;73641.344554;0.053476;"eb27082c-e25b-4239-869e-8ba23d438a17";7029;"OK";"Broken Arrow";11;6;2012;0;18;"20120618"
"76.10.12.242";"US";-88.242600;40.112500;"AS46925 PAVLOV MEDIA INC";"mlab3-ord01";0.010406;3056094.521300;"0.004012999";"win32";"4.71.251.172";"bittorrent";1340019428;1979971.813745;-1.000000;"b2c93218-2fa2-4a04-be8b-f4553cb22e1a";46925;"IL";"Champaign";11;6;2012;0;18;"20120618"
"72.81.232.139";"US";-76.837500;39.174900;"AS701 MCI Communications Services, Inc. d/b/a Verizon Business";"mlab3-ord01";0.040297;1650774.523975;"0.004012999";"darwin";"4.71.251.172";"bittorrent";1340019946;249667.470600;-1.000000;"5d2377cf-2e67-40be-b1dc-e439a545da6f";701;"MD";"Columbia";11;6;2012;0;18;"20120618"
"174.31.152.186";"US";-97.000000;38.000000;"AS209 NOVARTIS-DMZ-US";"mlab3-ord01";0.078842;2207312.405578;"0.004012999";"darwin";"4.71.251.172";"bittorrent";1340020556;593798.961365;-1.000000;"9da9dff5-de02-49ae-a084-b2164425feeb";209;"";"";11;6;2012;0;18;"20120618"
"67.172.130.152";"US";-104.821400;38.833900;"AS7922 Comcast Cable Communications, Inc.";"mlab3-ord01";0.047868;3004183.971350;"0.004012999";"darwin";"4.71.251.172";"speedtest";1340020787;428304.875731;0.041327;"e83583f7-4c54-4291-a929-2fd12fd286f5";7922;"CO";"Colorado Springs";11;6;2012;0;18;"20120618"
"76.169.71.176";"US";-118.273400;33.963800;"AS20001 Time Warner Cable Internet LLC";"mlab3-ord01";0.086348;1479880.193670;"0.004011999";"win32";"4.71.251.172";"speedtest";1340020963;118521.288367;0.071193;"2f0c137b-7982-4d9c-b50a-c362f2d810e0";20001;"CA";"Los Angeles";12;6;2012;0;18;"20120618"
"67.168.66.115";"US";-122.630500;48.321800;"AS7922 Comcast Cable Communications, Inc.";"mlab3-ord01";0.063824;2440898.017220;"0.004012999";"win32";"4.71.251.172";"speedtest";1340022982;466123.359157;0.075793;"3ee99b5a-2c05-4823-a555-34b90b697de5";7922;"WA";"Oak Harbor";12;6;2012;0;18;"20120618"
"76.10.12.242";"US";-88.242600;40.112500;"AS46925 PAVLOV MEDIA INC";"mlab3-ord01";0.011242;3781908.378720;"0.004012999";"win32";"4.71.251.172";"speedtest";1340024121;1998000.122130;0.013609;"b2c93218-2fa2-4a04-be8b-f4553cb22e1a";46925;"IL";"Champaign";12;6;2012;0;18;"20120618"
"99.130.96.199";"US";-117.490800;33.932900;"AS7018 AT&T Services, Inc.";"mlab3-ord01";0.091448;1210736.991085;"0.004012999";"linux2";"4.71.251.172";"bittorrent";1340024144;183737.566914;-1.000000;"0a3b2944-23c0-4116-a068-0d5627c0dec9";7018;"CA";"Riverside";12;6;2012;0;18;"20120618"
"69.40.88.159";"US";-83.046200;31.120000;"AS7029 Windstream Communications Inc";"mlab3-ord01";0.059892;91417.908511;"0.004011999";"win32";"4.71.251.172";"speedtest";1340025683;80463.949242;0.054826;"de6fbf44-b9c6-4959-9089-5bd76562acd2";7029;"GA";"Lakeland";13;6;2012;0;18;"20120618"
"74.2.122.133";"US";-97.000000;38.000000;"AS18566 MegaPath Corporation";"mlab3-ord01";0.017716;235715.020228;"0.004010999";"win32";"4.71.251.172";"bittorrent";1340025703;122592.186330;-1.000000;"f4acb085-b5ee-429a-a232-3ae956a10cf5";18566;"";"";13;6;2012;0;18;"20120618"
"205.178.18.107";"US";-87.623800;41.884900;"AS6079 RCN";"mlab3-ord01";0.017206;3142151.953490;"0.004011999";"win32";"4.71.251.172";"speedtest";1340026888;244049.802527;0.009795;"e98788b3-c49f-4266-b003-f95ea1c0e2a0";6079;"IL";"Chicago";13;6;2012;0;18;"20120618"
"68.175.101.106";"US";-74.006000;40.714300;"AS12271 Time Warner Cable Internet LLC";"mlab3-ord01";0.082216;3688056.513945;"0.004012999";"darwin";"4.71.251.172";"bittorrent";1340028313;632141.711106;-1.000000;"bff92ae8-06db-4514-9002-ba6c8f7bec43";12271;"NY";"New York";14;6;2012;0;18;"20120618"
"99.130.96.199";"US";-117.490800;33.932900;"AS7018 AT&T Services, Inc.";"mlab3-ord01";0.091660;1221845.750370;"0.004012999";"linux2";"4.71.251.172";"speedtest";1340028543;173365.277769;0.093237;"0a3b2944-23c0-4116-a068-0d5627c0dec9";7018;"CA";"Riverside";14;6;2012;0;18;"20120618"
"71.58.226.44";"US";-75.961500;41.249000;"AS7922 Comcast Cable Communications, Inc.";"mlab3-ord01";0.047170;4029818.123230;"0.004012999";"win32";"4.71.251.172";"bittorrent";1340029487;636371.446283;-1.000000;"fb6cc5ca-37c3-44c5-8176-4a40a17f217a";7922;"PA";"Plymouth";14;6;2012;0;18;"20120618"
"71.190.171.206";"US";-73.525400;40.767000;"AS701 MCI Communications Services, Inc. d/b/a Verizon Business";"mlab3-ord01";0.029506;3566639.080630;"0.004012999";"linux2";"4.71.251.172";"speedtest";1340030277;2599646.419620;0.032375;"dfd87da2-1968-48ac-9bd2-5469644e29e4";701;"NY";"Hicksville";14;6;2012;0;18;"20120618"
"50.83.240.108";"US";-95.977900;45.232200;"AS30036 Mediacom Communications Corp";"mlab3-ord01";0.017969;1506575.265850;"0.004012999";"darwin";"4.71.251.172";"speedtest";1340031009;310175.083227;0.022910;"43af2f72-3dc4-4824-9ff7-faa06a3cb206";30036;"MN";"Appleton";14;6;2012;0;18;"20120618"
"98.243.192.146";"US";-84.594100;42.860200;"AS7922 Comcast Cable Communications, Inc.";"mlab3-ord01";0.038713;1530528.666420;"0.004012999";"darwin";"4.71.251.172";"speedtest";1340031365;469258.106352;0.042783;"69a61dac-c7ac-4b16-b86b-4bd2f3990f62";7922;"MI";"Dewitt";14;6;2012;0;18;"20120618"
"71.237.28.39";"US";-104.984700;39.739200;"AS7922 Comcast Cable Communications, Inc.";"mlab3-ord01";0.054825;1166084.174489;"0.004012999";"darwin";"4.71.251.172";"bittorrent";1340031523;438109.539033;-1.000000;"95e96326-78fe-4507-8b06-f60611a1b7ad";7922;"CO";"Denver";14;6;2012;0;18;"20120618"
"69.143.19.17";"US";-77.104300;38.881000;"AS7922 Comcast Cable Communications, Inc.";"mlab3-ord01";0.032577;2930083.416120;"0.004012999";"darwin";"4.71.251.172";"speedtest";1340031538;507099.479534;0.039801;"9b4267aa-e8b7-40bb-a139-5ad1187a6f5d";7922;"VA";"Arlington";14;6;2012;0;18;"20120618"
"74.2.122.133";"US";-97.000000;38.000000;"AS18566 MegaPath Corporation";"mlab3-ord01";0.017602;240764.536031;"0.004010999";"win32";"4.71.251.172";"bittorrent";1340032983;140471.154433;-1.000000;"f4acb085-b5ee-429a-a232-3ae956a10cf5";18566;"";"";15;6;2012;0;18;"20120618"
"184.177.72.227";"US";-97.000000;38.000000;"AS22773 Cox Communications Inc.";"mlab3-ord01";0.066793;603548.861199;"0.004012999";"win32";"4.71.251.172";"speedtest";1340033244;614131.959194;0.073171;"e9aa2936-1c50-4b9d-89e4-2daad232b753";22773;"";"";15;6;2012;0;18;"20120618"
"67.130.216.230";"US";-105.937800;35.687000;"AS209 NOVARTIS-DMZ-US";"mlab3-ord01";0.088402;79529.735225;"0.004012999";"win32";"4.71.251.172";"bittorrent";1340033446;87277.107234;-1.000000;"ee8fe911-f84d-4ab8-b486-dda4c138f932";209;"NM";"Santa Fe";15;6;2012;0;18;"20120618"
"68.40.93.208";"US";-82.582300;42.637600;"AS7922 Comcast Cable Communications, Inc.";"mlab3-ord01";0.125761;1663853.859025;"0.004011999";"win32";"4.71.251.172";"bittorrent";1340033575;392395.335138;-1.000000;"5ddd06da-64ad-444c-b2c0-525541d4d177";7922;"MI";"Algonac";15;6;2012;0;18;"20120618"
"108.58.78.250";"US";-73.587600;40.755700;"AS6128 Cablevision Systems Corp.";"mlab3-ord01";0.035601;3774597.956670;"0.004011999";"win32";"4.71.251.172";"speedtest";1340034164;613915.879439;0.037534;"63a2819d-1e01-4d29-9601-39befed63efa";6128;"NY";"Westbury";15;6;2012;0;18;"20120618"
"96.2.48.78";"US";-96.983300;42.836900;"AS11232 Midcontinent Media, Inc.";"mlab3-ord01";0.027833;4094821.256160;"0.004012999";"win32";"4.71.251.172";"speedtest";1340034552;511502.697842;0.031242;"5445103e-8ecb-4c12-b5f3-066ee6208757";11232;"SD";"Vermillion";15;6;2012;0;18;"20120618"
"68.41.24.217";"US";-83.036000;42.724500;"AS7922 Comcast Cable Communications, Inc.";"mlab3-ord01";0.039555;2042782.416340;"0.004012999";"win32";"4.71.251.172";"speedtest";1340034522;516691.031566;0.040586;"7acc5903-5884-4564-add3-0be49e9fa576";7922;"MI";"Washington";15;6;2012;0;18;"20120618"
"68.58.165.186";"US";-80.107000;32.841300;"AS7922 Comcast Cable Communications, Inc.";"mlab3-ord01";0.059655;1480804.883840;"0.004012999";"linux2";"4.71.251.172";"speedtest";1340035737;811350.075188;0.062274;"564f666b-3c55-40d4-a5f8-92064e970a5f";7922;"SC";"Charleston";16;6;2012;0;18;"20120618"
"68.58.125.60";"US";-86.158000;39.768400;"AS7922 Comcast Cable Communications, Inc.";"mlab3-ord01";0.111945;1681696.475179;"0.004012999";"darwin";"4.71.251.172";"bittorrent";1340036107;514700.251427;-1.000000;"9ad7184c-eb25-4754-a40f-91e4262a9d35";7922;"IN";"Indianapolis";16;6;2012;0;18;"20120618"
"24.2.64.100";"US";-112.008200;40.477400;"AS7922 Comcast Cable Communications, Inc.";"mlab3-ord01";0.072006;629359.923977;"0.004012999";"win32";"4.71.251.172";"speedtest";1340036160;137439.629259;0.076246;"9a8766b6-803d-48fa-b02a-2091ff6f496e";7922;"UT";"Riverton";16;6;2012;0;18;"20120618"
"68.40.185.45";"US";-83.740900;42.277600;"AS7922 Comcast Cable Communications, Inc.";"mlab3-ord01";0.040492;1337171.327456;"0.004012999";"darwin";"4.71.251.172";"bittorrent";1340036603;777236.611290;-1.000000;"f77a7853-1ba8-4219-aa2c-2157b5e89023";7922;"MI";"Ann Arbor";16;6;2012;0;18;"20120618"
"98.124.100.208";"US";-80.038400;33.118000;"AS16863 Home Telephone Company, Inc.";"mlab3-ord01";0.061052;1183292.737132;"0.004012999";"linux2";"4.71.251.172";"bittorrent";1340037040;238069.934027;-1.000000;"adcd5d0f-b5f4-47e4-9505-249669f515a0";16863;"SC";"Moncks Corner";16;6;2012;0;18;"20120618"
"72.181.251.247";"US";-96.771500;32.833900;"AS11427 Time Warner Cable Internet LLC";"mlab3-ord01";0.073868;1978334.846090;"0.004012999";"darwin";"4.71.251.172";"speedtest";1340038024;213006.176117;0.083629;"ec56ca67-ca5b-4ee7-a615-8743ebac3e8a";11427;"TX";"Dallas";16;6;2012;0;18;"20120618"
"98.206.101.228";"US";-87.655100;41.937300;"AS7922 Comcast Cable Communications, Inc.";"mlab3-ord01";0.012039;3070196.353382;"0.004012999";"win32";"4.71.251.172";"bittorrent";1340038330;520620.949656;-1.000000;"1b8a7968-95b4-4827-8260-84d7e02b3d53";7922;"IL";"Chicago";16;6;2012;0;18;"20120618"
"75.132.191.176";"US";-89.899800;38.512100;"AS20115 Charter Communications";"mlab3-ord01";0.016475;2605354.598150;"0.004012999";"win32";"4.71.251.172";"speedtest";1340039333;403797.795686;0.020507;"c08311ac-7edd-4390-b447-4ca484b5dacc";20115;"IL";"Belleville";17;6;2012;0;18;"20120618"
"99.27.132.203";"US";-122.036300;37.368800;"AS7132 AS for SBIS-AS";"mlab3-ord01";0.081876;465099.157606;"0.004012999";"linux2";"4.71.251.172";"speedtest";1340039380;75401.062028;0.086251;"d0271e0a-854f-4f73-b087-7be4c60e4f8c";7132;"CA";"Sunnyvale";17;6;2012;0;18;"20120618"
"72.181.251.247";"US";-96.771500;32.833900;"AS11427 Time Warner Cable Internet LLC";"mlab3-ord01";0.072909;2394318.987337;"0.004012999";"darwin";"4.71.251.172";"bittorrent";1340039647;224997.587141;-1.000000;"ec56ca67-ca5b-4ee7-a615-8743ebac3e8a";11427;"TX";"Dallas";17;6;2012;0;18;"20120618"
"71.204.165.181";"US";-122.036300;37.368800;"AS7922 Comcast Cable Communications, Inc.";"mlab3-ord01";0.083476;2738410.141236;"0.004012999";"darwin";"4.71.251.172";"bittorrent";1340040204;536546.001626;-1.000000;"1ce7a86b-b408-4815-ae8b-bf0652a278f3";7922;"CA";"Sunnyvale";17;6;2012;0;18;"20120618"
"68.188.90.154";"US";-90.197900;38.627300;"AS20115 Charter Communications";"mlab3-ord01";0.038989;147222.814621;"0.004012999";"darwin";"4.71.251.172";"speedtest";1340040645;414254.301276;0.114988;"10349cfe-4a13-405a-99be-aabdb52920f3";20115;"MO";"Saint Louis";17;6;2012;0;18;"20120618"
"209.155.86.74";"US";-77.426000;43.100500;"AS1785 PaeTec Communications, Inc.";"mlab3-ord01";0.033424;270151.521405;"0.004012999";"win32";"4.71.251.172";"speedtest";1340042214;57252.212043;0.041572;"4841c017-4566-4afc-a805-ba458ccb2be1";1785;"NY";"Fairport";17;6;2012;0;18;"20120618"
"96.236.133.97";"US";-79.995900;40.440600;"AS701 MCI Communications Services, Inc. d/b/a Verizon Business";"mlab3-ord01";0.035718;100733.655227;"0.004012999";"linux2";"4.71.251.172";"bittorrent";1340043242;139055.166732;-1.000000;"002bd52f-5f9d-42eb-9ce6-e310c9db525a";701;"PA";"Pittsburgh";18;6;2012;0;18;"20120618"
"99.99.213.185";"US";-85.882800;42.855500;"AS7018 AT&T Services, Inc.";"mlab3-ord01";0.076545;762879.392811;"0.004012999";"linux2";"4.71.251.172";"speedtest";1340043348;178081.424105;0.080698;"22998df3-a92a-4573-b9f5-476782c2c770";7018;"MI";"Hudsonville";18;6;2012;0;18;"20120618"
"206.255.246.41";"US";-94.740500;32.500700;"AS53508 Cablelynx";"mlab3-ord01";0.034405;1047959.430620;"0.004012999";"win32";"4.71.251.172";"speedtest";1340043912;171435.703244;0.090985;"3a5b4ca4-0887-432d-a115-9f646a867cdb";53508;"TX";"Longview";18;6;2012;0;18;"20120618"
"99.92.88.210";"US";-122.030700;37.353700;"AS7018 AT&T Services, Inc.";"mlab3-ord01";0.096321;1350388.856642;"0.004012999";"darwin";"4.71.251.172";"bittorrent";1340044022;183327.421458;-1.000000;"13cf72ab-670c-4dc7-8fad-aa9a41f4355d";7018;"CA";"Sunnyvale";18;6;2012;0;18;"20120618"
"74.163.8.166";"US";-86.875000;30.446700;"AS6389 BellSouth.net Inc.";"mlab3-ord01";0.068889;495143.260306;"0.004012999";"win32";"4.71.251.172";"bittorrent";1340044022;46301.971730;-1.000000;"4565989b-987f-4c3c-aa75-a740afde3068";6389;"FL";"Navarre";18;6;2012;0;18;"20120618"
"71.58.226.44";"US";-75.961500;41.249000;"AS7922 Comcast Cable Communications, Inc.";"mlab3-ord01";0.082434;3347947.037150;"0.004012999";"win32";"4.71.251.172";"speedtest";1340044908;724546.034387;0.050506;"fb6cc5ca-37c3-44c5-8176-4a40a17f217a";7922;"PA";"Plymouth";18;6;2012;0;18;"20120618"
"208.52.154.53";"US";-84.443200;33.793000;"AS13703 BroadRiver Communication Corp.";"mlab3-ord01";0.021383;5709001.167420;"0.004010999";"win32";"4.71.251.172";"bittorrent";1340046252;928814.510831;-1.000000;"5a94fb06-4ffc-4b82-bc99-552f47212e96";13703;"GA";"Atlanta";19;6;2012;0;18;"20120618"
"67.61.252.127";"US";-116.391500;43.612100;"AS11492 CABLE ONE, INC.";"mlab3-ord01";0.075947;532024.669571;"0.004012999";"win32";"4.71.251.172";"speedtest";1340046301;13684.519479;0.083136;"076c32c5-13b7-4305-a338-c545b0b2a500";11492;"ID";"Meridian";19;6;2012;0;18;"20120618"
"50.193.198.140";"US";-122.213500;47.463700;"AS7922 Comcast Cable Communications, Inc.";"mlab3-ord01";0.063181;553188.390675;"0.004011999";"win32";"4.71.251.172";"speedtest";1340046720;553200.474652;0.065513;"2b37de0c-5f49-4446-8b8f-3b2dad14fb61";7922;"WA";"Renton";19;6;2012;0;18;"20120618"
"71.187.199.3";"US";-74.216400;40.816200;"AS701 MCI Communications Services, Inc. d/b/a Verizon Business";"mlab3-ord01";0.044275;1867198.706422;"0.004011999";"win32";"4.71.251.172";"bittorrent";1340046748;1120671.611603;-1.000000;"a9bde20f-2872-443c-8e9b-a2f6f162c91d";701;"NJ";"Montclair";19;6;2012;0;18;"20120618"
"108.6.12.54";"US";-73.936100;40.740000;"AS701 MCI Communications Services, Inc. d/b/a Verizon Business";"mlab3-ord01";0.031488;2841683.215712;"0.004011999";"darwin";"4.71.251.172";"bittorrent";1340047799;770484.867729;-1.000000;"2e291570-e5e9-434c-8fc4-9496c5d43b52";701;"NY";"Long Island City";19;6;2012;0;18;"20120618"
"50.78.87.177";"US";-106.097500;39.574400;"AS7922 Comcast Cable Communications, Inc.";"mlab3-ord01";0.040840;1439488.525662;"0.004012999";"win32";"4.71.251.172";"bittorrent";1340048038;462773.107251;-1.000000;"c4393561-5207-49e8-879a-bbb805c9188f";7922;"CO";"Frisco";19;6;2012;0;18;"20120618"
"108.58.78.250";"US";-73.587600;40.755700;"AS6128 Cablevision Systems Corp.";"mlab3-ord01";0.035617;4003791.747313;"0.004011999";"win32";"4.71.251.172";"bittorrent";1340048111;642874.792678;-1.000000;"63a2819d-1e01-4d29-9601-39befed63efa";6128;"NY";"Westbury";19;6;2012;0;18;"20120618"
"71.89.124.38";"US";-88.736400;44.638200;"AS20115 Charter Communications";"mlab3-ord01";0.046339;3106077.474830;"0.004012999";"win32";"4.71.251.172";"speedtest";1340048163;301507.519109;0.036445;"0730ff7f-47eb-4e84-99b1-016150556fb6";20115;"WI";"Clintonville";19;6;2012;0;18;"20120618"
"68.58.165.186";"US";-80.107000;32.841300;"AS7922 Comcast Cable Communications, Inc.";"mlab3-ord01";0.060119;766975.135346;"0.004012999";"linux2";"4.71.251.172";"speedtest";1340048605;779045.129202;0.060741;"564f666b-3c55-40d4-a5f8-92064e970a5f";7922;"SC";"Charleston";19;6;2012;0;18;"20120618"
"69.143.19.17";"US";-77.104300;38.881000;"AS7922 Comcast Cable Communications, Inc.";"mlab3-ord01";0.312596;3152396.855911;"0.004012999";"darwin";"4.71.251.172";"bittorrent";1340049648;506971.748644;-1.000000;"9b4267aa-e8b7-40bb-a139-5ad1187a6f5d";7922;"VA";"Arlington";20;6;2012;0;18;"20120618"
"98.214.132.10";"US";-89.589000;40.693600;"AS7922 Comcast Cable Communications, Inc.";"mlab3-ord01";0.028087;2235840.036370;"0.004012999";"darwin";"4.71.251.172";"speedtest";1340050279;775384.972515;0.030885;"ac008ee9-df9b-425b-a370-34b57dce1b90";7922;"IL";"Peoria";20;6;2012;0;18;"20120618"
"74.60.227.223";"US";-84.561300;39.399500;"AS16586 CLEARWIRE - CLEAR WIRELESS LLC";"mlab3-ord01";0.088420;249600.464697;"0.004012999";"win32";"4.71.251.172";"bittorrent";1340050348;27581.850201;-1.000000;"59bc30c0-4f87-4fbd-8bb7-35768315d718";16586;"OH";"Hamilton";20;6;2012;0;18;"20120618"
"24.61.63.89";"US";-71.031600;42.399700;"AS7922 Comcast Cable Communications, Inc.";"mlab3-ord01";0.047420;1421631.406880;"0.004012999";"win32";"4.71.251.172";"speedtest";1340050813;519317.527847;0.039740;"641fcec9-64c6-4ec1-a213-90d958a6f9a1";7922;"MA";"Chelsea";20;6;2012;0;18;"20120618"
"64.81.87.32";"US";-117.865300;34.020300;"AS18566 MegaPath Corporation";"mlab3-ord01";0.060174;116668.191515;"0.004011999";"win32";"4.71.251.172";"bittorrent";1340051391;103719.812602;-1.000000;"e94d5238-1b8c-4a39-ae43-035af5b62fa1";18566;"CA";"Walnut";20;6;2012;0;18;"20120618"
"75.140.153.254";"US";-121.654400;37.130500;"AS20115 Charter Communications";"mlab3-ord01";0.070750;3301127.584150;"0.004012999";"darwin";"4.71.251.172";"speedtest";1340052401;605760.266702;0.072190;"a039434c-d8c0-4f4d-8050-4153de22c986";20115;"CA";"Morgan Hill";20;6;2012;0;18;"20120618"
"70.113.90.176";"US";-97.722700;30.310600;"AS11427 Time Warner Cable Internet LLC";"mlab3-ord01";0.055417;1696409.860096;"0.004012999";"win32";"4.71.251.172";"bittorrent";1340052405;221726.392981;-1.000000;"f957f544-b6fe-4e0c-b05d-e4a409241054";11427;"TX";"Austin";20;6;2012;0;18;"20120618"
"69.144.10.64";"US";-108.454100;43.769800;"AS33588 Bresnan Communications, LLC.";"mlab3-ord01";0.045767;657396.712266;"0.004012999";"win32";"4.71.251.172";"bittorrent";1340052492;264176.948046;-1.000000;"eacc891a-5915-4c63-a32a-7240664eaf5a";33588;"WY";"Thermopolis";20;6;2012;0;18;"20120618"
"71.204.91.144";"US";-84.447700;34.119000;"AS7922 Comcast Cable Communications, Inc.";"mlab3-ord01";0.037969;2051250.630660;"0.004012999";"darwin";"4.71.251.172";"speedtest";1340052813;513164.248623;0.045063;"4b4fa0bc-987b-4105-9a0b-83e736a6503c";7922;"GA";"Woodstock";20;6;2012;0;18;"20120618"
"66.142.7.6";"US";-101.831300;35.222000;"AS2386 AT&T Data Communications Services";"mlab3-ord01";0.166884;9233.479162;"0.004012999";"linux2";"4.71.251.172";"bittorrent";1340052954;29123.926761;-1.000000;"e629a5ed-292e-4c20-860f-40ebe4624851";2386;"TX";"Amarillo";20;6;2012;0;18;"20120618"
"208.57.38.36";"US";-117.164900;32.807200;"AS14265 Telepacific Communications";"mlab3-ord01";0.070599;170825.217001;"0.004011999";"linux2";"4.71.251.172";"speedtest";1340052985;176196.706967;0.072712;"71bb2b47-414f-414d-b8ff-f1237c21f432";14265;"CA";"San Diego";20;6;2012;0;18;"20120618"
"66.80.217.179";"US";-105.002200;39.545700;"AS4565 MegaPath Networks Inc.";"mlab3-ord01";0.035399;665866.902120;"0.004012999";"darwin";"4.71.251.172";"bittorrent";1340053108;727036.629946;-1.000000;"fd8f8cbf-53ff-44fa-8e9f-da47c60b3fce";4565;"CO";"Littleton";20;6;2012;0;18;"20120618"
"99.27.132.203";"US";-122.036300;37.368800;"AS7132 AS for SBIS-AS";"mlab3-ord01";0.083071;501704.240616;"0.004012999";"linux2";"4.71.251.172";"speedtest";1340053394;77419.862828;0.092437;"d0271e0a-854f-4f73-b087-7be4c60e4f8c";7132;"CA";"Sunnyvale";21;6;2012;0;18;"20120618"
"208.52.154.53";"US";-84.443200;33.793000;"AS13703 BroadRiver Communication Corp.";"mlab3-ord01";0.021488;8685887.343030;"0.004010999";"win32";"4.71.251.172";"speedtest";1340053503;899492.824174;0.023000;"5a94fb06-4ffc-4b82-bc99-552f47212e96";13703;"GA";"Atlanta";21;6;2012;0;18;"20120618"
"71.206.108.75";"US";-84.525500;42.742200;"AS7922 Comcast Cable Communications, Inc.";"mlab3-ord01";0.049313;384418.700056;"0.004011999";"win32";"4.71.251.172";"speedtest";1340053958;133810.898094;0.041708;"ffaa390e-2089-4db5-9b0b-c03d5eed4c9f";7922;"MI";"Lansing";21;6;2012;0;18;"20120618"
"71.118.241.200";"US";-118.880000;34.213300;"AS701 MCI Communications Services, Inc. d/b/a Verizon Business";"mlab3-ord01";0.073661;2688737.148350;"0.004012999";"darwin";"4.71.251.172";"speedtest";1340054223;627564.877555;0.074296;"6240ede4-4770-4ab9-a1a5-5df49c84c463";701;"CA";"Thousand Oaks";21;6;2012;0;18;"20120618"
"184.76.153.6";"US";-96.948900;32.814000;"AS16586 CLEARWIRE - CLEAR WIRELESS LLC";"mlab3-ord01";0.127242;474115.402498;"0.004012999";"win32";"4.71.251.172";"speedtest";1340054280;78516.352301;0.114408;"01b5bd21-bfbf-4fa6-a4bc-c89f3cfd177c";16586;"TX";"Irving";21;6;2012;0;18;"20120618"
"98.243.192.146";"US";-84.594100;42.860200;"AS7922 Comcast Cable Communications, Inc.";"mlab3-ord01";0.037091;1565028.861630;"0.004012999";"darwin";"4.71.251.172";"speedtest";1340054595;477291.629491;0.049930;"69a61dac-c7ac-4b16-b86b-4bd2f3990f62";7922;"MI";"Dewitt";21;6;2012;0;18;"20120618"
"207.231.92.41";"US";-121.370600;38.784300;"AS14051 Roseville Telephone Company";"mlab3-ord01";0.054782;3476052.551785;"0.004012999";"win32";"4.71.251.172";"bittorrent";1340054845;1397725.601361;-1.000000;"cb121e1a-4701-4c5a-91b5-29c9df2b10c0";14051;"CA";"Roseville";21;6;2012;0;18;"20120618"
"74.163.8.166";"US";-86.875000;30.446700;"AS6389 BellSouth.net Inc.";"mlab3-ord01";0.067105;304177.249473;"0.004012999";"win32";"4.71.251.172";"speedtest";1340055407;49328.517857;0.072198;"4565989b-987f-4c3c-aa75-a740afde3068";6389;"FL";"Navarre";21;6;2012;0;18;"20120618"
"216.196.141.118";"US";-97.000000;38.000000;"AS6181 Cincinnati Bell Telephone";"mlab3-ord01";0.030589;91835.696496;"0.004012999";"win32";"4.71.251.172";"speedtest";1340055704;72538.776470;0.043948;"59bc30c0-4f87-4fbd-8bb7-35768315d718";6181;"";"";21;6;2012;0;18;"20120618"
"96.2.48.78";"US";-96.983300;42.836900;"AS11232 Midcontinent Media, Inc.";"mlab3-ord01";0.026331;4020902.847500;"0.004012999";"win32";"4.71.251.172";"speedtest";1340056171;491944.491209;0.032112;"d4959228-fa29-4292-8c76-7ca9985284c9";11232;"SD";"Vermillion";21;6;2012;0;18;"20120618"
"76.169.71.176";"US";-118.273400;33.963800;"AS20001 Time Warner Cable Internet LLC";"mlab3-ord01";0.067610;1389063.153225;"0.004011999";"win32";"4.71.251.172";"bittorrent";1340056219;120318.274541;-1.000000;"2f0c137b-7982-4d9c-b50a-c362f2d810e0";20001;"CA";"Los Angeles";21;6;2012;0;18;"20120618"
"71.192.154.157";"US";-71.051200;42.406300;"AS7922 Comcast Cable Communications, Inc.";"mlab3-ord01";0.065622;50160.453513;"0.004012999";"darwin";"4.71.251.172";"speedtest";1340056942;307309.922647;0.060265;"65fb0ed5-8aab-4ca3-973b-6f6abd2e24d4";7922;"MA";"Everett";22;6;2012;0;18;"20120618"
"108.6.12.54";"US";-73.936100;40.740000;"AS701 MCI Communications Services, Inc. d/b/a Verizon Business";"mlab3-ord01";0.030813;3015106.820656;"0.004011999";"darwin";"4.71.251.172";"bittorrent";1340056972;768522.481978;-1.000000;"2e291570-e5e9-434c-8fc4-9496c5d43b52";701;"NY";"Long Island City";22;6;2012;0;18;"20120618"
"98.124.100.208";"US";-80.038400;33.118000;"AS16863 Home Telephone Company, Inc.";"mlab3-ord01";0.070228;1095967.403260;"0.004012999";"linux2";"4.71.251.172";"speedtest";1340057082;238961.057904;0.088525;"adcd5d0f-b5f4-47e4-9505-249669f515a0";16863;"SC";"Moncks Corner";22;6;2012;0;18;"20120618"
"24.111.85.175";"US";-97.440500;42.935900;"AS11232 Midcontinent Media, Inc.";"mlab3-ord01";0.040047;569385.621511;"0.004011999";"win32";"4.71.251.172";"speedtest";1340058324;553497.845741;0.030139;"d8e6a54b-6231-4d06-a9c1-bf3a10f484b1";11232;"SD";"Yankton";22;6;2012;0;18;"20120618"
"98.124.100.208";"US";-80.038400;33.118000;"AS16863 Home Telephone Company, Inc.";"mlab3-ord01";0.059202;1191142.266553;"0.004012999";"linux2";"4.71.251.172";"bittorrent";1340058605;237351.888086;-1.000000;"adcd5d0f-b5f4-47e4-9505-249669f515a0";16863;"SC";"Moncks Corner";22;6;2012;0;18;"20120618"
"99.99.213.185";"US";-85.882800;42.855500;"AS7018 AT&T Services, Inc.";"mlab3-ord01";0.048419;1367798.128360;"0.004012999";"linux2";"4.71.251.172";"speedtest";1340058729;180530.058080;0.051227;"22998df3-a92a-4573-b9f5-476782c2c770";7018;"MI";"Hudsonville";22;6;2012;0;18;"20120618"
"76.112.203.189";"US";-83.144600;42.489500;"AS7922 Comcast Cable Communications, Inc.";"mlab3-ord01";0.025460;2343153.714120;"0.004012999";"win32";"4.71.251.172";"speedtest";1340058802;779518.438652;0.026463;"5cb4931f-bf67-49bf-a4ec-d36d7495a682";7922;"MI";"Royal Oak";22;6;2012;0;18;"20120618"
"96.2.48.78";"US";-96.983300;42.836900;"AS11232 Midcontinent Media, Inc.";"mlab3-ord01";0.029119;2180247.257260;"0.004011999";"win32";"4.71.251.172";"speedtest";1340058847;592332.650526;0.030212;"a7ed429a-44c3-4195-a0e5-7eac41680125";11232;"SD";"Vermillion";22;6;2012;0;18;"20120618"
"108.0.16.252";"US";-118.142300;33.771100;"AS701 MCI Communications Services, Inc. d/b/a Verizon Business";"mlab3-ord01";0.086756;1602400.378940;"0.004012999";"darwin";"4.71.251.172";"speedtest";1340059344;624130.163502;0.071042;"b13eed9c-7499-4364-89ba-e85068191268";701;"CA";"Long Beach";22;6;2012;0;18;"20120618"
"24.61.63.89";"US";-71.031600;42.399700;"AS7922 Comcast Cable Communications, Inc.";"mlab3-ord01";0.048311;1451773.898560;"0.004012999";"win32";"4.71.251.172";"speedtest";1340059982;515117.433449;0.040225;"641fcec9-64c6-4ec1-a213-90d958a6f9a1";7922;"MA";"Chelsea";22;6;2012;0;18;"20120618"
"184.76.153.6";"US";-96.948900;32.814000;"AS16586 CLEARWIRE - CLEAR WIRELESS LLC";"mlab3-ord01";0.139969;357257.027291;"0.004012999";"win32";"4.71.251.172";"speedtest";1340060134;64596.807120;0.105696;"01b5bd21-bfbf-4fa6-a4bc-c89f3cfd177c";16586;"TX";"Irving";22;6;2012;0;18;"20120618"
"75.140.153.254";"US";-121.654400;37.130500;"AS20115 Charter Communications";"mlab3-ord01";0.069752;910663.610120;"0.004012999";"darwin";"4.71.251.172";"bittorrent";1340060564;634304.059557;-1.000000;"a039434c-d8c0-4f4d-8050-4153de22c986";20115;"CA";"Morgan Hill";23;6;2012;0;18;"20120618"
"174.31.152.186";"US";-97.000000;38.000000;"AS209 NOVARTIS-DMZ-US";"mlab3-ord01";0.089814;1550303.106110;"0.004012999";"darwin";"4.71.251.172";"speedtest";1340060948;543104.665966;0.096435;"9da9dff5-de02-49ae-a084-b2164425feeb";209;"";"";23;6;2012;0;18;"20120618"
"50.83.240.108";"US";-95.977900;45.232200;"AS30036 Mediacom Communications Corp";"mlab3-ord01";0.018885;1540607.629730;"0.004012999";"darwin";"4.71.251.172";"bittorrent";1340062115;338436.967735;-1.000000;"43af2f72-3dc4-4824-9ff7-faa06a3cb206";30036;"MN";"Appleton";23;6;2012;0;18;"20120618"
"68.40.93.208";"US";-82.582300;42.637600;"AS7922 Comcast Cable Communications, Inc.";"mlab3-ord01";0.047566;1130091.332867;"0.004011999";"win32";"4.71.251.172";"bittorrent";1340062401;344384.248133;-1.000000;"5ddd06da-64ad-444c-b2c0-525541d4d177";7922;"MI";"Algonac";23;6;2012;0;18;"20120618"
"173.160.133.65";"US";-122.449200;47.151100;"AS7922 Comcast Cable Communications, Inc.";"mlab3-ord01";0.067783;477574.511854;"0.004012999";"win32";"4.71.251.172";"speedtest";1340062457;488194.117538;0.066853;"cd29f4ce-ebe9-47c8-8b18-9406a9618ac1";7922;"WA";"Tacoma";23;6;2012;0;18;"20120618"
"98.251.77.68";"US";-83.949600;33.512000;"AS7922 Comcast Cable Communications, Inc.";"mlab3-ord01";0.032043;2974032.126480;"0.004011999";"win32";"4.71.251.172";"speedtest";1340062743;468579.244846;0.033417;"cbfab653-aed3-47c3-b7d0-e4159cab6582";7922;"GA";"Covington";23;6;2012;0;18;"20120618"
"76.10.12.242";"US";-88.242600;40.112500;"AS46925 PAVLOV MEDIA INC";"mlab3-ord01";0.012452;2591788.617620;"0.004012999";"win32";"4.71.251.172";"bittorrent";1340063271;1553568.153123;-1.000000;"b2c93218-2fa2-4a04-be8b-f4553cb22e1a";46925;"IL";"Champaign";23;6;2012;0;18;"20120618"
"98.222.147.136";"US";-85.681400;40.411900;"AS7922 Comcast Cable Communications, Inc.";"mlab3-ord01";0.038568;3045984.111050;"0.004012999";"linux2";"4.71.251.172";"speedtest";1340063797;494131.441559;0.030662;"247a4b73-0dbb-440a-a85f-68d042f5a3a2";7922;"IN";"Fairmount";23;6;2012;0;18;"20120618"
"130.43.73.127";"GR";23.733300;37.983300;"AS1241 Forthnet";"mlab1-ath02";0.044336;745487.610400;"0.004012999";"win32";"83.212.5.147";"speedtest";1339980231;83753.287067;0.027836;"062ac9cd-ccd3-4d13-9905-fe4beb7155a0";1241;"35";"Athens";3;6;2012;0;18;"20120618"
"130.43.73.127";"GR";23.733300;37.983300;"AS1241 Forthnet";"mlab1-ath02";0.043849;903983.118837;"0.004012999";"win32";"83.212.5.147";"bittorrent";1339987219;108879.663345;-1.000000;"062ac9cd-ccd3-4d13-9905-fe4beb7155a0";1241;"35";"Athens";5;6;2012;0;18;"20120618"
"130.43.73.127";"GR";23.733300;37.983300;"AS1241 Forthnet";"mlab1-ath02";0.044583;894284.991415;"0.004012999";"win32";"83.212.5.147";"bittorrent";1339990013;108769.415641;-1.000000;"062ac9cd-ccd3-4d13-9905-fe4beb7155a0";1241;"35";"Athens";6;6;2012;0;18;"20120618"
"130.43.73.127";"GR";23.733300;37.983300;"AS1241 Forthnet";"mlab1-ath02";0.043538;903210.196004;"0.004012999";"win32";"83.212.5.147";"bittorrent";1339992807;108954.786866;-1.000000;"062ac9cd-ccd3-4d13-9905-fe4beb7155a0";1241;"35";"Athens";7;6;2012;0;18;"20120618"
"130.43.73.127";"GR";23.733300;37.983300;"AS1241 Forthnet";"mlab1-ath02";0.044004;885666.764315;"0.004012999";"win32";"83.212.5.147";"speedtest";1339997007;82182.583572;0.027669;"062ac9cd-ccd3-4d13-9905-fe4beb7155a0";1241;"35";"Athens";8;6;2012;0;18;"20120618"
"130.43.73.127";"GR";23.733300;37.983300;"AS1241 Forthnet";"mlab1-ath02";0.044344;905844.305105;"0.004012999";"win32";"83.212.5.147";"bittorrent";1340006792;109060.487737;-1.000000;"062ac9cd-ccd3-4d13-9905-fe4beb7155a0";1241;"35";"Athens";11;6;2012;0;18;"20120618"
"212.251.115.121";"GR";23.733300;37.983300;"AS1241 Forthnet";"mlab1-ath02";0.043849;683880.126870;"0.004012999";"win32";"83.212.5.147";"bittorrent";1340017997;107962.365826;-1.000000;"062ac9cd-ccd3-4d13-9905-fe4beb7155a0";1241;"35";"Athens";14;6;2012;0;18;"20120618"
"212.251.115.121";"GR";23.733300;37.983300;"AS1241 Forthnet";"mlab1-ath02";0.043805;597051.107974;"0.004012999";"win32";"83.212.5.147";"bittorrent";1340026394;106672.484564;-1.000000;"062ac9cd-ccd3-4d13-9905-fe4beb7155a0";1241;"35";"Athens";16;6;2012;0;18;"20120618"
"212.251.115.121";"GR";23.733300;37.983300;"AS1241 Forthnet";"mlab1-ath02";0.043300;735021.486993;"0.004012999";"win32";"83.212.5.147";"bittorrent";1340029188;107379.095108;-1.000000;"062ac9cd-ccd3-4d13-9905-fe4beb7155a0";1241;"35";"Athens";17;6;2012;0;18;"20120618"
"212.251.115.121";"GR";23.733300;37.983300;"AS1241 Forthnet";"mlab1-ath02";0.043607;453679.788254;"0.004012999";"win32";"83.212.5.147";"bittorrent";1340031982;70024.200594;-1.000000;"062ac9cd-ccd3-4d13-9905-fe4beb7155a0";1241;"35";"Athens";18;6;2012;0;18;"20120618"
"212.251.115.121";"GR";23.733300;37.983300;"AS1241 Forthnet";"mlab1-ath02";0.045828;549559.394160;"0.004012999";"win32";"83.212.5.147";"speedtest";1340036180;80579.141865;0.038562;"062ac9cd-ccd3-4d13-9905-fe4beb7155a0";1241;"35";"Athens";19;6;2012;0;18;"20120618"
"212.251.115.121";"GR";23.733300;37.983300;"AS1241 Forthnet";"mlab1-ath02";0.043800;474784.640532;"0.004012999";"win32";"83.212.5.147";"bittorrent";1340037576;92166.398120;-1.000000;"062ac9cd-ccd3-4d13-9905-fe4beb7155a0";1241;"35";"Athens";19;6;2012;0;18;"20120618"
"212.251.115.121";"GR";23.733300;37.983300;"AS1241 Forthnet";"mlab1-ath02";0.044418;710785.896428;"0.004012999";"win32";"83.212.5.147";"bittorrent";1340040373;96104.552132;-1.000000;"062ac9cd-ccd3-4d13-9905-fe4beb7155a0";1241;"35";"Athens";20;6;2012;0;18;"20120618"
"212.251.115.121";"GR";23.733300;37.983300;"AS1241 Forthnet";"mlab1-ath02";0.180554;20032.264598;"0.004012999";"win32";"83.212.5.147";"bittorrent";1340043185;56689.457460;-1.000000;"062ac9cd-ccd3-4d13-9905-fe4beb7155a0";1241;"35";"Athens";21;6;2012;0;18;"20120618"
"178.128.126.223";"GR";23.733300;37.983300;"AS1241 Forthnet";"mlab1-ath02";0.058269;636775.830744;"0.004012999";"win32";"83.212.5.147";"speedtest";1340052973;99752.367752;0.039336;"062ac9cd-ccd3-4d13-9905-fe4beb7155a0";1241;"35";"Athens";23;6;2012;0;18;"20120618"
"188.4.186.201";"GR";23.733300;37.983300;"AS1241 Forthnet";"mlab1-ath02";0.043973;907244.930040;"0.004012999";"win32";"83.212.5.147";"bittorrent";1340062760;109097.435023;-1.000000;"062ac9cd-ccd3-4d13-9905-fe4beb7155a0";1241;"35";"Athens";2;6;2012;1;19;"20120618"
"188.4.186.201";"GR";23.733300;37.983300;"AS1241 Forthnet";"mlab1-ath02";0.044019;885338.249513;"0.004012999";"win32";"83.212.5.147";"speedtest";1340062812;88020.379695;0.027401;"062ac9cd-ccd3-4d13-9905-fe4beb7155a0";1241;"35";"Athens";2;6;2012;1;19;"20120618"
"58.96.114.83";"AU";115.861400;-31.952200;"AS10143 Exetel Pty Ltd";"mlab2-syd01";0.083955;721588.036756;"0.004011999";"win32";"203.5.76.160";"speedtest";1339980931;90045.257493;0.079116;"6fe26f55-7863-4a8e-915d-1e066fe772cc";10143;"08";"Perth";0;6;2012;0;18;"20120618"
"124.149.36.50";"AU";151.205500;-33.861500;"AS4802 iiNet Limited";"mlab2-syd01";0.014386;1101704.249400;"0.004012999";"darwin";"203.5.76.160";"speedtest";1339983382;105470.307951;0.017395;"55006e03-0757-4639-a9b7-34b02b3b1a04";4802;"02";"Sydney";1;6;2012;0;18;"20120618"
"58.96.114.83";"AU";115.861400;-31.952200;"AS10143 Exetel Pty Ltd";"mlab2-syd01";0.074961;592635.415655;"0.004011999";"win32";"203.5.76.160";"speedtest";1339983875;99757.233513;0.077308;"6fe26f55-7863-4a8e-915d-1e066fe772cc";10143;"08";"Perth";1;6;2012;0;18;"20120618"
"124.149.36.50";"AU";151.205500;-33.861500;"AS4802 iiNet Limited";"mlab2-syd01";0.014381;1110531.772810;"0.004012999";"darwin";"203.5.76.160";"speedtest";1339986458;105279.094892;0.017222;"55006e03-0757-4639-a9b7-34b02b3b1a04";4802;"02";"Sydney";2;6;2012;0;18;"20120618"
"203.20.167.2";"AU";151.216700;-33.883300;"AS37998 St Vincents & Mater Health Sydney";"mlab2-syd01";0.002036;7004941.090500;"0.004012999";"win32";"203.5.76.160";"speedtest";1339986879;3662088.630770;0.003721;"b91792e2-6624-429b-ab27-6069ad893cca";37998;"02";"Darlinghurst";2;6;2012;0;18;"20120618"
"124.149.36.50";"AU";151.205500;-33.861500;"AS4802 iiNet Limited";"mlab2-syd01";0.014424;1123395.151560;"0.004012999";"darwin";"203.5.76.160";"bittorrent";1339987998;106233.500851;-1.000000;"55006e03-0757-4639-a9b7-34b02b3b1a04";4802;"02";"Sydney";2;6;2012;0;18;"20120618"
"203.122.246.131";"AU";138.598600;-34.928700;"AS4739 Internode Pty Ltd";"mlab2-syd01";0.055777;601424.725262;"0.004012999";"darwin";"203.5.76.160";"bittorrent";1339989187;107816.118646;-1.000000;"dcaf924a-16d3-41ec-a1c4-e84d7f07760a";4739;"05";"Adelaide";3;6;2012;0;18;"20120618"
"203.122.246.131";"AU";138.598600;-34.928700;"AS4739 Internode Pty Ltd";"mlab2-syd01";0.054000;445757.396382;"0.004012999";"darwin";"203.5.76.160";"bittorrent";1339992449;107957.594291;-1.000000;"dcaf924a-16d3-41ec-a1c4-e84d7f07760a";4739;"05";"Adelaide";4;6;2012;0;18;"20120618"
"124.149.36.50";"AU";151.205500;-33.861500;"AS4802 iiNet Limited";"mlab2-syd01";0.014896;1110438.399480;"0.004012999";"darwin";"203.5.76.160";"speedtest";1339992611;105159.067150;0.017098;"55006e03-0757-4639-a9b7-34b02b3b1a04";4802;"02";"Sydney";4;6;2012;0;18;"20120618"
"203.20.167.2";"AU";151.216700;-33.883300;"AS37998 St Vincents & Mater Health Sydney";"mlab2-syd01";0.002032;8453124.886530;"0.004012999";"win32";"203.5.76.160";"speedtest";1339993076;4202633.933810;0.003619;"b91792e2-6624-429b-ab27-6069ad893cca";37998;"02";"Darlinghurst";4;6;2012;0;18;"20120618"
"203.20.167.2";"AU";151.216700;-33.883300;"AS37998 St Vincents & Mater Health Sydney";"mlab2-syd01";0.050660;7112534.676720;"0.004011999";"win32";"203.5.76.160";"speedtest";1339993279;8404572.513600;0.019621;"69757534-ce26-4738-ad47-c9692c23fff0";37998;"02";"Darlinghurst";4;6;2012;0;18;"20120618"
"203.122.246.131";"AU";138.598600;-34.928700;"AS4739 Internode Pty Ltd";"mlab2-syd01";0.055358;545332.548998;"0.004012999";"darwin";"203.5.76.160";"speedtest";1339994080;106456.600027;0.058042;"dcaf924a-16d3-41ec-a1c4-e84d7f07760a";4739;"05";"Adelaide";4;6;2012;0;18;"20120618"
"58.96.114.83";"AU";115.861400;-31.952200;"AS10143 Exetel Pty Ltd";"mlab2-syd01";0.074519;860960.758048;"0.004011999";"win32";"203.5.76.160";"bittorrent";1339994178;113357.108420;-1.000000;"6fe26f55-7863-4a8e-915d-1e066fe772cc";10143;"08";"Perth";4;6;2012;0;18;"20120618"
"124.149.36.50";"AU";151.205500;-33.861500;"AS4802 iiNet Limited";"mlab2-syd01";0.015171;1097746.036000;"0.004012999";"darwin";"203.5.76.160";"speedtest";1339995687;105488.938444;0.016829;"55006e03-0757-4639-a9b7-34b02b3b1a04";4802;"02";"Sydney";5;6;2012;0;18;"20120618"
"203.122.246.131";"AU";138.598600;-34.928700;"AS4739 Internode Pty Ltd";"mlab2-syd01";0.115668;600402.733617;"0.004012999";"darwin";"203.5.76.160";"bittorrent";1339995710;108047.555791;-1.000000;"dcaf924a-16d3-41ec-a1c4-e84d7f07760a";4739;"05";"Adelaide";5;6;2012;0;18;"20120618"
"203.20.167.2";"AU";151.216700;-33.883300;"AS37998 St Vincents & Mater Health Sydney";"mlab2-syd01";0.002949;8499061.394750;"0.004012999";"win32";"203.5.76.160";"speedtest";1339999267;3946315.563620;0.003696;"b91792e2-6624-429b-ab27-6069ad893cca";37998;"02";"Darlinghurst";6;6;2012;0;18;"20120618"
"203.122.246.131";"AU";138.598600;-34.928700;"AS4739 Internode Pty Ltd";"mlab2-syd01";0.258208;57493.652295;"0.004012999";"darwin";"203.5.76.160";"speedtest";1340000658;90980.017124;0.143480;"dcaf924a-16d3-41ec-a1c4-e84d7f07760a";4739;"05";"Adelaide";6;6;2012;0;18;"20120618"
"203.20.167.2";"AU";151.216700;-33.883300;"AS37998 St Vincents & Mater Health Sydney";"mlab2-syd01";0.000693;10947375.319000;"0.004012999";"win32";"203.5.76.160";"speedtest";1340001488;11969746.876900;0.001378;"37c67e2f-0eee-4f8c-90b1-c76aad0b580e";37998;"02";"Darlinghurst";6;6;2012;0;18;"20120618"
"203.20.167.2";"AU";151.216700;-33.883300;"AS37998 St Vincents & Mater Health Sydney";"mlab2-syd01";0.001606;8566816.153320;"0.004011999";"win32";"203.5.76.160";"speedtest";1340003117;7620164.826320;0.003367;"dfcb3c2e-91c7-49e0-9fbc-48fb488b227c";37998;"02";"Darlinghurst";7;6;2012;0;18;"20120618"
"58.96.114.83";"AU";115.861400;-31.952200;"AS10143 Exetel Pty Ltd";"mlab2-syd01";0.073465;713883.020338;"0.004011999";"win32";"203.5.76.160";"speedtest";1340004555;99846.170666;0.076966;"6fe26f55-7863-4a8e-915d-1e066fe772cc";10143;"08";"Perth";7;6;2012;0;18;"20120618"
"203.122.246.131";"AU";138.598600;-34.928700;"AS4739 Internode Pty Ltd";"mlab2-syd01";0.054944;478146.636626;"0.004012999";"darwin";"203.5.76.160";"bittorrent";1340012189;106401.669171;-1.000000;"dcaf924a-16d3-41ec-a1c4-e84d7f07760a";4739;"05";"Adelaide";9;6;2012;0;18;"20120618"
"203.20.167.2";"AU";151.216700;-33.883300;"AS37998 St Vincents & Mater Health Sydney";"mlab2-syd01";0.024442;8365662.062330;"0.004011999";"win32";"203.5.76.160";"speedtest";1340015654;8897310.472250;0.008244;"69757534-ce26-4738-ad47-c9692c23fff0";37998;"02";"Darlinghurst";10;6;2012;0;18;"20120618"
"203.20.167.2";"AU";151.216700;-33.883300;"AS37998 St Vincents & Mater Health Sydney";"mlab2-syd01";0.002090;6338237.457510;"0.004012999";"win32";"203.5.76.160";"speedtest";1340016755;7211029.902560;0.002381;"37c67e2f-0eee-4f8c-90b1-c76aad0b580e";37998;"02";"Darlinghurst";10;6;2012;0;18;"20120618"
"124.149.114.179";"AU";151.183300;-33.866700;"AS4802 iiNet Limited";"mlab2-syd01";0.008852;599227.549429;"0.004012999";"darwin";"203.5.76.160";"speedtest";1340020305;106857.648287;0.011773;"55006e03-0757-4639-a9b7-34b02b3b1a04";4802;"02";"Glebe";11;6;2012;0;18;"20120618"
"203.122.246.131";"AU";138.598600;-34.928700;"AS4739 Internode Pty Ltd";"mlab2-syd01";0.055197;518509.284761;"0.004012999";"darwin";"203.5.76.160";"speedtest";1340020332;103852.077450;0.059322;"dcaf924a-16d3-41ec-a1c4-e84d7f07760a";4739;"05";"Adelaide";11;6;2012;0;18;"20120618"
"124.168.189.35";"AU";151.205500;-33.861500;"AS4802 iiNet Limited";"mlab2-syd01";0.015748;982379.661061;"0.004012999";"darwin";"203.5.76.160";"speedtest";1340020521;107037.869341;0.019030;"55006e03-0757-4639-a9b7-34b02b3b1a04";4802;"02";"Sydney";11;6;2012;0;18;"20120618"
"124.168.189.35";"AU";151.205500;-33.861500;"AS4802 iiNet Limited";"mlab2-syd01";0.016498;993900.212404;"0.004012999";"darwin";"203.5.76.160";"speedtest";1340020541;107045.527953;0.019228;"55006e03-0757-4639-a9b7-34b02b3b1a04";4802;"02";"Sydney";11;6;2012;0;18;"20120618"
"58.96.114.83";"AU";115.861400;-31.952200;"AS10143 Exetel Pty Ltd";"mlab2-syd01";0.079434;288735.587262;"0.004011999";"win32";"203.5.76.160";"bittorrent";1340020781;80437.311513;-1.000000;"6fe26f55-7863-4a8e-915d-1e066fe772cc";10143;"08";"Perth";11;6;2012;0;18;"20120618"
"124.168.189.35";"AU";151.205500;-33.861500;"AS4802 iiNet Limited";"mlab2-syd01";0.016345;985628.406219;"0.004012999";"darwin";"203.5.76.160";"speedtest";1340020788;103078.923465;0.019094;"55006e03-0757-4639-a9b7-34b02b3b1a04";4802;"02";"Sydney";11;6;2012;0;18;"20120618"
"124.168.189.35";"AU";151.205500;-33.861500;"AS4802 iiNet Limited";"mlab2-syd01";0.016233;1002906.898553;"0.004012999";"darwin";"203.5.76.160";"bittorrent";1340020803;107372.350560;-1.000000;"55006e03-0757-4639-a9b7-34b02b3b1a04";4802;"02";"Sydney";12;6;2012;0;18;"20120618"
"220.237.12.58";"AU";145.083300;-37.716700;"AS4804 Microplex PTY LTD";"mlab2-syd01";0.024819;2371918.928882;"0.004011999";"win32";"203.5.76.160";"bittorrent";1340021864;60924.371161;-1.000000;"343beccc-13c6-4239-9232-3625f40b4228";4804;"07";"Watsonia";12;6;2012;0;18;"20120618"
"58.96.114.83";"AU";115.861400;-31.952200;"AS10143 Exetel Pty Ltd";"mlab2-syd01";0.073431;374896.043853;"0.004011999";"win32";"203.5.76.160";"bittorrent";1340026666;89178.036222;-1.000000;"6fe26f55-7863-4a8e-915d-1e066fe772cc";10143;"08";"Perth";13;6;2012;0;18;"20120618"
"203.20.167.2";"AU";151.216700;-33.883300;"AS37998 St Vincents & Mater Health Sydney";"mlab2-syd01";0.000713;10596385.732300;"0.004012999";"win32";"203.5.76.160";"speedtest";1340032471;12140965.073600;0.002094;"37c67e2f-0eee-4f8c-90b1-c76aad0b580e";37998;"02";"Darlinghurst";15;6;2012;0;18;"20120618"
"220.237.12.58";"AU";145.083300;-37.716700;"AS4804 Microplex PTY LTD";"mlab2-syd01";0.024264;2263632.056510;"0.004011999";"win32";"203.5.76.160";"speedtest";1340033375;61829.904984;0.025526;"343beccc-13c6-4239-9232-3625f40b4228";4804;"07";"Watsonia";15;6;2012;0;18;"20120618"
"124.168.20.100";"AU";151.205500;-33.861500;"AS4802 iiNet Limited";"mlab2-syd01";0.014785;989256.055180;"0.004012999";"darwin";"203.5.76.160";"bittorrent";1340034152;105984.683943;-1.000000;"55006e03-0757-4639-a9b7-34b02b3b1a04";4802;"02";"Sydney";15;6;2012;0;18;"20120618"
"58.96.114.83";"AU";115.861400;-31.952200;"AS10143 Exetel Pty Ltd";"mlab2-syd01";0.072455;698979.011708;"0.004011999";"win32";"203.5.76.160";"bittorrent";1340035524;99467.973652;-1.000000;"6fe26f55-7863-4a8e-915d-1e066fe772cc";10143;"08";"Perth";16;6;2012;0;18;"20120618"
"124.168.20.100";"AU";151.205500;-33.861500;"AS4802 iiNet Limited";"mlab2-syd01";0.018819;572070.032197;"0.004012999";"darwin";"203.5.76.160";"speedtest";1340035693;87007.337878;0.018586;"55006e03-0757-4639-a9b7-34b02b3b1a04";4802;"02";"Sydney";16;6;2012;0;18;"20120618"
"220.237.12.58";"AU";145.083300;-37.716700;"AS4804 Microplex PTY LTD";"mlab2-syd01";0.030681;2272638.841310;"0.004011999";"win32";"203.5.76.160";"speedtest";1340036488;42855.248758;0.025054;"343beccc-13c6-4239-9232-3625f40b4228";4804;"07";"Watsonia";16;6;2012;0;18;"20120618"
"58.96.114.83";"AU";115.861400;-31.952200;"AS10143 Exetel Pty Ltd";"mlab2-syd01";0.074110;805429.317788;"0.004011999";"win32";"203.5.76.160";"bittorrent";1340038471;91029.380591;-1.000000;"6fe26f55-7863-4a8e-915d-1e066fe772cc";10143;"08";"Perth";16;6;2012;0;18;"20120618"
"124.168.20.100";"AU";151.205500;-33.861500;"AS4802 iiNet Limited";"mlab2-syd01";0.015763;987704.650517;"0.004012999";"darwin";"203.5.76.160";"bittorrent";1340040310;104949.459712;-1.000000;"55006e03-0757-4639-a9b7-34b02b3b1a04";4802;"02";"Sydney";17;6;2012;0;18;"20120618"
"220.237.12.58";"AU";145.083300;-37.716700;"AS4804 Microplex PTY LTD";"mlab2-syd01";0.024419;2371945.042555;"0.004011999";"win32";"203.5.76.160";"bittorrent";1340041160;61320.424449;-1.000000;"343beccc-13c6-4239-9232-3625f40b4228";4804;"07";"Watsonia";17;6;2012;0;18;"20120618"
"203.122.246.131";"AU";138.598600;-34.928700;"AS4739 Internode Pty Ltd";"mlab2-syd01";0.056299;548828.354781;"0.004012999";"darwin";"203.5.76.160";"speedtest";1340046402;103648.818920;0.086669;"dcaf924a-16d3-41ec-a1c4-e84d7f07760a";4739;"05";"Adelaide";19;6;2012;0;18;"20120618"
"220.237.12.58";"AU";145.083300;-37.716700;"AS4804 Microplex PTY LTD";"mlab2-syd01";0.046408;2361878.360564;"0.004011999";"win32";"203.5.76.160";"bittorrent";1340047387;60459.500717;-1.000000;"343beccc-13c6-4239-9232-3625f40b4228";4804;"07";"Watsonia";19;6;2012;0;18;"20120618"
"203.20.167.2";"AU";151.216700;-33.883300;"AS37998 St Vincents & Mater Health Sydney";"mlab2-syd01";0.026531;8756328.261260;"0.004011999";"win32";"203.5.76.160";"speedtest";1340047626;8622123.274630;0.019387;"69757534-ce26-4738-ad47-c9692c23fff0";37998;"02";"Darlinghurst";19;6;2012;0;18;"20120618"
"58.96.114.83";"AU";115.861400;-31.952200;"AS10143 Exetel Pty Ltd";"mlab2-syd01";0.073623;843047.570681;"0.004011999";"win32";"203.5.76.160";"bittorrent";1340050253;100349.763090;-1.000000;"6fe26f55-7863-4a8e-915d-1e066fe772cc";10143;"08";"Perth";20;6;2012;0;18;"20120618"
"58.96.114.83";"AU";115.861400;-31.952200;"AS10143 Exetel Pty Ltd";"mlab2-syd01";0.073758;620909.677593;"0.004011999";"win32";"203.5.76.160";"speedtest";1340051734;93817.156087;0.076601;"6fe26f55-7863-4a8e-915d-1e066fe772cc";10143;"08";"Perth";20;6;2012;0;18;"20120618"
"203.20.167.2";"AU";151.216700;-33.883300;"AS37998 St Vincents & Mater Health Sydney";"mlab2-syd01";0.001685;9794538.045330;"0.004012999";"win32";"203.5.76.160";"speedtest";1340052582;3645805.480640;0.003147;"b91792e2-6624-429b-ab27-6069ad893cca";37998;"02";"Darlinghurst";20;6;2012;0;18;"20120618"
"58.96.114.83";"AU";115.861400;-31.952200;"AS10143 Exetel Pty Ltd";"mlab2-syd01";0.076069;819401.093746;"0.004011999";"win32";"203.5.76.160";"bittorrent";1340053198;99550.011787;-1.000000;"6fe26f55-7863-4a8e-915d-1e066fe772cc";10143;"08";"Perth";20;6;2012;0;18;"20120618"
"58.96.114.83";"AU";115.861400;-31.952200;"AS10143 Exetel Pty Ltd";"mlab2-syd01";0.072849;708120.953090;"0.004011999";"win32";"203.5.76.160";"speedtest";1340054678;89426.053395;0.078474;"6fe26f55-7863-4a8e-915d-1e066fe772cc";10143;"08";"Perth";21;6;2012;0;18;"20120618"
"124.168.20.100";"AU";151.205500;-33.861500;"AS4802 iiNet Limited";"mlab2-syd01";0.015016;989066.931793;"0.004012999";"darwin";"203.5.76.160";"bittorrent";1340055693;105850.918858;-1.000000;"55006e03-0757-4639-a9b7-34b02b3b1a04";4802;"02";"Sydney";21;6;2012;0;18;"20120618"
"203.20.167.2";"AU";151.216700;-33.883300;"AS37998 St Vincents & Mater Health Sydney";"mlab2-syd01";0.039733;9463702.195150;"0.004011999";"win32";"203.5.76.160";"speedtest";1340057246;8838496.188710;0.014735;"69757534-ce26-4738-ad47-c9692c23fff0";37998;"02";"Darlinghurst";22;6;2012;0;18;"20120618"
"124.168.20.100";"AU";151.205500;-33.861500;"AS4802 iiNet Limited";"mlab2-syd01";0.015486;977847.529906;"0.004012999";"darwin";"203.5.76.160";"speedtest";1340060304;105129.014015;0.017862;"55006e03-0757-4639-a9b7-34b02b3b1a04";4802;"02";"Sydney";22;6;2012;0;18;"20120618"
"203.122.246.131";"AU";138.598600;-34.928700;"AS4739 Internode Pty Ltd";"mlab2-syd01";0.054819;660784.217107;"0.004012999";"darwin";"203.5.76.160";"bittorrent";1340061066;101940.713161;-1.000000;"dcaf924a-16d3-41ec-a1c4-e84d7f07760a";4739;"05";"Adelaide";23;6;2012;0;18;"20120618"
"203.20.167.2";"AU";151.216700;-33.883300;"AS37998 St Vincents & Mater Health Sydney";"mlab2-syd01";0.000886;10060454.825600;"0.004012999";"win32";"203.5.76.160";"speedtest";1340063655;11310509.260900;0.003515;"37c67e2f-0eee-4f8c-90b1-c76aad0b580e";37998;"02";"Darlinghurst";23;6;2012;0;18;"20120618"
"65.29.223.12";"US";-84.529800;39.195900;"AS10796 Time Warner Cable Internet LLC";"mlab3-lga02";0.035750;4802947.052790;"0.004012999";"darwin";"38.106.70.170";"speedtest";1339979067;620792.014490;0.038498;"a631d0d5-ea06-404a-9e7f-da52f00d5f01";10796;"OH";"Cincinnati";0;6;2012;0;18;"20120618"
"66.188.113.29";"US";-97.000000;38.000000;"AS20115 Charter Communications";"mlab3-lga02";0.049827;1705672.180533;"0.004012999";"darwin";"38.106.70.170";"bittorrent";1339979272;388150.455145;-1.000000;"3f295a53-7a79-47cb-bd75-f79b53a6ae22";20115;"";"";0;6;2012;0;18;"20120618"
"69.143.19.17";"US";-77.104300;38.881000;"AS7922 Comcast Cable Communications, Inc.";"mlab3-lga02";0.020877;3140160.730367;"0.004012999";"darwin";"38.106.70.170";"bittorrent";1339979662;263546.790071;-1.000000;"9b4267aa-e8b7-40bb-a139-5ad1187a6f5d";7922;"VA";"Arlington";0;6;2012;0;18;"20120618"
"76.169.71.176";"US";-118.273400;33.963800;"AS20001 Time Warner Cable Internet LLC";"mlab3-lga02";0.095126;1739679.743070;"0.004011999";"win32";"38.106.70.170";"speedtest";1339980612;118075.825802;0.093599;"2f0c137b-7982-4d9c-b50a-c362f2d810e0";20001;"CA";"Los Angeles";0;6;2012;0;18;"20120618"
"50.12.211.162";"US";-93.263800;44.980000;"AS16586 CLEARWIRE - CLEAR WIRELESS LLC";"mlab3-lga02";0.096200;195464.842199;"0.004012999";"darwin";"38.106.70.170";"bittorrent";1339980728;142549.527597;-1.000000;"3955a411-3e83-4a8e-aa8e-165233e306e9";16586;"MN";"Minneapolis";0;6;2012;0;18;"20120618"
"98.243.192.146";"US";-84.594100;42.860200;"AS7922 Comcast Cable Communications, Inc.";"mlab3-lga02";0.037610;1517568.960190;"0.004012999";"darwin";"38.106.70.170";"speedtest";1339981322;457195.695102;0.042699;"69a61dac-c7ac-4b16-b86b-4bd2f3990f62";7922;"MI";"Dewitt";1;6;2012;0;18;"20120618"
"24.130.152.60";"US";-122.088500;37.709000;"AS7922 Comcast Cable Communications, Inc.";"mlab3-lga02";0.093227;1954171.532590;"0.004012999";"darwin";"38.106.70.170";"speedtest";1339991983;718940.899780;0.095951;"92ef1dc6-e5b9-40c8-800b-cc909779319d";7922;"CA";"Castro Valley";3;6;2012;0;18;"20120618"
"50.78.87.177";"US";-106.097500;39.574400;"AS7922 Comcast Cable Communications, Inc.";"mlab3-lga02";0.083290;700304.842957;"0.004012999";"win32";"38.106.70.170";"bittorrent";1339992875;404912.737607;-1.000000;"c4393561-5207-49e8-879a-bbb805c9188f";7922;"CO";"Frisco";4;6;2012;0;18;"20120618"
"69.249.238.83";"US";-75.163800;39.952300;"AS7922 Comcast Cable Communications, Inc.";"mlab3-lga02";1.130811;2200539.365292;"0.004012999";"win32";"38.106.70.170";"bittorrent";1339992969;141818.431634;-1.000000;"a49b9e19-6f47-4dc7-8196-0fc4dbc9e641";7922;"PA";"Philadelphia";4;6;2012;0;18;"20120618"
"74.2.122.133";"US";-97.000000;38.000000;"AS18566 MegaPath Corporation";"mlab3-lga02";0.033482;242267.371044;"0.004010999";"win32";"38.106.70.170";"bittorrent";1339993030;110119.195403;-1.000000;"f4acb085-b5ee-429a-a232-3ae956a10cf5";18566;"";"";4;6;2012;0;18;"20120618"
"67.174.9.121";"US";-87.819700;41.894000;"AS7922 Comcast Cable Communications, Inc.";"mlab3-lga02";0.032417;2654363.316276;"0.004012999";"win32";"38.106.70.170";"bittorrent";1339993071;514615.208616;-1.000000;"bdaf2367-a776-4a1f-9c03-a75a6b08c6b1";7922;"IL";"River Forest";4;6;2012;0;18;"20120618"
"99.92.88.210";"US";-122.030700;37.353700;"AS7018 AT&T Services, Inc.";"mlab3-lga02";0.104587;767484.406647;"0.004012999";"darwin";"38.106.70.170";"speedtest";1339993193;141514.322997;0.105437;"13cf72ab-670c-4dc7-8fad-aa9a41f4355d";7018;"CA";"Sunnyvale";4;6;2012;0;18;"20120618"
"99.104.57.129";"US";-87.701600;41.975900;"AS7018 AT&T Services, Inc.";"mlab3-lga02";0.433860;61631.154970;"0.004012999";"darwin";"38.106.70.170";"speedtest";1339993229;7765.050619;0.602517;"d6f10baf-3b6d-47fb-999c-6d4188d2d4b2";7018;"IL";"Chicago";4;6;2012;0;18;"20120618"
"99.21.145.140";"US";-121.382800;38.626300;"AS7132 AS for SBIS-AS";"mlab3-lga02";0.098097;1328805.720215;"0.004012999";"win32";"38.106.70.170";"bittorrent";1339993248;173946.437706;-1.000000;"ebeab1c8-defc-4fef-8be3-daa7088a0954";7132;"CA";"Sacramento";4;6;2012;0;18;"20120618"
"50.83.240.108";"US";-95.977900;45.232200;"AS30036 Mediacom Communications Corp";"mlab3-lga02";0.041149;1520381.469828;"0.004012999";"darwin";"38.106.70.170";"bittorrent";1339993299;296505.727786;-1.000000;"43af2f72-3dc4-4824-9ff7-faa06a3cb206";30036;"MN";"Appleton";4;6;2012;0;18;"20120618"
"209.155.86.74";"US";-77.426000;43.100500;"AS1785 PaeTec Communications, Inc.";"mlab3-lga02";0.025434;356525.768660;"0.004012999";"win32";"38.106.70.170";"bittorrent";1339993395;60403.086020;-1.000000;"4841c017-4566-4afc-a805-ba458ccb2be1";1785;"NY";"Fairport";4;6;2012;0;18;"20120618"
"98.124.100.208";"US";-80.038400;33.118000;"AS16863 Home Telephone Company, Inc.";"mlab3-lga02";0.049711;1136775.486930;"0.004012999";"linux2";"38.106.70.170";"speedtest";1339995654;233697.426093;0.050999;"adcd5d0f-b5f4-47e4-9505-249669f515a0";16863;"SC";"Moncks Corner";5;6;2012;0;18;"20120618"
"76.10.12.242";"US";-88.242600;40.112500;"AS46925 PAVLOV MEDIA INC";"mlab3-lga02";0.035240;1461011.693840;"0.004012999";"win32";"38.106.70.170";"speedtest";1339995950;1701256.632650;0.037828;"b2c93218-2fa2-4a04-be8b-f4553cb22e1a";46925;"IL";"Champaign";5;6;2012;0;18;"20120618"
"50.83.240.108";"US";-95.977900;45.232200;"AS30036 Mediacom Communications Corp";"mlab3-lga02";0.040199;1289360.287403;"0.004012999";"darwin";"38.106.70.170";"bittorrent";1339996550;251948.631241;-1.000000;"43af2f72-3dc4-4824-9ff7-faa06a3cb206";30036;"MN";"Appleton";5;6;2012;0;18;"20120618"
"72.81.232.139";"US";-76.837500;39.174900;"AS701 MCI Communications Services, Inc. d/b/a Verizon Business";"mlab3-lga02";0.070667;1653891.440799;"0.004012999";"darwin";"38.106.70.170";"bittorrent";1339997331;253634.530427;-1.000000;"5d2377cf-2e67-40be-b1dc-e439a545da6f";701;"MD";"Columbia";5;6;2012;0;18;"20120618"
"99.92.88.210";"US";-122.030700;37.353700;"AS7018 AT&T Services, Inc.";"mlab3-lga02";0.100469;1388306.633851;"0.004012999";"darwin";"38.106.70.170";"bittorrent";1339997586;182395.674521;-1.000000;"13cf72ab-670c-4dc7-8fad-aa9a41f4355d";7018;"CA";"Sunnyvale";5;6;2012;0;18;"20120618"
"76.169.71.176";"US";-118.273400;33.963800;"AS20001 Time Warner Cable Internet LLC";"mlab3-lga02";0.096120;582264.222403;"0.004011999";"win32";"38.106.70.170";"speedtest";1339997831;119051.808106;0.089460;"2f0c137b-7982-4d9c-b50a-c362f2d810e0";20001;"CA";"Los Angeles";5;6;2012;0;18;"20120618"
"71.58.226.44";"US";-75.961500;41.249000;"AS7922 Comcast Cable Communications, Inc.";"mlab3-lga02";0.077068;4303558.641051;"0.004012999";"win32";"38.106.70.170";"bittorrent";1339998610;706365.001345;-1.000000;"fb6cc5ca-37c3-44c5-8176-4a40a17f217a";7922;"PA";"Plymouth";5;6;2012;0;18;"20120618"
"74.93.119.149";"US";-77.460300;37.553800;"AS7922 Comcast Cable Communications, Inc.";"mlab3-lga02";0.025384;7257925.865040;"0.004012999";"win32";"38.106.70.170";"speedtest";1339998768;599592.316598;0.026571;"89137afb-b348-4f18-88b5-80cee829292f";7922;"VA";"Richmond";5;6;2012;0;18;"20120618"
"206.255.246.41";"US";-94.740500;32.500700;"AS53508 Cablelynx";"mlab3-lga02";0.054778;1420986.977695;"0.004012999";"win32";"38.106.70.170";"bittorrent";1339999106;183377.298902;-1.000000;"3a5b4ca4-0887-432d-a115-9f646a867cdb";53508;"TX";"Longview";5;6;2012;0;18;"20120618"
"68.48.221.17";"US";-76.837500;39.174900;"AS7922 Comcast Cable Communications, Inc.";"mlab3-lga02";0.017257;3457565.772850;"0.004012999";"darwin";"38.106.70.170";"speedtest";1339999167;689917.742381;0.197512;"4162ce8a-78ab-4a68-9407-13618360662f";7922;"MD";"Columbia";5;6;2012;0;18;"20120618"
"24.61.63.89";"US";-71.031600;42.399700;"AS7922 Comcast Cable Communications, Inc.";"mlab3-lga02";0.044907;1488322.743370;"0.004012999";"win32";"38.106.70.170";"speedtest";1340001421;536347.298844;0.039745;"641fcec9-64c6-4ec1-a213-90d958a6f9a1";7922;"MA";"Chelsea";6;6;2012;0;18;"20120618"
"108.0.16.252";"US";-118.142300;33.771100;"AS701 MCI Communications Services, Inc. d/b/a Verizon Business";"mlab3-lga02";0.086587;1865895.993226;"0.004012999";"darwin";"38.106.70.170";"bittorrent";1340001845;653536.982355;-1.000000;"b13eed9c-7499-4364-89ba-e85068191268";701;"CA";"Long Beach";6;6;2012;0;18;"20120618"
"98.222.147.136";"US";-85.681400;40.411900;"AS7922 Comcast Cable Communications, Inc.";"mlab3-lga02";0.042926;2909838.743660;"0.004012999";"linux2";"38.106.70.170";"speedtest";1340002705;317510.978416;0.048461;"247a4b73-0dbb-440a-a85f-68d042f5a3a2";7922;"IN";"Fairmount";6;6;2012;0;18;"20120618"
"74.2.122.133";"US";-97.000000;38.000000;"AS18566 MegaPath Corporation";"mlab3-lga02";0.034398;243037.532173;"0.004010999";"win32";"38.106.70.170";"bittorrent";1340003935;194687.179489;-1.000000;"f4acb085-b5ee-429a-a232-3ae956a10cf5";18566;"";"";7;6;2012;0;18;"20120618"
"68.40.185.45";"US";-83.740900;42.277600;"AS7922 Comcast Cable Communications, Inc.";"mlab3-lga02";0.043421;1714078.243740;"0.004012999";"darwin";"38.106.70.170";"speedtest";1340004160;761251.775326;0.050188;"f77a7853-1ba8-4219-aa2c-2157b5e89023";7922;"MI";"Ann Arbor";7;6;2012;0;18;"20120618"
"24.22.135.177";"US";-122.332100;47.606200;"AS7922 Comcast Cable Communications, Inc.";"mlab3-lga02";0.082628;2574859.559840;"0.004012999";"linux2";"38.106.70.170";"speedtest";1340006444;450658.121554;0.085753;"04cea472-6610-42db-acd2-c644a3d4447f";7922;"WA";"Seattle";8;6;2012;0;18;"20120618"
"99.21.145.140";"US";-121.382800;38.626300;"AS7132 AS for SBIS-AS";"mlab3-lga02";0.098045;985436.342278;"0.004012999";"win32";"38.106.70.170";"speedtest";1340008402;159146.734776;0.097996;"ebeab1c8-defc-4fef-8be3-daa7088a0954";7132;"CA";"Sacramento";8;6;2012;0;18;"20120618"
"24.46.196.47";"US";-73.686200;40.793900;"AS6128 Cablevision Systems Corp.";"mlab3-lga02";0.010654;2651790.783277;"0.004012999";"win32";"38.106.70.170";"bittorrent";1340008636;261927.454669;-1.000000;"103cc2f1-ddd5-4016-83cc-cdd357e7a81a";6128;"NY";"Manhasset";8;6;2012;0;18;"20120618"
"96.236.133.97";"US";-79.995900;40.440600;"AS701 MCI Communications Services, Inc. d/b/a Verizon Business";"mlab3-lga02";0.025414;546658.204954;"0.004012999";"linux2";"38.106.70.170";"bittorrent";1340008758;355085.412313;-1.000000;"002bd52f-5f9d-42eb-9ce6-e310c9db525a";701;"PA";"Pittsburgh";8;6;2012;0;18;"20120618"
"98.203.140.223";"US";-122.304300;47.610200;"AS7922 Comcast Cable Communications, Inc.";"mlab3-lga02";0.104327;1739938.227570;"0.004012999";"linux2";"38.106.70.170";"speedtest";1340008843;361287.194010;0.092029;"4bf1068a-cabe-4254-a52f-c2914db03ade";7922;"WA";"Seattle";8;6;2012;0;18;"20120618"
"96.2.48.78";"US";-96.983300;42.836900;"AS11232 Midcontinent Media, Inc.";"mlab3-lga02";0.064685;868155.667807;"0.004011999";"win32";"38.106.70.170";"speedtest";1340009257;540878.378753;0.066710;"a7ed429a-44c3-4195-a0e5-7eac41680125";11232;"SD";"Vermillion";8;6;2012;0;18;"20120618"
"50.83.240.108";"US";-95.977900;45.232200;"AS30036 Mediacom Communications Corp";"mlab3-lga02";0.042347;1534825.502372;"0.004012999";"darwin";"38.106.70.170";"bittorrent";1340009830;263743.142634;-1.000000;"43af2f72-3dc4-4824-9ff7-faa06a3cb206";30036;"MN";"Appleton";8;6;2012;0;18;"20120618"
"99.104.57.129";"US";-87.701600;41.975900;"AS7018 AT&T Services, Inc.";"mlab3-lga02";0.342160;138327.480084;"0.004012999";"darwin";"38.106.70.170";"bittorrent";1340009852;36755.515649;-1.000000;"d6f10baf-3b6d-47fb-999c-6d4188d2d4b2";7018;"IL";"Chicago";8;6;2012;0;18;"20120618"
"76.10.12.242";"US";-88.242600;40.112500;"AS46925 PAVLOV MEDIA INC";"mlab3-lga02";0.034797;1731700.057527;"0.004012999";"win32";"38.106.70.170";"bittorrent";1340010046;1582510.450518;-1.000000;"b2c93218-2fa2-4a04-be8b-f4553cb22e1a";46925;"IL";"Champaign";9;6;2012;0;18;"20120618"
"72.181.251.247";"US";-96.771500;32.833900;"AS11427 Time Warner Cable Internet LLC";"mlab3-lga02";0.055526;2475727.159370;"0.004012999";"darwin";"38.106.70.170";"bittorrent";1340010467;226691.872288;-1.000000;"ec56ca67-ca5b-4ee7-a615-8743ebac3e8a";11427;"TX";"Dallas";9;6;2012;0;18;"20120618"
"67.172.130.152";"US";-104.821400;38.833900;"AS7922 Comcast Cable Communications, Inc.";"mlab3-lga02";0.064007;2916472.198570;"0.004012999";"darwin";"38.106.70.170";"speedtest";1340011072;335958.677546;0.061909;"e83583f7-4c54-4291-a929-2fd12fd286f5";7922;"CO";"Colorado Springs";9;6;2012;0;18;"20120618"
"74.103.162.36";"US";-75.114700;40.427800;"AS701 MCI Communications Services, Inc. d/b/a Verizon Business";"mlab3-lga02";0.014929;1912166.920731;"0.004012999";"darwin";"38.106.70.170";"bittorrent";1340011813;664413.476564;-1.000000;"4eec0d76-fa70-4b4c-91f9-8cb1b74b0682";701;"PA";"Pipersville";9;6;2012;0;18;"20120618"
"173.160.133.65";"US";-122.449200;47.151100;"AS7922 Comcast Cable Communications, Inc.";"mlab3-lga02";0.091414;389375.048313;"0.004012999";"win32";"38.106.70.170";"speedtest";1340011873;365763.677833;0.091934;"cd29f4ce-ebe9-47c8-8b18-9406a9618ac1";7922;"WA";"Tacoma";9;6;2012;0;18;"20120618"
"99.99.213.185";"US";-85.882800;42.855500;"AS7018 AT&T Services, Inc.";"mlab3-lga02";0.053241;1328877.373737;"0.004012999";"linux2";"38.106.70.170";"bittorrent";1340012093;184077.200881;-1.000000;"22998df3-a92a-4573-b9f5-476782c2c770";7018;"MI";"Hudsonville";9;6;2012;0;18;"20120618"
"98.222.147.136";"US";-85.681400;40.411900;"AS7922 Comcast Cable Communications, Inc.";"mlab3-lga02";0.041468;3078702.515338;"0.004012999";"linux2";"38.106.70.170";"bittorrent";1340013574;487431.645164;-1.000000;"247a4b73-0dbb-440a-a85f-68d042f5a3a2";7922;"IN";"Fairmount";9;6;2012;0;18;"20120618"
"74.103.162.36";"US";-75.114700;40.427800;"AS701 MCI Communications Services, Inc. d/b/a Verizon Business";"mlab3-lga02";0.014392;1912205.355219;"0.004012999";"darwin";"38.106.70.170";"bittorrent";1340015036;668227.206864;-1.000000;"4eec0d76-fa70-4b4c-91f9-8cb1b74b0682";701;"PA";"Pipersville";10;6;2012;0;18;"20120618"
"74.93.119.149";"US";-77.460300;37.553800;"AS7922 Comcast Cable Communications, Inc.";"mlab3-lga02";0.028986;2396666.077658;"0.004012999";"win32";"38.106.70.170";"bittorrent";1340015217;606629.528670;-1.000000;"89137afb-b348-4f18-88b5-80cee829292f";7922;"VA";"Richmond";10;6;2012;0;18;"20120618"
"71.204.91.144";"US";-84.447700;34.119000;"AS7922 Comcast Cable Communications, Inc.";"mlab3-lga02";0.041665;1639982.789691;"0.004012999";"darwin";"38.106.70.170";"bittorrent";1340015560;513789.412558;-1.000000;"4b4fa0bc-987b-4105-9a0b-83e736a6503c";7922;"GA";"Woodstock";10;6;2012;0;18;"20120618"
"98.251.77.68";"US";-83.949600;33.512000;"AS7922 Comcast Cable Communications, Inc.";"mlab3-lga02";0.039444;2934133.245670;"0.004011999";"win32";"38.106.70.170";"speedtest";1340016426;515015.604026;0.042811;"cbfab653-aed3-47c3-b7d0-e4159cab6582";7922;"GA";"Covington";10;6;2012;0;18;"20120618"
"67.168.66.115";"US";-122.630500;48.321800;"AS7922 Comcast Cable Communications, Inc.";"mlab3-lga02";0.086106;1694657.977110;"0.004012999";"win32";"38.106.70.170";"speedtest";1340016783;631678.568273;0.086171;"3ee99b5a-2c05-4823-a555-34b90b697de5";7922;"WA";"Oak Harbor";10;6;2012;0;18;"20120618"
"71.187.199.3";"US";-74.216400;40.816200;"AS701 MCI Communications Services, Inc. d/b/a Verizon Business";"mlab3-lga02";0.017861;4194001.053725;"0.004011999";"win32";"38.106.70.170";"bittorrent";1340016798;1279010.518129;-1.000000;"a9bde20f-2872-443c-8e9b-a2f6f162c91d";701;"NJ";"Montclair";10;6;2012;0;18;"20120618"
"24.46.196.47";"US";-73.686200;40.793900;"AS6128 Cablevision Systems Corp.";"mlab3-lga02";0.010695;2644258.049752;"0.004012999";"win32";"38.106.70.170";"bittorrent";1340017281;261364.195867;-1.000000;"103cc2f1-ddd5-4016-83cc-cdd357e7a81a";6128;"NY";"Manhasset";11;6;2012;0;18;"20120618"
"24.22.135.177";"US";-122.332100;47.606200;"AS7922 Comcast Cable Communications, Inc.";"mlab3-lga02";0.082825;1634733.907590;"0.004012999";"linux2";"38.106.70.170";"speedtest";1340018042;434589.670140;0.085367;"04cea472-6610-42db-acd2-c644a3d4447f";7922;"WA";"Seattle";11;6;2012;0;18;"20120618"
"71.118.241.200";"US";-118.880000;34.213300;"AS701 MCI Communications Services, Inc. d/b/a Verizon Business";"mlab3-lga02";0.092656;2523357.354620;"0.004012999";"darwin";"38.106.70.170";"speedtest";1340018430;700834.604932;0.095062;"6240ede4-4770-4ab9-a1a5-5df49c84c463";701;"CA";"Thousand Oaks";11;6;2012;0;18;"20120618"
"96.2.48.78";"US";-96.983300;42.836900;"AS11232 Midcontinent Media, Inc.";"mlab3-lga02";0.251424;964876.689026;"0.004011999";"win32";"38.106.70.170";"speedtest";1340019132;545175.445310;0.061958;"a7ed429a-44c3-4195-a0e5-7eac41680125";11232;"SD";"Vermillion";11;6;2012;0;18;"20120618"
"24.2.64.100";"US";-112.008200;40.477400;"AS7922 Comcast Cable Communications, Inc.";"mlab3-lga02";0.078834;848148.781151;"0.004012999";"win32";"38.106.70.170";"speedtest";1340019217;137572.217846;0.069540;"9a8766b6-803d-48fa-b02a-2091ff6f496e";7922;"UT";"Riverton";11;6;2012;0;18;"20120618"
"66.66.21.182";"US";-77.602400;43.185800;"AS11351 Time Warner Cable Internet LLC";"mlab3-lga02";0.046635;4632780.618045;"0.004012999";"win32";"38.106.70.170";"bittorrent";1340019577;646378.778325;-1.000000;"b4fb3816-21d6-43b3-91fc-aabe40980e90";11351;"NY";"Rochester";11;6;2012;0;18;"20120618"
"74.163.8.166";"US";-86.875000;30.446700;"AS6389 BellSouth.net Inc.";"mlab3-lga02";0.060356;303058.960540;"0.004012999";"win32";"38.106.70.170";"speedtest";1340019624;49264.886542;0.076692;"4565989b-987f-4c3c-aa75-a740afde3068";6389;"FL";"Navarre";11;6;2012;0;18;"20120618"
"184.177.72.227";"US";-97.000000;38.000000;"AS22773 Cox Communications Inc.";"mlab3-lga02";0.086278;543263.187124;"0.004012999";"win32";"38.106.70.170";"bittorrent";1340019741;775655.302783;-1.000000;"e9aa2936-1c50-4b9d-89e4-2daad232b753";22773;"";"";11;6;2012;0;18;"20120618"
"68.40.93.208";"US";-82.582300;42.637600;"AS7922 Comcast Cable Communications, Inc.";"mlab3-lga02";0.054235;1752376.742449;"0.004011999";"win32";"38.106.70.170";"bittorrent";1340020902;397143.899108;-1.000000;"5ddd06da-64ad-444c-b2c0-525541d4d177";7922;"MI";"Algonac";12;6;2012;0;18;"20120618"
"50.83.240.108";"US";-95.977900;45.232200;"AS30036 Mediacom Communications Corp";"mlab3-lga02";0.040230;1426476.596650;"0.004012999";"darwin";"38.106.70.170";"speedtest";1340021198;327911.586374;0.043076;"43af2f72-3dc4-4824-9ff7-faa06a3cb206";30036;"MN";"Appleton";12;6;2012;0;18;"20120618"
"74.103.162.36";"US";-75.114700;40.427800;"AS701 MCI Communications Services, Inc. d/b/a Verizon Business";"mlab3-lga02";0.014104;1912474.911266;"0.004012999";"darwin";"38.106.70.170";"bittorrent";1340021483;666341.773706;-1.000000;"4eec0d76-fa70-4b4c-91f9-8cb1b74b0682";701;"PA";"Pipersville";12;6;2012;0;18;"20120618"
"98.214.132.10";"US";-89.589000;40.693600;"AS7922 Comcast Cable Communications, Inc.";"mlab3-lga02";0.044590;4421633.814030;"0.004012999";"darwin";"38.106.70.170";"speedtest";1340021559;773905.987492;0.049103;"ac008ee9-df9b-425b-a370-34b57dce1b90";7922;"IL";"Peoria";12;6;2012;0;18;"20120618"
"24.2.64.100";"US";-112.008200;40.477400;"AS7922 Comcast Cable Communications, Inc.";"mlab3-lga02";0.067786;823002.839836;"0.004012999";"win32";"38.106.70.170";"speedtest";1340022041;138489.664863;0.069335;"9a8766b6-803d-48fa-b02a-2091ff6f496e";7922;"UT";"Riverton";12;6;2012;0;18;"20120618"
"75.140.153.254";"US";-121.654400;37.130500;"AS20115 Charter Communications";"mlab3-lga02";0.097626;5234749.066263;"0.004012999";"darwin";"38.106.70.170";"bittorrent";1340022229;642957.856988;-1.000000;"a039434c-d8c0-4f4d-8050-4153de22c986";20115;"CA";"Morgan Hill";12;6;2012;0;18;"20120618"
"67.172.130.152";"US";-104.821400;38.833900;"AS7922 Comcast Cable Communications, Inc.";"mlab3-lga02";0.057593;3137406.275233;"0.004012999";"darwin";"38.106.70.170";"bittorrent";1340022406;297736.885815;-1.000000;"e83583f7-4c54-4291-a929-2fd12fd286f5";7922;"CO";"Colorado Springs";12;6;2012;0;18;"20120618"
"71.58.226.44";"US";-75.961500;41.249000;"AS7922 Comcast Cable Communications, Inc.";"mlab3-lga02";0.051796;3681695.164570;"0.004012999";"win32";"38.106.70.170";"speedtest";1340022470;741164.867880;0.041442;"fb6cc5ca-37c3-44c5-8176-4a40a17f217a";7922;"PA";"Plymouth";12;6;2012;0;18;"20120618"
"68.58.125.60";"US";-86.158000;39.768400;"AS7922 Comcast Cable Communications, Inc.";"mlab3-lga02";0.041307;1783482.812863;"0.004012999";"darwin";"38.106.70.170";"bittorrent";1340022997;513362.994634;-1.000000;"9ad7184c-eb25-4754-a40f-91e4262a9d35";7922;"IN";"Indianapolis";12;6;2012;0;18;"20120618"
"65.32.77.45";"US";-97.000000;38.000000;"AS33363 BRIGHT HOUSE NETWORKS, LLC";"mlab3-lga02";0.060032;1867366.428170;"0.004012999";"win32";"38.106.70.170";"bittorrent";1340023491;222420.104947;-1.000000;"29daca95-9628-479f-b4be-ee35e322c612";33363;"";"";12;6;2012;0;18;"20120618"
"76.168.80.127";"US";-118.243700;34.052200;"AS20001 Time Warner Cable Internet LLC";"mlab3-lga02";0.084831;2350304.500524;"0.004012999";"darwin";"38.106.70.170";"bittorrent";1340023615;121834.429208;-1.000000;"90d62fdd-a880-469e-bb3b-4bf575cfed10";20001;"CA";"Los Angeles";12;6;2012;0;18;"20120618"
"98.251.77.68";"US";-83.949600;33.512000;"AS7922 Comcast Cable Communications, Inc.";"mlab3-lga02";0.041358;3175681.507463;"0.004011999";"win32";"38.106.70.170";"bittorrent";1340023996;515505.172736;-1.000000;"cbfab653-aed3-47c3-b7d0-e4159cab6582";7922;"GA";"Covington";12;6;2012;0;18;"20120618"
"98.214.132.10";"US";-89.589000;40.693600;"AS7922 Comcast Cable Communications, Inc.";"mlab3-lga02";0.041109;1470320.069780;"0.004012999";"darwin";"38.106.70.170";"speedtest";1340024764;773097.590029;0.047727;"ac008ee9-df9b-425b-a370-34b57dce1b90";7922;"IL";"Peoria";13;6;2012;0;18;"20120618"
"71.118.241.200";"US";-118.880000;34.213300;"AS701 MCI Communications Services, Inc. d/b/a Verizon Business";"mlab3-lga02";0.088351;2540905.052480;"0.004012999";"darwin";"38.106.70.170";"speedtest";1340024936;642260.777972;0.094024;"6240ede4-4770-4ab9-a1a5-5df49c84c463";701;"CA";"Thousand Oaks";13;6;2012;0;18;"20120618"
"72.181.251.247";"US";-96.771500;32.833900;"AS11427 Time Warner Cable Internet LLC";"mlab3-lga02";0.057524;2131887.841180;"0.004012999";"darwin";"38.106.70.170";"speedtest";1340025056;215739.952649;0.059964;"ec56ca67-ca5b-4ee7-a615-8743ebac3e8a";11427;"TX";"Dallas";13;6;2012;0;18;"20120618"
"173.246.102.187";"US";-76.612200;39.290400;"AS29169 Gandi SAS";"mlab3-lga02";0.009984;6286039.792624;"0.004011999";"linux2";"38.106.70.170";"bittorrent";1340025679;628400.094394;-1.000000;"a57cd6aa-6b9a-40e3-ae4c-0685546dd104";29169;"MD";"Baltimore";13;6;2012;0;18;"20120618"
"76.10.12.242";"US";-88.242600;40.112500;"AS46925 PAVLOV MEDIA INC";"mlab3-lga02";0.033870;1769070.752907;"0.004012999";"win32";"38.106.70.170";"bittorrent";1340025685;1788084.858044;-1.000000;"b2c93218-2fa2-4a04-be8b-f4553cb22e1a";46925;"IL";"Champaign";13;6;2012;0;18;"20120618"
"71.190.171.206";"US";-73.525400;40.767000;"AS701 MCI Communications Services, Inc. d/b/a Verizon Business";"mlab3-lga02";0.006822;3707232.634827;"0.004012999";"linux2";"38.106.70.170";"bittorrent";1340025809;2809996.155325;-1.000000;"dfd87da2-1968-48ac-9bd2-5469644e29e4";701;"NY";"Hicksville";13;6;2012;0;18;"20120618"
"96.236.133.97";"US";-79.995900;40.440600;"AS701 MCI Communications Services, Inc. d/b/a Verizon Business";"mlab3-lga02";0.024409;540869.137260;"0.004012999";"linux2";"38.106.70.170";"bittorrent";1340025969;408429.467334;-1.000000;"002bd52f-5f9d-42eb-9ce6-e310c9db525a";701;"PA";"Pittsburgh";13;6;2012;0;18;"20120618"
"69.143.19.17";"US";-77.104300;38.881000;"AS7922 Comcast Cable Communications, Inc.";"mlab3-lga02";0.021051;3038526.928550;"0.004012999";"darwin";"38.106.70.170";"speedtest";1340025969;501233.792659;0.027753;"9b4267aa-e8b7-40bb-a139-5ad1187a6f5d";7922;"VA";"Arlington";13;6;2012;0;18;"20120618"
"68.58.165.186";"US";-80.107000;32.841300;"AS7922 Comcast Cable Communications, Inc.";"mlab3-lga02";0.050176;2024407.881060;"0.004012999";"linux2";"38.106.70.170";"speedtest";1340026073;841336.058416;0.051046;"564f666b-3c55-40d4-a5f8-92064e970a5f";7922;"SC";"Charleston";13;6;2012;0;18;"20120618"
"96.2.48.78";"US";-96.983300;42.836900;"AS11232 Midcontinent Media, Inc.";"mlab3-lga02";0.260812;944808.008440;"0.004011999";"win32";"38.106.70.170";"bittorrent";1340026728;479359.650041;-1.000000;"a7ed429a-44c3-4195-a0e5-7eac41680125";11232;"SD";"Vermillion";13;6;2012;0;18;"20120618"
"208.57.38.36";"US";-117.164900;32.807200;"AS14265 Telepacific Communications";"mlab3-lga02";0.094849;162106.828953;"0.004011999";"linux2";"38.106.70.170";"speedtest";1340028837;175544.971304;0.095442;"71bb2b47-414f-414d-b8ff-f1237c21f432";14265;"CA";"San Diego";14;6;2012;0;18;"20120618"
"24.111.85.175";"US";-97.440500;42.935900;"AS11232 Midcontinent Media, Inc.";"mlab3-lga02";0.054676;252209.964781;"0.004011999";"win32";"38.106.70.170";"bittorrent";1340028898;505611.308201;-1.000000;"d8e6a54b-6231-4d06-a9c1-bf3a10f484b1";11232;"SD";"Yankton";14;6;2012;0;18;"20120618"
"24.2.64.100";"US";-112.008200;40.477400;"AS7922 Comcast Cable Communications, Inc.";"mlab3-lga02";0.071809;914919.023180;"0.004012999";"win32";"38.106.70.170";"bittorrent";1340029101;138344.845678;-1.000000;"9a8766b6-803d-48fa-b02a-2091ff6f496e";7922;"UT";"Riverton";14;6;2012;0;18;"20120618"
"69.144.10.64";"US";-108.454100;43.769800;"AS33588 Bresnan Communications, LLC.";"mlab3-lga02";0.118028;1244914.391370;"0.004012999";"win32";"38.106.70.170";"speedtest";1340029765;236293.523484;0.119913;"eacc891a-5915-4c63-a32a-7240664eaf5a";33588;"WY";"Thermopolis";14;6;2012;0;18;"20120618"
"71.118.241.200";"US";-118.880000;34.213300;"AS701 MCI Communications Services, Inc. d/b/a Verizon Business";"mlab3-lga02";0.096945;3089723.030948;"0.004012999";"darwin";"38.106.70.170";"bittorrent";1340029822;722133.803038;-1.000000;"6240ede4-4770-4ab9-a1a5-5df49c84c463";701;"CA";"Thousand Oaks";14;6;2012;0;18;"20120618"
"69.143.19.17";"US";-77.104300;38.881000;"AS7922 Comcast Cable Communications, Inc.";"mlab3-lga02";0.020830;3160484.297327;"0.004012999";"darwin";"38.106.70.170";"bittorrent";1340030147;510798.892040;-1.000000;"9b4267aa-e8b7-40bb-a139-5ad1187a6f5d";7922;"VA";"Arlington";14;6;2012;0;18;"20120618"
"173.246.102.187";"US";-76.612200;39.290400;"AS29169 Gandi SAS";"mlab3-lga02";0.009727;6217472.765460;"0.004011999";"linux2";"38.106.70.170";"speedtest";1340030357;692853.560210;0.012317;"a57cd6aa-6b9a-40e3-ae4c-0685546dd104";29169;"MD";"Baltimore";14;6;2012;0;18;"20120618"
"71.204.91.144";"US";-84.447700;34.119000;"AS7922 Comcast Cable Communications, Inc.";"mlab3-lga02";0.040378;1742874.009994;"0.004012999";"darwin";"38.106.70.170";"bittorrent";1340030441;518856.093807;-1.000000;"4b4fa0bc-987b-4105-9a0b-83e736a6503c";7922;"GA";"Woodstock";14;6;2012;0;18;"20120618"
"98.203.140.223";"US";-122.304300;47.610200;"AS7922 Comcast Cable Communications, Inc.";"mlab3-lga02";0.095392;1830793.430830;"0.004012999";"linux2";"38.106.70.170";"bittorrent";1340030898;448629.565760;-1.000000;"4bf1068a-cabe-4254-a52f-c2914db03ade";7922;"WA";"Seattle";14;6;2012;0;18;"20120618"
"68.188.90.154";"US";-90.197900;38.627300;"AS20115 Charter Communications";"mlab3-lga02";0.059072;142873.245563;"0.004012999";"darwin";"38.106.70.170";"speedtest";1340031701;341327.364420;0.060980;"10349cfe-4a13-405a-99be-aabdb52920f3";20115;"MO";"Saint Louis";15;6;2012;0;18;"20120618"
"50.78.87.177";"US";-106.097500;39.574400;"AS7922 Comcast Cable Communications, Inc.";"mlab3-lga02";0.062551;1003596.337871;"0.004012999";"win32";"38.106.70.170";"bittorrent";1340031819;454905.088775;-1.000000;"c4393561-5207-49e8-879a-bbb805c9188f";7922;"CO";"Frisco";15;6;2012;0;18;"20120618"
"75.132.191.176";"US";-89.899800;38.512100;"AS20115 Charter Communications";"mlab3-lga02";0.039731;2711840.437956;"0.004012999";"win32";"38.106.70.170";"bittorrent";1340031969;404592.794487;-1.000000;"c08311ac-7edd-4390-b447-4ca484b5dacc";20115;"IL";"Belleville";15;6;2012;0;18;"20120618"
"98.206.101.228";"US";-87.655100;41.937300;"AS7922 Comcast Cable Communications, Inc.";"mlab3-lga02";0.030852;2945495.211470;"0.004012999";"win32";"38.106.70.170";"speedtest";1340032009;517853.634475;0.033773;"1b8a7968-95b4-4827-8260-84d7e02b3d53";7922;"IL";"Chicago";15;6;2012;0;18;"20120618"
"98.124.100.208";"US";-80.038400;33.118000;"AS16863 Home Telephone Company, Inc.";"mlab3-lga02";0.047786;1139425.892240;"0.004012999";"linux2";"38.106.70.170";"speedtest";1340032468;228902.617891;0.051291;"adcd5d0f-b5f4-47e4-9505-249669f515a0";16863;"SC";"Moncks Corner";15;6;2012;0;18;"20120618"
"68.41.24.217";"US";-83.036000;42.724500;"AS7922 Comcast Cable Communications, Inc.";"mlab3-lga02";0.043214;2925540.234010;"0.004012999";"win32";"38.106.70.170";"bittorrent";1340032979;520447.747535;-1.000000;"7acc5903-5884-4564-add3-0be49e9fa576";7922;"MI";"Washington";15;6;2012;0;18;"20120618"
"98.222.147.136";"US";-85.681400;40.411900;"AS7922 Comcast Cable Communications, Inc.";"mlab3-lga02";0.042152;2873783.431940;"0.004012999";"linux2";"38.106.70.170";"speedtest";1340033439;412435.091477;0.045726;"247a4b73-0dbb-440a-a85f-68d042f5a3a2";7922;"IN";"Fairmount";15;6;2012;0;18;"20120618"
"98.124.100.208";"US";-80.038400;33.118000;"AS16863 Home Telephone Company, Inc.";"mlab3-lga02";0.048631;1196149.308009;"0.004012999";"linux2";"38.106.70.170";"bittorrent";1340033991;237509.245967;-1.000000;"adcd5d0f-b5f4-47e4-9505-249669f515a0";16863;"SC";"Moncks Corner";15;6;2012;0;18;"20120618"
"66.66.21.182";"US";-77.602400;43.185800;"AS11351 Time Warner Cable Internet LLC";"mlab3-lga02";0.046742;3018476.920540;"0.004012999";"win32";"38.106.70.170";"speedtest";1340034228;508085.642386;0.056791;"b4fb3816-21d6-43b3-91fc-aabe40980e90";11351;"NY";"Rochester";15;6;2012;0;18;"20120618"
"50.12.211.162";"US";-93.263800;44.980000;"AS16586 CLEARWIRE - CLEAR WIRELESS LLC";"mlab3-lga02";0.100227;295992.600536;"0.004012999";"darwin";"38.106.70.170";"bittorrent";1340034237;119972.978574;-1.000000;"3955a411-3e83-4a8e-aa8e-165233e306e9";16586;"MN";"Minneapolis";15;6;2012;0;18;"20120618"
"74.103.162.36";"US";-75.114700;40.427800;"AS701 MCI Communications Services, Inc. d/b/a Verizon Business";"mlab3-lga02";0.015111;1912020.643804;"0.004012999";"darwin";"38.106.70.170";"bittorrent";1340034374;665761.147499;-1.000000;"4eec0d76-fa70-4b4c-91f9-8cb1b74b0682";701;"PA";"Pipersville";15;6;2012;0;18;"20120618"
"98.243.192.146";"US";-84.594100;42.860200;"AS7922 Comcast Cable Communications, Inc.";"mlab3-lga02";0.041857;1497229.840780;"0.004012999";"darwin";"38.106.70.170";"speedtest";1340034492;462522.048201;0.043423;"69a61dac-c7ac-4b16-b86b-4bd2f3990f62";7922;"MI";"Dewitt";15;6;2012;0;18;"20120618"
"206.255.246.41";"US";-94.740500;32.500700;"AS53508 Cablelynx";"mlab3-lga02";0.056898;378473.994103;"0.004012999";"win32";"38.106.70.170";"speedtest";1340034635;28867.022493;0.059735;"3a5b4ca4-0887-432d-a115-9f646a867cdb";53508;"TX";"Longview";15;6;2012;0;18;"20120618"
"71.190.171.206";"US";-73.525400;40.767000;"AS701 MCI Communications Services, Inc. d/b/a Verizon Business";"mlab3-lga02";0.007906;3785050.294516;"0.004012999";"linux2";"38.106.70.170";"bittorrent";1340034765;3206548.260466;-1.000000;"dfd87da2-1968-48ac-9bd2-5469644e29e4";701;"NY";"Hicksville";15;6;2012;0;18;"20120618"
"72.33.255.98";"US";-89.410400;43.076100;"AS59 University of Wisconsin Madison";"mlab3-lga02";0.035015;11620436.336800;"0.004012999";"darwin";"38.106.70.170";"speedtest";1340035052;3442472.096750;0.037371;"3f295a53-7a79-47cb-bd75-f79b53a6ae22";59;"WI";"Madison";15;6;2012;0;18;"20120618"
"68.40.93.208";"US";-82.582300;42.637600;"AS7922 Comcast Cable Communications, Inc.";"mlab3-lga02";0.046970;1824754.850879;"0.004011999";"win32";"38.106.70.170";"bittorrent";1340036738;403957.941322;-1.000000;"5ddd06da-64ad-444c-b2c0-525541d4d177";7922;"MI";"Algonac";16;6;2012;0;18;"20120618"
"72.81.232.139";"US";-76.837500;39.174900;"AS701 MCI Communications Services, Inc. d/b/a Verizon Business";"mlab3-lga02";0.073398;1597405.298114;"0.004012999";"darwin";"38.106.70.170";"bittorrent";1340036760;253535.962294;-1.000000;"5d2377cf-2e67-40be-b1dc-e439a545da6f";701;"MD";"Columbia";16;6;2012;0;18;"20120618"
"24.22.135.177";"US";-122.332100;47.606200;"AS7922 Comcast Cable Communications, Inc.";"mlab3-lga02";0.083101;2635729.711155;"0.004012999";"linux2";"38.106.70.170";"bittorrent";1340036894;410701.246067;-1.000000;"04cea472-6610-42db-acd2-c644a3d4447f";7922;"WA";"Seattle";16;6;2012;0;18;"20120618"
"68.58.125.60";"US";-86.158000;39.768400;"AS7922 Comcast Cable Communications, Inc.";"mlab3-lga02";0.038103;1582525.508760;"0.004012999";"darwin";"38.106.70.170";"speedtest";1340037738;511653.152923;0.046496;"9ad7184c-eb25-4754-a40f-91e4262a9d35";7922;"IN";"Indianapolis";16;6;2012;0;18;"20120618"
"71.65.103.69";"US";-83.902700;39.678000;"AS10796 Time Warner Cable Internet LLC";"mlab3-lga02";0.039410;1839607.305124;"0.004012999";"win32";"38.106.70.170";"bittorrent";1340037964;133022.358331;-1.000000;"6d6c74dc-a35c-4d7b-b891-d665072442c5";10796;"OH";"Xenia";16;6;2012;0;18;"20120618"
"24.111.85.175";"US";-97.440500;42.935900;"AS11232 Midcontinent Media, Inc.";"mlab3-lga02";0.054447;238833.328816;"0.004011999";"win32";"38.106.70.170";"speedtest";1340038812;546445.975152;0.056217;"d8e6a54b-6231-4d06-a9c1-bf3a10f484b1";11232;"SD";"Yankton";17;6;2012;0;18;"20120618"
"209.155.86.74";"US";-77.426000;43.100500;"AS1785 PaeTec Communications, Inc.";"mlab3-lga02";0.024929;341743.017479;"0.004012999";"win32";"38.106.70.170";"speedtest";1340039429;52548.257575;0.027302;"4841c017-4566-4afc-a805-ba458ccb2be1";1785;"NY";"Fairport";17;6;2012;0;18;"20120618"
"98.22.138.166";"US";-95.790800;36.052600;"AS7029 Windstream Communications Inc";"mlab3-lga02";0.115725;299514.547685;"0.004012999";"win32";"38.106.70.170";"speedtest";1340039561;78842.625646;0.085151;"eb27082c-e25b-4239-869e-8ba23d438a17";7029;"OK";"Broken Arrow";17;6;2012;0;18;"20120618"
"98.206.101.228";"US";-87.655100;41.937300;"AS7922 Comcast Cable Communications, Inc.";"mlab3-lga02";0.030660;2911273.930530;"0.004012999";"win32";"38.106.70.170";"speedtest";1340039587;516832.938800;0.032485;"1b8a7968-95b4-4827-8260-84d7e02b3d53";7922;"IL";"Chicago";17;6;2012;0;18;"20120618"
"173.246.102.187";"US";-76.612200;39.290400;"AS29169 Gandi SAS";"mlab3-lga02";0.009796;5858891.292190;"0.004011999";"linux2";"38.106.70.170";"speedtest";1340039730;705748.309904;0.011634;"a57cd6aa-6b9a-40e3-ae4c-0685546dd104";29169;"MD";"Baltimore";17;6;2012;0;18;"20120618"
"24.61.63.89";"US";-71.031600;42.399700;"AS7922 Comcast Cable Communications, Inc.";"mlab3-lga02";0.045783;1549546.479097;"0.004012999";"win32";"38.106.70.170";"bittorrent";1340040006;429219.227276;-1.000000;"641fcec9-64c6-4ec1-a213-90d958a6f9a1";7922;"MA";"Chelsea";17;6;2012;0;18;"20120618"
"67.172.130.152";"US";-104.821400;38.833900;"AS7922 Comcast Cable Communications, Inc.";"mlab3-lga02";0.056660;2925318.072920;"0.004012999";"darwin";"38.106.70.170";"speedtest";1340040206;340407.410783;0.061839;"e83583f7-4c54-4291-a929-2fd12fd286f5";7922;"CO";"Colorado Springs";17;6;2012;0;18;"20120618"
"98.207.87.80";"US";-122.299100;37.409600;"AS7922 Comcast Cable Communications, Inc.";"mlab3-lga02";0.093243;658403.309964;"0.004012999";"darwin";"38.106.70.170";"bittorrent";1340040398;255413.086005;-1.000000;"0f7d671c-779f-4f63-8f54-ca28fcc35fd6";7922;"CA";"Redwood City";17;6;2012;0;18;"20120618"
"67.168.59.54";"US";-122.668000;48.185500;"AS7922 Comcast Cable Communications, Inc.";"mlab3-lga02";0.086814;2013283.278199;"0.004012999";"win32";"38.106.70.170";"bittorrent";1340040462;709949.854025;-1.000000;"ea22d474-846e-407d-9ebe-cd03ff0d64f4";7922;"WA";"Coupeville";17;6;2012;0;18;"20120618"
"71.65.103.69";"US";-83.902700;39.678000;"AS10796 Time Warner Cable Internet LLC";"mlab3-lga02";0.041486;2808878.582156;"0.004012999";"win32";"38.106.70.170";"bittorrent";1340040860;109199.742955;-1.000000;"6d6c74dc-a35c-4d7b-b891-d665072442c5";10796;"OH";"Xenia";17;6;2012;0;18;"20120618"
"76.24.39.72";"US";-71.691300;42.413600;"AS7922 Comcast Cable Communications, Inc.";"mlab3-lga02";0.019101;578125.760166;"0.004012999";"win32";"38.106.70.170";"speedtest";1340041377;391989.706662;0.025482;"d7fbbeb1-8f79-4feb-9ab1-01beb7b970aa";7922;"MA";"Clinton";17;6;2012;0;18;"20120618"
"24.2.64.100";"US";-112.008200;40.477400;"AS7922 Comcast Cable Communications, Inc.";"mlab3-lga02";0.132018;784967.021054;"0.004012999";"win32";"38.106.70.170";"speedtest";1340041806;135852.989252;0.088745;"9a8766b6-803d-48fa-b02a-2091ff6f496e";7922;"UT";"Riverton";17;6;2012;0;18;"20120618"
"99.27.132.203";"US";-122.036300;37.368800;"AS7132 AS for SBIS-AS";"mlab3-lga02";0.124814;224819.014742;"0.004012999";"linux2";"38.106.70.170";"speedtest";1340042186;73355.179182;0.106734;"d0271e0a-854f-4f73-b087-7be4c60e4f8c";7132;"CA";"Sunnyvale";17;6;2012;0;18;"20120618"
"206.255.246.41";"US";-94.740500;32.500700;"AS53508 Cablelynx";"mlab3-lga02";0.054963;1236651.268844;"0.004012999";"win32";"38.106.70.170";"bittorrent";1340042375;117965.746124;-1.000000;"3a5b4ca4-0887-432d-a115-9f646a867cdb";53508;"TX";"Longview";17;6;2012;0;18;"20120618"
"216.56.28.137";"US";-91.347900;46.585600;"AS2381 WiscNet";"mlab3-lga02";0.054147;1349677.592440;"0.004012999";"win32";"38.106.70.170";"bittorrent";1340043019;2326175.042555;-1.000000;"0532f16b-ef24-4682-9ee3-3c919a655ab3";2381;"WI";"Iron River";18;6;2012;0;18;"20120618"
"208.52.154.53";"US";-84.443200;33.793000;"AS13703 BroadRiver Communication Corp.";"mlab3-lga02";0.019115;10430060.814661;"0.004010999";"win32";"38.106.70.170";"bittorrent";1340043062;892406.491148;-1.000000;"5a94fb06-4ffc-4b82-bc99-552f47212e96";13703;"GA";"Atlanta";18;6;2012;0;18;"20120618"
"24.61.63.89";"US";-71.031600;42.399700;"AS7922 Comcast Cable Communications, Inc.";"mlab3-lga02";0.046196;1514869.171079;"0.004012999";"win32";"38.106.70.170";"bittorrent";1340043071;490051.564617;-1.000000;"641fcec9-64c6-4ec1-a213-90d958a6f9a1";7922;"MA";"Chelsea";18;6;2012;0;18;"20120618"
"69.251.194.209";"US";-77.177000;39.175200;"AS7922 Comcast Cable Communications, Inc.";"mlab3-lga02";0.019621;2310519.280892;"0.004011999";"win32";"38.106.70.170";"bittorrent";1340043210;558205.267881;-1.000000;"5ab805cf-b023-4309-9496-d8b22873a074";7922;"MD";"Montgomery Village";18;6;2012;0;18;"20120618"
"96.2.48.78";"US";-96.983300;42.836900;"AS11232 Midcontinent Media, Inc.";"mlab3-lga02";0.065067;3091396.364720;"0.004012999";"win32";"38.106.70.170";"speedtest";1340043696;423479.666516;0.068216;"5445103e-8ecb-4c12-b5f3-066ee6208757";11232;"SD";"Vermillion";18;6;2012;0;18;"20120618"
"66.142.7.6";"US";-101.831300;35.222000;"AS2386 AT&T Data Communications Services";"mlab3-lga02";0.293114;11229.251187;"0.004012999";"linux2";"38.106.70.170";"bittorrent";1340043817;33619.167033;-1.000000;"e629a5ed-292e-4c20-860f-40ebe4624851";2386;"TX";"Amarillo";18;6;2012;0;18;"20120618"
"99.104.57.129";"US";-87.701600;41.975900;"AS7018 AT&T Services, Inc.";"mlab3-lga02";0.030003;306865.727211;"0.004012999";"darwin";"38.106.70.170";"speedtest";1340044684;31720.598226;0.035900;"d6f10baf-3b6d-47fb-999c-6d4188d2d4b2";7018;"IL";"Chicago";18;6;2012;0;18;"20120618"
"24.46.196.47";"US";-73.686200;40.793900;"AS6128 Cablevision Systems Corp.";"mlab3-lga02";0.010375;2594326.052710;"0.004012999";"win32";"38.106.70.170";"speedtest";1340044639;263932.460647;0.015780;"103cc2f1-ddd5-4016-83cc-cdd357e7a81a";6128;"NY";"Manhasset";18;6;2012;0;18;"20120618"
"71.65.103.69";"US";-83.902700;39.678000;"AS10796 Time Warner Cable Internet LLC";"mlab3-lga02";0.039117;3306592.775890;"0.004012999";"win32";"38.106.70.170";"speedtest";1340045203;118946.352730;0.042874;"6d6c74dc-a35c-4d7b-b891-d665072442c5";10796;"OH";"Xenia";18;6;2012;0;18;"20120618"
"98.214.132.10";"US";-89.589000;40.693600;"AS7922 Comcast Cable Communications, Inc.";"mlab3-lga02";0.039982;1478193.698384;"0.004012999";"darwin";"38.106.70.170";"bittorrent";1340045522;775154.647877;-1.000000;"ac008ee9-df9b-425b-a370-34b57dce1b90";7922;"IL";"Peoria";18;6;2012;0;18;"20120618"
"209.155.86.74";"US";-77.426000;43.100500;"AS1785 PaeTec Communications, Inc.";"mlab3-lga02";0.121881;106620.756735;"0.004012999";"win32";"38.106.70.170";"bittorrent";1340046407;60556.893588;-1.000000;"4841c017-4566-4afc-a805-ba458ccb2be1";1785;"NY";"Fairport";19;6;2012;0;18;"20120618"
"108.58.78.250";"US";-73.587600;40.755700;"AS6128 Cablevision Systems Corp.";"mlab3-lga02";0.015048;3676751.841150;"0.004011999";"win32";"38.106.70.170";"speedtest";1340046562;635744.797165;0.013175;"63a2819d-1e01-4d29-9601-39befed63efa";6128;"NY";"Westbury";19;6;2012;0;18;"20120618"
"50.83.240.108";"US";-95.977900;45.232200;"AS30036 Mediacom Communications Corp";"mlab3-lga02";0.041744;1535030.222492;"0.004012999";"darwin";"38.106.70.170";"bittorrent";1340049113;309660.345544;-1.000000;"43af2f72-3dc4-4824-9ff7-faa06a3cb206";30036;"MN";"Appleton";19;6;2012;0;18;"20120618"
"24.61.63.89";"US";-71.031600;42.399700;"AS7922 Comcast Cable Communications, Inc.";"mlab3-lga02";0.047570;1555812.043187;"0.004012999";"win32";"38.106.70.170";"bittorrent";1340049215;493594.266228;-1.000000;"641fcec9-64c6-4ec1-a213-90d958a6f9a1";7922;"MA";"Chelsea";19;6;2012;0;18;"20120618"
"67.168.59.54";"US";-122.668000;48.185500;"AS7922 Comcast Cable Communications, Inc.";"mlab3-lga02";0.090671;1521602.792320;"0.004012999";"win32";"38.106.70.170";"speedtest";1340051006;408556.146802;0.088187;"ea22d474-846e-407d-9ebe-cd03ff0d64f4";7922;"WA";"Coupeville";20;6;2012;0;18;"20120618"
"98.222.147.136";"US";-85.681400;40.411900;"AS7922 Comcast Cable Communications, Inc.";"mlab3-lga02";0.055409;2900089.459200;"0.004012999";"linux2";"38.106.70.170";"speedtest";1340051648;371098.263311;0.044822;"247a4b73-0dbb-440a-a85f-68d042f5a3a2";7922;"IN";"Fairmount";20;6;2012;0;18;"20120618"
"76.10.12.242";"US";-88.242600;40.112500;"AS46925 PAVLOV MEDIA INC";"mlab3-lga02";0.032909;1629270.293160;"0.004012999";"win32";"38.106.70.170";"speedtest";1340052335;1487850.392440;0.035838;"b2c93218-2fa2-4a04-be8b-f4553cb22e1a";46925;"IL";"Champaign";20;6;2012;0;18;"20120618"
"71.65.103.69";"US";-83.902700;39.678000;"AS10796 Time Warner Cable Internet LLC";"mlab3-lga02";0.048188;2064476.604645;"0.004012999";"win32";"38.106.70.170";"bittorrent";1340052522;120128.574620;-1.000000;"6d6c74dc-a35c-4d7b-b891-d665072442c5";10796;"OH";"Xenia";20;6;2012;0;18;"20120618"
"68.58.125.60";"US";-86.158000;39.768400;"AS7922 Comcast Cable Communications, Inc.";"mlab3-lga02";0.038748;1767887.885712;"0.004012999";"darwin";"38.106.70.170";"bittorrent";1340052547;510331.274670;-1.000000;"9ad7184c-eb25-4754-a40f-91e4262a9d35";7922;"IN";"Indianapolis";20;6;2012;0;18;"20120618"
"98.207.87.80";"US";-122.299100;37.409600;"AS7922 Comcast Cable Communications, Inc.";"mlab3-lga02";0.091347;3041392.795594;"0.004012999";"darwin";"38.106.70.170";"bittorrent";1340052573;255092.820196;-1.000000;"0f7d671c-779f-4f63-8f54-ca28fcc35fd6";7922;"CA";"Redwood City";20;6;2012;0;18;"20120618"
"24.111.85.175";"US";-97.440500;42.935900;"AS11232 Midcontinent Media, Inc.";"mlab3-lga02";0.055344;247878.010213;"0.004011999";"win32";"38.106.70.170";"speedtest";1340052738;548476.062433;0.079919;"d8e6a54b-6231-4d06-a9c1-bf3a10f484b1";11232;"SD";"Yankton";20;6;2012;0;18;"20120618"
"74.60.227.223";"US";-84.561300;39.399500;"AS16586 CLEARWIRE - CLEAR WIRELESS LLC";"mlab3-lga02";0.116188;243238.865662;"0.004012999";"win32";"38.106.70.170";"bittorrent";1340053314;52284.630614;-1.000000;"59bc30c0-4f87-4fbd-8bb7-35768315d718";16586;"OH";"Hamilton";21;6;2012;0;18;"20120618"
"108.6.12.54";"US";-73.936100;40.740000;"AS701 MCI Communications Services, Inc. d/b/a Verizon Business";"mlab3-lga02";0.009193;3001533.787884;"0.004011999";"darwin";"38.106.70.170";"bittorrent";1340053931;768161.775714;-1.000000;"2e291570-e5e9-434c-8fc4-9496c5d43b52";701;"NY";"Long Island City";21;6;2012;0;18;"20120618"
"67.61.252.127";"US";-116.391500;43.612100;"AS11492 CABLE ONE, INC.";"mlab3-lga02";0.106441;611865.134621;"0.004012999";"win32";"38.106.70.170";"bittorrent";1340054003;14491.545495;-1.000000;"076c32c5-13b7-4305-a338-c545b0b2a500";11492;"ID";"Meridian";21;6;2012;0;18;"20120618"
"96.2.48.78";"US";-96.983300;42.836900;"AS11232 Midcontinent Media, Inc.";"mlab3-lga02";0.065975;3693603.131592;"0.004012999";"win32";"38.106.70.170";"bittorrent";1340054612;629764.698831;-1.000000;"d4959228-fa29-4292-8c76-7ca9985284c9";11232;"SD";"Vermillion";21;6;2012;0;18;"20120618"
"24.2.64.100";"US";-112.008200;40.477400;"AS7922 Comcast Cable Communications, Inc.";"mlab3-lga02";0.070257;927410.537129;"0.004012999";"win32";"38.106.70.170";"bittorrent";1340054672;137507.939887;-1.000000;"9a8766b6-803d-48fa-b02a-2091ff6f496e";7922;"UT";"Riverton";21;6;2012;0;18;"20120618"
"70.114.2.130";"US";-98.399400;29.583400;"AS11427 Time Warner Cable Internet LLC";"mlab3-lga02";0.053787;1499643.631860;"0.004012999";"linux2";"38.106.70.170";"speedtest";1340054753;237656.696308;0.054300;"eef1d069-de63-4f80-84c8-860f065b1f10";11427;"TX";"San Antonio";21;6;2012;0;18;"20120618"
"75.132.191.176";"US";-89.899800;38.512100;"AS20115 Charter Communications";"mlab3-lga02";0.041223;1930216.787347;"0.004012999";"win32";"38.106.70.170";"bittorrent";1340055515;404425.795233;-1.000000;"c08311ac-7edd-4390-b447-4ca484b5dacc";20115;"IL";"Belleville";21;6;2012;0;18;"20120618"
"67.130.216.230";"US";-105.937800;35.687000;"AS209 NOVARTIS-DMZ-US";"mlab3-lga02";0.331940;44664.456357;"0.004012999";"win32";"38.106.70.170";"speedtest";1340056124;13199.646642;0.436796;"ee8fe911-f84d-4ab8-b486-dda4c138f932";209;"NM";"Santa Fe";21;6;2012;0;18;"20120618"
"69.144.10.64";"US";-108.454100;43.769800;"AS33588 Bresnan Communications, LLC.";"mlab3-lga02";0.151137;903426.834128;"0.004012999";"win32";"38.106.70.170";"speedtest";1340056942;198819.202083;0.120768;"eacc891a-5915-4c63-a32a-7240664eaf5a";33588;"WY";"Thermopolis";22;6;2012;0;18;"20120618"
"70.113.90.176";"US";-97.722700;30.310600;"AS11427 Time Warner Cable Internet LLC";"mlab3-lga02";0.064872;1996653.829500;"0.004012999";"win32";"38.106.70.170";"speedtest";1340057155;197541.941872;0.054323;"f957f544-b6fe-4e0c-b05d-e4a409241054";11427;"TX";"Austin";22;6;2012;0;18;"20120618"
"75.140.153.254";"US";-121.654400;37.130500;"AS20115 Charter Communications";"mlab3-lga02";0.129253;4288855.031859;"0.004012999";"darwin";"38.106.70.170";"bittorrent";1340057376;634779.612471;-1.000000;"a039434c-d8c0-4f4d-8050-4153de22c986";20115;"CA";"Morgan Hill";22;6;2012;0;18;"20120618"
"97.126.49.211";"US";-122.217100;47.482900;"AS209 NOVARTIS-DMZ-US";"mlab3-lga02";0.150841;470723.595049;"0.004012999";"darwin";"38.106.70.170";"bittorrent";1340058051;94765.594177;-1.000000;"8e65a2a9-47d4-4adc-a937-76425a1f5bfe";209;"WA";"Renton";22;6;2012;0;18;"20120618"
"98.214.132.10";"US";-89.589000;40.693600;"AS7922 Comcast Cable Communications, Inc.";"mlab3-lga02";0.040376;1502297.602091;"0.004012999";"darwin";"38.106.70.170";"bittorrent";1340058218;791946.162673;-1.000000;"ac008ee9-df9b-425b-a370-34b57dce1b90";7922;"IL";"Peoria";22;6;2012;0;18;"20120618"
"98.206.101.228";"US";-87.655100;41.937300;"AS7922 Comcast Cable Communications, Inc.";"mlab3-lga02";0.031241;2981218.697630;"0.004012999";"win32";"38.106.70.170";"bittorrent";1340058424;521167.325661;-1.000000;"1b8a7968-95b4-4827-8260-84d7e02b3d53";7922;"IL";"Chicago";22;6;2012;0;18;"20120618"
"98.207.87.80";"US";-122.299100;37.409600;"AS7922 Comcast Cable Communications, Inc.";"mlab3-lga02";0.097734;3071892.639348;"0.004012999";"darwin";"38.106.70.170";"bittorrent";1340058658;255400.015113;-1.000000;"0f7d671c-779f-4f63-8f54-ca28fcc35fd6";7922;"CA";"Redwood City";22;6;2012;0;18;"20120618"
"69.251.194.209";"US";-77.177000;39.175200;"AS7922 Comcast Cable Communications, Inc.";"mlab3-lga02";0.021001;1982006.256616;"0.004011999";"win32";"38.106.70.170";"bittorrent";1340058725;557877.587861;-1.000000;"5ab805cf-b023-4309-9496-d8b22873a074";7922;"MD";"Montgomery Village";22;6;2012;0;18;"20120618"
"174.130.159.236";"US";-84.120400;32.341000;"AS7029 Windstream Communications Inc";"mlab3-lga02";0.078597;55844.737710;"0.004011999";"win32";"38.106.70.170";"speedtest";1340058802;78828.747272;0.066347;"de6fbf44-b9c6-4959-9089-5bd76562acd2";7029;"GA";"Oglethorpe";22;6;2012;0;18;"20120618"
"68.41.24.217";"US";-83.036000;42.724500;"AS7922 Comcast Cable Communications, Inc.";"mlab3-lga02";0.042346;2529268.650220;"0.004012999";"win32";"38.106.70.170";"speedtest";1340059568;516177.669548;0.043634;"7acc5903-5884-4564-add3-0be49e9fa576";7922;"MI";"Washington";22;6;2012;0;18;"20120618"
"98.124.100.208";"US";-80.038400;33.118000;"AS16863 Home Telephone Company, Inc.";"mlab3-lga02";0.049820;1138557.291580;"0.004012999";"linux2";"38.106.70.170";"speedtest";1340060127;237109.561682;0.062257;"adcd5d0f-b5f4-47e4-9505-249669f515a0";16863;"SC";"Moncks Corner";22;6;2012;0;18;"20120618"
"98.207.87.80";"US";-122.299100;37.409600;"AS7922 Comcast Cable Communications, Inc.";"mlab3-lga02";0.122324;2433799.249560;"0.004012999";"darwin";"38.106.70.170";"speedtest";1340060179;243065.566256;0.101048;"0f7d671c-779f-4f63-8f54-ca28fcc35fd6";7922;"CA";"Redwood City";22;6;2012;0;18;"20120618"
"71.89.124.38";"US";-88.736400;44.638200;"AS20115 Charter Communications";"mlab3-lga02";0.050166;2532216.194050;"0.004012999";"win32";"38.106.70.170";"speedtest";1340060955;396366.464187;0.046549;"0730ff7f-47eb-4e84-99b1-016150556fb6";20115;"WI";"Clintonville";23;6;2012;0;18;"20120618"
"67.61.252.127";"US";-116.391500;43.612100;"AS11492 CABLE ONE, INC.";"mlab3-lga02";0.116289;369251.234863;"0.004012999";"win32";"38.106.70.170";"speedtest";1340061379;61534.187255;0.117241;"076c32c5-13b7-4305-a338-c545b0b2a500";11492;"ID";"Meridian";23;6;2012;0;18;"20120618"
"68.48.221.17";"US";-76.837500;39.174900;"AS7922 Comcast Cable Communications, Inc.";"mlab3-lga02";0.019572;3126077.965970;"0.004012999";"darwin";"38.106.70.170";"speedtest";1340061711;703488.144899;0.072129;"4162ce8a-78ab-4a68-9407-13618360662f";7922;"MD";"Columbia";23;6;2012;0;18;"20120618"
"71.187.199.3";"US";-74.216400;40.816200;"AS701 MCI Communications Services, Inc. d/b/a Verizon Business";"mlab3-lga02";0.028749;4666794.304147;"0.004011999";"win32";"38.106.70.170";"bittorrent";1340062059;823458.507427;-1.000000;"a9bde20f-2872-443c-8e9b-a2f6f162c91d";701;"NJ";"Montclair";23;6;2012;0;18;"20120618"
"98.22.138.166";"US";-95.790800;36.052600;"AS7029 Windstream Communications Inc";"mlab3-lga02";1.053817;4155.592430;"0.004012999";"win32";"38.106.70.170";"bittorrent";1340062146;8104.019758;-1.000000;"eb27082c-e25b-4239-869e-8ba23d438a17";7029;"OK";"Broken Arrow";23;6;2012;0;18;"20120618"
"205.178.18.107";"US";-87.623800;41.884900;"AS6079 RCN";"mlab3-lga02";0.031089;1962799.549180;"0.004011999";"win32";"38.106.70.170";"speedtest";1340062499;165142.036819;0.032702;"e98788b3-c49f-4266-b003-f95ea1c0e2a0";6079;"IL";"Chicago";23;6;2012;0;18;"20120618"
"96.2.48.78";"US";-96.983300;42.836900;"AS11232 Midcontinent Media, Inc.";"mlab3-lga02";0.262392;955869.166144;"0.004011999";"win32";"38.106.70.170";"bittorrent";1340063403;486232.484101;-1.000000;"a7ed429a-44c3-4195-a0e5-7eac41680125";11232;"SD";"Vermillion";23;6;2012;0;18;"20120618"
"74.163.8.166";"US";-86.875000;30.446700;"AS6389 BellSouth.net Inc.";"mlab3-lga02";0.061018;635252.714847;"0.004012999";"win32";"38.106.70.170";"bittorrent";1340063543;52163.616418;-1.000000;"4565989b-987f-4c3c-aa75-a740afde3068";6389;"FL";"Navarre";23;6;2012;0;18;"20120618"
"208.57.38.36";"US";-117.164900;32.807200;"AS14265 Telepacific Communications";"mlab3-lga02";0.094727;181266.506001;"0.004011999";"linux2";"38.106.70.170";"bittorrent";1340063569;178367.895197;-1.000000;"71bb2b47-414f-414d-b8ff-f1237c21f432";14265;"CA";"San Diego";23;6;2012;0;18;"20120618"
"194.218.98.60";"SE";15.000000;62.000000;"AS3301 TeliaSonera AB";"mlab3-arn01";0.004953;489887.284549;"0.004012999";"darwin";"213.248.112.109";"speedtest";1339982426;485804.564874;0.005355;"745b2352-01d8-47d8-abd3-d8157a1f2054";3301;"";"";3;6;2012;0;18;"20120618"
"93.182.184.180";"SE";13.183300;55.700000;"AS47155 ViaEuropa Sweden";"mlab3-arn01";0.091003;69761.963791;"0.004012999";"darwin";"213.248.112.109";"bittorrent";1339984114;113733.474720;-1.000000;"f964310a-e0bf-411c-899d-e43d00356428";47155;"27";"Lund";3;6;2012;0;18;"20120618"
"79.136.69.32";"SE";17.900000;59.466700;"AS8473 Bahnhof Internet AB";"mlab3-arn01";0.022849;1112825.576430;"0.004011999";"win32";"213.248.112.109";"speedtest";1339986406;1178117.170360;0.015939;"b7de6f4d-9ad7-464c-96b5-64465905279b";8473;"26";"Sollentuna";4;6;2012;0;18;"20120618"
"194.218.98.60";"SE";15.000000;62.000000;"AS3301 TeliaSonera AB";"mlab3-arn01";0.004918;489598.278807;"0.004012999";"darwin";"213.248.112.109";"bittorrent";1339990562;488775.567988;-1.000000;"745b2352-01d8-47d8-abd3-d8157a1f2054";3301;"";"";5;6;2012;0;18;"20120618"
"194.218.98.60";"SE";15.000000;62.000000;"AS3301 TeliaSonera AB";"mlab3-arn01";0.005000;490887.829014;"0.004012999";"darwin";"213.248.112.109";"speedtest";1339992188;488139.117702;0.005373;"745b2352-01d8-47d8-abd3-d8157a1f2054";3301;"";"";6;6;2012;0;18;"20120618"
"79.136.69.32";"SE";17.900000;59.466700;"AS8473 Bahnhof Internet AB";"mlab3-arn01";0.013278;1128475.499280;"0.004011999";"win32";"213.248.112.109";"speedtest";1339992920;1177783.200310;0.015517;"b7de6f4d-9ad7-464c-96b5-64465905279b";8473;"26";"Sollentuna";6;6;2012;0;18;"20120618"
"194.218.98.60";"SE";15.000000;62.000000;"AS3301 TeliaSonera AB";"mlab3-arn01";0.004888;489446.064354;"0.004012999";"darwin";"213.248.112.109";"speedtest";1339995442;489677.370513;0.005343;"745b2352-01d8-47d8-abd3-d8157a1f2054";3301;"";"";6;6;2012;0;18;"20120618"
"194.218.98.60";"SE";15.000000;62.000000;"AS3301 TeliaSonera AB";"mlab3-arn01";0.016048;465498.753374;"0.004012999";"darwin";"213.248.112.109";"bittorrent";1339997071;479818.121419;-1.000000;"745b2352-01d8-47d8-abd3-d8157a1f2054";3301;"";"";7;6;2012;0;18;"20120618"
"79.136.69.32";"SE";17.900000;59.466700;"AS8473 Bahnhof Internet AB";"mlab3-arn01";0.012890;1161908.242233;"0.004011999";"win32";"213.248.112.109";"bittorrent";1339997807;1140361.960922;-1.000000;"b7de6f4d-9ad7-464c-96b5-64465905279b";8473;"26";"Sollentuna";7;6;2012;0;18;"20120618"
"109.104.13.165";"SE";18.050000;59.333300;"AS33885 Ownit Broadband AB";"mlab3-arn01";0.021673;8503465.119180;"0.004008999";"linux2";"213.248.112.109";"speedtest";1339999118;11265669.067300;0.022827;"1958e4d5-a376-4c96-bc09-d6da7799bc60";33885;"26";"Stockholm";7;6;2012;0;18;"20120618"
"194.218.98.60";"SE";15.000000;62.000000;"AS3301 TeliaSonera AB";"mlab3-arn01";0.273220;134292.232618;"0.004012999";"darwin";"213.248.112.109";"speedtest";1340001979;169955.354095;0.295047;"745b2352-01d8-47d8-abd3-d8157a1f2054";3301;"";"";8;6;2012;0;18;"20120618"
"194.218.98.60";"SE";15.000000;62.000000;"AS3301 TeliaSonera AB";"mlab3-arn01";0.004999;454770.220018;"0.004012999";"darwin";"213.248.112.109";"speedtest";1340005238;479094.228430;0.005880;"745b2352-01d8-47d8-abd3-d8157a1f2054";3301;"";"";9;6;2012;0;18;"20120618"
"194.218.98.60";"SE";15.000000;62.000000;"AS3301 TeliaSonera AB";"mlab3-arn01";0.021913;467506.531654;"0.004012999";"darwin";"213.248.112.109";"bittorrent";1340006867;484984.487954;-1.000000;"745b2352-01d8-47d8-abd3-d8157a1f2054";3301;"";"";10;6;2012;0;18;"20120618"
"194.218.98.60";"SE";15.000000;62.000000;"AS3301 TeliaSonera AB";"mlab3-arn01";0.004939;473229.020987;"0.004012999";"darwin";"213.248.112.109";"speedtest";1340008494;466877.413817;0.005375;"745b2352-01d8-47d8-abd3-d8157a1f2054";3301;"";"";10;6;2012;0;18;"20120618"
"109.104.13.165";"SE";18.050000;59.333300;"AS33885 Ownit Broadband AB";"mlab3-arn01";0.021976;6927268.870570;"0.004008999";"linux2";"213.248.112.109";"speedtest";1340008513;11328936.812600;0.022955;"1958e4d5-a376-4c96-bc09-d6da7799bc60";33885;"26";"Stockholm";10;6;2012;0;18;"20120618"
"109.104.13.165";"SE";18.050000;59.333300;"AS33885 Ownit Broadband AB";"mlab3-arn01";0.021762;8916125.412390;"0.004008999";"linux2";"213.248.112.109";"speedtest";1340011644;11359798.871100;0.022920;"1958e4d5-a376-4c96-bc09-d6da7799bc60";33885;"26";"Stockholm";11;6;2012;0;18;"20120618"
"109.104.13.165";"SE";18.050000;59.333300;"AS33885 Ownit Broadband AB";"mlab3-arn01";0.022232;9263445.864340;"0.004008999";"linux2";"213.248.112.109";"speedtest";1340014775;11044148.116100;0.023395;"1958e4d5-a376-4c96-bc09-d6da7799bc60";33885;"26";"Stockholm";12;6;2012;0;18;"20120618"
"109.104.13.165";"SE";18.050000;59.333300;"AS33885 Ownit Broadband AB";"mlab3-arn01";0.022121;7202452.476532;"0.004008999";"linux2";"213.248.112.109";"bittorrent";1340016341;11409894.886436;-1.000000;"1958e4d5-a376-4c96-bc09-d6da7799bc60";33885;"26";"Stockholm";12;6;2012;0;18;"20120618"
"194.218.98.60";"SE";15.000000;62.000000;"AS3301 TeliaSonera AB";"mlab3-arn01";0.004904;476118.469365;"0.004012999";"darwin";"213.248.112.109";"bittorrent";1340016632;487233.638775;-1.000000;"745b2352-01d8-47d8-abd3-d8157a1f2054";3301;"";"";12;6;2012;0;18;"20120618"
"109.104.13.165";"SE";18.050000;59.333300;"AS33885 Ownit Broadband AB";"mlab3-arn01";0.021630;8643609.262537;"0.004008999";"linux2";"213.248.112.109";"bittorrent";1340019471;11528267.190941;-1.000000;"1958e4d5-a376-4c96-bc09-d6da7799bc60";33885;"26";"Stockholm";13;6;2012;0;18;"20120618"
"194.218.98.60";"SE";15.000000;62.000000;"AS3301 TeliaSonera AB";"mlab3-arn01";0.004806;459444.479382;"0.004012999";"darwin";"213.248.112.109";"bittorrent";1340019887;481002.958811;-1.000000;"745b2352-01d8-47d8-abd3-d8157a1f2054";3301;"";"";13;6;2012;0;18;"20120618"
"109.104.13.165";"SE";18.050000;59.333300;"AS33885 Ownit Broadband AB";"mlab3-arn01";0.022205;8635652.064460;"0.004008999";"linux2";"213.248.112.109";"speedtest";1340021037;11295798.621100;0.023380;"1958e4d5-a376-4c96-bc09-d6da7799bc60";33885;"26";"Stockholm";14;6;2012;0;18;"20120618"
"194.218.98.60";"SE";15.000000;62.000000;"AS3301 TeliaSonera AB";"mlab3-arn01";0.004746;471340.399266;"0.004012999";"darwin";"213.248.112.109";"bittorrent";1340023142;485372.388226;-1.000000;"745b2352-01d8-47d8-abd3-d8157a1f2054";3301;"";"";14;6;2012;0;18;"20120618"
"79.136.69.32";"SE";17.900000;59.466700;"AS8473 Bahnhof Internet AB";"mlab3-arn01";0.014092;1134376.219350;"0.004011999";"win32";"213.248.112.109";"bittorrent";1340025255;909544.374361;-1.000000;"b7de6f4d-9ad7-464c-96b5-64465905279b";8473;"26";"Sollentuna";15;6;2012;0;18;"20120618"
"79.136.69.32";"SE";17.900000;59.466700;"AS8473 Bahnhof Internet AB";"mlab3-arn01";0.021176;1031621.340420;"0.004011999";"win32";"213.248.112.109";"speedtest";1340026882;1177403.589140;0.014853;"b7de6f4d-9ad7-464c-96b5-64465905279b";8473;"26";"Sollentuna";15;6;2012;0;18;"20120618"
"79.136.69.32";"SE";17.900000;59.466700;"AS8473 Bahnhof Internet AB";"mlab3-arn01";0.021992;1160248.582465;"0.004011999";"win32";"213.248.112.109";"bittorrent";1340028509;1130942.331348;-1.000000;"b7de6f4d-9ad7-464c-96b5-64465905279b";8473;"26";"Sollentuna";16;6;2012;0;18;"20120618"
"194.218.98.60";"SE";15.000000;62.000000;"AS3301 TeliaSonera AB";"mlab3-arn01";0.005015;490491.566543;"0.004012999";"darwin";"213.248.112.109";"bittorrent";1340029652;488985.472894;-1.000000;"745b2352-01d8-47d8-abd3-d8157a1f2054";3301;"";"";16;6;2012;0;18;"20120618"
"109.104.13.165";"SE";18.050000;59.333300;"AS33885 Ownit Broadband AB";"mlab3-arn01";0.021666;9203703.607660;"0.004008999";"linux2";"213.248.112.109";"speedtest";1340030428;11278991.920100;0.022839;"1958e4d5-a376-4c96-bc09-d6da7799bc60";33885;"26";"Stockholm";16;6;2012;0;18;"20120618"
"109.104.13.165";"SE";18.050000;59.333300;"AS33885 Ownit Broadband AB";"mlab3-arn01";0.022246;10263213.388058;"0.004008999";"linux2";"213.248.112.109";"bittorrent";1340031994;11366568.108703;-1.000000;"1958e4d5-a376-4c96-bc09-d6da7799bc60";33885;"26";"Stockholm";17;6;2012;0;18;"20120618"
"79.136.69.32";"SE";17.900000;59.466700;"AS8473 Bahnhof Internet AB";"mlab3-arn01";0.012817;821566.891666;"0.004012999";"win32";"213.248.112.109";"bittorrent";1340032201;705692.535920;-1.000000;"b7de6f4d-9ad7-464c-96b5-64465905279b";8473;"26";"Sollentuna";17;6;2012;0;18;"20120618"
"194.218.98.60";"SE";15.000000;62.000000;"AS3301 TeliaSonera AB";"mlab3-arn01";0.004952;489872.437916;"0.004012999";"darwin";"213.248.112.109";"speedtest";1340034532;488364.610150;0.005322;"745b2352-01d8-47d8-abd3-d8157a1f2054";3301;"";"";17;6;2012;0;18;"20120618"
"194.218.98.60";"SE";15.000000;62.000000;"AS3301 TeliaSonera AB";"mlab3-arn01";0.004912;489493.371832;"0.004012999";"darwin";"213.248.112.109";"bittorrent";1340036160;487746.931044;-1.000000;"745b2352-01d8-47d8-abd3-d8157a1f2054";3301;"";"";18;6;2012;0;18;"20120618"
"109.104.13.165";"SE";18.050000;59.333300;"AS33885 Ownit Broadband AB";"mlab3-arn01";0.023302;8149799.856692;"0.004008999";"linux2";"213.248.112.109";"bittorrent";1340038419;665436.013288;-1.000000;"1958e4d5-a376-4c96-bc09-d6da7799bc60";33885;"26";"Stockholm";18;6;2012;0;18;"20120618"
"194.218.98.60";"SE";15.000000;62.000000;"AS3301 TeliaSonera AB";"mlab3-arn01";0.004692;491729.169922;"0.004012999";"darwin";"213.248.112.109";"bittorrent";1340039414;487404.112421;-1.000000;"745b2352-01d8-47d8-abd3-d8157a1f2054";3301;"";"";19;6;2012;0;18;"20120618"
"93.182.180.71";"SE";13.183300;55.700000;"AS47155 ViaEuropa Sweden";"mlab3-arn01";0.088333;26534.840125;"0.004012999";"darwin";"213.248.112.109";"speedtest";1340041281;97882.249654;0.119398;"f964310a-e0bf-411c-899d-e43d00356428";47155;"27";"Lund";19;6;2012;0;18;"20120618"
"109.104.13.165";"SE";18.050000;59.333300;"AS33885 Ownit Broadband AB";"mlab3-arn01";0.023937;6209488.337550;"0.004008999";"linux2";"213.248.112.109";"speedtest";1340043115;660608.488403;0.025052;"1958e4d5-a376-4c96-bc09-d6da7799bc60";33885;"26";"Stockholm";20;6;2012;0;18;"20120618"
"194.218.98.60";"SE";15.000000;62.000000;"AS3301 TeliaSonera AB";"mlab3-arn01";0.004933;490887.649343;"0.004012999";"darwin";"213.248.112.109";"speedtest";1340044295;486751.199324;0.005345;"745b2352-01d8-47d8-abd3-d8157a1f2054";3301;"";"";20;6;2012;0;18;"20120618"
"194.218.98.60";"SE";15.000000;62.000000;"AS3301 TeliaSonera AB";"mlab3-arn01";0.004882;477437.773656;"0.004012999";"darwin";"213.248.112.109";"bittorrent";1340045923;488472.297761;-1.000000;"745b2352-01d8-47d8-abd3-d8157a1f2054";3301;"";"";20;6;2012;0;18;"20120618"
"109.104.13.165";"SE";18.050000;59.333300;"AS33885 Ownit Broadband AB";"mlab3-arn01";0.021941;6379964.587380;"0.004008999";"linux2";"213.248.112.109";"speedtest";1340046249;662014.703178;0.023072;"1958e4d5-a376-4c96-bc09-d6da7799bc60";33885;"26";"Stockholm";21;6;2012;0;18;"20120618"
"93.182.180.71";"SE";13.183300;55.700000;"AS47155 ViaEuropa Sweden";"mlab3-arn01";0.097925;25645.685532;"0.004012999";"darwin";"213.248.112.109";"speedtest";1340047370;90063.382985;0.102866;"f964310a-e0bf-411c-899d-e43d00356428";47155;"27";"Lund";21;6;2012;0;18;"20120618"
"109.104.13.165";"SE";18.050000;59.333300;"AS33885 Ownit Broadband AB";"mlab3-arn01";0.022232;6890871.311616;"0.004008999";"linux2";"213.248.112.109";"bittorrent";1340047815;665396.102153;-1.000000;"1958e4d5-a376-4c96-bc09-d6da7799bc60";33885;"26";"Stockholm";21;6;2012;0;18;"20120618"
"93.182.180.71";"SE";13.183300;55.700000;"AS47155 ViaEuropa Sweden";"mlab3-arn01";0.080799;24027.306173;"0.004012999";"darwin";"213.248.112.109";"bittorrent";1340048905;74643.090372;-1.000000;"f964310a-e0bf-411c-899d-e43d00356428";47155;"27";"Lund";21;6;2012;0;18;"20120618"
"93.182.180.71";"SE";13.183300;55.700000;"AS47155 ViaEuropa Sweden";"mlab3-arn01";0.348214;16784.499807;"0.004012999";"darwin";"213.248.112.109";"speedtest";1340050417;77129.657656;0.410597;"f964310a-e0bf-411c-899d-e43d00356428";47155;"27";"Lund";22;6;2012;0;18;"20120618"
"93.182.180.71";"SE";13.183300;55.700000;"AS47155 ViaEuropa Sweden";"mlab3-arn01";0.104539;23549.136920;"0.004012999";"darwin";"213.248.112.109";"bittorrent";1340051966;96064.328997;-1.000000;"f964310a-e0bf-411c-899d-e43d00356428";47155;"27";"Lund";22;6;2012;0;18;"20120618"
"109.104.13.165";"SE";18.050000;59.333300;"AS33885 Ownit Broadband AB";"mlab3-arn01";0.022259;9723983.724145;"0.004008999";"linux2";"213.248.112.109";"bittorrent";1340054075;665319.016161;-1.000000;"1958e4d5-a376-4c96-bc09-d6da7799bc60";33885;"26";"Stockholm";23;6;2012;0;18;"20120618"
"79.136.64.144";"SE";17.900000;59.466700;"AS8473 Bahnhof Internet AB";"mlab3-arn01";0.012450;1167219.862229;"0.004012999";"win32";"213.248.112.109";"bittorrent";1340054360;1024448.043821;-1.000000;"b7de6f4d-9ad7-464c-96b5-64465905279b";8473;"26";"Sollentuna";23;6;2012;0;18;"20120618"
"93.182.180.71";"SE";13.183300;55.700000;"AS47155 ViaEuropa Sweden";"mlab3-arn01";0.096802;26575.963616;"0.004012999";"darwin";"213.248.112.109";"bittorrent";1340054999;105194.398276;-1.000000;"f964310a-e0bf-411c-899d-e43d00356428";47155;"27";"Lund";23;6;2012;0;18;"20120618"
"79.136.64.144";"SE";17.900000;59.466700;"AS8473 Bahnhof Internet AB";"mlab3-arn01";0.013371;1153814.793020;"0.004012999";"win32";"213.248.112.109";"speedtest";1340058647;1100114.527510;0.016157;"b7de6f4d-9ad7-464c-96b5-64465905279b";8473;"26";"Sollentuna";0;6;2012;1;19;"20120618"
"109.104.13.165";"SE";18.050000;59.333300;"AS33885 Ownit Broadband AB";"mlab3-arn01";0.021899;8447564.355280;"0.004008999";"linux2";"213.248.112.109";"speedtest";1340058771;662108.122304;0.022970;"1958e4d5-a376-4c96-bc09-d6da7799bc60";33885;"26";"Stockholm";0;6;2012;1;19;"20120618"
"194.218.98.60";"SE";15.000000;62.000000;"AS3301 TeliaSonera AB";"mlab3-arn01";0.004897;490842.137270;"0.004012999";"darwin";"213.248.112.109";"bittorrent";1340058940;490989.739888;-1.000000;"745b2352-01d8-47d8-abd3-d8157a1f2054";3301;"";"";0;6;2012;1;19;"20120618"
"93.182.180.71";"SE";13.183300;55.700000;"AS47155 ViaEuropa Sweden";"mlab3-arn01";0.088664;25029.540387;"0.004012999";"darwin";"213.248.112.109";"speedtest";1340059518;93862.790762;0.092026;"f964310a-e0bf-411c-899d-e43d00356428";47155;"27";"Lund";0;6;2012;1;19;"20120618"
"109.104.13.165";"SE";18.050000;59.333300;"AS33885 Ownit Broadband AB";"mlab3-arn01";0.022409;9321242.744821;"0.004008999";"linux2";"213.248.112.109";"bittorrent";1340060337;665979.593130;-1.000000;"1958e4d5-a376-4c96-bc09-d6da7799bc60";33885;"26";"Stockholm";0;6;2012;1;19;"20120618"
"93.182.180.71";"SE";13.183300;55.700000;"AS47155 ViaEuropa Sweden";"mlab3-arn01";0.088877;31415.845237;"0.004012999";"darwin";"213.248.112.109";"speedtest";1340062536;86048.365933;0.094958;"f964310a-e0bf-411c-899d-e43d00356428";47155;"27";"Lund";1;6;2012;1;19;"20120618"
"31.34.129.35";"FR";2.236700;48.939400;"AS5410 Bouygues Telecom S.A.";"mlab2-par01";0.031740;981209.617814;"0.004012999";"linux2";"80.239.168.225";"bittorrent";1340063990;66550.747334;-1.000000;"e2c2fec8-7257-4354-9f0c-3285266a37cd";5410;"A8";"Argenteuil";1;6;2012;1;19;"20120618"
"74.93.119.149";"US";-77.460300;37.553800;"AS7922 Comcast Cable Communications, Inc.";"mlab1-lga01";0.033219;3228024.367270;"0.004012999";"win32";"74.63.50.18";"speedtest";1339978115;593822.476389;0.035459;"89137afb-b348-4f18-88b5-80cee829292f";7922;"VA";"Richmond";0;6;2012;0;18;"20120618"
"74.104.151.138";"US";-71.259000;42.403000;"AS701 MCI Communications Services, Inc. d/b/a Verizon Business";"mlab1-lga01";0.016692;3199135.235168;"0.004012999";"win32";"74.63.50.18";"bittorrent";1339979016;3071997.346594;-1.000000;"ecca6a63-f2be-4812-bd3f-1ac690ab31cd";701;"MA";"Waltham";0;6;2012;0;18;"20120618"
"76.24.39.72";"US";-71.691300;42.413600;"AS7922 Comcast Cable Communications, Inc.";"mlab1-lga01";0.173412;37223.207525;"0.004012999";"win32";"74.63.50.18";"speedtest";1339979046;456943.978068;0.027944;"d7fbbeb1-8f79-4feb-9ab1-01beb7b970aa";7922;"MA";"Clinton";0;6;2012;0;18;"20120618"
"70.113.90.176";"US";-97.722700;30.310600;"AS11427 Time Warner Cable Internet LLC";"mlab1-lga01";0.064287;1700696.262169;"0.004012999";"win32";"74.63.50.18";"bittorrent";1339979923;217115.322677;-1.000000;"f957f544-b6fe-4e0c-b05d-e4a409241054";11427;"TX";"Austin";0;6;2012;0;18;"20120618"
"24.22.135.177";"US";-122.332100;47.606200;"AS7922 Comcast Cable Communications, Inc.";"mlab1-lga01";0.081393;2524845.566600;"0.004012999";"linux2";"74.63.50.18";"speedtest";1339980323;439065.943421;0.099148;"04cea472-6610-42db-acd2-c644a3d4447f";7922;"WA";"Seattle";0;6;2012;0;18;"20120618"
"205.178.18.107";"US";-87.623800;41.884900;"AS6079 RCN";"mlab1-lga01";0.149192;129761.762870;"0.004011999";"win32";"74.63.50.18";"bittorrent";1339980377;107165.131965;-1.000000;"e98788b3-c49f-4266-b003-f95ea1c0e2a0";6079;"IL";"Chicago";0;6;2012;0;18;"20120618"
"24.130.152.60";"US";-122.088500;37.709000;"AS7922 Comcast Cable Communications, Inc.";"mlab1-lga01";0.091690;3076682.038018;"0.004012999";"darwin";"74.63.50.18";"bittorrent";1339980889;779475.743776;-1.000000;"92ef1dc6-e5b9-40c8-800b-cc909779319d";7922;"CA";"Castro Valley";0;6;2012;0;18;"20120618"
"24.46.196.47";"US";-73.686200;40.793900;"AS6128 Cablevision Systems Corp.";"mlab1-lga01";0.009928;2499996.833030;"0.004012999";"win32";"74.63.50.18";"speedtest";1339981150;263438.471564;0.015645;"103cc2f1-ddd5-4016-83cc-cdd357e7a81a";6128;"NY";"Manhasset";0;6;2012;0;18;"20120618"
"70.113.90.176";"US";-97.722700;30.310600;"AS11427 Time Warner Cable Internet LLC";"mlab1-lga01";0.074288;1711898.148330;"0.004012999";"win32";"74.63.50.18";"speedtest";1339981349;225916.581168;0.069188;"f957f544-b6fe-4e0c-b05d-e4a409241054";11427;"TX";"Austin";1;6;2012;0;18;"20120618"
"75.145.125.61";"US";-104.984700;39.739200;"AS7922 Comcast Cable Communications, Inc.";"mlab1-lga01";0.060516;2653811.240119;"0.004012999";"linux2";"74.63.50.18";"bittorrent";1339981483;285567.153472;-1.000000;"d3080793-9920-4346-9c49-3a102587393e";7922;"CO";"Denver";1;6;2012;0;18;"20120618"
"67.130.216.230";"US";-105.937800;35.687000;"AS209 NOVARTIS-DMZ-US";"mlab1-lga01";0.117646;99334.457853;"0.004012999";"win32";"74.63.50.18";"speedtest";1339981543;74621.149067;0.156221;"ee8fe911-f84d-4ab8-b486-dda4c138f932";209;"NM";"Santa Fe";1;6;2012;0;18;"20120618"
"99.130.96.199";"US";-117.490800;33.932900;"AS7018 AT&T Services, Inc.";"mlab1-lga01";0.101261;1382054.662586;"0.004012999";"linux2";"74.63.50.18";"bittorrent";1339982209;183977.715929;-1.000000;"0a3b2944-23c0-4116-a068-0d5627c0dec9";7018;"CA";"Riverside";1;6;2012;0;18;"20120618"
"24.2.64.100";"US";-112.008200;40.477400;"AS7922 Comcast Cable Communications, Inc.";"mlab1-lga01";0.069300;839671.392093;"0.004012999";"win32";"74.63.50.18";"speedtest";1339982503;137266.509302;0.069583;"9a8766b6-803d-48fa-b02a-2091ff6f496e";7922;"UT";"Riverton";1;6;2012;0;18;"20120618"
"184.76.153.6";"US";-96.948900;32.814000;"AS16586 CLEARWIRE - CLEAR WIRELESS LLC";"mlab1-lga01";0.102152;1042258.710479;"0.004012999";"win32";"74.63.50.18";"bittorrent";1339982564;80221.245450;-1.000000;"01b5bd21-bfbf-4fa6-a4bc-c89f3cfd177c";16586;"TX";"Irving";1;6;2012;0;18;"20120618"
"71.237.28.39";"US";-104.984700;39.739200;"AS7922 Comcast Cable Communications, Inc.";"mlab1-lga01";0.055994;823393.161081;"0.004012999";"darwin";"74.63.50.18";"speedtest";1339982615;462585.623749;0.216156;"95e96326-78fe-4507-8b06-f60611a1b7ad";7922;"CO";"Denver";1;6;2012;0;18;"20120618"
"67.168.66.115";"US";-122.630500;48.321800;"AS7922 Comcast Cable Communications, Inc.";"mlab1-lga01";0.083911;1940442.969720;"0.004012999";"win32";"74.63.50.18";"speedtest";1339982632;420464.584815;0.085662;"3ee99b5a-2c05-4823-a555-34b90b697de5";7922;"WA";"Oak Harbor";1;6;2012;0;18;"20120618"
"208.57.38.36";"US";-117.164900;32.807200;"AS14265 Telepacific Communications";"mlab1-lga01";0.092849;168166.407563;"0.004011999";"linux2";"74.63.50.18";"speedtest";1339983036;175608.114641;0.093633;"71bb2b47-414f-414d-b8ff-f1237c21f432";14265;"CA";"San Diego";1;6;2012;0;18;"20120618"
"98.243.192.146";"US";-84.594100;42.860200;"AS7922 Comcast Cable Communications, Inc.";"mlab1-lga01";0.039856;1391861.008130;"0.004012999";"darwin";"74.63.50.18";"speedtest";1339984449;463710.278401;0.043593;"69a61dac-c7ac-4b16-b86b-4bd2f3990f62";7922;"MI";"Dewitt";1;6;2012;0;18;"20120618"
"67.172.130.152";"US";-104.821400;38.833900;"AS7922 Comcast Cable Communications, Inc.";"mlab1-lga01";0.076412;2789654.178230;"0.004012999";"darwin";"74.63.50.18";"speedtest";1339984806;306727.577575;0.081247;"e83583f7-4c54-4291-a929-2fd12fd286f5";7922;"CO";"Colorado Springs";2;6;2012;0;18;"20120618"
"205.178.18.107";"US";-87.623800;41.884900;"AS6079 RCN";"mlab1-lga01";0.047284;845620.346508;"0.004011999";"win32";"74.63.50.18";"speedtest";1339984901;158603.536014;0.050591;"e98788b3-c49f-4266-b003-f95ea1c0e2a0";6079;"IL";"Chicago";2;6;2012;0;18;"20120618"
"71.237.28.39";"US";-104.984700;39.739200;"AS7922 Comcast Cable Communications, Inc.";"mlab1-lga01";0.056463;903873.731378;"0.004012999";"darwin";"74.63.50.18";"speedtest";1339985404;463559.911532;0.297950;"95e96326-78fe-4507-8b06-f60611a1b7ad";7922;"CO";"Denver";2;6;2012;0;18;"20120618"
"65.29.223.12";"US";-84.529800;39.195900;"AS10796 Time Warner Cable Internet LLC";"mlab1-lga01";0.040137;1965789.643190;"0.004012999";"darwin";"74.63.50.18";"speedtest";1339985407;624269.878363;0.043113;"a631d0d5-ea06-404a-9e7f-da52f00d5f01";10796;"OH";"Cincinnati";2;6;2012;0;18;"20120618"
"98.206.101.228";"US";-87.655100;41.937300;"AS7922 Comcast Cable Communications, Inc.";"mlab1-lga01";0.034211;2895389.621810;"0.004012999";"win32";"74.63.50.18";"speedtest";1339985428;514271.301545;0.034707;"1b8a7968-95b4-4827-8260-84d7e02b3d53";7922;"IL";"Chicago";2;6;2012;0;18;"20120618"
"207.231.92.41";"US";-121.370600;38.784300;"AS14051 Roseville Telephone Company";"mlab1-lga01";0.083879;2814600.460846;"0.004012999";"win32";"74.63.50.18";"bittorrent";1339985730;2236345.696757;-1.000000;"cb121e1a-4701-4c5a-91b5-29c9df2b10c0";14051;"CA";"Roseville";2;6;2012;0;18;"20120618"
"98.251.77.68";"US";-83.949600;33.512000;"AS7922 Comcast Cable Communications, Inc.";"mlab1-lga01";0.141803;1667142.985310;"0.004011999";"win32";"74.63.50.18";"speedtest";1339985851;444534.705519;0.133704;"cbfab653-aed3-47c3-b7d0-e4159cab6582";7922;"GA";"Covington";2;6;2012;0;18;"20120618"
"71.89.124.38";"US";-88.736400;44.638200;"AS20115 Charter Communications";"mlab1-lga01";0.040852;2018634.821070;"0.004012999";"win32";"74.63.50.18";"speedtest";1339986338;396308.509635;0.044076;"0730ff7f-47eb-4e84-99b1-016150556fb6";20115;"WI";"Clintonville";2;6;2012;0;18;"20120618"
"173.246.102.187";"US";-76.612200;39.290400;"AS29169 Gandi SAS";"mlab1-lga01";0.010135;8487353.550460;"0.004011999";"linux2";"74.63.50.18";"speedtest";1339986368;669875.624641;0.011680;"a57cd6aa-6b9a-40e3-ae4c-0685546dd104";29169;"MD";"Baltimore";2;6;2012;0;18;"20120618"
"76.10.12.242";"US";-88.242600;40.112500;"AS46925 PAVLOV MEDIA INC";"mlab1-lga01";0.310837;1006005.208710;"0.004012999";"win32";"74.63.50.18";"speedtest";1339986559;1692324.131280;0.070754;"b2c93218-2fa2-4a04-be8b-f4553cb22e1a";46925;"IL";"Champaign";2;6;2012;0;18;"20120618"
"184.177.72.227";"US";-97.000000;38.000000;"AS22773 Cox Communications Inc.";"mlab1-lga01";0.081806;670401.482906;"0.004012999";"win32";"74.63.50.18";"bittorrent";1339986717;744056.080539;-1.000000;"e9aa2936-1c50-4b9d-89e4-2daad232b753";22773;"";"";2;6;2012;0;18;"20120618"
"98.203.140.223";"US";-122.304300;47.610200;"AS7922 Comcast Cable Communications, Inc.";"mlab1-lga01";0.087435;1643648.454078;"0.004012999";"linux2";"74.63.50.18";"bittorrent";1339987409;431990.500208;-1.000000;"4bf1068a-cabe-4254-a52f-c2914db03ade";7922;"WA";"Seattle";2;6;2012;0;18;"20120618"
"24.2.64.100";"US";-112.008200;40.477400;"AS7922 Comcast Cable Communications, Inc.";"mlab1-lga01";0.088117;395598.084565;"0.004012999";"win32";"74.63.50.18";"speedtest";1339988160;136101.955338;0.091871;"9a8766b6-803d-48fa-b02a-2091ff6f496e";7922;"UT";"Riverton";2;6;2012;0;18;"20120618"
"75.127.236.122";"US";-97.000000;38.000000;"AS6128 Cablevision Systems Corp.";"mlab1-lga01";0.012381;4378260.524641;"0.004012999";"win32";"74.63.50.18";"bittorrent";1339989188;627847.568742;-1.000000;"560c097a-1dfa-4e05-9893-bdc56e35afc3";6128;"";"";3;6;2012;0;18;"20120618"
"209.155.86.74";"US";-77.426000;43.100500;"AS1785 PaeTec Communications, Inc.";"mlab1-lga01";0.023271;346813.818385;"0.004012999";"win32";"74.63.50.18";"speedtest";1339989212;54872.793062;0.054099;"4841c017-4566-4afc-a805-ba458ccb2be1";1785;"NY";"Fairport";3;6;2012;0;18;"20120618"
"71.187.199.3";"US";-74.216400;40.816200;"AS701 MCI Communications Services, Inc. d/b/a Verizon Business";"mlab1-lga01";0.018520;3645597.560271;"0.004011999";"win32";"74.63.50.18";"bittorrent";1339989907;1260874.342668;-1.000000;"a9bde20f-2872-443c-8e9b-a2f6f162c91d";701;"NJ";"Montclair";3;6;2012;0;18;"20120618"
"75.140.153.254";"US";-121.654400;37.130500;"AS20115 Charter Communications";"mlab1-lga01";0.090938;1538844.548643;"0.004012999";"darwin";"74.63.50.18";"bittorrent";1339990093;640899.836197;-1.000000;"a039434c-d8c0-4f4d-8050-4153de22c986";20115;"CA";"Morgan Hill";3;6;2012;0;18;"20120618"
"69.249.238.83";"US";-75.163800;39.952300;"AS7922 Comcast Cable Communications, Inc.";"mlab1-lga01";0.227271;2594639.520030;"0.004012999";"win32";"74.63.50.18";"speedtest";1339991414;93430.676537;0.215193;"a49b9e19-6f47-4dc7-8196-0fc4dbc9e641";7922;"PA";"Philadelphia";3;6;2012;0;18;"20120618"
"209.155.86.74";"US";-77.426000;43.100500;"AS1785 PaeTec Communications, Inc.";"mlab1-lga01";0.033799;352855.306102;"0.004012999";"win32";"74.63.50.18";"speedtest";1339992002;56819.855473;0.027084;"4841c017-4566-4afc-a805-ba458ccb2be1";1785;"NY";"Fairport";4;6;2012;0;18;"20120618"
"208.57.38.36";"US";-117.164900;32.807200;"AS14265 Telepacific Communications";"mlab1-lga01";0.087604;168165.612483;"0.004011999";"linux2";"74.63.50.18";"speedtest";1339992091;175408.898343;0.093665;"71bb2b47-414f-414d-b8ff-f1237c21f432";14265;"CA";"San Diego";4;6;2012;0;18;"20120618"
"76.169.71.176";"US";-118.273400;33.963800;"AS20001 Time Warner Cable Internet LLC";"mlab1-lga01";0.097918;1502061.383560;"0.004011999";"win32";"74.63.50.18";"speedtest";1339992184;117650.535194;0.096874;"2f0c137b-7982-4d9c-b50a-c362f2d810e0";20001;"CA";"Los Angeles";4;6;2012;0;18;"20120618"
"99.99.213.185";"US";-85.882800;42.855500;"AS7018 AT&T Services, Inc.";"mlab1-lga01";0.054177;1208920.495660;"0.004012999";"linux2";"74.63.50.18";"speedtest";1339992732;178234.613150;0.057517;"22998df3-a92a-4573-b9f5-476782c2c770";7018;"MI";"Hudsonville";4;6;2012;0;18;"20120618"
"67.77.90.108";"US";-82.079100;29.925400;"AS2379 Embarq Corporation";"mlab1-lga01";0.057152;1032186.662408;"0.004012999";"win32";"74.63.50.18";"bittorrent";1339992859;89136.760965;-1.000000;"b931e1a4-35d0-4ccf-96a9-c4a7c2d31f8b";2379;"FL";"Starke";4;6;2012;0;18;"20120618"
"68.40.185.45";"US";-83.740900;42.277600;"AS7922 Comcast Cable Communications, Inc.";"mlab1-lga01";0.042086;1891617.077130;"0.004012999";"darwin";"74.63.50.18";"speedtest";1339992885;766942.365013;0.045845;"f77a7853-1ba8-4219-aa2c-2157b5e89023";7922;"MI";"Ann Arbor";4;6;2012;0;18;"20120618"
"173.186.209.95";"US";-84.200300;30.975400;"AS7029 Windstream Communications Inc";"mlab1-lga01";0.055347;63330.348688;"0.004011999";"win32";"74.63.50.18";"speedtest";1339993325;77189.056506;0.075836;"de6fbf44-b9c6-4959-9089-5bd76562acd2";7029;"GA";"Cairo";4;6;2012;0;18;"20120618"
"24.2.64.100";"US";-112.008200;40.477400;"AS7922 Comcast Cable Communications, Inc.";"mlab1-lga01";0.068991;845377.933319;"0.004012999";"win32";"74.63.50.18";"speedtest";1339993809;137274.061209;0.074162;"9a8766b6-803d-48fa-b02a-2091ff6f496e";7922;"UT";"Riverton";4;6;2012;0;18;"20120618"
"69.251.194.209";"US";-77.177000;39.175200;"AS7922 Comcast Cable Communications, Inc.";"mlab1-lga01";0.021157;4043564.250800;"0.004011999";"win32";"74.63.50.18";"bittorrent";1339994313;550593.881399;-1.000000;"5ab805cf-b023-4309-9496-d8b22873a074";7922;"MD";"Montgomery Village";4;6;2012;0;18;"20120618"
"69.249.238.83";"US";-75.163800;39.952300;"AS7922 Comcast Cable Communications, Inc.";"mlab1-lga01";0.186006;2634723.008930;"0.004012999";"win32";"74.63.50.18";"speedtest";1339994511;130701.669383;0.107481;"a49b9e19-6f47-4dc7-8196-0fc4dbc9e641";7922;"PA";"Philadelphia";4;6;2012;0;18;"20120618"
"24.22.135.177";"US";-122.332100;47.606200;"AS7922 Comcast Cable Communications, Inc.";"mlab1-lga01";0.081616;1995778.887490;"0.004012999";"linux2";"74.63.50.18";"speedtest";1339994845;461091.979358;0.082436;"04cea472-6610-42db-acd2-c644a3d4447f";7922;"WA";"Seattle";4;6;2012;0;18;"20120618"
"67.168.66.115";"US";-122.630500;48.321800;"AS7922 Comcast Cable Communications, Inc.";"mlab1-lga01";0.083532;1338882.826050;"0.004012999";"win32";"74.63.50.18";"speedtest";1339995062;384681.761297;0.085432;"3ee99b5a-2c05-4823-a555-34b90b697de5";7922;"WA";"Oak Harbor";4;6;2012;0;18;"20120618"
"99.104.57.129";"US";-87.701600;41.975900;"AS7018 AT&T Services, Inc.";"mlab1-lga01";0.237208;71961.753349;"0.004012999";"darwin";"74.63.50.18";"speedtest";1339996264;34435.458412;0.363249;"d6f10baf-3b6d-47fb-999c-6d4188d2d4b2";7018;"IL";"Chicago";5;6;2012;0;18;"20120618"
"98.207.87.80";"US";-122.299100;37.409600;"AS7922 Comcast Cable Communications, Inc.";"mlab1-lga01";0.102861;2382350.973080;"0.004012999";"darwin";"74.63.50.18";"speedtest";1339996540;210708.062536;0.113779;"0f7d671c-779f-4f63-8f54-ca28fcc35fd6";7922;"CA";"Redwood City";5;6;2012;0;18;"20120618"
"74.2.122.133";"US";-97.000000;38.000000;"AS18566 MegaPath Corporation";"mlab1-lga01";0.041322;235461.636870;"0.004010999";"win32";"74.63.50.18";"bittorrent";1339996671;239010.522613;-1.000000;"f4acb085-b5ee-429a-a232-3ae956a10cf5";18566;"";"";5;6;2012;0;18;"20120618"
"24.61.63.89";"US";-71.031600;42.399700;"AS7922 Comcast Cable Communications, Inc.";"mlab1-lga01";0.030493;2877546.711396;"0.004012999";"win32";"74.63.50.18";"bittorrent";1339996788;494921.523977;-1.000000;"641fcec9-64c6-4ec1-a213-90d958a6f9a1";7922;"MA";"Chelsea";5;6;2012;0;18;"20120618"
"66.66.21.182";"US";-77.602400;43.185800;"AS11351 Time Warner Cable Internet LLC";"mlab1-lga01";0.037176;6300388.772119;"0.004012999";"win32";"74.63.50.18";"bittorrent";1339996805;646199.934193;-1.000000;"b4fb3816-21d6-43b3-91fc-aabe40980e90";11351;"NY";"Rochester";5;6;2012;0;18;"20120618"
"184.177.72.227";"US";-97.000000;38.000000;"AS22773 Cox Communications Inc.";"mlab1-lga01";0.082069;666813.801703;"0.004012999";"win32";"74.63.50.18";"speedtest";1339997234;710335.992880;0.085508;"e9aa2936-1c50-4b9d-89e4-2daad232b753";22773;"";"";5;6;2012;0;18;"20120618"
"209.155.86.74";"US";-77.426000;43.100500;"AS1785 PaeTec Communications, Inc.";"mlab1-lga01";0.027291;354640.700867;"0.004012999";"win32";"74.63.50.18";"speedtest";1339997586;60004.980148;0.056463;"4841c017-4566-4afc-a805-ba458ccb2be1";1785;"NY";"Fairport";5;6;2012;0;18;"20120618"
"70.122.243.11";"US";-97.015000;32.954600;"AS11427 Time Warner Cable Internet LLC";"mlab1-lga01";0.064569;2650793.386834;"0.004012999";"win32";"74.63.50.18";"bittorrent";1339998101;577820.176993;-1.000000;"bab8f612-1f34-46c2-a83e-fbaa7a2f8fa7";11427;"TX";"Coppell";5;6;2012;0;18;"20120618"
"98.124.100.208";"US";-80.038400;33.118000;"AS16863 Home Telephone Company, Inc.";"mlab1-lga01";0.055361;1107025.568410;"0.004012999";"linux2";"74.63.50.18";"speedtest";1339998700;220929.578667;0.047999;"adcd5d0f-b5f4-47e4-9505-249669f515a0";16863;"SC";"Moncks Corner";5;6;2012;0;18;"20120618"
"71.118.241.200";"US";-118.880000;34.213300;"AS701 MCI Communications Services, Inc. d/b/a Verizon Business";"mlab1-lga01";1.128230;2595897.105910;"0.004012999";"darwin";"74.63.50.18";"speedtest";1339998914;692363.891840;0.093923;"6240ede4-4770-4ab9-a1a5-5df49c84c463";701;"CA";"Thousand Oaks";5;6;2012;0;18;"20120618"
"76.112.203.189";"US";-83.144600;42.489500;"AS7922 Comcast Cable Communications, Inc.";"mlab1-lga01";0.040352;1627696.741170;"0.004012999";"win32";"74.63.50.18";"speedtest";1339998949;769150.573506;0.042761;"5cb4931f-bf67-49bf-a4ec-d36d7495a682";7922;"MI";"Royal Oak";5;6;2012;0;18;"20120618"
"98.22.138.166";"US";-95.790800;36.052600;"AS7029 Windstream Communications Inc";"mlab1-lga01";0.180288;14301.902931;"0.004012999";"win32";"74.63.50.18";"bittorrent";1339999559;18376.547602;-1.000000;"eb27082c-e25b-4239-869e-8ba23d438a17";7029;"OK";"Broken Arrow";6;6;2012;0;18;"20120618"
"70.113.90.176";"US";-97.722700;30.310600;"AS11427 Time Warner Cable Internet LLC";"mlab1-lga01";0.063184;1832781.035360;"0.004012999";"win32";"74.63.50.18";"bittorrent";1339999805;188754.950329;-1.000000;"f957f544-b6fe-4e0c-b05d-e4a409241054";11427;"TX";"Austin";6;6;2012;0;18;"20120618"
"70.122.243.11";"US";-97.015000;32.954600;"AS11427 Time Warner Cable Internet LLC";"mlab1-lga01";0.061284;3644797.011715;"0.004012999";"win32";"74.63.50.18";"bittorrent";1340001129;602688.950218;-1.000000;"bab8f612-1f34-46c2-a83e-fbaa7a2f8fa7";11427;"TX";"Coppell";6;6;2012;0;18;"20120618"
"99.21.145.140";"US";-121.382800;38.626300;"AS7132 AS for SBIS-AS";"mlab1-lga01";0.108534;929158.365598;"0.004012999";"win32";"74.63.50.18";"speedtest";1340002008;163050.150646;0.106622;"ebeab1c8-defc-4fef-8be3-daa7088a0954";7132;"CA";"Sacramento";6;6;2012;0;18;"20120618"
"74.103.162.36";"US";-75.114700;40.427800;"AS701 MCI Communications Services, Inc. d/b/a Verizon Business";"mlab1-lga01";0.016041;1913199.390593;"0.004012999";"darwin";"74.63.50.18";"bittorrent";1340002145;664765.746690;-1.000000;"4eec0d76-fa70-4b4c-91f9-8cb1b74b0682";701;"PA";"Pipersville";6;6;2012;0;18;"20120618"
"50.78.87.177";"US";-106.097500;39.574400;"AS7922 Comcast Cable Communications, Inc.";"mlab1-lga01";0.062714;792406.136320;"0.004012999";"win32";"74.63.50.18";"bittorrent";1340002612;419141.981489;-1.000000;"c4393561-5207-49e8-879a-bbb805c9188f";7922;"CO";"Frisco";6;6;2012;0;18;"20120618"
"98.243.192.146";"US";-84.594100;42.860200;"AS7922 Comcast Cable Communications, Inc.";"mlab1-lga01";0.042522;1675521.156130;"0.004012999";"darwin";"74.63.50.18";"speedtest";1340003222;464249.674242;0.042108;"69a61dac-c7ac-4b16-b86b-4bd2f3990f62";7922;"MI";"Dewitt";7;6;2012;0;18;"20120618"
"72.181.251.247";"US";-96.771500;32.833900;"AS11427 Time Warner Cable Internet LLC";"mlab1-lga01";0.053465;2437559.225780;"0.004012999";"darwin";"74.63.50.18";"bittorrent";1340003984;228896.775879;-1.000000;"ec56ca67-ca5b-4ee7-a615-8743ebac3e8a";11427;"TX";"Dallas";7;6;2012;0;18;"20120618"
"74.93.119.149";"US";-77.460300;37.553800;"AS7922 Comcast Cable Communications, Inc.";"mlab1-lga01";0.028967;6698219.758420;"0.004012999";"win32";"74.63.50.18";"speedtest";1340004663;595226.974751;0.029125;"89137afb-b348-4f18-88b5-80cee829292f";7922;"VA";"Richmond";7;6;2012;0;18;"20120618"
"99.130.96.199";"US";-117.490800;33.932900;"AS7018 AT&T Services, Inc.";"mlab1-lga01";0.101866;1211127.872620;"0.004012999";"linux2";"74.63.50.18";"speedtest";1340005044;175310.888347;0.104032;"0a3b2944-23c0-4116-a068-0d5627c0dec9";7018;"CA";"Riverside";7;6;2012;0;18;"20120618"
"99.104.57.129";"US";-87.701600;41.975900;"AS7018 AT&T Services, Inc.";"mlab1-lga01";0.243810;110749.319036;"0.004012999";"darwin";"74.63.50.18";"speedtest";1340005328;25904.118004;0.345336;"d6f10baf-3b6d-47fb-999c-6d4188d2d4b2";7018;"IL";"Chicago";7;6;2012;0;18;"20120618"
"99.104.57.129";"US";-87.701600;41.975900;"AS7018 AT&T Services, Inc.";"mlab1-lga01";0.271638;135698.453933;"0.004012999";"darwin";"74.63.50.18";"bittorrent";1340006839;14491.086639;-1.000000;"d6f10baf-3b6d-47fb-999c-6d4188d2d4b2";7018;"IL";"Chicago";8;6;2012;0;18;"20120618"
"71.118.241.200";"US";-118.880000;34.213300;"AS701 MCI Communications Services, Inc. d/b/a Verizon Business";"mlab1-lga01";0.091855;3067301.368589;"0.004012999";"darwin";"74.63.50.18";"bittorrent";1340007040;813114.949998;-1.000000;"6240ede4-4770-4ab9-a1a5-5df49c84c463";701;"CA";"Thousand Oaks";8;6;2012;0;18;"20120618"
"50.78.87.177";"US";-106.097500;39.574400;"AS7922 Comcast Cable Communications, Inc.";"mlab1-lga01";0.064275;931693.228331;"0.004012999";"win32";"74.63.50.18";"speedtest";1340007468;790652.405051;0.061908;"c4393561-5207-49e8-879a-bbb805c9188f";7922;"CO";"Frisco";8;6;2012;0;18;"20120618"
"96.2.48.78";"US";-96.983300;42.836900;"AS11232 Midcontinent Media, Inc.";"mlab1-lga01";0.233426;1286738.437809;"0.004011999";"win32";"74.63.50.18";"bittorrent";1340007731;519298.355828;-1.000000;"a7ed429a-44c3-4195-a0e5-7eac41680125";11232;"SD";"Vermillion";8;6;2012;0;18;"20120618"
"76.112.203.189";"US";-83.144600;42.489500;"AS7922 Comcast Cable Communications, Inc.";"mlab1-lga01";0.042093;1565150.231430;"0.004012999";"win32";"74.63.50.18";"speedtest";1340008318;770124.404860;0.043213;"5cb4931f-bf67-49bf-a4ec-d36d7495a682";7922;"MI";"Royal Oak";8;6;2012;0;18;"20120618"
"71.58.226.44";"US";-75.961500;41.249000;"AS7922 Comcast Cable Communications, Inc.";"mlab1-lga01";0.063370;3873324.412490;"0.004012999";"win32";"74.63.50.18";"speedtest";1340008437;750678.623500;0.038284;"fb6cc5ca-37c3-44c5-8176-4a40a17f217a";7922;"PA";"Plymouth";8;6;2012;0;18;"20120618"
"209.155.86.74";"US";-77.426000;43.100500;"AS1785 PaeTec Communications, Inc.";"mlab1-lga01";0.022410;353282.309260;"0.004012999";"win32";"74.63.50.18";"speedtest";1340008742;59656.540104;0.024369;"4841c017-4566-4afc-a805-ba458ccb2be1";1785;"NY";"Fairport";8;6;2012;0;18;"20120618"
"184.76.153.6";"US";-96.948900;32.814000;"AS16586 CLEARWIRE - CLEAR WIRELESS LLC";"mlab1-lga01";0.114692;897575.978082;"0.004012999";"win32";"74.63.50.18";"bittorrent";1340008841;96288.425594;-1.000000;"01b5bd21-bfbf-4fa6-a4bc-c89f3cfd177c";16586;"TX";"Irving";8;6;2012;0;18;"20120618"
"208.57.38.36";"US";-117.164900;32.807200;"AS14265 Telepacific Communications";"mlab1-lga01";0.094683;181242.141062;"0.004011999";"linux2";"74.63.50.18";"bittorrent";1340008964;178443.961727;-1.000000;"71bb2b47-414f-414d-b8ff-f1237c21f432";14265;"CA";"San Diego";8;6;2012;0;18;"20120618"
"24.2.64.100";"US";-112.008200;40.477400;"AS7922 Comcast Cable Communications, Inc.";"mlab1-lga01";0.073722;886319.870290;"0.004012999";"win32";"74.63.50.18";"bittorrent";1340009337;138279.154288;-1.000000;"9a8766b6-803d-48fa-b02a-2091ff6f496e";7922;"UT";"Riverton";8;6;2012;0;18;"20120618"
"67.168.59.54";"US";-122.668000;48.185500;"AS7922 Comcast Cable Communications, Inc.";"mlab1-lga01";0.084235;2376567.708234;"0.004012999";"win32";"74.63.50.18";"bittorrent";1340010307;724143.869952;-1.000000;"ea22d474-846e-407d-9ebe-cd03ff0d64f4";7922;"WA";"Coupeville";9;6;2012;0;18;"20120618"
"98.214.132.10";"US";-89.589000;40.693600;"AS7922 Comcast Cable Communications, Inc.";"mlab1-lga01";0.080775;4442557.095584;"0.004012999";"darwin";"74.63.50.18";"bittorrent";1340010449;766623.249359;-1.000000;"ac008ee9-df9b-425b-a370-34b57dce1b90";7922;"IL";"Peoria";9;6;2012;0;18;"20120618"
"98.243.192.146";"US";-84.594100;42.860200;"AS7922 Comcast Cable Communications, Inc.";"mlab1-lga01";0.036779;1684855.144535;"0.004012999";"darwin";"74.63.50.18";"bittorrent";1340011040;447469.978366;-1.000000;"69a61dac-c7ac-4b16-b86b-4bd2f3990f62";7922;"MI";"Dewitt";9;6;2012;0;18;"20120618"
"69.249.238.83";"US";-75.163800;39.952300;"AS7922 Comcast Cable Communications, Inc.";"mlab1-lga01";0.195728;2994340.044383;"0.004012999";"win32";"74.63.50.18";"bittorrent";1340011801;71602.749077;-1.000000;"a49b9e19-6f47-4dc7-8196-0fc4dbc9e641";7922;"PA";"Philadelphia";9;6;2012;0;18;"20120618"
"71.192.154.157";"US";-71.051200;42.406300;"AS7922 Comcast Cable Communications, Inc.";"mlab1-lga01";0.018749;950572.283373;"0.004012999";"darwin";"74.63.50.18";"speedtest";1340014370;390700.191143;0.023497;"65fb0ed5-8aab-4ca3-973b-6f6abd2e24d4";7922;"MA";"Everett";10;6;2012;0;18;"20120618"
"72.181.251.247";"US";-96.771500;32.833900;"AS11427 Time Warner Cable Internet LLC";"mlab1-lga01";0.052877;2206920.258160;"0.004012999";"darwin";"74.63.50.18";"speedtest";1340015330;215455.516132;0.062445;"ec56ca67-ca5b-4ee7-a615-8743ebac3e8a";11427;"TX";"Dallas";10;6;2012;0;18;"20120618"
"98.157.202.20";"US";-87.413900;39.466700;"AS10796 Time Warner Cable Internet LLC";"mlab1-lga01";1.124340;710004.513029;"0.004011999";"win32";"74.63.50.18";"speedtest";1340015419;32123.714130;0.996532;"9c0fa0e1-b625-407b-8e5d-f979a63c0e77";10796;"IN";"Terre Haute";10;6;2012;0;18;"20120618"
"68.40.93.208";"US";-82.582300;42.637600;"AS7922 Comcast Cable Communications, Inc.";"mlab1-lga01";0.051303;1693154.398120;"0.004011999";"win32";"74.63.50.18";"speedtest";1340016149;447757.511427;0.048157;"5ddd06da-64ad-444c-b2c0-525541d4d177";7922;"MI";"Algonac";10;6;2012;0;18;"20120618"
"72.181.251.247";"US";-96.771500;32.833900;"AS11427 Time Warner Cable Internet LLC";"mlab1-lga01";0.054606;2461332.151308;"0.004012999";"darwin";"74.63.50.18";"bittorrent";1340016952;224146.349676;-1.000000;"ec56ca67-ca5b-4ee7-a615-8743ebac3e8a";11427;"TX";"Dallas";10;6;2012;0;18;"20120618"
"69.251.194.209";"US";-77.177000;39.175200;"AS7922 Comcast Cable Communications, Inc.";"mlab1-lga01";0.018618;3072039.300150;"0.004011999";"win32";"74.63.50.18";"speedtest";1340017352;540754.207755;0.020083;"5ab805cf-b023-4309-9496-d8b22873a074";7922;"MD";"Montgomery Village";11;6;2012;0;18;"20120618"
"50.83.240.108";"US";-95.977900;45.232200;"AS30036 Mediacom Communications Corp";"mlab1-lga01";0.042871;1438528.954820;"0.004012999";"darwin";"74.63.50.18";"speedtest";1340017949;311893.758984;0.042353;"43af2f72-3dc4-4824-9ff7-faa06a3cb206";30036;"MN";"Appleton";11;6;2012;0;18;"20120618"
"96.236.133.97";"US";-79.995900;40.440600;"AS701 MCI Communications Services, Inc. d/b/a Verizon Business";"mlab1-lga01";0.021584;211177.059864;"0.004012999";"linux2";"74.63.50.18";"speedtest";1340018799;83996.750707;0.047350;"002bd52f-5f9d-42eb-9ce6-e310c9db525a";701;"PA";"Pittsburgh";11;6;2012;0;18;"20120618"
"206.255.246.41";"US";-94.740500;32.500700;"AS53508 Cablelynx";"mlab1-lga01";0.055088;1281074.486470;"0.004012999";"win32";"74.63.50.18";"speedtest";1340019159;178535.401929;0.056629;"3a5b4ca4-0887-432d-a115-9f646a867cdb";53508;"TX";"Longview";11;6;2012;0;18;"20120618"
"173.246.102.187";"US";-76.612200;39.290400;"AS29169 Gandi SAS";"mlab1-lga01";0.010458;8337479.763919;"0.004011999";"linux2";"74.63.50.18";"bittorrent";1340019206;659792.216198;-1.000000;"a57cd6aa-6b9a-40e3-ae4c-0685546dd104";29169;"MD";"Baltimore";11;6;2012;0;18;"20120618"
"99.130.96.199";"US";-117.490800;33.932900;"AS7018 AT&T Services, Inc.";"mlab1-lga01";0.101249;989793.127511;"0.004012999";"linux2";"74.63.50.18";"speedtest";1340019731;173381.404868;0.102617;"0a3b2944-23c0-4116-a068-0d5627c0dec9";7018;"CA";"Riverside";11;6;2012;0;18;"20120618"
"208.57.38.36";"US";-117.164900;32.807200;"AS14265 Telepacific Communications";"mlab1-lga01";0.087575;167704.303933;"0.004011999";"linux2";"74.63.50.18";"speedtest";1340019782;175418.941785;0.092881;"71bb2b47-414f-414d-b8ff-f1237c21f432";14265;"CA";"San Diego";11;6;2012;0;18;"20120618"
"99.185.57.147";"US";-83.622800;42.206100;"AS7018 AT&T Services, Inc.";"mlab1-lga01";0.056994;604042.706927;"0.004012999";"win32";"74.63.50.18";"speedtest";1340019965;137702.685523;0.058388;"405dea16-cc97-4c9e-bf1a-092c32684844";7018;"MI";"Ypsilanti";11;6;2012;0;18;"20120618"
"71.190.171.206";"US";-73.525400;40.767000;"AS701 MCI Communications Services, Inc. d/b/a Verizon Business";"mlab1-lga01";0.006840;3315940.327990;"0.004012999";"linux2";"74.63.50.18";"speedtest";1340021333;2799128.193310;0.009894;"dfd87da2-1968-48ac-9bd2-5469644e29e4";701;"NY";"Hicksville";12;6;2012;0;18;"20120618"
"67.168.66.115";"US";-122.630500;48.321800;"AS7922 Comcast Cable Communications, Inc.";"mlab1-lga01";0.083770;2249138.165647;"0.004012999";"win32";"74.63.50.18";"bittorrent";1340021436;715551.525972;-1.000000;"3ee99b5a-2c05-4823-a555-34b90b697de5";7922;"WA";"Oak Harbor";12;6;2012;0;18;"20120618"
"71.204.91.144";"US";-84.447700;34.119000;"AS7922 Comcast Cable Communications, Inc.";"mlab1-lga01";0.042487;1406142.507020;"0.004012999";"darwin";"74.63.50.18";"bittorrent";1340021512;516999.502099;-1.000000;"4b4fa0bc-987b-4105-9a0b-83e736a6503c";7922;"GA";"Woodstock";12;6;2012;0;18;"20120618"
"184.76.153.6";"US";-96.948900;32.814000;"AS16586 CLEARWIRE - CLEAR WIRELESS LLC";"mlab1-lga01";0.146277;829723.996143;"0.004012999";"win32";"74.63.50.18";"speedtest";1340021943;99021.255721;0.120688;"01b5bd21-bfbf-4fa6-a4bc-c89f3cfd177c";16586;"TX";"Irving";12;6;2012;0;18;"20120618"
"108.6.12.54";"US";-73.936100;40.740000;"AS701 MCI Communications Services, Inc. d/b/a Verizon Business";"mlab1-lga01";0.008235;3022583.497690;"0.004011999";"darwin";"74.63.50.18";"speedtest";1340022174;774279.751583;0.011503;"2e291570-e5e9-434c-8fc4-9496c5d43b52";701;"NY";"Long Island City";12;6;2012;0;18;"20120618"
"69.143.19.17";"US";-77.104300;38.881000;"AS7922 Comcast Cable Communications, Inc.";"mlab1-lga01";0.021680;3045961.105130;"0.004012999";"darwin";"74.63.50.18";"speedtest";1340023186;509281.207833;0.025363;"9b4267aa-e8b7-40bb-a139-5ad1187a6f5d";7922;"VA";"Arlington";12;6;2012;0;18;"20120618"
"71.187.199.3";"US";-74.216400;40.816200;"AS701 MCI Communications Services, Inc. d/b/a Verizon Business";"mlab1-lga01";0.018403;3641949.877900;"0.004011999";"win32";"74.63.50.18";"speedtest";1340024207;1190432.350150;0.010699;"a9bde20f-2872-443c-8e9b-a2f6f162c91d";701;"NJ";"Montclair";12;6;2012;0;18;"20120618"
"24.61.63.89";"US";-71.031600;42.399700;"AS7922 Comcast Cable Communications, Inc.";"mlab1-lga01";0.021740;2954927.833167;"0.004012999";"win32";"74.63.50.18";"bittorrent";1340024384;552958.768630;-1.000000;"641fcec9-64c6-4ec1-a213-90d958a6f9a1";7922;"MA";"Chelsea";12;6;2012;0;18;"20120618"
"173.20.36.131";"US";-91.455800;40.452000;"AS30036 Mediacom Communications Corp";"mlab1-lga01";0.058990;575032.736451;"0.004012999";"win32";"74.63.50.18";"speedtest";1340024538;171687.633926;0.062340;"6b87ac46-1206-4d9c-afa5-d5cab4a872d6";30036;"IA";"Keokuk";13;6;2012;0;18;"20120618"
"69.143.19.17";"US";-77.104300;38.881000;"AS7922 Comcast Cable Communications, Inc.";"mlab1-lga01";0.020595;3158796.291480;"0.004012999";"darwin";"74.63.50.18";"bittorrent";1340024578;520254.932495;-1.000000;"9b4267aa-e8b7-40bb-a139-5ad1187a6f5d";7922;"VA";"Arlington";13;6;2012;0;18;"20120618"
"75.132.191.176";"US";-89.899800;38.512100;"AS20115 Charter Communications";"mlab1-lga01";0.038750;2467934.319690;"0.004012999";"win32";"74.63.50.18";"speedtest";1340024614;399583.773782;0.041725;"c08311ac-7edd-4390-b447-4ca484b5dacc";20115;"IL";"Belleville";13;6;2012;0;18;"20120618"
"99.104.57.129";"US";-87.701600;41.975900;"AS7018 AT&T Services, Inc.";"mlab1-lga01";0.399471;210946.050479;"0.004012999";"darwin";"74.63.50.18";"bittorrent";1340025144;11169.317735;-1.000000;"d6f10baf-3b6d-47fb-999c-6d4188d2d4b2";7018;"IL";"Chicago";13;6;2012;0;18;"20120618"
"76.168.80.127";"US";-118.243700;34.052200;"AS20001 Time Warner Cable Internet LLC";"mlab1-lga01";0.097068;1657930.203970;"0.004012999";"darwin";"74.63.50.18";"speedtest";1340025218;118622.811539;0.100101;"90d62fdd-a880-469e-bb3b-4bf575cfed10";20001;"CA";"Los Angeles";13;6;2012;0;18;"20120618"
"75.145.125.61";"US";-104.984700;39.739200;"AS7922 Comcast Cable Communications, Inc.";"mlab1-lga01";0.059190;2557634.631186;"0.004012999";"linux2";"74.63.50.18";"bittorrent";1340025270;388816.909503;-1.000000;"d3080793-9920-4346-9c49-3a102587393e";7922;"CO";"Denver";13;6;2012;0;18;"20120618"
"68.40.93.208";"US";-82.582300;42.637600;"AS7922 Comcast Cable Communications, Inc.";"mlab1-lga01";0.052238;1657519.968530;"0.004011999";"win32";"74.63.50.18";"speedtest";1340025645;443854.575060;0.047315;"5ddd06da-64ad-444c-b2c0-525541d4d177";7922;"MI";"Algonac";13;6;2012;0;18;"20120618"
"71.187.199.3";"US";-74.216400;40.816200;"AS701 MCI Communications Services, Inc. d/b/a Verizon Business";"mlab1-lga01";0.018345;1940249.375686;"0.004011999";"win32";"74.63.50.18";"bittorrent";1340025686;1184832.538620;-1.000000;"a9bde20f-2872-443c-8e9b-a2f6f162c91d";701;"NJ";"Montclair";13;6;2012;0;18;"20120618"
"98.206.101.228";"US";-87.655100;41.937300;"AS7922 Comcast Cable Communications, Inc.";"mlab1-lga01";0.032324;2849966.141140;"0.004012999";"win32";"74.63.50.18";"speedtest";1340026972;513299.447270;0.033585;"1b8a7968-95b4-4827-8260-84d7e02b3d53";7922;"IL";"Chicago";13;6;2012;0;18;"20120618"
"75.140.153.254";"US";-121.654400;37.130500;"AS20115 Charter Communications";"mlab1-lga01";0.096643;4367165.465890;"0.004012999";"darwin";"74.63.50.18";"speedtest";1340026991;601552.230299;0.094429;"a039434c-d8c0-4f4d-8050-4153de22c986";20115;"CA";"Morgan Hill";13;6;2012;0;18;"20120618"
"98.124.100.208";"US";-80.038400;33.118000;"AS16863 Home Telephone Company, Inc.";"mlab1-lga01";0.055155;1089179.396842;"0.004012999";"linux2";"74.63.50.18";"bittorrent";1340027904;236976.597728;-1.000000;"adcd5d0f-b5f4-47e4-9505-249669f515a0";16863;"SC";"Moncks Corner";13;6;2012;0;18;"20120618"
"69.251.194.209";"US";-77.177000;39.175200;"AS7922 Comcast Cable Communications, Inc.";"mlab1-lga01";0.021408;2037672.098870;"0.004011999";"win32";"74.63.50.18";"speedtest";1340029507;545628.355878;0.022632;"5ab805cf-b023-4309-9496-d8b22873a074";7922;"MD";"Montgomery Village";14;6;2012;0;18;"20120618"
"184.177.72.227";"US";-97.000000;38.000000;"AS22773 Cox Communications Inc.";"mlab1-lga01";0.085965;528230.328028;"0.004012999";"win32";"74.63.50.18";"speedtest";1340030244;571278.264104;0.087405;"e9aa2936-1c50-4b9d-89e4-2daad232b753";22773;"";"";14;6;2012;0;18;"20120618"
"75.127.236.122";"US";-97.000000;38.000000;"AS6128 Cablevision Systems Corp.";"mlab1-lga01";0.011284;4188097.073310;"0.004012999";"win32";"74.63.50.18";"speedtest";1340030317;621833.914945;0.012677;"560c097a-1dfa-4e05-9893-bdc56e35afc3";6128;"";"";14;6;2012;0;18;"20120618"
"75.132.191.176";"US";-89.899800;38.512100;"AS20115 Charter Communications";"mlab1-lga01";0.037406;2615703.171710;"0.004012999";"win32";"74.63.50.18";"speedtest";1340030496;394211.391257;0.040868;"c08311ac-7edd-4390-b447-4ca484b5dacc";20115;"IL";"Belleville";14;6;2012;0;18;"20120618"
"108.58.78.250";"US";-73.587600;40.755700;"AS6128 Cablevision Systems Corp.";"mlab1-lga01";0.018351;3789005.390840;"0.004011999";"win32";"74.63.50.18";"speedtest";1340031071;634229.722523;0.017494;"63a2819d-1e01-4d29-9601-39befed63efa";6128;"NY";"Westbury";14;6;2012;0;18;"20120618"
"96.2.48.78";"US";-96.983300;42.836900;"AS11232 Midcontinent Media, Inc.";"mlab1-lga01";0.049142;3488778.872840;"0.004012999";"win32";"74.63.50.18";"speedtest";1340031476;477371.401440;0.052813;"5445103e-8ecb-4c12-b5f3-066ee6208757";11232;"SD";"Vermillion";14;6;2012;0;18;"20120618"
"75.140.153.254";"US";-121.654400;37.130500;"AS20115 Charter Communications";"mlab1-lga01";0.091208;5188112.938439;"0.004012999";"darwin";"74.63.50.18";"bittorrent";1340031750;637667.359236;-1.000000;"a039434c-d8c0-4f4d-8050-4153de22c986";20115;"CA";"Morgan Hill";15;6;2012;0;18;"20120618"
"98.251.77.68";"US";-83.949600;33.512000;"AS7922 Comcast Cable Communications, Inc.";"mlab1-lga01";0.042694;2907217.077210;"0.004011999";"win32";"74.63.50.18";"speedtest";1340031858;465934.499507;0.043261;"cbfab653-aed3-47c3-b7d0-e4159cab6582";7922;"GA";"Covington";15;6;2012;0;18;"20120618"
"173.246.102.187";"US";-76.612200;39.290400;"AS29169 Gandi SAS";"mlab1-lga01";0.010201;8171188.331251;"0.004011999";"linux2";"74.63.50.18";"bittorrent";1340031916;658185.693638;-1.000000;"a57cd6aa-6b9a-40e3-ae4c-0685546dd104";29169;"MD";"Baltimore";15;6;2012;0;18;"20120618"
"72.181.251.247";"US";-96.771500;32.833900;"AS11427 Time Warner Cable Internet LLC";"mlab1-lga01";0.067716;955271.513568;"0.004012999";"darwin";"74.63.50.18";"speedtest";1340031941;212532.616700;0.062618;"f6add6e0-3bfa-4414-8fb5-1ec8432ae8bf";11427;"TX";"Dallas";15;6;2012;0;18;"20120618"
"76.24.39.72";"US";-71.691300;42.413600;"AS7922 Comcast Cable Communications, Inc.";"mlab1-lga01";0.026073;769488.255482;"0.004012999";"win32";"74.63.50.18";"bittorrent";1340034287;449015.764630;-1.000000;"d7fbbeb1-8f79-4feb-9ab1-01beb7b970aa";7922;"MA";"Clinton";15;6;2012;0;18;"20120618"
"68.188.90.154";"US";-90.197900;38.627300;"AS20115 Charter Communications";"mlab1-lga01";0.037246;137710.906976;"0.004012999";"darwin";"74.63.50.18";"speedtest";1340034680;408546.513562;0.039059;"10349cfe-4a13-405a-99be-aabdb52920f3";20115;"MO";"Saint Louis";15;6;2012;0;18;"20120618"
"173.246.102.187";"US";-76.612200;39.290400;"AS29169 Gandi SAS";"mlab1-lga01";0.013741;6636851.514476;"0.004011999";"linux2";"74.63.50.18";"bittorrent";1340035045;652453.936331;-1.000000;"a57cd6aa-6b9a-40e3-ae4c-0685546dd104";29169;"MD";"Baltimore";15;6;2012;0;18;"20120618"
"208.52.154.53";"US";-84.443200;33.793000;"AS13703 BroadRiver Communication Corp.";"mlab1-lga01";0.022697;2536134.579500;"0.004010999";"win32";"74.63.50.18";"speedtest";1340035081;837397.400240;0.024718;"5a94fb06-4ffc-4b82-bc99-552f47212e96";13703;"GA";"Atlanta";15;6;2012;0;18;"20120618"
"68.40.93.208";"US";-82.582300;42.637600;"AS7922 Comcast Cable Communications, Inc.";"mlab1-lga01";0.047314;1139632.619540;"0.004011999";"win32";"74.63.50.18";"speedtest";1340035152;442496.510788;0.048599;"5ddd06da-64ad-444c-b2c0-525541d4d177";7922;"MI";"Algonac";15;6;2012;0;18;"20120618"
"68.188.90.154";"US";-90.197900;38.627300;"AS20115 Charter Communications";"mlab1-lga01";0.037068;117586.039371;"0.004012999";"darwin";"74.63.50.18";"bittorrent";1340036171;558547.952544;-1.000000;"10349cfe-4a13-405a-99be-aabdb52920f3";20115;"MO";"Saint Louis";16;6;2012;0;18;"20120618"
"205.178.18.107";"US";-87.623800;41.884900;"AS6079 RCN";"mlab1-lga01";0.046442;2202269.696550;"0.004011999";"win32";"74.63.50.18";"speedtest";1340036719;174397.411735;0.047944;"e98788b3-c49f-4266-b003-f95ea1c0e2a0";6079;"IL";"Chicago";16;6;2012;0;18;"20120618"
"71.190.171.206";"US";-73.525400;40.767000;"AS701 MCI Communications Services, Inc. d/b/a Verizon Business";"mlab1-lga01";0.007588;3825615.753857;"0.004012999";"linux2";"74.63.50.18";"bittorrent";1340037751;2891268.559250;-1.000000;"dfd87da2-1968-48ac-9bd2-5469644e29e4";701;"NY";"Hicksville";16;6;2012;0;18;"20120618"
"99.130.96.199";"US";-117.490800;33.932900;"AS7018 AT&T Services, Inc.";"mlab1-lga01";0.100820;664112.400918;"0.004012999";"linux2";"74.63.50.18";"bittorrent";1340038829;178111.377626;-1.000000;"0a3b2944-23c0-4116-a068-0d5627c0dec9";7018;"CA";"Riverside";17;6;2012;0;18;"20120618"
"70.122.243.11";"US";-97.015000;32.954600;"AS11427 Time Warner Cable Internet LLC";"mlab1-lga01";0.061834;3098912.528340;"0.004012999";"win32";"74.63.50.18";"speedtest";1340039044;563542.336554;0.067792;"bab8f612-1f34-46c2-a83e-fbaa7a2f8fa7";11427;"TX";"Coppell";17;6;2012;0;18;"20120618"
"207.231.92.41";"US";-121.370600;38.784300;"AS14051 Roseville Telephone Company";"mlab1-lga01";0.083399;266459.059569;"0.004012999";"win32";"74.63.50.18";"speedtest";1340038991;303651.487664;0.089607;"cb121e1a-4701-4c5a-91b5-29c9df2b10c0";14051;"CA";"Roseville";17;6;2012;0;18;"20120618"
"96.2.48.78";"US";-96.983300;42.836900;"AS11232 Midcontinent Media, Inc.";"mlab1-lga01";0.048477;4209415.277990;"0.004012999";"win32";"74.63.50.18";"bittorrent";1340039147;622761.614190;-1.000000;"d4959228-fa29-4292-8c76-7ca9985284c9";11232;"SD";"Vermillion";17;6;2012;0;18;"20120618"
"97.65.115.51";"US";-122.393300;37.769700;"AS4323 tw telecom holdings, inc.";"mlab1-lga01";0.074458;804232.303940;"0.004012999";"win32";"74.63.50.18";"bittorrent";1340039956;551363.311341;-1.000000;"e54bd867-c3d4-475c-aa3f-d513bac1c0f1";4323;"CA";"San Francisco";17;6;2012;0;18;"20120618"
"70.122.243.11";"US";-97.015000;32.954600;"AS11427 Time Warner Cable Internet LLC";"mlab1-lga01";0.064345;3643322.592017;"0.004012999";"win32";"74.63.50.18";"bittorrent";1340040547;552476.191160;-1.000000;"bab8f612-1f34-46c2-a83e-fbaa7a2f8fa7";11427;"TX";"Coppell";17;6;2012;0;18;"20120618"
"99.92.88.210";"US";-122.030700;37.353700;"AS7018 AT&T Services, Inc.";"mlab1-lga01";0.106495;918776.790962;"0.004012999";"darwin";"74.63.50.18";"bittorrent";1340041099;183221.294872;-1.000000;"13cf72ab-670c-4dc7-8fad-aa9a41f4355d";7018;"CA";"Sunnyvale";17;6;2012;0;18;"20120618"
"68.48.221.17";"US";-76.837500;39.174900;"AS7922 Comcast Cable Communications, Inc.";"mlab1-lga01";0.017348;3133589.813600;"0.004012999";"darwin";"74.63.50.18";"speedtest";1340041852;708165.156052;0.107982;"4162ce8a-78ab-4a68-9407-13618360662f";7922;"MD";"Columbia";17;6;2012;0;18;"20120618"
"75.132.191.176";"US";-89.899800;38.512100;"AS20115 Charter Communications";"mlab1-lga01";0.041939;2648899.079570;"0.004012999";"win32";"74.63.50.18";"speedtest";1340042273;399467.857583;0.042297;"c08311ac-7edd-4390-b447-4ca484b5dacc";20115;"IL";"Belleville";17;6;2012;0;18;"20120618"
"76.24.39.72";"US";-71.691300;42.413600;"AS7922 Comcast Cable Communications, Inc.";"mlab1-lga01";0.024013;564670.259888;"0.004012999";"win32";"74.63.50.18";"bittorrent";1340042793;438178.674613;-1.000000;"d7fbbeb1-8f79-4feb-9ab1-01beb7b970aa";7922;"MA";"Clinton";18;6;2012;0;18;"20120618"
"99.130.96.199";"US";-117.490800;33.932900;"AS7018 AT&T Services, Inc.";"mlab1-lga01";0.101385;1189011.382920;"0.004012999";"linux2";"74.63.50.18";"speedtest";1340043225;174633.520526;0.102638;"0a3b2944-23c0-4116-a068-0d5627c0dec9";7018;"CA";"Riverside";18;6;2012;0;18;"20120618"
"72.81.232.139";"US";-76.837500;39.174900;"AS701 MCI Communications Services, Inc. d/b/a Verizon Business";"mlab1-lga01";0.057471;1262727.189020;"0.004012999";"darwin";"74.63.50.18";"speedtest";1340043727;234194.373682;0.111490;"5d2377cf-2e67-40be-b1dc-e439a545da6f";701;"MD";"Columbia";18;6;2012;0;18;"20120618"
"208.57.38.36";"US";-117.164900;32.807200;"AS14265 Telepacific Communications";"mlab1-lga01";0.086356;167702.854201;"0.004011999";"linux2";"74.63.50.18";"speedtest";1340043929;175224.488101;0.093305;"71bb2b47-414f-414d-b8ff-f1237c21f432";14265;"CA";"San Diego";18;6;2012;0;18;"20120618"
"98.22.138.166";"US";-95.790800;36.052600;"AS7029 Windstream Communications Inc";"mlab1-lga01";1.539810;7610.770232;"0.004012999";"win32";"74.63.50.18";"bittorrent";1340044226;9698.916061;-1.000000;"eb27082c-e25b-4239-869e-8ba23d438a17";7029;"OK";"Broken Arrow";18;6;2012;0;18;"20120618"
"97.65.115.51";"US";-122.393300;37.769700;"AS4323 tw telecom holdings, inc.";"mlab1-lga01";0.075318;639331.244771;"0.004012999";"win32";"74.63.50.18";"speedtest";1340044403;574509.189754;0.088202;"e54bd867-c3d4-475c-aa3f-d513bac1c0f1";4323;"CA";"San Francisco";18;6;2012;0;18;"20120618"
"76.168.80.127";"US";-118.243700;34.052200;"AS20001 Time Warner Cable Internet LLC";"mlab1-lga01";0.128202;1999395.282344;"0.004012999";"darwin";"74.63.50.18";"bittorrent";1340045272;131584.918015;-1.000000;"90d62fdd-a880-469e-bb3b-4bf575cfed10";20001;"CA";"Los Angeles";18;6;2012;0;18;"20120618"
"68.58.165.186";"US";-80.107000;32.841300;"AS7922 Comcast Cable Communications, Inc.";"mlab1-lga01";0.049175;1459763.273620;"0.004012999";"linux2";"74.63.50.18";"speedtest";1340045386;886100.942440;0.051592;"564f666b-3c55-40d4-a5f8-92064e970a5f";7922;"SC";"Charleston";18;6;2012;0;18;"20120618"
"70.113.90.176";"US";-97.722700;30.310600;"AS11427 Time Warner Cable Internet LLC";"mlab1-lga01";0.072164;2152190.099063;"0.004012999";"win32";"74.63.50.18";"bittorrent";1340046025;215198.272995;-1.000000;"f957f544-b6fe-4e0c-b05d-e4a409241054";11427;"TX";"Austin";19;6;2012;0;18;"20120618"
"75.140.153.254";"US";-121.654400;37.130500;"AS20115 Charter Communications";"mlab1-lga01";0.097901;697623.964524;"0.004012999";"darwin";"74.63.50.18";"speedtest";1340046056;597052.523201;0.094695;"a039434c-d8c0-4f4d-8050-4153de22c986";20115;"CA";"Morgan Hill";19;6;2012;0;18;"20120618"
"71.58.226.44";"US";-75.961500;41.249000;"AS7922 Comcast Cable Communications, Inc.";"mlab1-lga01";0.031599;3752704.042440;"0.004012999";"win32";"74.63.50.18";"bittorrent";1340046311;682622.259609;-1.000000;"fb6cc5ca-37c3-44c5-8176-4a40a17f217a";7922;"PA";"Plymouth";19;6;2012;0;18;"20120618"
"68.40.93.208";"US";-82.582300;42.637600;"AS7922 Comcast Cable Communications, Inc.";"mlab1-lga01";0.044097;1675905.922973;"0.004011999";"win32";"74.63.50.18";"bittorrent";1340046526;402865.423045;-1.000000;"5ddd06da-64ad-444c-b2c0-525541d4d177";7922;"MI";"Algonac";19;6;2012;0;18;"20120618"
"71.237.28.39";"US";-104.984700;39.739200;"AS7922 Comcast Cable Communications, Inc.";"mlab1-lga01";0.055588;893118.123792;"0.004012999";"darwin";"74.63.50.18";"speedtest";1340046963;464229.271596;0.230271;"95e96326-78fe-4507-8b06-f60611a1b7ad";7922;"CO";"Denver";19;6;2012;0;18;"20120618"
"209.155.86.74";"US";-77.426000;43.100500;"AS1785 PaeTec Communications, Inc.";"mlab1-lga01";0.067542;239363.332873;"0.004012999";"win32";"74.63.50.18";"speedtest";1340047804;56660.377511;0.038736;"4841c017-4566-4afc-a805-ba458ccb2be1";1785;"NY";"Fairport";19;6;2012;0;18;"20120618"
"76.24.39.72";"US";-71.691300;42.413600;"AS7922 Comcast Cable Communications, Inc.";"mlab1-lga01";0.016914;724251.792105;"0.004012999";"win32";"74.63.50.18";"bittorrent";1340048459;458924.203425;-1.000000;"d7fbbeb1-8f79-4feb-9ab1-01beb7b970aa";7922;"MA";"Clinton";19;6;2012;0;18;"20120618"
"74.60.227.223";"US";-84.561300;39.399500;"AS16586 CLEARWIRE - CLEAR WIRELESS LLC";"mlab1-lga01";0.092897;233782.874271;"0.004012999";"win32";"74.63.50.18";"speedtest";1340048849;58957.482668;0.114818;"59bc30c0-4f87-4fbd-8bb7-35768315d718";16586;"OH";"Hamilton";19;6;2012;0;18;"20120618"
"207.231.92.41";"US";-121.370600;38.784300;"AS14051 Roseville Telephone Company";"mlab1-lga01";0.083059;2668136.103496;"0.004012999";"win32";"74.63.50.18";"bittorrent";1340049129;2025173.337124;-1.000000;"cb121e1a-4701-4c5a-91b5-29c9df2b10c0";14051;"CA";"Roseville";19;6;2012;0;18;"20120618"
"70.113.90.176";"US";-97.722700;30.310600;"AS11427 Time Warner Cable Internet LLC";"mlab1-lga01";0.063185;1636430.976075;"0.004012999";"win32";"74.63.50.18";"bittorrent";1340049237;216444.422250;-1.000000;"f957f544-b6fe-4e0c-b05d-e4a409241054";11427;"TX";"Austin";19;6;2012;0;18;"20120618"
"98.124.100.208";"US";-80.038400;33.118000;"AS16863 Home Telephone Company, Inc.";"mlab1-lga01";0.154059;1070767.235812;"0.004012999";"linux2";"74.63.50.18";"bittorrent";1340049466;216951.862295;-1.000000;"adcd5d0f-b5f4-47e4-9505-249669f515a0";16863;"SC";"Moncks Corner";19;6;2012;0;18;"20120618"
"72.81.232.139";"US";-76.837500;39.174900;"AS701 MCI Communications Services, Inc. d/b/a Verizon Business";"mlab1-lga01";0.022757;1613707.811826;"0.004012999";"darwin";"74.63.50.18";"bittorrent";1340049523;385.943627;-1.000000;"5d2377cf-2e67-40be-b1dc-e439a545da6f";701;"MD";"Columbia";19;6;2012;0;18;"20120618"
"128.61.31.248";"US";-84.388000;33.749000;"AS2637 Georgia Institute of Technology";"mlab1-lga01";0.038506;616590.567830;"0.004012999";"darwin";"74.63.50.18";"speedtest";1340050330;1045798.774040;0.040657;"d1d9cf28-81d6-46b4-ba42-6b229fc338d8";2637;"GA";"Atlanta";20;6;2012;0;18;"20120618"
"174.31.152.186";"US";-97.000000;38.000000;"AS209 NOVARTIS-DMZ-US";"mlab1-lga01";0.098353;1924769.323140;"0.004012999";"darwin";"74.63.50.18";"speedtest";1340051272;538408.840751;0.105747;"9da9dff5-de02-49ae-a084-b2164425feeb";209;"";"";20;6;2012;0;18;"20120618"
"24.22.135.177";"US";-122.332100;47.606200;"AS7922 Comcast Cable Communications, Inc.";"mlab1-lga01";0.084540;2985439.853969;"0.004012999";"linux2";"74.63.50.18";"bittorrent";1340051648;139904.338696;-1.000000;"04cea472-6610-42db-acd2-c644a3d4447f";7922;"WA";"Seattle";20;6;2012;0;18;"20120618"
"207.231.92.41";"US";-121.370600;38.784300;"AS14051 Roseville Telephone Company";"mlab1-lga01";0.083259;2424664.835479;"0.004012999";"win32";"74.63.50.18";"bittorrent";1340051989;2304311.815824;-1.000000;"cb121e1a-4701-4c5a-91b5-29c9df2b10c0";14051;"CA";"Roseville";20;6;2012;0;18;"20120618"
"74.93.119.149";"US";-77.460300;37.553800;"AS7922 Comcast Cable Communications, Inc.";"mlab1-lga01";0.024833;2307061.348640;"0.004012999";"win32";"74.63.50.18";"speedtest";1340051899;600090.794336;0.031756;"89137afb-b348-4f18-88b5-80cee829292f";7922;"VA";"Richmond";20;6;2012;0;18;"20120618"
"76.112.203.189";"US";-83.144600;42.489500;"AS7922 Comcast Cable Communications, Inc.";"mlab1-lga01";0.042254;1850769.586370;"0.004012999";"win32";"74.63.50.18";"speedtest";1340052562;782773.705769;0.044372;"5cb4931f-bf67-49bf-a4ec-d36d7495a682";7922;"MI";"Royal Oak";20;6;2012;0;18;"20120618"
"76.24.39.72";"US";-71.691300;42.413600;"AS7922 Comcast Cable Communications, Inc.";"mlab1-lga01";0.017958;504283.762462;"0.004012999";"win32";"74.63.50.18";"speedtest";1340052705;462245.604683;0.023369;"d7fbbeb1-8f79-4feb-9ab1-01beb7b970aa";7922;"MA";"Clinton";20;6;2012;0;18;"20120618"
"24.22.135.177";"US";-122.332100;47.606200;"AS7922 Comcast Cable Communications, Inc.";"mlab1-lga01";0.080252;2392401.913010;"0.004012999";"linux2";"74.63.50.18";"speedtest";1340053097;408199.703858;0.082234;"04cea472-6610-42db-acd2-c644a3d4447f";7922;"WA";"Seattle";20;6;2012;0;18;"20120618"
"96.236.133.97";"US";-79.995900;40.440600;"AS701 MCI Communications Services, Inc. d/b/a Verizon Business";"mlab1-lga01";0.037542;672264.674411;"0.004012999";"linux2";"74.63.50.18";"speedtest";1340053266;292430.439765;0.046427;"002bd52f-5f9d-42eb-9ce6-e310c9db525a";701;"PA";"Pittsburgh";21;6;2012;0;18;"20120618"
"74.93.119.149";"US";-77.460300;37.553800;"AS7922 Comcast Cable Communications, Inc.";"mlab1-lga01";0.025670;2537557.023383;"0.004012999";"win32";"74.63.50.18";"bittorrent";1340053591;605079.867844;-1.000000;"89137afb-b348-4f18-88b5-80cee829292f";7922;"VA";"Richmond";21;6;2012;0;18;"20120618"
"24.111.85.175";"US";-97.440500;42.935900;"AS11232 Midcontinent Media, Inc.";"mlab1-lga01";0.050305;264300.030270;"0.004011999";"win32";"74.63.50.18";"bittorrent";1340053995;517597.926058;-1.000000;"d8e6a54b-6231-4d06-a9c1-bf3a10f484b1";11232;"SD";"Yankton";21;6;2012;0;18;"20120618"
"72.181.251.247";"US";-96.771500;32.833900;"AS11427 Time Warner Cable Internet LLC";"mlab1-lga01";0.051646;2192646.890390;"0.004012999";"darwin";"74.63.50.18";"speedtest";1340054250;218062.177243;0.060844;"ec56ca67-ca5b-4ee7-a615-8743ebac3e8a";11427;"TX";"Dallas";21;6;2012;0;18;"20120618"
"71.190.171.206";"US";-73.525400;40.767000;"AS701 MCI Communications Services, Inc. d/b/a Verizon Business";"mlab1-lga01";0.009370;3767462.795810;"0.004012999";"linux2";"74.63.50.18";"speedtest";1340054388;2596684.316640;0.009935;"dfd87da2-1968-48ac-9bd2-5469644e29e4";701;"NY";"Hicksville";21;6;2012;0;18;"20120618"
"67.130.216.230";"US";-105.937800;35.687000;"AS209 NOVARTIS-DMZ-US";"mlab1-lga01";0.074576;54190.848861;"0.004012999";"win32";"74.63.50.18";"bittorrent";1340054615;63266.705394;-1.000000;"ee8fe911-f84d-4ab8-b486-dda4c138f932";209;"NM";"Santa Fe";21;6;2012;0;18;"20120618"
"75.145.125.61";"US";-104.984700;39.739200;"AS7922 Comcast Cable Communications, Inc.";"mlab1-lga01";0.067041;2723808.409066;"0.004012999";"linux2";"74.63.50.18";"bittorrent";1340054706;345421.686067;-1.000000;"d3080793-9920-4346-9c49-3a102587393e";7922;"CO";"Denver";21;6;2012;0;18;"20120618"
"76.169.71.176";"US";-118.273400;33.963800;"AS20001 Time Warner Cable Internet LLC";"mlab1-lga01";0.105120;314646.726915;"0.004011999";"win32";"74.63.50.18";"speedtest";1340054811;65356.669683;0.097682;"2f0c137b-7982-4d9c-b50a-c362f2d810e0";20001;"CA";"Los Angeles";21;6;2012;0;18;"20120618"
"67.61.252.127";"US";-116.391500;43.612100;"AS11492 CABLE ONE, INC.";"mlab1-lga01";0.097802;390284.788082;"0.004012999";"win32";"74.63.50.18";"speedtest";1340055468;33495.588065;0.102599;"076c32c5-13b7-4305-a338-c545b0b2a500";11492;"ID";"Meridian";21;6;2012;0;18;"20120618"
"184.177.72.227";"US";-97.000000;38.000000;"AS22773 Cox Communications Inc.";"mlab1-lga01";0.082263;554949.973902;"0.004012999";"win32";"74.63.50.18";"bittorrent";1340055761;776382.009799;-1.000000;"e9aa2936-1c50-4b9d-89e4-2daad232b753";22773;"";"";21;6;2012;0;18;"20120618"
"75.132.191.176";"US";-89.899800;38.512100;"AS20115 Charter Communications";"mlab1-lga01";0.037806;2230112.338810;"0.004012999";"win32";"74.63.50.18";"speedtest";1340056982;393531.055109;0.041371;"c08311ac-7edd-4390-b447-4ca484b5dacc";20115;"IL";"Belleville";22;6;2012;0;18;"20120618"
"132.161.219.98";"US";-92.717600;41.721700;"AS22949 Grinnell College";"mlab1-lga01";0.044969;2928771.506319;"0.004012999";"win32";"74.63.50.18";"bittorrent";1340058437;358888.963493;-1.000000;"de23301c-c09c-4e47-aa2b-90a625720856";22949;"IA";"Grinnell";22;6;2012;0;18;"20120618"
"69.249.238.83";"US";-75.163800;39.952300;"AS7922 Comcast Cable Communications, Inc.";"mlab1-lga01";0.091377;2939322.316712;"0.004012999";"win32";"74.63.50.18";"bittorrent";1340058454;200513.918876;-1.000000;"a49b9e19-6f47-4dc7-8196-0fc4dbc9e641";7922;"PA";"Philadelphia";22;6;2012;0;18;"20120618"
"67.172.130.152";"US";-104.821400;38.833900;"AS7922 Comcast Cable Communications, Inc.";"mlab1-lga01";0.097577;3119205.536562;"0.004012999";"darwin";"74.63.50.18";"bittorrent";1340059768;485338.690283;-1.000000;"e83583f7-4c54-4291-a929-2fd12fd286f5";7922;"CO";"Colorado Springs";22;6;2012;0;18;"20120618"
"64.81.87.32";"US";-117.865300;34.020300;"AS18566 MegaPath Corporation";"mlab1-lga01";0.092225;563437.423880;"0.004011999";"win32";"74.63.50.18";"bittorrent";1340060096;68639.185723;-1.000000;"e94d5238-1b8c-4a39-ae43-035af5b62fa1";18566;"CA";"Walnut";22;6;2012;0;18;"20120618"
"98.243.192.146";"US";-84.594100;42.860200;"AS7922 Comcast Cable Communications, Inc.";"mlab1-lga01";0.044706;1465715.610560;"0.004012999";"darwin";"74.63.50.18";"speedtest";1340060439;470200.834619;0.043980;"69a61dac-c7ac-4b16-b86b-4bd2f3990f62";7922;"MI";"Dewitt";23;6;2012;0;18;"20120618"
"99.21.145.140";"US";-121.382800;38.626300;"AS7132 AS for SBIS-AS";"mlab1-lga01";0.105809;1277248.496420;"0.004012999";"win32";"74.63.50.18";"bittorrent";1340060704;176431.363661;-1.000000;"ebeab1c8-defc-4fef-8be3-daa7088a0954";7132;"CA";"Sacramento";23;6;2012;0;18;"20120618"
"24.111.85.175";"US";-97.440500;42.935900;"AS11232 Midcontinent Media, Inc.";"mlab1-lga01";0.049393;302778.982606;"0.004011999";"win32";"74.63.50.18";"speedtest";1340061131;554062.556293;0.051626;"d8e6a54b-6231-4d06-a9c1-bf3a10f484b1";11232;"SD";"Yankton";23;6;2012;0;18;"20120618"
"67.168.59.54";"US";-122.668000;48.185500;"AS7922 Comcast Cable Communications, Inc.";"mlab1-lga01";0.084539;1822441.400149;"0.004012999";"win32";"74.63.50.18";"bittorrent";1340061545;724827.237310;-1.000000;"ea22d474-846e-407d-9ebe-cd03ff0d64f4";7922;"WA";"Coupeville";23;6;2012;0;18;"20120618"
"216.196.141.118";"US";-97.000000;38.000000;"AS6181 Cincinnati Bell Telephone";"mlab1-lga01";0.034827;8030.738161;"0.004012999";"win32";"74.63.50.18";"speedtest";1340062177;27933.341539;0.053033;"59bc30c0-4f87-4fbd-8bb7-35768315d718";6181;"";"";23;6;2012;0;18;"20120618"
"67.61.252.127";"US";-116.391500;43.612100;"AS11492 CABLE ONE, INC.";"mlab1-lga01";0.102450;537193.529505;"0.004012999";"win32";"74.63.50.18";"bittorrent";1340062852;2279.710308;-1.000000;"076c32c5-13b7-4305-a338-c545b0b2a500";11492;"ID";"Meridian";23;6;2012;0;18;"20120618"
"75.127.236.122";"US";-97.000000;38.000000;"AS6128 Cablevision Systems Corp.";"mlab1-lga01";0.010416;4268912.864219;"0.004012999";"win32";"74.63.50.18";"bittorrent";1340062922;635856.262758;-1.000000;"560c097a-1dfa-4e05-9893-bdc56e35afc3";6128;"";"";23;6;2012;0;18;"20120618"
"67.168.59.54";"US";-122.668000;48.185500;"AS7922 Comcast Cable Communications, Inc.";"mlab1-lga01";0.085526;2066162.740650;"0.004012999";"win32";"74.63.50.18";"speedtest";1340063052;657253.006925;0.085577;"ea22d474-846e-407d-9ebe-cd03ff0d64f4";7922;"WA";"Coupeville";23;6;2012;0;18;"20120618"
"184.177.72.227";"US";-97.000000;38.000000;"AS22773 Cox Communications Inc.";"mlab1-lga01";0.081717;662150.058541;"0.004012999";"win32";"74.63.50.18";"speedtest";1340063267;724448.222994;0.083253;"e9aa2936-1c50-4b9d-89e4-2daad232b753";22773;"";"";23;6;2012;0;18;"20120618"
"96.236.133.97";"US";-79.995900;40.440600;"AS701 MCI Communications Services, Inc. d/b/a Verizon Business";"mlab1-lga01";0.026372;331448.073717;"0.004012999";"linux2";"74.63.50.18";"bittorrent";1340063304;219843.572521;-1.000000;"002bd52f-5f9d-42eb-9ce6-e310c9db525a";701;"PA";"Pittsburgh";23;6;2012;0;18;"20120618"
"101.98.179.198";"NZ";174.000000;-41.000000;"AS9790 CallPlus Services Limited";"mlab3-wlg01";0.035587;897832.125872;"0.004012999";"win32";"103.10.233.46";"speedtest";1339977699;75474.132311;0.038264;"79031f01-617b-4b0b-bd7d-5b51f7b9fb22";9790;"";"";0;6;2012;0;18;"20120618"
"116.251.189.15";"NZ";174.000000;-41.000000;"AS55850 TrustPower Ltd";"mlab3-wlg01";0.051523;491640.762003;"0.004012999";"win32";"103.10.233.46";"speedtest";1339978709;192232.293509;0.063466;"42540054-8fac-44ca-b82c-3d2939f5ce30";55850;"";"";0;6;2012;0;18;"20120618"
"101.98.179.198";"NZ";174.000000;-41.000000;"AS9790 CallPlus Services Limited";"mlab3-wlg01";0.035321;827624.005860;"0.004012999";"win32";"103.10.233.46";"bittorrent";1339979098;110295.359542;-1.000000;"79031f01-617b-4b0b-bd7d-5b51f7b9fb22";9790;"";"";0;6;2012;0;18;"20120618"
"101.98.179.198";"NZ";174.000000;-41.000000;"AS9790 CallPlus Services Limited";"mlab3-wlg01";0.034655;474493.812968;"0.004012999";"win32";"103.10.233.46";"bittorrent";1339985008;107767.518642;-1.000000;"79031f01-617b-4b0b-bd7d-5b51f7b9fb22";9790;"";"";2;6;2012;0;18;"20120618"
"116.251.189.15";"NZ";174.000000;-41.000000;"AS55850 TrustPower Ltd";"mlab3-wlg01";0.045083;968433.058559;"0.004012999";"win32";"103.10.233.46";"bittorrent";1339985755;355917.452503;-1.000000;"42540054-8fac-44ca-b82c-3d2939f5ce30";55850;"";"";2;6;2012;0;18;"20120618"
"101.98.179.198";"NZ";174.000000;-41.000000;"AS9790 CallPlus Services Limited";"mlab3-wlg01";0.034978;628310.465232;"0.004012999";"win32";"103.10.233.46";"speedtest";1339986565;107667.263409;0.037995;"79031f01-617b-4b0b-bd7d-5b51f7b9fb22";9790;"";"";2;6;2012;0;18;"20120618"
"116.251.189.15";"NZ";174.000000;-41.000000;"AS55850 TrustPower Ltd";"mlab3-wlg01";0.045109;964245.416282;"0.004012999";"win32";"103.10.233.46";"bittorrent";1339988562;355869.786090;-1.000000;"42540054-8fac-44ca-b82c-3d2939f5ce30";55850;"";"";3;6;2012;0;18;"20120618"
"116.251.189.15";"NZ";174.000000;-41.000000;"AS55850 TrustPower Ltd";"mlab3-wlg01";0.045527;949135.204750;"0.004012999";"win32";"103.10.233.46";"bittorrent";1339991369;355431.157150;-1.000000;"42540054-8fac-44ca-b82c-3d2939f5ce30";55850;"";"";3;6;2012;0;18;"20120618"
"116.251.189.15";"NZ";174.000000;-41.000000;"AS55850 TrustPower Ltd";"mlab3-wlg01";0.046069;892693.444964;"0.004012999";"win32";"103.10.233.46";"speedtest";1339995579;346783.068533;0.047774;"42540054-8fac-44ca-b82c-3d2939f5ce30";55850;"";"";4;6;2012;0;18;"20120618"
"116.251.189.15";"NZ";174.000000;-41.000000;"AS55850 TrustPower Ltd";"mlab3-wlg01";0.044810;957626.681398;"0.004012999";"win32";"103.10.233.46";"bittorrent";1339996984;354793.499531;-1.000000;"42540054-8fac-44ca-b82c-3d2939f5ce30";55850;"";"";5;6;2012;0;18;"20120618"
"116.251.189.15";"NZ";174.000000;-41.000000;"AS55850 TrustPower Ltd";"mlab3-wlg01";0.045796;848305.432873;"0.004012999";"win32";"103.10.233.46";"speedtest";1339998395;341047.370695;0.046878;"42540054-8fac-44ca-b82c-3d2939f5ce30";55850;"";"";5;6;2012;0;18;"20120618"
"116.251.189.15";"NZ";174.000000;-41.000000;"AS55850 TrustPower Ltd";"mlab3-wlg01";0.045341;926877.299240;"0.004012999";"win32";"103.10.233.46";"speedtest";1340001202;347089.739128;0.047016;"42540054-8fac-44ca-b82c-3d2939f5ce30";55850;"";"";6;6;2012;0;18;"20120618"
"101.98.179.198";"NZ";174.000000;-41.000000;"AS9790 CallPlus Services Limited";"mlab3-wlg01";0.037048;118312.825129;"0.004012999";"win32";"103.10.233.46";"speedtest";1340001365;38193.548687;0.038166;"79031f01-617b-4b0b-bd7d-5b51f7b9fb22";9790;"";"";6;6;2012;0;18;"20120618"
"101.98.179.198";"NZ";174.000000;-41.000000;"AS9790 CallPlus Services Limited";"mlab3-wlg01";0.034917;54279.583566;"0.004012999";"win32";"103.10.233.46";"bittorrent";1340002767;115201.545872;-1.000000;"79031f01-617b-4b0b-bd7d-5b51f7b9fb22";9790;"";"";6;6;2012;0;18;"20120618"
"101.98.179.198";"NZ";174.000000;-41.000000;"AS9790 CallPlus Services Limited";"mlab3-wlg01";0.035165;393096.458547;"0.004012999";"win32";"103.10.233.46";"speedtest";1340010530;53357.590967;0.038524;"79031f01-617b-4b0b-bd7d-5b51f7b9fb22";9790;"";"";9;6;2012;0;18;"20120618"
"101.98.179.198";"NZ";174.000000;-41.000000;"AS9790 CallPlus Services Limited";"mlab3-wlg01";0.034864;76597.241645;"0.004012999";"win32";"103.10.233.46";"bittorrent";1340011932;105874.075197;-1.000000;"79031f01-617b-4b0b-bd7d-5b51f7b9fb22";9790;"";"";9;6;2012;0;18;"20120618"
"101.98.179.198";"NZ";174.000000;-41.000000;"AS9790 CallPlus Services Limited";"mlab3-wlg01";0.035498;538752.915215;"0.004012999";"win32";"103.10.233.46";"speedtest";1340013484;53799.987431;0.039942;"79031f01-617b-4b0b-bd7d-5b51f7b9fb22";9790;"";"";9;6;2012;0;18;"20120618"
"99.50.108.13";"US";-90.667300;38.635300;"AS7018 AT&T Services, Inc.";"mlab1-iad01";0.063273;616445.211453;"0.004012999";"linux2";"216.156.197.147";"bittorrent";1339978242;76103.529628;-1.000000;"a259bdc6-a9f3-476e-bce2-78bf8704e536";7018;"MO";"Chesterfield";0;6;2012;0;18;"20120618"
"99.92.88.210";"US";-122.030700;37.353700;"AS7018 AT&T Services, Inc.";"mlab1-iad01";0.102876;945103.907856;"0.004012999";"darwin";"216.156.197.147";"speedtest";1339978538;174138.887423;0.104052;"13cf72ab-670c-4dc7-8fad-aa9a41f4355d";7018;"CA";"Sunnyvale";0;6;2012;0;18;"20120618"
"50.83.240.108";"US";-95.977900;45.232200;"AS30036 Mediacom Communications Corp";"mlab1-iad01";0.050378;1269526.114240;"0.004012999";"darwin";"216.156.197.147";"speedtest";1339978683;319165.376919;0.055733;"43af2f72-3dc4-4824-9ff7-faa06a3cb206";30036;"MN";"Appleton";0;6;2012;0;18;"20120618"
"205.178.18.107";"US";-87.623800;41.884900;"AS6079 RCN";"mlab1-iad01";0.036792;1057663.448860;"0.004011999";"win32";"216.156.197.147";"speedtest";1339978904;180120.817795;0.040238;"e98788b3-c49f-4266-b003-f95ea1c0e2a0";6079;"IL";"Chicago";0;6;2012;0;18;"20120618"
"74.163.8.166";"US";-86.875000;30.446700;"AS6389 BellSouth.net Inc.";"mlab1-iad01";0.062130;373565.573787;"0.004012999";"win32";"216.156.197.147";"bittorrent";1339978990;41561.772285;-1.000000;"4565989b-987f-4c3c-aa75-a740afde3068";6389;"FL";"Navarre";0;6;2012;0;18;"20120618"
"69.148.250.152";"US";-97.337500;37.692200;"AS7018 AT&T Services, Inc.";"mlab1-iad01";0.091289;145453.589634;"0.004012999";"win32";"216.156.197.147";"speedtest";1339979836;34766.288314;0.101888;"acd06144-444b-4f3e-8410-58a01e77f7a8";7018;"KS";"Wichita";0;6;2012;0;18;"20120618"
"71.204.91.144";"US";-84.447700;34.119000;"AS7922 Comcast Cable Communications, Inc.";"mlab1-iad01";0.031896;118677.874452;"0.004012999";"darwin";"216.156.197.147";"bittorrent";1339979895;365255.970247;-1.000000;"4b4fa0bc-987b-4105-9a0b-83e736a6503c";7922;"GA";"Woodstock";0;6;2012;0;18;"20120618"
"72.181.251.247";"US";-96.771500;32.833900;"AS11427 Time Warner Cable Internet LLC";"mlab1-iad01";0.060717;900928.929884;"0.004012999";"darwin";"216.156.197.147";"speedtest";1339979922;219721.340914;0.068109;"f6add6e0-3bfa-4414-8fb5-1ec8432ae8bf";11427;"TX";"Dallas";0;6;2012;0;18;"20120618"
"67.130.216.230";"US";-105.937800;35.687000;"AS209 NOVARTIS-DMZ-US";"mlab1-iad01";0.130286;69563.869057;"0.004012999";"win32";"216.156.197.147";"bittorrent";1339980097;58417.645711;-1.000000;"ee8fe911-f84d-4ab8-b486-dda4c138f932";209;"NM";"Santa Fe";0;6;2012;0;18;"20120618"
"98.124.100.208";"US";-80.038400;33.118000;"AS16863 Home Telephone Company, Inc.";"mlab1-iad01";0.044212;716396.624411;"0.004012999";"linux2";"216.156.197.147";"speedtest";1339980411;171266.462180;0.043974;"adcd5d0f-b5f4-47e4-9505-249669f515a0";16863;"SC";"Moncks Corner";0;6;2012;0;18;"20120618"
"173.186.209.95";"US";-84.200300;30.975400;"AS7029 Windstream Communications Inc";"mlab1-iad01";0.126431;54215.309021;"0.004011999";"win32";"216.156.197.147";"bittorrent";1339980417;77357.162771;-1.000000;"de6fbf44-b9c6-4959-9089-5bd76562acd2";7029;"GA";"Cairo";0;6;2012;0;18;"20120618"
"65.77.65.251";"US";-97.794700;35.261200;"AS22898 ATLINK SERVICES, LLC";"mlab1-iad01";0.049880;336333.219159;"0.004012999";"win32";"216.156.197.147";"speedtest";1339980981;164768.119586;0.052148;"e4a04559-218e-49d2-bbc0-71b979b87fa0";22898;"OK";"Tuttle";0;6;2012;0;18;"20120618"
"24.2.64.100";"US";-112.008200;40.477400;"AS7922 Comcast Cable Communications, Inc.";"mlab1-iad01";0.080631;937993.970296;"0.004012999";"win32";"216.156.197.147";"bittorrent";1339981092;139909.217460;-1.000000;"9a8766b6-803d-48fa-b02a-2091ff6f496e";7922;"UT";"Riverton";0;6;2012;0;18;"20120618"
"98.207.87.80";"US";-122.299100;37.409600;"AS7922 Comcast Cable Communications, Inc.";"mlab1-iad01";0.113478;756823.259798;"0.004012999";"darwin";"216.156.197.147";"speedtest";1339981280;244197.076199;0.099299;"0f7d671c-779f-4f63-8f54-ca28fcc35fd6";7922;"CA";"Redwood City";1;6;2012;0;18;"20120618"
"98.22.138.166";"US";-95.790800;36.052600;"AS7029 Windstream Communications Inc";"mlab1-iad01";1.465187;109292.051815;"0.004012999";"win32";"216.156.197.147";"bittorrent";1339981451;66044.052246;-1.000000;"eb27082c-e25b-4239-869e-8ba23d438a17";7029;"OK";"Broken Arrow";1;6;2012;0;18;"20120618"
"76.10.12.242";"US";-88.242600;40.112500;"AS46925 PAVLOV MEDIA INC";"mlab1-iad01";0.037890;1367503.209291;"0.004012999";"win32";"216.156.197.147";"bittorrent";1339981862;1553994.644916;-1.000000;"b2c93218-2fa2-4a04-be8b-f4553cb22e1a";46925;"IL";"Champaign";1;6;2012;0;18;"20120618"
"74.163.8.166";"US";-86.875000;30.446700;"AS6389 BellSouth.net Inc.";"mlab1-iad01";0.062062;389091.249327;"0.004012999";"win32";"216.156.197.147";"bittorrent";1339982233;46614.327724;-1.000000;"4565989b-987f-4c3c-aa75-a740afde3068";6389;"FL";"Navarre";1;6;2012;0;18;"20120618"
"50.12.211.162";"US";-93.263800;44.980000;"AS16586 CLEARWIRE - CLEAR WIRELESS LLC";"mlab1-iad01";0.109419;399855.837246;"0.004012999";"darwin";"216.156.197.147";"speedtest";1339982240;140031.480844;0.113603;"3955a411-3e83-4a8e-aa8e-165233e306e9";16586;"MN";"Minneapolis";1;6;2012;0;18;"20120618"
"64.13.104.81";"US";-77.026100;38.990700;"AS16586 CLEARWIRE - CLEAR WIRELESS LLC";"mlab1-iad01";0.286849;82702.766079;"0.004012999";"darwin";"216.156.197.147";"bittorrent";1339982651;125973.623393;-1.000000;"8a5f995c-e96b-4ee9-8332-ee1284a6fd58";16586;"MD";"Silver Spring";1;6;2012;0;18;"20120618"
"67.174.9.121";"US";-87.819700;41.894000;"AS7922 Comcast Cable Communications, Inc.";"mlab1-iad01";0.048778;2622618.262870;"0.004012999";"win32";"216.156.197.147";"speedtest";1339982791;505009.954290;0.052991;"bdaf2367-a776-4a1f-9c03-a75a6b08c6b1";7922;"IL";"River Forest";1;6;2012;0;18;"20120618"
"99.130.96.199";"US";-117.490800;33.932900;"AS7018 AT&T Services, Inc.";"mlab1-iad01";0.094395;1218604.384460;"0.004012999";"linux2";"216.156.197.147";"speedtest";1339983675;173347.822199;0.093902;"0a3b2944-23c0-4116-a068-0d5627c0dec9";7018;"CA";"Riverside";1;6;2012;0;18;"20120618"
"98.157.202.20";"US";-87.413900;39.466700;"AS10796 Time Warner Cable Internet LLC";"mlab1-iad01";0.135252;275946.147731;"0.004011999";"win32";"216.156.197.147";"speedtest";1339983987;53744.108454;0.234075;"9c0fa0e1-b625-407b-8e5d-f979a63c0e77";10796;"IN";"Terre Haute";1;6;2012;0;18;"20120618"
"96.2.48.78";"US";-96.983300;42.836900;"AS11232 Midcontinent Media, Inc.";"mlab1-iad01";0.099086;650208.066682;"0.004011999";"win32";"216.156.197.147";"speedtest";1339984186;511315.053347;0.087801;"a7ed429a-44c3-4195-a0e5-7eac41680125";11232;"SD";"Vermillion";1;6;2012;0;18;"20120618"
"68.58.125.60";"US";-86.158000;39.768400;"AS7922 Comcast Cable Communications, Inc.";"mlab1-iad01";0.065374;1610234.569910;"0.004012999";"darwin";"216.156.197.147";"speedtest";1339985340;505961.323210;0.052999;"9ad7184c-eb25-4754-a40f-91e4262a9d35";7922;"IN";"Indianapolis";2;6;2012;0;18;"20120618"
"24.46.196.47";"US";-73.686200;40.793900;"AS6128 Cablevision Systems Corp.";"mlab1-iad01";0.037972;626055.413622;"0.004012999";"win32";"216.156.197.147";"bittorrent";1339985545;261545.887875;-1.000000;"103cc2f1-ddd5-4016-83cc-cdd357e7a81a";6128;"NY";"Manhasset";2;6;2012;0;18;"20120618"
"96.2.48.78";"US";-96.983300;42.836900;"AS11232 Midcontinent Media, Inc.";"mlab1-iad01";0.087646;724644.988415;"0.004011999";"win32";"216.156.197.147";"bittorrent";1339985707;451094.545583;-1.000000;"a7ed429a-44c3-4195-a0e5-7eac41680125";11232;"SD";"Vermillion";2;6;2012;0;18;"20120618"
"98.207.87.80";"US";-122.299100;37.409600;"AS7922 Comcast Cable Communications, Inc.";"mlab1-iad01";0.138269;533557.781611;"0.004012999";"darwin";"216.156.197.147";"bittorrent";1339985884;255303.294861;-1.000000;"0f7d671c-779f-4f63-8f54-ca28fcc35fd6";7922;"CA";"Redwood City";2;6;2012;0;18;"20120618"
"173.160.133.65";"US";-122.449200;47.151100;"AS7922 Comcast Cable Communications, Inc.";"mlab1-iad01";0.098837;420315.857583;"0.004012999";"win32";"216.156.197.147";"bittorrent";1339986812;269612.775113;-1.000000;"cd29f4ce-ebe9-47c8-8b18-9406a9618ac1";7922;"WA";"Tacoma";2;6;2012;0;18;"20120618"
"66.188.113.29";"US";-97.000000;38.000000;"AS20115 Charter Communications";"mlab1-iad01";0.059693;989339.992326;"0.004012999";"darwin";"216.156.197.147";"speedtest";1339987133;370930.479819;0.060363;"3f295a53-7a79-47cb-bd75-f79b53a6ae22";20115;"";"";2;6;2012;0;18;"20120618"
"24.130.152.60";"US";-122.088500;37.709000;"AS7922 Comcast Cable Communications, Inc.";"mlab1-iad01";0.092545;3457770.332063;"0.004012999";"darwin";"216.156.197.147";"bittorrent";1339987227;783845.487067;-1.000000;"92ef1dc6-e5b9-40c8-800b-cc909779319d";7922;"CA";"Castro Valley";2;6;2012;0;18;"20120618"
"208.57.38.36";"US";-117.164900;32.807200;"AS14265 Telepacific Communications";"mlab1-iad01";0.097463;181177.720321;"0.004011999";"linux2";"216.156.197.147";"bittorrent";1339987566;181396.989634;-1.000000;"71bb2b47-414f-414d-b8ff-f1237c21f432";14265;"CA";"San Diego";2;6;2012;0;18;"20120618"
"208.102.218.140";"US";-84.897500;39.285200;"AS6181 Cincinnati Bell Telephone";"mlab1-iad01";0.045350;1129328.705560;"0.004012999";"win32";"216.156.197.147";"speedtest";1339987996;235455.788624;0.047251;"59bc30c0-4f87-4fbd-8bb7-35768315d718";6181;"IN";"West Harrison";2;6;2012;0;18;"20120618"
"99.27.132.203";"US";-122.036300;37.368800;"AS7132 AS for SBIS-AS";"mlab1-iad01";0.104901;497068.144136;"0.004012999";"linux2";"216.156.197.147";"bittorrent";1339988193;76057.373570;-1.000000;"d0271e0a-854f-4f73-b087-7be4c60e4f8c";7132;"CA";"Sunnyvale";2;6;2012;0;18;"20120618"
"24.61.63.89";"US";-71.031600;42.399700;"AS7922 Comcast Cable Communications, Inc.";"mlab1-iad01";0.052518;1272491.694620;"0.004012999";"win32";"216.156.197.147";"speedtest";1339989141;508100.875431;0.045832;"641fcec9-64c6-4ec1-a213-90d958a6f9a1";7922;"MA";"Chelsea";3;6;2012;0;18;"20120618"
"74.2.122.133";"US";-97.000000;38.000000;"AS18566 MegaPath Corporation";"mlab1-iad01";0.069469;210315.240578;"0.004010999";"win32";"216.156.197.147";"bittorrent";1339989402;188596.929505;-1.000000;"f4acb085-b5ee-429a-a232-3ae956a10cf5";18566;"";"";3;6;2012;0;18;"20120618"
"68.40.185.45";"US";-83.740900;42.277600;"AS7922 Comcast Cable Communications, Inc.";"mlab1-iad01";0.054213;1422954.110420;"0.004012999";"darwin";"216.156.197.147";"speedtest";1339990070;736383.955114;0.066541;"f77a7853-1ba8-4219-aa2c-2157b5e89023";7922;"MI";"Ann Arbor";3;6;2012;0;18;"20120618"
"99.104.57.129";"US";-87.701600;41.975900;"AS7018 AT&T Services, Inc.";"mlab1-iad01";0.590629;72177.005898;"0.004012999";"darwin";"216.156.197.147";"speedtest";1339990237;8214.230847;0.509595;"d6f10baf-3b6d-47fb-999c-6d4188d2d4b2";7018;"IL";"Chicago";3;6;2012;0;18;"20120618"
"24.130.152.60";"US";-122.088500;37.709000;"AS7922 Comcast Cable Communications, Inc.";"mlab1-iad01";0.096849;2941954.638948;"0.004012999";"darwin";"216.156.197.147";"bittorrent";1339990400;779285.511256;-1.000000;"92ef1dc6-e5b9-40c8-800b-cc909779319d";7922;"CA";"Castro Valley";3;6;2012;0;18;"20120618"
"173.186.209.95";"US";-84.200300;30.975400;"AS7029 Windstream Communications Inc";"mlab1-iad01";0.048365;153844.633101;"0.004011999";"win32";"216.156.197.147";"speedtest";1339990456;80405.682314;0.054258;"de6fbf44-b9c6-4959-9089-5bd76562acd2";7029;"GA";"Cairo";3;6;2012;0;18;"20120618"
"67.77.90.108";"US";-82.079100;29.925400;"AS2379 Embarq Corporation";"mlab1-iad01";0.046002;1175506.000560;"0.004012999";"win32";"216.156.197.147";"speedtest";1339990615;90422.746925;0.050517;"b931e1a4-35d0-4ccf-96a9-c4a7c2d31f8b";2379;"FL";"Starke";3;6;2012;0;18;"20120618"
"74.2.122.133";"US";-97.000000;38.000000;"AS18566 MegaPath Corporation";"mlab1-iad01";0.037950;233985.868498;"0.004010999";"win32";"216.156.197.147";"speedtest";1339991199;232171.941664;0.042225;"f4acb085-b5ee-429a-a232-3ae956a10cf5";18566;"";"";3;6;2012;0;18;"20120618"
"71.187.199.3";"US";-74.216400;40.816200;"AS701 MCI Communications Services, Inc. d/b/a Verizon Business";"mlab1-iad01";0.026181;4121190.029400;"0.004011999";"win32";"216.156.197.147";"speedtest";1339991384;1074914.415370;0.016174;"a9bde20f-2872-443c-8e9b-a2f6f162c91d";701;"NJ";"Montclair";3;6;2012;0;18;"20120618"
"98.207.87.80";"US";-122.299100;37.409600;"AS7922 Comcast Cable Communications, Inc.";"mlab1-iad01";0.106957;1728080.098997;"0.004012999";"darwin";"216.156.197.147";"bittorrent";1339991979;255591.533909;-1.000000;"0f7d671c-779f-4f63-8f54-ca28fcc35fd6";7922;"CA";"Redwood City";3;6;2012;0;18;"20120618"
"24.22.135.177";"US";-122.332100;47.606200;"AS7922 Comcast Cable Communications, Inc.";"mlab1-iad01";0.094417;3076073.196865;"0.004012999";"linux2";"216.156.197.147";"bittorrent";1339993391;437190.075662;-1.000000;"04cea472-6610-42db-acd2-c644a3d4447f";7922;"WA";"Seattle";4;6;2012;0;18;"20120618"
"173.20.36.131";"US";-91.455800;40.452000;"AS30036 Mediacom Communications Corp";"mlab1-iad01";0.054485;141817.749605;"0.004012999";"win32";"216.156.197.147";"bittorrent";1339993673;176357.842112;-1.000000;"6b87ac46-1206-4d9c-afa5-d5cab4a872d6";30036;"IA";"Keokuk";4;6;2012;0;18;"20120618"
"68.175.101.106";"US";-74.006000;40.714300;"AS12271 Time Warner Cable Internet LLC";"mlab1-iad01";0.016539;2775539.400878;"0.004012999";"darwin";"216.156.197.147";"bittorrent";1339993727;638780.799315;-1.000000;"bff92ae8-06db-4514-9002-ba6c8f7bec43";12271;"NY";"New York";4;6;2012;0;18;"20120618"
"208.102.218.140";"US";-84.897500;39.285200;"AS6181 Cincinnati Bell Telephone";"mlab1-iad01";0.045577;979589.580608;"0.004012999";"win32";"216.156.197.147";"speedtest";1339993916;229921.015904;0.047981;"59bc30c0-4f87-4fbd-8bb7-35768315d718";6181;"IN";"West Harrison";4;6;2012;0;18;"20120618"
"96.236.133.97";"US";-79.995900;40.440600;"AS701 MCI Communications Services, Inc. d/b/a Verizon Business";"mlab1-iad01";0.025455;82128.853527;"0.004012999";"linux2";"216.156.197.147";"bittorrent";1339994403;116274.605619;-1.000000;"002bd52f-5f9d-42eb-9ce6-e310c9db525a";701;"PA";"Pittsburgh";4;6;2012;0;18;"20120618"
"98.214.132.10";"US";-89.589000;40.693600;"AS7922 Comcast Cable Communications, Inc.";"mlab1-iad01";0.264294;1105369.271830;"0.004012999";"darwin";"216.156.197.147";"bittorrent";1339994524;782335.641020;-1.000000;"ac008ee9-df9b-425b-a370-34b57dce1b90";7922;"IL";"Peoria";4;6;2012;0;18;"20120618"
"96.2.48.78";"US";-96.983300;42.836900;"AS11232 Midcontinent Media, Inc.";"mlab1-iad01";0.085287;733340.877998;"0.004011999";"win32";"216.156.197.147";"bittorrent";1339995007;452604.357246;-1.000000;"a7ed429a-44c3-4195-a0e5-7eac41680125";11232;"SD";"Vermillion";4;6;2012;0;18;"20120618"
"50.12.211.162";"US";-93.263800;44.980000;"AS16586 CLEARWIRE - CLEAR WIRELESS LLC";"mlab1-iad01";0.111329;207424.538725;"0.004012999";"darwin";"216.156.197.147";"bittorrent";1339995909;119556.678794;-1.000000;"3955a411-3e83-4a8e-aa8e-165233e306e9";16586;"MN";"Minneapolis";5;6;2012;0;18;"20120618"
"71.58.226.44";"US";-75.961500;41.249000;"AS7922 Comcast Cable Communications, Inc.";"mlab1-iad01";0.031864;1549334.532830;"0.004012999";"win32";"216.156.197.147";"speedtest";1339997204;737953.476397;0.035162;"fb6cc5ca-37c3-44c5-8176-4a40a17f217a";7922;"PA";"Plymouth";5;6;2012;0;18;"20120618"
"132.161.219.98";"US";-92.717600;41.721700;"AS22949 Grinnell College";"mlab1-iad01";0.070222;2657740.937520;"0.004012999";"win32";"216.156.197.147";"speedtest";1339997329;525245.853760;0.071311;"de23301c-c09c-4e47-aa2b-90a625720856";22949;"IA";"Grinnell";5;6;2012;0;18;"20120618"
"68.48.221.17";"US";-76.837500;39.174900;"AS7922 Comcast Cable Communications, Inc.";"mlab1-iad01";0.013665;4361822.818001;"0.004012999";"darwin";"216.156.197.147";"bittorrent";1339997750;708934.510753;-1.000000;"4162ce8a-78ab-4a68-9407-13618360662f";7922;"MD";"Columbia";5;6;2012;0;18;"20120618"
"71.190.171.206";"US";-73.525400;40.767000;"AS701 MCI Communications Services, Inc. d/b/a Verizon Business";"mlab1-iad01";0.015455;3458882.660983;"0.004012999";"linux2";"216.156.197.147";"bittorrent";1339998951;3204228.958143;-1.000000;"dfd87da2-1968-48ac-9bd2-5469644e29e4";701;"NY";"Hicksville";5;6;2012;0;18;"20120618"
"74.163.8.166";"US";-86.875000;30.446700;"AS6389 BellSouth.net Inc.";"mlab1-iad01";0.083969;414103.314152;"0.004012999";"win32";"216.156.197.147";"speedtest";1340000113;45255.908920;0.078293;"4565989b-987f-4c3c-aa75-a740afde3068";6389;"FL";"Navarre";6;6;2012;0;18;"20120618"
"96.236.133.97";"US";-79.995900;40.440600;"AS701 MCI Communications Services, Inc. d/b/a Verizon Business";"mlab1-iad01";0.022589;487049.525011;"0.004012999";"linux2";"216.156.197.147";"bittorrent";1340000159;137717.176067;-1.000000;"002bd52f-5f9d-42eb-9ce6-e310c9db525a";701;"PA";"Pittsburgh";6;6;2012;0;18;"20120618"
"71.204.91.144";"US";-84.447700;34.119000;"AS7922 Comcast Cable Communications, Inc.";"mlab1-iad01";0.026369;1656547.439948;"0.004012999";"darwin";"216.156.197.147";"bittorrent";1340000656;515968.439648;-1.000000;"4b4fa0bc-987b-4105-9a0b-83e736a6503c";7922;"GA";"Woodstock";6;6;2012;0;18;"20120618"
"99.104.57.129";"US";-87.701600;41.975900;"AS7018 AT&T Services, Inc.";"mlab1-iad01";0.318995;131957.776448;"0.004012999";"darwin";"216.156.197.147";"bittorrent";1340000821;21578.352655;-1.000000;"d6f10baf-3b6d-47fb-999c-6d4188d2d4b2";7018;"IL";"Chicago";6;6;2012;0;18;"20120618"
"67.168.59.54";"US";-122.668000;48.185500;"AS7922 Comcast Cable Communications, Inc.";"mlab1-iad01";0.097733;2516772.379942;"0.004012999";"win32";"216.156.197.147";"bittorrent";1340001264;710992.737854;-1.000000;"ea22d474-846e-407d-9ebe-cd03ff0d64f4";7922;"WA";"Coupeville";6;6;2012;0;18;"20120618"
"68.40.185.45";"US";-83.740900;42.277600;"AS7922 Comcast Cable Communications, Inc.";"mlab1-iad01";0.049931;1392480.949530;"0.004012999";"darwin";"216.156.197.147";"speedtest";1340001344;757430.876550;0.053049;"f77a7853-1ba8-4219-aa2c-2157b5e89023";7922;"MI";"Ann Arbor";6;6;2012;0;18;"20120618"
"184.177.72.227";"US";-97.000000;38.000000;"AS22773 Cox Communications Inc.";"mlab1-iad01";0.082764;441711.357782;"0.004012999";"win32";"216.156.197.147";"bittorrent";1340001737;744014.797839;-1.000000;"e9aa2936-1c50-4b9d-89e4-2daad232b753";22773;"";"";6;6;2012;0;18;"20120618"
"98.124.100.208";"US";-80.038400;33.118000;"AS16863 Home Telephone Company, Inc.";"mlab1-iad01";0.042467;1090321.778180;"0.004012999";"linux2";"216.156.197.147";"speedtest";1340001748;193719.860900;0.042964;"adcd5d0f-b5f4-47e4-9505-249669f515a0";16863;"SC";"Moncks Corner";6;6;2012;0;18;"20120618"
"67.172.130.152";"US";-104.821400;38.833900;"AS7922 Comcast Cable Communications, Inc.";"mlab1-iad01";0.067478;3120008.891156;"0.004012999";"darwin";"216.156.197.147";"bittorrent";1340002798;502035.445038;-1.000000;"e83583f7-4c54-4291-a929-2fd12fd286f5";7922;"CO";"Colorado Springs";6;6;2012;0;18;"20120618"
"98.206.101.228";"US";-87.655100;41.937300;"AS7922 Comcast Cable Communications, Inc.";"mlab1-iad01";0.042961;2515607.647572;"0.004012999";"win32";"216.156.197.147";"bittorrent";1340002901;520110.647344;-1.000000;"1b8a7968-95b4-4827-8260-84d7e02b3d53";7922;"IL";"Chicago";7;6;2012;0;18;"20120618"
"24.61.63.89";"US";-71.031600;42.399700;"AS7922 Comcast Cable Communications, Inc.";"mlab1-iad01";0.054737;1378414.552704;"0.004012999";"win32";"216.156.197.147";"bittorrent";1340002915;506270.600713;-1.000000;"641fcec9-64c6-4ec1-a213-90d958a6f9a1";7922;"MA";"Chelsea";7;6;2012;0;18;"20120618"
"71.237.28.39";"US";-104.984700;39.739200;"AS7922 Comcast Cable Communications, Inc.";"mlab1-iad01";0.065211;1000633.636107;"0.004012999";"darwin";"216.156.197.147";"bittorrent";1340003615;439454.055434;-1.000000;"95e96326-78fe-4507-8b06-f60611a1b7ad";7922;"CO";"Denver";7;6;2012;0;18;"20120618"
"69.249.238.83";"US";-75.163800;39.952300;"AS7922 Comcast Cable Communications, Inc.";"mlab1-iad01";0.164433;2489093.355000;"0.004012999";"win32";"216.156.197.147";"speedtest";1340003846;49748.316289;0.263801;"a49b9e19-6f47-4dc7-8196-0fc4dbc9e641";7922;"PA";"Philadelphia";7;6;2012;0;18;"20120618"
"70.113.90.176";"US";-97.722700;30.310600;"AS11427 Time Warner Cable Internet LLC";"mlab1-iad01";0.058530;2684895.920190;"0.004012999";"win32";"216.156.197.147";"speedtest";1340004057;221456.123963;0.062259;"f957f544-b6fe-4e0c-b05d-e4a409241054";11427;"TX";"Austin";7;6;2012;0;18;"20120618"
"98.203.140.223";"US";-122.304300;47.610200;"AS7922 Comcast Cable Communications, Inc.";"mlab1-iad01";0.094063;1578458.728970;"0.004012999";"linux2";"216.156.197.147";"bittorrent";1340004827;485945.362412;-1.000000;"4bf1068a-cabe-4254-a52f-c2914db03ade";7922;"WA";"Seattle";7;6;2012;0;18;"20120618"
"98.222.147.136";"US";-85.681400;40.411900;"AS7922 Comcast Cable Communications, Inc.";"mlab1-iad01";0.051433;2862402.208330;"0.004012999";"linux2";"216.156.197.147";"speedtest";1340005741;378349.579769;0.058038;"247a4b73-0dbb-440a-a85f-68d042f5a3a2";7922;"IN";"Fairmount";7;6;2012;0;18;"20120618"
"74.93.119.149";"US";-77.460300;37.553800;"AS7922 Comcast Cable Communications, Inc.";"mlab1-iad01";0.017941;2557730.424404;"0.004012999";"win32";"216.156.197.147";"bittorrent";1340006357;608398.557030;-1.000000;"89137afb-b348-4f18-88b5-80cee829292f";7922;"VA";"Richmond";7;6;2012;0;18;"20120618"
"173.160.133.65";"US";-122.449200;47.151100;"AS7922 Comcast Cable Communications, Inc.";"mlab1-iad01";0.099684;414430.528571;"0.004012999";"win32";"216.156.197.147";"bittorrent";1340007452;260930.841071;-1.000000;"cd29f4ce-ebe9-47c8-8b18-9406a9618ac1";7922;"WA";"Tacoma";8;6;2012;0;18;"20120618"
"98.206.101.228";"US";-87.655100;41.937300;"AS7922 Comcast Cable Communications, Inc.";"mlab1-iad01";0.043137;2993283.528486;"0.004012999";"win32";"216.156.197.147";"bittorrent";1340007937;518246.681956;-1.000000;"1b8a7968-95b4-4827-8260-84d7e02b3d53";7922;"IL";"Chicago";8;6;2012;0;18;"20120618"
"66.66.21.182";"US";-77.602400;43.185800;"AS11351 Time Warner Cable Internet LLC";"mlab1-iad01";0.052207;2908567.463790;"0.004012999";"win32";"216.156.197.147";"speedtest";1340008194;584888.597981;0.050143;"b4fb3816-21d6-43b3-91fc-aabe40980e90";11351;"NY";"Rochester";8;6;2012;0;18;"20120618"
"173.20.36.131";"US";-91.455800;40.452000;"AS30036 Mediacom Communications Corp";"mlab1-iad01";0.055805;709182.176528;"0.004012999";"win32";"216.156.197.147";"bittorrent";1340008187;110064.887766;-1.000000;"6b87ac46-1206-4d9c-afa5-d5cab4a872d6";30036;"IA";"Keokuk";8;6;2012;0;18;"20120618"
"70.113.90.176";"US";-97.722700;30.310600;"AS11427 Time Warner Cable Internet LLC";"mlab1-iad01";0.063016;1846840.770643;"0.004012999";"win32";"216.156.197.147";"bittorrent";1340008331;217549.559113;-1.000000;"f957f544-b6fe-4e0c-b05d-e4a409241054";11427;"TX";"Austin";8;6;2012;0;18;"20120618"
"173.160.133.65";"US";-122.449200;47.151100;"AS7922 Comcast Cable Communications, Inc.";"mlab1-iad01";0.102108;365211.277727;"0.004012999";"win32";"216.156.197.147";"speedtest";1340008928;334556.224651;0.100477;"cd29f4ce-ebe9-47c8-8b18-9406a9618ac1";7922;"WA";"Tacoma";8;6;2012;0;18;"20120618"
"74.103.162.36";"US";-75.114700;40.427800;"AS701 MCI Communications Services, Inc. d/b/a Verizon Business";"mlab1-iad01";0.013645;1889160.005540;"0.004012999";"darwin";"216.156.197.147";"speedtest";1340010200;662206.774258;0.015188;"4eec0d76-fa70-4b4c-91f9-8cb1b74b0682";701;"PA";"Pipersville";9;6;2012;0;18;"20120618"
"205.178.18.107";"US";-87.623800;41.884900;"AS6079 RCN";"mlab1-iad01";0.035547;1641461.539297;"0.004011999";"win32";"216.156.197.147";"bittorrent";1340011389;258685.615940;-1.000000;"e98788b3-c49f-4266-b003-f95ea1c0e2a0";6079;"IL";"Chicago";9;6;2012;0;18;"20120618"
"76.112.203.189";"US";-83.144600;42.489500;"AS7922 Comcast Cable Communications, Inc.";"mlab1-iad01";0.046401;1505037.275300;"0.004012999";"win32";"216.156.197.147";"speedtest";1340011440;591236.577956;0.047875;"5cb4931f-bf67-49bf-a4ec-d36d7495a682";7922;"MI";"Royal Oak";9;6;2012;0;18;"20120618"
"98.206.101.228";"US";-87.655100;41.937300;"AS7922 Comcast Cable Communications, Inc.";"mlab1-iad01";0.043840;142027.721672;"0.004012999";"win32";"216.156.197.147";"speedtest";1340011792;478302.014570;0.044395;"1b8a7968-95b4-4827-8260-84d7e02b3d53";7922;"IL";"Chicago";9;6;2012;0;18;"20120618"
"24.2.64.100";"US";-112.008200;40.477400;"AS7922 Comcast Cable Communications, Inc.";"mlab1-iad01";0.076141;892602.985896;"0.004012999";"win32";"216.156.197.147";"bittorrent";1340012159;138922.891793;-1.000000;"9a8766b6-803d-48fa-b02a-2091ff6f496e";7922;"UT";"Riverton";9;6;2012;0;18;"20120618"
"75.132.191.176";"US";-89.899800;38.512100;"AS20115 Charter Communications";"mlab1-iad01";0.038555;1922544.507160;"0.004012999";"win32";"216.156.197.147";"speedtest";1340012848;394631.816286;0.040006;"c08311ac-7edd-4390-b447-4ca484b5dacc";20115;"IL";"Belleville";9;6;2012;0;18;"20120618"
"71.192.154.157";"US";-71.051200;42.406300;"AS7922 Comcast Cable Communications, Inc.";"mlab1-iad01";0.044448;615817.145434;"0.004012999";"darwin";"216.156.197.147";"bittorrent";1340012861;395638.160386;-1.000000;"65fb0ed5-8aab-4ca3-973b-6f6abd2e24d4";7922;"MA";"Everett";9;6;2012;0;18;"20120618"
"99.21.145.140";"US";-121.382800;38.626300;"AS7132 AS for SBIS-AS";"mlab1-iad01";0.108449;1323442.287018;"0.004012999";"win32";"216.156.197.147";"bittorrent";1340013195;167140.666068;-1.000000;"ebeab1c8-defc-4fef-8be3-daa7088a0954";7132;"CA";"Sacramento";9;6;2012;0;18;"20120618"
"205.178.18.107";"US";-87.623800;41.884900;"AS6079 RCN";"mlab1-iad01";0.069923;2335948.712460;"0.004011999";"win32";"216.156.197.147";"speedtest";1340013280;176131.795107;0.036382;"e98788b3-c49f-4266-b003-f95ea1c0e2a0";6079;"IL";"Chicago";9;6;2012;0;18;"20120618"
"67.168.59.54";"US";-122.668000;48.185500;"AS7922 Comcast Cable Communications, Inc.";"mlab1-iad01";0.098177;2051543.735090;"0.004012999";"win32";"216.156.197.147";"bittorrent";1340013321;708911.117373;-1.000000;"ea22d474-846e-407d-9ebe-cd03ff0d64f4";7922;"WA";"Coupeville";9;6;2012;0;18;"20120618"
"75.145.125.61";"US";-104.984700;39.739200;"AS7922 Comcast Cable Communications, Inc.";"mlab1-iad01";0.071908;3098487.784910;"0.004012999";"linux2";"216.156.197.147";"speedtest";1340014341;534445.069251;0.072120;"d3080793-9920-4346-9c49-3a102587393e";7922;"CO";"Denver";10;6;2012;0;18;"20120618"
"74.2.122.133";"US";-97.000000;38.000000;"AS18566 MegaPath Corporation";"mlab1-iad01";0.038843;203953.934562;"0.004010999";"win32";"216.156.197.147";"bittorrent";1340014811;240194.508489;-1.000000;"f4acb085-b5ee-429a-a232-3ae956a10cf5";18566;"";"";10;6;2012;0;18;"20120618"
"205.178.18.107";"US";-87.623800;41.884900;"AS6079 RCN";"mlab1-iad01";0.036544;2574303.925711;"0.004011999";"win32";"216.156.197.147";"bittorrent";1340015177;252852.788060;-1.000000;"e98788b3-c49f-4266-b003-f95ea1c0e2a0";6079;"IL";"Chicago";10;6;2012;0;18;"20120618"
"184.177.72.227";"US";-97.000000;38.000000;"AS22773 Cox Communications Inc.";"mlab1-iad01";0.082639;479868.018133;"0.004012999";"win32";"216.156.197.147";"speedtest";1340015240;591265.889339;0.083778;"e9aa2936-1c50-4b9d-89e4-2daad232b753";22773;"";"";10;6;2012;0;18;"20120618"
"98.206.101.228";"US";-87.655100;41.937300;"AS7922 Comcast Cable Communications, Inc.";"mlab1-iad01";0.044407;187301.018880;"0.004012999";"win32";"216.156.197.147";"bittorrent";1340015625;519243.671821;-1.000000;"1b8a7968-95b4-4827-8260-84d7e02b3d53";7922;"IL";"Chicago";10;6;2012;0;18;"20120618"
"75.140.153.254";"US";-121.654400;37.130500;"AS20115 Charter Communications";"mlab1-iad01";0.096252;5237917.258037;"0.004012999";"darwin";"216.156.197.147";"bittorrent";1340015884;638472.719966;-1.000000;"a039434c-d8c0-4f4d-8050-4153de22c986";20115;"CA";"Morgan Hill";10;6;2012;0;18;"20120618"
"99.99.213.185";"US";-85.882800;42.855500;"AS7018 AT&T Services, Inc.";"mlab1-iad01";0.061589;1281057.939060;"0.004012999";"linux2";"216.156.197.147";"speedtest";1340016557;179772.325992;0.063931;"22998df3-a92a-4573-b9f5-476782c2c770";7018;"MI";"Hudsonville";10;6;2012;0;18;"20120618"
"24.61.63.89";"US";-71.031600;42.399700;"AS7922 Comcast Cable Communications, Inc.";"mlab1-iad01";0.044563;1303660.850450;"0.004012999";"win32";"216.156.197.147";"speedtest";1340016745;508885.500463;0.045322;"641fcec9-64c6-4ec1-a213-90d958a6f9a1";7922;"MA";"Chelsea";10;6;2012;0;18;"20120618"
"205.178.18.107";"US";-87.623800;41.884900;"AS6079 RCN";"mlab1-iad01";0.053207;2587181.582000;"0.004011999";"win32";"216.156.197.147";"speedtest";1340017059;171591.568304;0.037248;"e98788b3-c49f-4266-b003-f95ea1c0e2a0";6079;"IL";"Chicago";10;6;2012;0;18;"20120618"
"71.204.165.181";"US";-122.036300;37.368800;"AS7922 Comcast Cable Communications, Inc.";"mlab1-iad01";0.088216;2720100.195677;"0.004012999";"darwin";"216.156.197.147";"bittorrent";1340017092;524784.933684;-1.000000;"1ce7a86b-b408-4815-ae8b-bf0652a278f3";7922;"CA";"Sunnyvale";10;6;2012;0;18;"20120618"
"68.48.221.17";"US";-76.837500;39.174900;"AS7922 Comcast Cable Communications, Inc.";"mlab1-iad01";0.012827;4397133.844911;"0.004012999";"darwin";"216.156.197.147";"bittorrent";1340017714;711986.819542;-1.000000;"4162ce8a-78ab-4a68-9407-13618360662f";7922;"MD";"Columbia";11;6;2012;0;18;"20120618"
"74.163.8.166";"US";-86.875000;30.446700;"AS6389 BellSouth.net Inc.";"mlab1-iad01";0.059603;612285.010982;"0.004012999";"win32";"216.156.197.147";"bittorrent";1340017998;49603.227552;-1.000000;"4565989b-987f-4c3c-aa75-a740afde3068";6389;"FL";"Navarre";11;6;2012;0;18;"20120618"
"69.249.238.83";"US";-75.163800;39.952300;"AS7922 Comcast Cable Communications, Inc.";"mlab1-iad01";0.252005;2673321.140446;"0.004012999";"win32";"216.156.197.147";"bittorrent";1340018013;41222.695230;-1.000000;"a49b9e19-6f47-4dc7-8196-0fc4dbc9e641";7922;"PA";"Philadelphia";11;6;2012;0;18;"20120618"
"71.190.171.206";"US";-73.525400;40.767000;"AS701 MCI Communications Services, Inc. d/b/a Verizon Business";"mlab1-iad01";0.016857;3536374.999630;"0.004012999";"linux2";"216.156.197.147";"speedtest";1340018346;2741346.934160;0.019871;"dfd87da2-1968-48ac-9bd2-5469644e29e4";701;"NY";"Hicksville";11;6;2012;0;18;"20120618"
"50.78.87.177";"US";-106.097500;39.574400;"AS7922 Comcast Cable Communications, Inc.";"mlab1-iad01";0.069585;886669.248699;"0.004012999";"win32";"216.156.197.147";"bittorrent";1340018838;593594.860088;-1.000000;"c4393561-5207-49e8-879a-bbb805c9188f";7922;"CO";"Frisco";11;6;2012;0;18;"20120618"
"98.251.77.68";"US";-83.949600;33.512000;"AS7922 Comcast Cable Communications, Inc.";"mlab1-iad01";0.036877;3031506.613790;"0.004011999";"win32";"216.156.197.147";"speedtest";1340019453;461633.002193;0.038933;"cbfab653-aed3-47c3-b7d0-e4159cab6582";7922;"GA";"Covington";11;6;2012;0;18;"20120618"
"76.169.71.176";"US";-118.273400;33.963800;"AS20001 Time Warner Cable Internet LLC";"mlab1-iad01";0.097330;1568356.945330;"0.004011999";"win32";"216.156.197.147";"bittorrent";1340019556;78133.324631;-1.000000;"2f0c137b-7982-4d9c-b50a-c362f2d810e0";20001;"CA";"Los Angeles";11;6;2012;0;18;"20120618"
"50.78.87.177";"US";-106.097500;39.574400;"AS7922 Comcast Cable Communications, Inc.";"mlab1-iad01";0.071939;806565.519973;"0.004012999";"win32";"216.156.197.147";"speedtest";1340020448;693538.814864;0.071618;"c4393561-5207-49e8-879a-bbb805c9188f";7922;"CO";"Frisco";11;6;2012;0;18;"20120618"
"206.255.246.41";"US";-94.740500;32.500700;"AS53508 Cablelynx";"mlab1-iad01";0.055260;1242308.264940;"0.004012999";"win32";"216.156.197.147";"bittorrent";1340020710;183881.070777;-1.000000;"3a5b4ca4-0887-432d-a115-9f646a867cdb";53508;"TX";"Longview";11;6;2012;0;18;"20120618"
"98.203.140.223";"US";-122.304300;47.610200;"AS7922 Comcast Cable Communications, Inc.";"mlab1-iad01";0.096418;1499449.805480;"0.004012999";"linux2";"216.156.197.147";"speedtest";1340020433;355303.504257;0.100227;"4bf1068a-cabe-4254-a52f-c2914db03ade";7922;"WA";"Seattle";11;6;2012;0;18;"20120618"
"74.93.119.149";"US";-77.460300;37.553800;"AS7922 Comcast Cable Communications, Inc.";"mlab1-iad01";0.019106;2484249.091861;"0.004012999";"win32";"216.156.197.147";"bittorrent";1340021114;606302.105043;-1.000000;"89137afb-b348-4f18-88b5-80cee829292f";7922;"VA";"Richmond";12;6;2012;0;18;"20120618"
"71.187.199.3";"US";-74.216400;40.816200;"AS701 MCI Communications Services, Inc. d/b/a Verizon Business";"mlab1-iad01";0.026492;4140714.775390;"0.004011999";"win32";"216.156.197.147";"speedtest";1340021244;1181338.780470;0.016731;"a9bde20f-2872-443c-8e9b-a2f6f162c91d";701;"NJ";"Montclair";12;6;2012;0;18;"20120618"
"71.192.154.157";"US";-71.051200;42.406300;"AS7922 Comcast Cable Communications, Inc.";"mlab1-iad01";0.053165;644373.886598;"0.004012999";"darwin";"216.156.197.147";"bittorrent";1340021944;395536.580226;-1.000000;"65fb0ed5-8aab-4ca3-973b-6f6abd2e24d4";7922;"MA";"Everett";12;6;2012;0;18;"20120618"
"74.2.122.133";"US";-97.000000;38.000000;"AS18566 MegaPath Corporation";"mlab1-iad01";0.039335;242199.136425;"0.004010999";"win32";"216.156.197.147";"bittorrent";1340022062;176238.817973;-1.000000;"f4acb085-b5ee-429a-a232-3ae956a10cf5";18566;"";"";12;6;2012;0;18;"20120618"
"70.122.243.11";"US";-97.015000;32.954600;"AS11427 Time Warner Cable Internet LLC";"mlab1-iad01";0.059302;3770466.941425;"0.004012999";"win32";"216.156.197.147";"bittorrent";1340022358;554382.895941;-1.000000;"bab8f612-1f34-46c2-a83e-fbaa7a2f8fa7";11427;"TX";"Coppell";12;6;2012;0;18;"20120618"
"67.172.130.152";"US";-104.821400;38.833900;"AS7922 Comcast Cable Communications, Inc.";"mlab1-iad01";0.075346;2861307.024380;"0.004012999";"darwin";"216.156.197.147";"speedtest";1340024026;336699.736873;0.070521;"e83583f7-4c54-4291-a929-2fd12fd286f5";7922;"CO";"Colorado Springs";12;6;2012;0;18;"20120618"
"98.222.147.136";"US";-85.681400;40.411900;"AS7922 Comcast Cable Communications, Inc.";"mlab1-iad01";0.054509;2840095.939070;"0.004012999";"linux2";"216.156.197.147";"speedtest";1340024267;425414.232281;0.056066;"247a4b73-0dbb-440a-a85f-68d042f5a3a2";7922;"IN";"Fairmount";12;6;2012;0;18;"20120618"
"68.175.101.106";"US";-74.006000;40.714300;"AS12271 Time Warner Cable Internet LLC";"mlab1-iad01";0.017554;3797318.894260;"0.004012999";"darwin";"216.156.197.147";"bittorrent";1340025393;637875.086236;-1.000000;"bff92ae8-06db-4514-9002-ba6c8f7bec43";12271;"NY";"New York";13;6;2012;0;18;"20120618"
"208.52.154.53";"US";-84.443200;33.793000;"AS13703 BroadRiver Communication Corp.";"mlab1-iad01";0.014772;11327925.538400;"0.004010999";"win32";"216.156.197.147";"speedtest";1340025502;694658.515235;0.016398;"5a94fb06-4ffc-4b82-bc99-552f47212e96";13703;"GA";"Atlanta";13;6;2012;0;18;"20120618"
"98.222.147.136";"US";-85.681400;40.411900;"AS7922 Comcast Cable Communications, Inc.";"mlab1-iad01";0.052966;2991196.038023;"0.004012999";"linux2";"216.156.197.147";"bittorrent";1340025797;457284.308750;-1.000000;"247a4b73-0dbb-440a-a85f-68d042f5a3a2";7922;"IN";"Fairmount";13;6;2012;0;18;"20120618"
"76.112.161.232";"US";-83.077200;42.375500;"AS7922 Comcast Cable Communications, Inc.";"mlab1-iad01";0.028219;526476.544824;"0.004012999";"win32";"216.156.197.147";"speedtest";1340026057;80891.105357;0.033794;"5cb4931f-bf67-49bf-a4ec-d36d7495a682";7922;"MI";"Detroit";13;6;2012;0;18;"20120618"
"50.12.211.162";"US";-93.263800;44.980000;"AS16586 CLEARWIRE - CLEAR WIRELESS LLC";"mlab1-iad01";0.108644;304330.182342;"0.004012999";"darwin";"216.156.197.147";"speedtest";1340026194;145138.802436;0.104360;"3955a411-3e83-4a8e-aa8e-165233e306e9";16586;"MN";"Minneapolis";13;6;2012;0;18;"20120618"
"68.48.221.17";"US";-76.837500;39.174900;"AS7922 Comcast Cable Communications, Inc.";"mlab1-iad01";0.011799;4327382.003745;"0.004012999";"darwin";"216.156.197.147";"bittorrent";1340026223;701464.737278;-1.000000;"4162ce8a-78ab-4a68-9407-13618360662f";7922;"MD";"Columbia";13;6;2012;0;18;"20120618"
"99.92.88.210";"US";-122.030700;37.353700;"AS7018 AT&T Services, Inc.";"mlab1-iad01";0.100366;528058.042673;"0.004012999";"darwin";"216.156.197.147";"bittorrent";1340026281;178453.729563;-1.000000;"13cf72ab-670c-4dc7-8fad-aa9a41f4355d";7018;"CA";"Sunnyvale";13;6;2012;0;18;"20120618"
"71.204.91.144";"US";-84.447700;34.119000;"AS7922 Comcast Cable Communications, Inc.";"mlab1-iad01";0.027822;1555257.968352;"0.004012999";"darwin";"216.156.197.147";"bittorrent";1340027467;511153.698167;-1.000000;"4b4fa0bc-987b-4105-9a0b-83e736a6503c";7922;"GA";"Woodstock";13;6;2012;0;18;"20120618"
"76.168.80.127";"US";-118.243700;34.052200;"AS20001 Time Warner Cable Internet LLC";"mlab1-iad01";0.085091;1808478.123820;"0.004012999";"darwin";"216.156.197.147";"speedtest";1340028311;118058.502427;0.086697;"90d62fdd-a880-469e-bb3b-4bf575cfed10";20001;"CA";"Los Angeles";14;6;2012;0;18;"20120618"
"72.181.251.247";"US";-96.771500;32.833900;"AS11427 Time Warner Cable Internet LLC";"mlab1-iad01";0.080016;836458.430309;"0.004012999";"darwin";"216.156.197.147";"speedtest";1340028732;218734.639826;0.070148;"f6add6e0-3bfa-4414-8fb5-1ec8432ae8bf";11427;"TX";"Dallas";14;6;2012;0;18;"20120618"
"76.112.161.232";"US";-83.077200;42.375500;"AS7922 Comcast Cable Communications, Inc.";"mlab1-iad01";0.029099;543097.910790;"0.004012999";"win32";"216.156.197.147";"speedtest";1340029180;91093.901983;0.031133;"5cb4931f-bf67-49bf-a4ec-d36d7495a682";7922;"MI";"Detroit";14;6;2012;0;18;"20120618"
"74.163.8.166";"US";-86.875000;30.446700;"AS6389 BellSouth.net Inc.";"mlab1-iad01";0.058195;397910.230619;"0.004012999";"win32";"216.156.197.147";"speedtest";1340029374;47866.578068;0.072626;"4565989b-987f-4c3c-aa75-a740afde3068";6389;"FL";"Navarre";14;6;2012;0;18;"20120618"
"76.169.71.176";"US";-118.273400;33.963800;"AS20001 Time Warner Cable Internet LLC";"mlab1-iad01";0.082356;1266006.910910;"0.004011999";"win32";"216.156.197.147";"speedtest";1340029429;119023.235408;0.088667;"2f0c137b-7982-4d9c-b50a-c362f2d810e0";20001;"CA";"Los Angeles";14;6;2012;0;18;"20120618"
"99.130.96.199";"US";-117.490800;33.932900;"AS7018 AT&T Services, Inc.";"mlab1-iad01";0.092671;1370973.623880;"0.004012999";"linux2";"216.156.197.147";"bittorrent";1340030012;171880.496550;-1.000000;"0a3b2944-23c0-4116-a068-0d5627c0dec9";7018;"CA";"Riverside";14;6;2012;0;18;"20120618"
"24.111.85.175";"US";-97.440500;42.935900;"AS11232 Midcontinent Media, Inc.";"mlab1-iad01";0.087690;168073.105571;"0.004011999";"win32";"216.156.197.147";"speedtest";1340030414;500423.751814;0.088748;"d8e6a54b-6231-4d06-a9c1-bf3a10f484b1";11232;"SD";"Yankton";14;6;2012;0;18;"20120618"
"68.40.93.208";"US";-82.582300;42.637600;"AS7922 Comcast Cable Communications, Inc.";"mlab1-iad01";0.166065;1851833.385848;"0.004011999";"win32";"216.156.197.147";"bittorrent";1340030401;398393.243603;-1.000000;"5ddd06da-64ad-444c-b2c0-525541d4d177";7922;"MI";"Algonac";14;6;2012;0;18;"20120618"
"99.59.46.138";"US";-85.194600;42.390000;"AS7018 AT&T Services, Inc.";"mlab1-iad01";0.057328;584189.613995;"0.004012999";"darwin";"216.156.197.147";"bittorrent";1340030609;116706.694923;-1.000000;"5acea4ff-2ab8-4f30-a616-293a7915e0b1";7018;"MI";"Battle Creek";14;6;2012;0;18;"20120618"
"209.155.86.74";"US";-77.426000;43.100500;"AS1785 PaeTec Communications, Inc.";"mlab1-iad01";0.020420;356836.639730;"0.004012999";"win32";"216.156.197.147";"speedtest";1340031050;53255.241388;0.021977;"4841c017-4566-4afc-a805-ba458ccb2be1";1785;"NY";"Fairport";14;6;2012;0;18;"20120618"
"74.103.162.36";"US";-75.114700;40.427800;"AS701 MCI Communications Services, Inc. d/b/a Verizon Business";"mlab1-iad01";0.016379;1883611.632950;"0.004012999";"darwin";"216.156.197.147";"speedtest";1340032762;663335.272066;0.015922;"4eec0d76-fa70-4b4c-91f9-8cb1b74b0682";701;"PA";"Pipersville";15;6;2012;0;18;"20120618"
"98.214.132.10";"US";-89.589000;40.693600;"AS7922 Comcast Cable Communications, Inc.";"mlab1-iad01";0.252807;1115153.760126;"0.004012999";"darwin";"216.156.197.147";"bittorrent";1340032773;775368.443381;-1.000000;"ac008ee9-df9b-425b-a370-34b57dce1b90";7922;"IL";"Peoria";15;6;2012;0;18;"20120618"
"99.99.213.185";"US";-85.882800;42.855500;"AS7018 AT&T Services, Inc.";"mlab1-iad01";0.060434;1413820.134141;"0.004012999";"linux2";"216.156.197.147";"bittorrent";1340032927;184095.163682;-1.000000;"22998df3-a92a-4573-b9f5-476782c2c770";7018;"MI";"Hudsonville";15;6;2012;0;18;"20120618"
"24.46.196.47";"US";-73.686200;40.793900;"AS6128 Cablevision Systems Corp.";"mlab1-iad01";0.015601;2556935.285660;"0.004012999";"win32";"216.156.197.147";"speedtest";1340033094;262862.787714;0.020718;"103cc2f1-ddd5-4016-83cc-cdd357e7a81a";6128;"NY";"Manhasset";15;6;2012;0;18;"20120618"
"98.251.77.68";"US";-83.949600;33.512000;"AS7922 Comcast Cable Communications, Inc.";"mlab1-iad01";0.027769;3167924.648120;"0.004011999";"win32";"216.156.197.147";"bittorrent";1340033372;486180.795773;-1.000000;"cbfab653-aed3-47c3-b7d0-e4159cab6582";7922;"GA";"Covington";15;6;2012;0;18;"20120618"
"50.193.198.140";"US";-122.213500;47.463700;"AS7922 Comcast Cable Communications, Inc.";"mlab1-iad01";0.101473;473117.489075;"0.004011999";"win32";"216.156.197.147";"speedtest";1340033833;76772.884983;0.101916;"2b37de0c-5f49-4446-8b8f-3b2dad14fb61";7922;"WA";"Renton";15;6;2012;0;18;"20120618"
"66.142.7.6";"US";-101.831300;35.222000;"AS2386 AT&T Data Communications Services";"mlab1-iad01";0.469983;3364.083459;"0.004012999";"linux2";"216.156.197.147";"speedtest";1340033923;33096.806260;0.330657;"e629a5ed-292e-4c20-860f-40ebe4624851";2386;"TX";"Amarillo";15;6;2012;0;18;"20120618"
"68.58.165.186";"US";-80.107000;32.841300;"AS7922 Comcast Cable Communications, Inc.";"mlab1-iad01";0.042926;1118152.858702;"0.004012999";"linux2";"216.156.197.147";"bittorrent";1340034130;878205.258675;-1.000000;"564f666b-3c55-40d4-a5f8-92064e970a5f";7922;"SC";"Charleston";15;6;2012;0;18;"20120618"
"74.163.8.166";"US";-86.875000;30.446700;"AS6389 BellSouth.net Inc.";"mlab1-iad01";0.059311;474878.308479;"0.004012999";"win32";"216.156.197.147";"bittorrent";1340034259;50516.060139;-1.000000;"4565989b-987f-4c3c-aa75-a740afde3068";6389;"FL";"Navarre";15;6;2012;0;18;"20120618"
"184.177.72.227";"US";-97.000000;38.000000;"AS22773 Cox Communications Inc.";"mlab1-iad01";0.083730;369117.356784;"0.004012999";"win32";"216.156.197.147";"bittorrent";1340034748;677102.761675;-1.000000;"e9aa2936-1c50-4b9d-89e4-2daad232b753";22773;"";"";15;6;2012;0;18;"20120618"
"24.61.63.89";"US";-71.031600;42.399700;"AS7922 Comcast Cable Communications, Inc.";"mlab1-iad01";0.044758;1293742.475890;"0.004012999";"win32";"216.156.197.147";"speedtest";1340035183;517973.724079;0.046038;"641fcec9-64c6-4ec1-a213-90d958a6f9a1";7922;"MA";"Chelsea";15;6;2012;0;18;"20120618"
"74.163.8.166";"US";-86.875000;30.446700;"AS6389 BellSouth.net Inc.";"mlab1-iad01";0.058654;329014.022097;"0.004012999";"win32";"216.156.197.147";"speedtest";1340035881;47234.850889;0.067793;"4565989b-987f-4c3c-aa75-a740afde3068";6389;"FL";"Navarre";16;6;2012;0;18;"20120618"
"99.130.96.199";"US";-117.490800;33.932900;"AS7018 AT&T Services, Inc.";"mlab1-iad01";0.092846;1222606.485141;"0.004012999";"linux2";"216.156.197.147";"bittorrent";1340035885;180960.014725;-1.000000;"0a3b2944-23c0-4116-a068-0d5627c0dec9";7018;"CA";"Riverside";16;6;2012;0;18;"20120618"
"24.46.196.47";"US";-73.686200;40.793900;"AS6128 Cablevision Systems Corp.";"mlab1-iad01";0.036782;2389940.265204;"0.004012999";"win32";"216.156.197.147";"bittorrent";1340037484;262635.272263;-1.000000;"103cc2f1-ddd5-4016-83cc-cdd357e7a81a";6128;"NY";"Manhasset";16;6;2012;0;18;"20120618"
"50.46.199.114";"US";-122.342600;47.739600;"AS5650 Frontier Communications of America, Inc.";"mlab1-iad01";0.074739;860662.362633;"0.004012999";"darwin";"216.156.197.147";"bittorrent";1340037546;681778.480720;-1.000000;"9c3f8949-43af-4678-be97-2082a5c82606";5650;"WA";"Seattle";16;6;2012;0;18;"20120618"
"68.41.24.217";"US";-83.036000;42.724500;"AS7922 Comcast Cable Communications, Inc.";"mlab1-iad01";0.044683;2227859.580360;"0.004012999";"win32";"216.156.197.147";"speedtest";1340037652;511411.619098;0.046057;"7acc5903-5884-4564-add3-0be49e9fa576";7922;"MI";"Washington";16;6;2012;0;18;"20120618"
"71.58.226.44";"US";-75.961500;41.249000;"AS7922 Comcast Cable Communications, Inc.";"mlab1-iad01";0.034479;3040957.961012;"0.004012999";"win32";"216.156.197.147";"bittorrent";1340037901;688709.989177;-1.000000;"fb6cc5ca-37c3-44c5-8176-4a40a17f217a";7922;"PA";"Plymouth";16;6;2012;0;18;"20120618"
"98.222.147.136";"US";-85.681400;40.411900;"AS7922 Comcast Cable Communications, Inc.";"mlab1-iad01";0.049585;2930136.432615;"0.004012999";"linux2";"216.156.197.147";"bittorrent";1340037978;519850.341079;-1.000000;"247a4b73-0dbb-440a-a85f-68d042f5a3a2";7922;"IN";"Fairmount";16;6;2012;0;18;"20120618"
"72.81.232.139";"US";-76.837500;39.174900;"AS701 MCI Communications Services, Inc. d/b/a Verizon Business";"mlab1-iad01";0.037186;1537741.283550;"0.004012999";"darwin";"216.156.197.147";"speedtest";1340038150;240720.198954;0.050346;"5d2377cf-2e67-40be-b1dc-e439a545da6f";701;"MD";"Columbia";16;6;2012;0;18;"20120618"
"70.114.2.130";"US";-98.399400;29.583400;"AS11427 Time Warner Cable Internet LLC";"mlab1-iad01";0.059998;1330965.183748;"0.004012999";"linux2";"216.156.197.147";"bittorrent";1340038997;243481.685919;-1.000000;"eef1d069-de63-4f80-84c8-860f065b1f10";11427;"TX";"San Antonio";17;6;2012;0;18;"20120618"
"71.190.171.206";"US";-73.525400;40.767000;"AS701 MCI Communications Services, Inc. d/b/a Verizon Business";"mlab1-iad01";0.014434;3706714.835000;"0.004012999";"linux2";"216.156.197.147";"speedtest";1340039234;3099839.553470;0.017601;"dfd87da2-1968-48ac-9bd2-5469644e29e4";701;"NY";"Hicksville";17;6;2012;0;18;"20120618"
"66.235.50.69";"US";-122.029600;47.586900;"AS23292 Broadstripe";"mlab1-iad01";0.087534;207670.353207;"0.004012999";"darwin";"216.156.197.147";"speedtest";1340039658;217806.184690;0.090950;"619f12e6-7e7a-4475-96aa-abb7e35e6c27";23292;"WA";"Sammamish";17;6;2012;0;18;"20120618"
"74.60.227.223";"US";-84.561300;39.399500;"AS16586 CLEARWIRE - CLEAR WIRELESS LLC";"mlab1-iad01";0.104917;236824.379356;"0.004012999";"win32";"216.156.197.147";"bittorrent";1340039845;54191.199281;-1.000000;"59bc30c0-4f87-4fbd-8bb7-35768315d718";16586;"OH";"Hamilton";17;6;2012;0;18;"20120618"
"70.113.90.176";"US";-97.722700;30.310600;"AS11427 Time Warner Cable Internet LLC";"mlab1-iad01";0.063727;947605.078709;"0.004012999";"win32";"216.156.197.147";"speedtest";1340041261;227467.441073;0.063487;"f957f544-b6fe-4e0c-b05d-e4a409241054";11427;"TX";"Austin";17;6;2012;0;18;"20120618"
"69.249.238.83";"US";-75.163800;39.952300;"AS7922 Comcast Cable Communications, Inc.";"mlab1-iad01";0.190449;2322956.620580;"0.004012999";"win32";"216.156.197.147";"speedtest";1340041379;174107.322108;0.186964;"a49b9e19-6f47-4dc7-8196-0fc4dbc9e641";7922;"PA";"Philadelphia";17;6;2012;0;18;"20120618"
"74.93.119.149";"US";-77.460300;37.553800;"AS7922 Comcast Cable Communications, Inc.";"mlab1-iad01";0.020953;2533161.952292;"0.004012999";"win32";"216.156.197.147";"bittorrent";1340041780;608358.672864;-1.000000;"89137afb-b348-4f18-88b5-80cee829292f";7922;"VA";"Richmond";17;6;2012;0;18;"20120618"
"76.169.71.176";"US";-118.273400;33.963800;"AS20001 Time Warner Cable Internet LLC";"mlab1-iad01";0.100470;1923245.448300;"0.004011999";"win32";"216.156.197.147";"bittorrent";1340042105;122797.072509;-1.000000;"2f0c137b-7982-4d9c-b50a-c362f2d810e0";20001;"CA";"Los Angeles";17;6;2012;0;18;"20120618"
"98.22.138.166";"US";-95.790800;36.052600;"AS7029 Windstream Communications Inc";"mlab1-iad01";0.924080;16026.326587;"0.004012999";"win32";"216.156.197.147";"speedtest";1340042672;35217.621298;0.810603;"eb27082c-e25b-4239-869e-8ba23d438a17";7029;"OK";"Broken Arrow";18;6;2012;0;18;"20120618"
"71.192.154.157";"US";-71.051200;42.406300;"AS7922 Comcast Cable Communications, Inc.";"mlab1-iad01";0.134800;431472.818194;"0.004012999";"darwin";"216.156.197.147";"bittorrent";1340043233;106520.511903;-1.000000;"65fb0ed5-8aab-4ca3-973b-6f6abd2e24d4";7922;"MA";"Everett";18;6;2012;0;18;"20120618"
"50.193.198.140";"US";-122.213500;47.463700;"AS7922 Comcast Cable Communications, Inc.";"mlab1-iad01";0.095318;311173.481246;"0.004011999";"win32";"216.156.197.147";"speedtest";1340043499;203139.525058;0.097805;"2b37de0c-5f49-4446-8b8f-3b2dad14fb61";7922;"WA";"Renton";18;6;2012;0;18;"20120618"
"68.58.165.186";"US";-80.107000;32.841300;"AS7922 Comcast Cable Communications, Inc.";"mlab1-iad01";0.060576;1146761.577153;"0.004012999";"linux2";"216.156.197.147";"bittorrent";1340043783;927221.197520;-1.000000;"564f666b-3c55-40d4-a5f8-92064e970a5f";7922;"SC";"Charleston";18;6;2012;0;18;"20120618"
"50.12.211.162";"US";-93.263800;44.980000;"AS16586 CLEARWIRE - CLEAR WIRELESS LLC";"mlab1-iad01";0.105930;62273.051663;"0.004012999";"darwin";"216.156.197.147";"bittorrent";1340043924;123294.751426;-1.000000;"3955a411-3e83-4a8e-aa8e-165233e306e9";16586;"MN";"Minneapolis";18;6;2012;0;18;"20120618"
"68.58.125.60";"US";-86.158000;39.768400;"AS7922 Comcast Cable Communications, Inc.";"mlab1-iad01";0.048650;1606074.504850;"0.004012999";"darwin";"216.156.197.147";"speedtest";1340044262;508232.652401;0.051803;"9ad7184c-eb25-4754-a40f-91e4262a9d35";7922;"IN";"Indianapolis";18;6;2012;0;18;"20120618"
"71.118.241.200";"US";-118.880000;34.213300;"AS701 MCI Communications Services, Inc. d/b/a Verizon Business";"mlab1-iad01";0.088251;2599632.554170;"0.004012999";"darwin";"216.156.197.147";"speedtest";1340044453;1479225.957340;0.087152;"6240ede4-4770-4ab9-a1a5-5df49c84c463";701;"CA";"Thousand Oaks";18;6;2012;0;18;"20120618"
"69.249.238.83";"US";-75.163800;39.952300;"AS7922 Comcast Cable Communications, Inc.";"mlab1-iad01";0.127438;2377091.713770;"0.004012999";"win32";"216.156.197.147";"speedtest";1340044486;83865.789841;0.184894;"a49b9e19-6f47-4dc7-8196-0fc4dbc9e641";7922;"PA";"Philadelphia";18;6;2012;0;18;"20120618"
"98.206.101.228";"US";-87.655100;41.937300;"AS7922 Comcast Cable Communications, Inc.";"mlab1-iad01";0.042320;2641198.111250;"0.004012999";"win32";"216.156.197.147";"speedtest";1340044627;475294.912769;0.043590;"1b8a7968-95b4-4827-8260-84d7e02b3d53";7922;"IL";"Chicago";18;6;2012;0;18;"20120618"
"76.169.71.176";"US";-118.273400;33.963800;"AS20001 Time Warner Cable Internet LLC";"mlab1-iad01";0.094038;2012651.326993;"0.004011999";"win32";"216.156.197.147";"bittorrent";1340044922;122611.836822;-1.000000;"2f0c137b-7982-4d9c-b50a-c362f2d810e0";20001;"CA";"Los Angeles";18;6;2012;0;18;"20120618"
"71.204.91.144";"US";-84.447700;34.119000;"AS7922 Comcast Cable Communications, Inc.";"mlab1-iad01";0.027505;2202005.132888;"0.004012999";"darwin";"216.156.197.147";"bittorrent";1340045365;518109.496136;-1.000000;"4b4fa0bc-987b-4105-9a0b-83e736a6503c";7922;"GA";"Woodstock";18;6;2012;0;18;"20120618"
"50.83.240.108";"US";-95.977900;45.232200;"AS30036 Mediacom Communications Corp";"mlab1-iad01";0.049779;1511612.521667;"0.004012999";"darwin";"216.156.197.147";"bittorrent";1340045629;319101.677712;-1.000000;"43af2f72-3dc4-4824-9ff7-faa06a3cb206";30036;"MN";"Appleton";18;6;2012;0;18;"20120618"
"74.163.8.166";"US";-86.875000;30.446700;"AS6389 BellSouth.net Inc.";"mlab1-iad01";0.061615;478409.283235;"0.004012999";"win32";"216.156.197.147";"speedtest";1340045644;47365.957918;0.065643;"4565989b-987f-4c3c-aa75-a740afde3068";6389;"FL";"Navarre";18;6;2012;0;18;"20120618"
"70.122.243.11";"US";-97.015000;32.954600;"AS11427 Time Warner Cable Internet LLC";"mlab1-iad01";0.058063;3757010.466948;"0.004012999";"win32";"216.156.197.147";"bittorrent";1340046608;565829.709182;-1.000000;"bab8f612-1f34-46c2-a83e-fbaa7a2f8fa7";11427;"TX";"Coppell";19;6;2012;0;18;"20120618"
"71.190.171.206";"US";-73.525400;40.767000;"AS701 MCI Communications Services, Inc. d/b/a Verizon Business";"mlab1-iad01";0.015458;3614684.578514;"0.004012999";"linux2";"216.156.197.147";"bittorrent";1340046937;2457025.940926;-1.000000;"dfd87da2-1968-48ac-9bd2-5469644e29e4";701;"NY";"Hicksville";19;6;2012;0;18;"20120618"
"98.222.147.136";"US";-85.681400;40.411900;"AS7922 Comcast Cable Communications, Inc.";"mlab1-iad01";0.051019;3115963.659967;"0.004012999";"linux2";"216.156.197.147";"bittorrent";1340047087;342337.613519;-1.000000;"247a4b73-0dbb-440a-a85f-68d042f5a3a2";7922;"IN";"Fairmount";19;6;2012;0;18;"20120618"
"199.254.238.206";"US";-97.000000;38.000000;"AS16652 Riseup Networks";"mlab1-iad01";0.202643;57798.496699;"0.004012999";"linux2";"216.156.197.147";"bittorrent";1340047606;40616.083861;-1.000000;"e2181bc2-ad47-4da8-9301-b0a516313463";16652;"";"";19;6;2012;0;18;"20120618"
"67.61.252.127";"US";-116.391500;43.612100;"AS11492 CABLE ONE, INC.";"mlab1-iad01";0.109232;512791.983751;"0.004012999";"win32";"216.156.197.147";"bittorrent";1340047823;6034.186544;-1.000000;"076c32c5-13b7-4305-a338-c545b0b2a500";11492;"ID";"Meridian";19;6;2012;0;18;"20120618"
"64.81.87.32";"US";-117.865300;34.020300;"AS18566 MegaPath Corporation";"mlab1-iad01";0.093119;574396.707135;"0.004011999";"win32";"216.156.197.147";"bittorrent";1340048268;101174.723158;-1.000000;"e94d5238-1b8c-4a39-ae43-035af5b62fa1";18566;"CA";"Walnut";19;6;2012;0;18;"20120618"
"98.206.101.228";"US";-87.655100;41.937300;"AS7922 Comcast Cable Communications, Inc.";"mlab1-iad01";0.042625;2810297.719950;"0.004012999";"win32";"216.156.197.147";"speedtest";1340049664;512234.698615;0.043825;"1b8a7968-95b4-4827-8260-84d7e02b3d53";7922;"IL";"Chicago";20;6;2012;0;18;"20120618"
"99.27.132.203";"US";-122.036300;37.368800;"AS7132 AS for SBIS-AS";"mlab1-iad01";0.087286;550706.934221;"0.004012999";"linux2";"216.156.197.147";"speedtest";1340050592;69038.664218;0.089455;"d0271e0a-854f-4f73-b087-7be4c60e4f8c";7132;"CA";"Sunnyvale";20;6;2012;0;18;"20120618"
"98.203.140.223";"US";-122.304300;47.610200;"AS7922 Comcast Cable Communications, Inc.";"mlab1-iad01";0.104859;1576098.774518;"0.004012999";"linux2";"216.156.197.147";"bittorrent";1340051182;486039.551909;-1.000000;"4bf1068a-cabe-4254-a52f-c2914db03ade";7922;"WA";"Seattle";20;6;2012;0;18;"20120618"
"66.142.7.6";"US";-101.831300;35.222000;"AS2386 AT&T Data Communications Services";"mlab1-iad01";0.179776;15787.382401;"0.004012999";"linux2";"216.156.197.147";"speedtest";1340051375;25185.295417;0.340648;"e629a5ed-292e-4c20-860f-40ebe4624851";2386;"TX";"Amarillo";20;6;2012;0;18;"20120618"
"71.237.28.39";"US";-104.984700;39.739200;"AS7922 Comcast Cable Communications, Inc.";"mlab1-iad01";0.064409;880027.465862;"0.004012999";"darwin";"216.156.197.147";"speedtest";1340052542;460836.966103;0.249904;"95e96326-78fe-4507-8b06-f60611a1b7ad";7922;"CO";"Denver";20;6;2012;0;18;"20120618"
"75.127.236.122";"US";-97.000000;38.000000;"AS6128 Cablevision Systems Corp.";"mlab1-iad01";0.016854;3165173.058740;"0.004012999";"win32";"216.156.197.147";"speedtest";1340052925;604278.210029;0.019131;"560c097a-1dfa-4e05-9893-bdc56e35afc3";6128;"";"";20;6;2012;0;18;"20120618"
"208.52.154.53";"US";-84.443200;33.793000;"AS13703 BroadRiver Communication Corp.";"mlab1-iad01";0.026596;8990186.252290;"0.004010999";"win32";"216.156.197.147";"speedtest";1340053821;991925.502891;0.016181;"5a94fb06-4ffc-4b82-bc99-552f47212e96";13703;"GA";"Atlanta";21;6;2012;0;18;"20120618"
"96.236.133.97";"US";-79.995900;40.440600;"AS701 MCI Communications Services, Inc. d/b/a Verizon Business";"mlab1-iad01";0.022566;590592.979796;"0.004012999";"linux2";"216.156.197.147";"bittorrent";1340054709;205599.501234;-1.000000;"002bd52f-5f9d-42eb-9ce6-e310c9db525a";701;"PA";"Pittsburgh";21;6;2012;0;18;"20120618"
"209.155.86.74";"US";-77.426000;43.100500;"AS1785 PaeTec Communications, Inc.";"mlab1-iad01";0.068418;238256.885723;"0.004012999";"win32";"216.156.197.147";"bittorrent";1340054785;56121.431141;-1.000000;"4841c017-4566-4afc-a805-ba458ccb2be1";1785;"NY";"Fairport";21;6;2012;0;18;"20120618"
"98.22.138.166";"US";-95.790800;36.052600;"AS7029 Windstream Communications Inc";"mlab1-iad01";2.244675;5003.058947;"0.004012999";"win32";"216.156.197.147";"bittorrent";1340056054;27968.696387;-1.000000;"eb27082c-e25b-4239-869e-8ba23d438a17";7029;"OK";"Broken Arrow";21;6;2012;0;18;"20120618"
"98.214.132.10";"US";-89.589000;40.693600;"AS7922 Comcast Cable Communications, Inc.";"mlab1-iad01";0.057827;1052491.770480;"0.004012999";"darwin";"216.156.197.147";"speedtest";1340056633;769766.051941;0.061749;"ac008ee9-df9b-425b-a370-34b57dce1b90";7922;"IL";"Peoria";21;6;2012;0;18;"20120618"
"67.168.59.54";"US";-122.668000;48.185500;"AS7922 Comcast Cable Communications, Inc.";"mlab1-iad01";0.096642;1973091.870741;"0.004012999";"win32";"216.156.197.147";"bittorrent";1340058534;718652.535611;-1.000000;"ea22d474-846e-407d-9ebe-cd03ff0d64f4";7922;"WA";"Coupeville";22;6;2012;0;18;"20120618"
"71.58.226.44";"US";-75.961500;41.249000;"AS7922 Comcast Cable Communications, Inc.";"mlab1-iad01";0.037167;3058418.186810;"0.004012999";"win32";"216.156.197.147";"speedtest";1340058951;756595.180332;0.036103;"fb6cc5ca-37c3-44c5-8176-4a40a17f217a";7922;"PA";"Plymouth";22;6;2012;0;18;"20120618"
"206.255.246.41";"US";-94.740500;32.500700;"AS53508 Cablelynx";"mlab1-iad01";0.056099;1264528.097630;"0.004012999";"win32";"216.156.197.147";"speedtest";1340059383;176289.232103;0.058113;"3a5b4ca4-0887-432d-a115-9f646a867cdb";53508;"TX";"Longview";22;6;2012;0;18;"20120618"
"24.111.85.175";"US";-97.440500;42.935900;"AS11232 Midcontinent Media, Inc.";"mlab1-iad01";0.087553;164773.654538;"0.004011999";"win32";"216.156.197.147";"bittorrent";1340059578;426405.813480;-1.000000;"d8e6a54b-6231-4d06-a9c1-bf3a10f484b1";11232;"SD";"Yankton";22;6;2012;0;18;"20120618"
"98.214.132.10";"US";-89.589000;40.693600;"AS7922 Comcast Cable Communications, Inc.";"mlab1-iad01";0.056093;1047848.624780;"0.004012999";"darwin";"216.156.197.147";"speedtest";1340059802;772237.751401;0.060309;"ac008ee9-df9b-425b-a370-34b57dce1b90";7922;"IL";"Peoria";22;6;2012;0;18;"20120618"
"70.122.243.11";"US";-97.015000;32.954600;"AS11427 Time Warner Cable Internet LLC";"mlab1-iad01";0.062213;2699644.093560;"0.004012999";"win32";"216.156.197.147";"speedtest";1340060278;613788.475050;0.066467;"bab8f612-1f34-46c2-a83e-fbaa7a2f8fa7";11427;"TX";"Coppell";22;6;2012;0;18;"20120618"
"174.130.159.236";"US";-84.120400;32.341000;"AS7029 Windstream Communications Inc";"mlab1-iad01";0.047307;72534.144049;"0.004011999";"win32";"216.156.197.147";"bittorrent";1340060342;75230.997744;-1.000000;"de6fbf44-b9c6-4959-9089-5bd76562acd2";7029;"GA";"Oglethorpe";22;6;2012;0;18;"20120618"
"71.190.171.206";"US";-73.525400;40.767000;"AS701 MCI Communications Services, Inc. d/b/a Verizon Business";"mlab1-iad01";0.019470;3812108.554130;"0.004012999";"linux2";"216.156.197.147";"speedtest";1340060392;2943955.295210;0.019849;"dfd87da2-1968-48ac-9bd2-5469644e29e4";701;"NY";"Hicksville";22;6;2012;0;18;"20120618"
"98.206.101.228";"US";-87.655100;41.937300;"AS7922 Comcast Cable Communications, Inc.";"mlab1-iad01";0.042233;3087565.889319;"0.004012999";"win32";"216.156.197.147";"bittorrent";1340060940;517215.735525;-1.000000;"1b8a7968-95b4-4827-8260-84d7e02b3d53";7922;"IL";"Chicago";23;6;2012;0;18;"20120618"
"50.193.198.140";"US";-122.213500;47.463700;"AS7922 Comcast Cable Communications, Inc.";"mlab1-iad01";0.096866;513586.066885;"0.004011999";"win32";"216.156.197.147";"bittorrent";1340061192;374878.828221;-1.000000;"2b37de0c-5f49-4446-8b8f-3b2dad14fb61";7922;"WA";"Renton";23;6;2012;0;18;"20120618"
"76.112.203.189";"US";-83.144600;42.489500;"AS7922 Comcast Cable Communications, Inc.";"mlab1-iad01";0.047975;1679594.262620;"0.004012999";"win32";"216.156.197.147";"speedtest";1340061928;763680.608074;0.048796;"5cb4931f-bf67-49bf-a4ec-d36d7495a682";7922;"MI";"Royal Oak";23;6;2012;0;18;"20120618"
"97.126.49.211";"US";-122.217100;47.482900;"AS209 NOVARTIS-DMZ-US";"mlab1-iad01";0.115656;480676.326352;"0.004012999";"darwin";"216.156.197.147";"speedtest";1340062832;91314.458549;0.119614;"8e65a2a9-47d4-4adc-a937-76425a1f5bfe";209;"WA";"Renton";23;6;2012;0;18;"20120618"
"75.140.153.254";"US";-121.654400;37.130500;"AS20115 Charter Communications";"mlab1-iad01";0.105531;1589301.274481;"0.004012999";"darwin";"216.156.197.147";"bittorrent";1340063733;633517.618172;-1.000000;"a039434c-d8c0-4f4d-8050-4153de22c986";20115;"CA";"Morgan Hill";23;6;2012;0;18;"20120618"
"62.98.65.177";"IT";14.250000;40.833300;"AS1267 WIND Telecomunicazioni S.p.A.";"mlab2-trn01";0.034913;696800.069791;"0.004012999";"win32";"194.116.85.224";"speedtest";1339977781;40284.253760;0.045746;"2d006d8d-7c04-46bb-b056-798468ee365e";1267;"04";"Napoli";2;6;2012;0;18;"20120618"
"188.152.94.198";"IT";12.833300;42.833300;"AS44957 Vodafone Omnitel N.V.";"mlab2-trn01";0.049082;869509.253832;"0.004012999";"linux2";"194.116.85.224";"speedtest";1339978458;49304.815773;0.053710;"b6f7bc90-fab9-4db0-af8a-1737ebd554f1";44957;"";"";2;6;2012;0;18;"20120618"
"79.20.70.163";"IT";8.066600;45.572300;"AS3269 Telecom Italia S.p.a.";"mlab2-trn01";0.041549;804920.904821;"0.004012999";"darwin";"194.116.85.224";"speedtest";1339978502;41371.033395;0.046980;"e838c543-3d44-45bd-9a51-ed5e3c0d7d06";3269;"12";"Biella";2;6;2012;0;18;"20120618"
"88.47.41.57";"IT";12.833300;42.833300;"AS3269 Telecom Italia S.p.a.";"mlab2-trn01";0.045810;715352.575507;"0.004012999";"win32";"194.116.85.224";"speedtest";1339978608;34452.676730;0.052067;"ec2e71be-f555-4dee-b674-bc8e80a61d77";3269;"";"";2;6;2012;0;18;"20120618"
"93.34.192.104";"IT";9.200000;45.466700;"AS12874 Fastweb SpA";"mlab2-trn01";0.005760;1176497.474243;"0.004008999";"linux2";"194.116.85.224";"bittorrent";1339979576;50253.132603;-1.000000;"3a436766-5606-4f4e-98ae-e6e71385d6fd";12874;"09";"Milan";2;6;2012;0;18;"20120618"
"94.34.162.92";"IT";11.183300;43.750000;"AS8612 Tiscali Italia S.P.A.";"mlab2-trn01";0.082510;501782.082965;"0.004012999";"darwin";"194.116.85.224";"bittorrent";1339979885;6729.661526;-1.000000;"5f59af2e-2b13-403e-ba8c-0801e50c8913";8612;"16";"Scandicci";2;6;2012;0;18;"20120618"
"188.152.94.198";"IT";12.833300;42.833300;"AS44957 Vodafone Omnitel N.V.";"mlab2-trn01";0.048036;882574.108224;"0.004012999";"linux2";"194.116.85.224";"bittorrent";1339979956;48505.222884;-1.000000;"b6f7bc90-fab9-4db0-af8a-1737ebd554f1";44957;"";"";2;6;2012;0;18;"20120618"
"94.36.33.130";"IT";8.950000;44.416700;"AS8612 Tiscali Italia S.P.A.";"mlab2-trn01";0.028087;861374.260795;"0.004012999";"darwin";"194.116.85.224";"bittorrent";1339980427;52260.239445;-1.000000;"894fe1ee-9250-416a-98be-74dd024aea06";8612;"08";"Genova";2;6;2012;0;18;"20120618"
"2.225.128.51";"IT";7.666700;45.050000;"AS12874 Fastweb SpA";"mlab2-trn01";0.027909;436260.213559;"0.004012999";"darwin";"194.116.85.224";"bittorrent";1339980495;61671.743281;-1.000000;"28ba3b2e-cd9a-4c00-8b29-33e0cfe5c596";12874;"12";"Torino";2;6;2012;0;18;"20120618"
"87.4.68.136";"IT";8.400000;45.783300;"AS3269 Telecom Italia S.p.a.";"mlab2-trn01";0.216288;40077.032678;"0.004012999";"win32";"194.116.85.224";"speedtest";1339981099;18807.915232;0.069833;"d8a56420-51dd-4f7f-811c-30fa9ca36858";3269;"12";"San Maurizio D'opaglio";2;6;2012;0;18;"20120618"
"80.180.3.244";"IT";8.933300;44.950000;"AS3269 Telecom Italia S.p.a.";"mlab2-trn01";0.044444;349922.223316;"0.004009999";"win32";"194.116.85.224";"speedtest";1339981426;63715.869375;0.079208;"43fc56b7-cfe0-496f-a712-ead0946dc63a";3269;"12";"Pontecurone";3;6;2012;0;18;"20120618"
"80.180.3.244";"IT";8.933300;44.950000;"AS3269 Telecom Italia S.p.a.";"mlab2-trn01";0.086859;277508.209018;"0.004009999";"win32";"194.116.85.224";"speedtest";1339981602;54250.747158;0.055100;"43fc56b7-cfe0-496f-a712-ead0946dc63a";3269;"12";"Pontecurone";3;6;2012;0;18;"20120618"
"2.225.128.51";"IT";7.666700;45.050000;"AS12874 Fastweb SpA";"mlab2-trn01";0.029427;425829.170061;"0.004012999";"darwin";"194.116.85.224";"speedtest";1339982103;53207.166332;0.031750;"28ba3b2e-cd9a-4c00-8b29-33e0cfe5c596";12874;"12";"Torino";3;6;2012;0;18;"20120618"
"62.98.65.177";"IT";14.250000;40.833300;"AS1267 WIND Telecomunicazioni S.p.A.";"mlab2-trn01";0.027828;709088.100623;"0.004012999";"win32";"194.116.85.224";"bittorrent";1339982114;41560.033089;-1.000000;"2d006d8d-7c04-46bb-b056-798468ee365e";1267;"04";"Napoli";3;6;2012;0;18;"20120618"
"79.9.218.223";"IT";12.483300;41.900000;"AS3269 Telecom Italia S.p.a.";"mlab2-trn01";0.039989;825958.552205;"0.004012999";"darwin";"194.116.85.224";"bittorrent";1339982410;93704.712614;-1.000000;"4372ef01-dfbb-4175-8485-4bcfde678997";3269;"07";"Rome";3;6;2012;0;18;"20120618"
"88.47.41.57";"IT";12.833300;42.833300;"AS3269 Telecom Italia S.p.a.";"mlab2-trn01";0.046193;760917.706724;"0.004012999";"win32";"194.116.85.224";"bittorrent";1339982885;46583.626880;-1.000000;"ec2e71be-f555-4dee-b674-bc8e80a61d77";3269;"";"";3;6;2012;0;18;"20120618"
"95.232.210.92";"IT";7.550000;45.100000;"AS3269 Telecom Italia S.p.a.";"mlab2-trn01";0.040415;844961.727002;"0.004012999";"win32";"194.116.85.224";"bittorrent";1339983002;36134.182298;-1.000000;"f0582543-2bfe-4624-80ce-da152d4c2c58";3269;"12";"Pianezza";3;6;2012;0;18;"20120618"
"95.252.38.138";"IT";9.200000;45.466700;"AS3269 Telecom Italia S.p.a.";"mlab2-trn01";0.026215;945006.873724;"0.004012999";"win32";"194.116.85.224";"bittorrent";1339983361;75087.089345;-1.000000;"fabd9ec4-04a0-49f7-9afc-39e5f8c565ba";3269;"09";"Milan";3;6;2012;0;18;"20120618"
"134.255.171.36";"IT";12.833300;42.833300;"AS198292 Wave-Max S.r.L.";"mlab2-trn01";0.088968;321884.582433;"0.004012999";"win32";"194.116.85.224";"bittorrent";1339983604;44522.334784;-1.000000;"708a55f0-3758-4099-a346-23683a39926d";198292;"";"";3;6;2012;0;18;"20120618"
"95.252.38.138";"IT";9.200000;45.466700;"AS3269 Telecom Italia S.p.a.";"mlab2-trn01";0.025428;1019934.426310;"0.004012999";"win32";"194.116.85.224";"speedtest";1339984883;73008.090485;0.030655;"fabd9ec4-04a0-49f7-9afc-39e5f8c565ba";3269;"09";"Milan";4;6;2012;0;18;"20120618"
"109.234.63.11";"IT";12.833300;42.833300;"AS43989 Ehinet Srl";"mlab2-trn01";0.035621;431243.084203;"0.004009999";"win32";"194.116.85.224";"speedtest";1339984899;40068.790906;0.052827;"5d6312ec-b414-42e6-8e89-702c7b4fd5e8";43989;"";"";4;6;2012;0;18;"20120618"
"79.20.70.163";"IT";8.066600;45.572300;"AS3269 Telecom Italia S.p.a.";"mlab2-trn01";0.040829;702199.824369;"0.004012999";"darwin";"194.116.85.224";"speedtest";1339985040;41444.091042;0.047385;"e838c543-3d44-45bd-9a51-ed5e3c0d7d06";3269;"12";"Biella";4;6;2012;0;18;"20120618"
"2.36.184.63";"IT";9.200000;45.466700;"AS30722 Vodafone Omnitel N.V.";"mlab2-trn01";0.048150;400645.142436;"0.004011999";"win32";"194.116.85.224";"speedtest";1339985134;28943.362095;0.067585;"60e4ddb8-b47b-4b72-a668-dea9c263699a";30722;"09";"Milan";4;6;2012;0;18;"20120618"
"88.47.41.57";"IT";12.833300;42.833300;"AS3269 Telecom Italia S.p.a.";"mlab2-trn01";0.045416;760910.708756;"0.004012999";"win32";"194.116.85.224";"bittorrent";1339985749;46346.003941;-1.000000;"ec2e71be-f555-4dee-b674-bc8e80a61d77";3269;"";"";4;6;2012;0;18;"20120618"
"188.152.109.177";"IT";7.666700;45.050000;"AS44957 Vodafone Omnitel N.V.";"mlab2-trn01";0.049291;467427.706766;"0.004012999";"darwin";"194.116.85.224";"speedtest";1339986212;40969.506025;0.056172;"fd2cba45-5000-4263-b0bc-8c4a654ac411";44957;"12";"Torino";4;6;2012;0;18;"20120618"
"2.225.128.51";"IT";7.666700;45.050000;"AS12874 Fastweb SpA";"mlab2-trn01";0.027959;436286.463332;"0.004012999";"darwin";"194.116.85.224";"bittorrent";1339986938;54709.036986;-1.000000;"28ba3b2e-cd9a-4c00-8b29-33e0cfe5c596";12874;"12";"Torino";4;6;2012;0;18;"20120618"
"134.255.171.36";"IT";12.833300;42.833300;"AS198292 Wave-Max S.r.L.";"mlab2-trn01";0.088313;597692.655072;"0.004012999";"win32";"194.116.85.224";"speedtest";1339987791;45705.031839;0.088885;"708a55f0-3758-4099-a346-23683a39926d";198292;"";"";4;6;2012;0;18;"20120618"
"79.20.70.163";"IT";8.066600;45.572300;"AS3269 Telecom Italia S.p.a.";"mlab2-trn01";0.040783;803009.962484;"0.004012999";"darwin";"194.116.85.224";"speedtest";1339988308;41382.216025;0.047127;"e838c543-3d44-45bd-9a51-ed5e3c0d7d06";3269;"12";"Biella";4;6;2012;0;18;"20120618"
"130.192.91.211";"IT";7.666700;45.050000;"AS137 GARR Italian academic and research network";"mlab2-trn01";1.203380;95079.475393;"0.004012999";"linux2";"194.116.85.224";"bittorrent";1339988760;54097.922365;-1.000000;"91708cf1-7028-4b58-9520-faea0010494c";137;"12";"Torino";5;6;2012;0;18;"20120618"
"79.20.70.163";"IT";8.066600;45.572300;"AS3269 Telecom Italia S.p.a.";"mlab2-trn01";0.040896;851605.552874;"0.004012999";"darwin";"194.116.85.224";"bittorrent";1339988825;41301.846589;-1.000000;"432d3481-f83e-450d-b373-e60ae5f17efe";3269;"12";"Biella";5;6;2012;0;18;"20120618"
"62.98.65.177";"IT";14.250000;40.833300;"AS1267 WIND Telecomunicazioni S.p.A.";"mlab2-trn01";0.028918;679629.890701;"0.004012999";"win32";"194.116.85.224";"speedtest";1339989315;40755.256071;0.038183;"2d006d8d-7c04-46bb-b056-798468ee365e";1267;"04";"Napoli";5;6;2012;0;18;"20120618"
"87.18.255.91";"IT";17.229700;40.476100;"AS3269 Telecom Italia S.p.a.";"mlab2-trn01";0.078552;739503.770420;"0.004009999";"win32";"194.116.85.224";"speedtest";1339989808;49436.408024;0.081118;"7989d7c5-459e-4910-93c2-ffd113604f5d";3269;"13";"Taranto";5;6;2012;0;18;"20120618"
"130.192.91.213";"IT";7.666700;45.050000;"AS137 GARR Italian academic and research network";"mlab2-trn01";0.001963;11736852.475700;"0.004012999";"linux2";"194.116.85.224";"speedtest";1339990202;1777599.905420;0.003865;"cd78793c-1e3b-4944-b4b2-9768fc1cdb97";137;"12";"Torino";5;6;2012;0;18;"20120618"
"188.152.94.198";"IT";12.833300;42.833300;"AS44957 Vodafone Omnitel N.V.";"mlab2-trn01";0.048626;882477.336897;"0.004012999";"linux2";"194.116.85.224";"speedtest";1339990401;49918.108895;0.054509;"b6f7bc90-fab9-4db0-af8a-1737ebd554f1";44957;"";"";5;6;2012;0;18;"20120618"
"84.221.231.178";"IT";7.666700;45.050000;"AS8612 Tiscali Italia S.P.A.";"mlab2-trn01";0.026517;1946480.276896;"0.004012999";"darwin";"194.116.85.224";"bittorrent";1339990645;75019.616733;-1.000000;"7e3598a2-40f8-4213-beaa-47abf033b292";8612;"12";"Torino";5;6;2012;0;18;"20120618"
"188.11.197.8";"IT";12.483300;41.900000;"AS3269 Telecom Italia S.p.a.";"mlab2-trn01";0.035414;1300201.160930;"0.004012999";"darwin";"194.116.85.224";"speedtest";1339991363;90154.969731;0.039905;"c671e4d7-9027-4ae8-9058-ad41f0746af0";3269;"07";"Rome";5;6;2012;0;18;"20120618"
"88.47.41.57";"IT";12.833300;42.833300;"AS3269 Telecom Italia S.p.a.";"mlab2-trn01";0.046282;759895.188240;"0.004012999";"win32";"194.116.85.224";"bittorrent";1339991478;46244.046239;-1.000000;"ec2e71be-f555-4dee-b674-bc8e80a61d77";3269;"";"";5;6;2012;0;18;"20120618"
"2.225.128.51";"IT";7.666700;45.050000;"AS12874 Fastweb SpA";"mlab2-trn01";0.028335;422428.464450;"0.004012999";"darwin";"194.116.85.224";"speedtest";1339991766;56778.654390;0.031883;"28ba3b2e-cd9a-4c00-8b29-33e0cfe5c596";12874;"12";"Torino";5;6;2012;0;18;"20120618"
"95.252.38.138";"IT";9.200000;45.466700;"AS3269 Telecom Italia S.p.a.";"mlab2-trn01";0.026307;940732.384436;"0.004012999";"win32";"194.116.85.224";"bittorrent";1339992514;74981.973653;-1.000000;"fabd9ec4-04a0-49f7-9afc-39e5f8c565ba";3269;"09";"Milan";6;6;2012;0;18;"20120618"
"2.230.212.185";"IT";7.666700;45.050000;"AS12874 Fastweb SpA";"mlab2-trn01";0.009168;1352717.138129;"0.004012999";"win32";"194.116.85.224";"bittorrent";1339993208;60258.111702;-1.000000;"93a97de3-c431-4df5-a005-ea55834352bd";12874;"12";"Torino";6;6;2012;0;18;"20120618"
"87.13.39.29";"IT";12.833300;42.833300;"AS3269 Telecom Italia S.p.a.";"mlab2-trn01";0.048319;47689.893272;"0.004009999";"win32";"194.116.85.224";"speedtest";1339993179;36926.627699;0.056579;"51c03cdf-92f5-46e9-bdef-c1c88bec98ce";3269;"";"";6;6;2012;0;18;"20120618"
"2.225.128.51";"IT";7.666700;45.050000;"AS12874 Fastweb SpA";"mlab2-trn01";0.028967;434570.865809;"0.004012999";"darwin";"194.116.85.224";"bittorrent";1339993380;53636.288382;-1.000000;"28ba3b2e-cd9a-4c00-8b29-33e0cfe5c596";12874;"12";"Torino";6;6;2012;0;18;"20120618"
"94.36.33.130";"IT";8.950000;44.416700;"AS8612 Tiscali Italia S.P.A.";"mlab2-trn01";0.026479;837317.156682;"0.004012999";"darwin";"194.116.85.224";"speedtest";1339993447;52795.975484;0.031249;"894fe1ee-9250-416a-98be-74dd024aea06";8612;"08";"Genova";6;6;2012;0;18;"20120618"
"109.234.63.11";"IT";12.833300;42.833300;"AS43989 Ehinet Srl";"mlab2-trn01";0.024829;472652.679608;"0.004009999";"win32";"194.116.85.224";"speedtest";1339993508;63008.771793;0.022654;"5d6312ec-b414-42e6-8e89-702c7b4fd5e8";43989;"";"";6;6;2012;0;18;"20120618"
"95.248.65.26";"IT";8.283300;46.016700;"AS3269 Telecom Italia S.p.a.";"mlab2-trn01";0.048479;716816.584016;"0.004012999";"win32";"194.116.85.224";"speedtest";1339994038;44007.102988;0.057474;"19176454-a721-4c97-8342-b9cf8e375390";3269;"12";"Vogogna";6;6;2012;0;18;"20120618"
"130.192.91.211";"IT";7.666700;45.050000;"AS137 GARR Italian academic and research network";"mlab2-trn01";1.203140;104766.965547;"0.004012999";"linux2";"194.116.85.224";"bittorrent";1339994622;50449.161055;-1.000000;"91708cf1-7028-4b58-9520-faea0010494c";137;"12";"Torino";6;6;2012;0;18;"20120618"
"134.255.171.36";"IT";12.833300;42.833300;"AS198292 Wave-Max S.r.L.";"mlab2-trn01";0.084162;398394.918968;"0.004012999";"win32";"194.116.85.224";"bittorrent";1339994783;45516.312833;-1.000000;"708a55f0-3758-4099-a346-23683a39926d";198292;"";"";6;6;2012;0;18;"20120618"
"2.225.128.51";"IT";7.666700;45.050000;"AS12874 Fastweb SpA";"mlab2-trn01";0.028404;425797.341720;"0.004012999";"darwin";"194.116.85.224";"speedtest";1339994988;52488.310703;0.032984;"28ba3b2e-cd9a-4c00-8b29-33e0cfe5c596";12874;"12";"Torino";6;6;2012;0;18;"20120618"
"85.18.29.42";"IT";9.200000;45.466700;"AS12874 Fastweb SpA";"mlab2-trn01";0.006316;1160530.237540;"0.004012999";"darwin";"194.116.85.224";"speedtest";1339995983;1173774.931960;0.007555;"2c46fdf6-7306-4016-9a75-e529fa590549";12874;"09";"Milan";7;6;2012;0;18;"20120618"
"109.234.63.11";"IT";12.833300;42.833300;"AS43989 Ehinet Srl";"mlab2-trn01";0.043533;356238.435705;"0.004009999";"win32";"194.116.85.224";"speedtest";1339996394;27027.744274;0.025922;"5d6312ec-b414-42e6-8e89-702c7b4fd5e8";43989;"";"";7;6;2012;0;18;"20120618"
"79.20.70.163";"IT";8.066600;45.572300;"AS3269 Telecom Italia S.p.a.";"mlab2-trn01";0.040590;843057.263522;"0.004012999";"darwin";"194.116.85.224";"bittorrent";1339996488;33081.300151;-1.000000;"e838c543-3d44-45bd-9a51-ed5e3c0d7d06";3269;"12";"Biella";7;6;2012;0;18;"20120618"
"93.37.219.117";"IT";11.883300;45.416700;"AS12874 Fastweb SpA";"mlab2-trn01";0.018102;655428.346132;"0.004009999";"win32";"194.116.85.224";"speedtest";1339996703;66691.328970;0.025281;"f694efd4-f67c-4411-8e45-1c801f5c4061";12874;"20";"Padova";7;6;2012;0;18;"20120618"
"88.87.119.170";"IT";7.666700;45.050000;"AS34606 BBBell s.r.l. - Telecommunication Services";"mlab2-trn01";0.007384;54765.275002;"0.004012999";"win32";"194.116.85.224";"bittorrent";1339997266;13645.338644;-1.000000;"241c3a7e-ba9b-4a0d-9bea-1c379895fdaa";34606;"12";"Torino";7;6;2012;0;18;"20120618"
"85.18.29.42";"IT";9.200000;45.466700;"AS12874 Fastweb SpA";"mlab2-trn01";0.006105;1176840.658069;"0.004012999";"darwin";"194.116.85.224";"bittorrent";1339997503;1173582.498223;-1.000000;"2c46fdf6-7306-4016-9a75-e529fa590549";12874;"09";"Milan";7;6;2012;0;18;"20120618"
"188.11.197.8";"IT";12.483300;41.900000;"AS3269 Telecom Italia S.p.a.";"mlab2-trn01";0.036074;1233334.468660;"0.004012999";"darwin";"194.116.85.224";"speedtest";1339997555;92513.093554;0.039791;"c671e4d7-9027-4ae8-9058-ad41f0746af0";3269;"07";"Rome";7;6;2012;0;18;"20120618"
"134.255.171.36";"IT";12.833300;42.833300;"AS198292 Wave-Max S.r.L.";"mlab2-trn01";0.088231;392230.685294;"0.004012999";"win32";"194.116.85.224";"bittorrent";1339997579;45183.748430;-1.000000;"708a55f0-3758-4099-a346-23683a39926d";198292;"";"";7;6;2012;0;18;"20120618"
"2.230.212.185";"IT";7.666700;45.050000;"AS12874 Fastweb SpA";"mlab2-trn01";0.013753;1240256.137360;"0.004012999";"win32";"194.116.85.224";"speedtest";1339997634;1023932.853100;0.011207;"93a97de3-c431-4df5-a005-ea55834352bd";12874;"12";"Torino";7;6;2012;0;18;"20120618"
"87.18.255.91";"IT";17.229700;40.476100;"AS3269 Telecom Italia S.p.a.";"mlab2-trn01";0.068066;779283.311233;"0.004009999";"win32";"194.116.85.224";"bittorrent";1339997699;49400.709552;-1.000000;"7989d7c5-459e-4910-93c2-ffd113604f5d";3269;"13";"Taranto";7;6;2012;0;18;"20120618"
"188.216.183.24";"IT";12.833300;42.833300;"AS30722 Vodafone Omnitel N.V.";"mlab2-trn01";0.053128;791238.345402;"0.004012999";"darwin";"194.116.85.224";"speedtest";1339998569;65187.719521;0.058466;"eb287f52-d429-4a32-aa75-ba1fd1cf87d2";30722;"";"";7;6;2012;0;18;"20120618"
"88.47.41.57";"IT";12.833300;42.833300;"AS3269 Telecom Italia S.p.a.";"mlab2-trn01";0.046447;715474.039129;"0.004012999";"win32";"194.116.85.224";"speedtest";1339998670;46667.699154;0.052022;"ec2e71be-f555-4dee-b674-bc8e80a61d77";3269;"";"";7;6;2012;0;18;"20120618"
"88.87.119.170";"IT";7.666700;45.050000;"AS34606 BBBell s.r.l. - Telecommunication Services";"mlab2-trn01";0.004299;708741.100985;"0.004012999";"win32";"194.116.85.224";"speedtest";1339998845;720441.375407;0.007853;"241c3a7e-ba9b-4a0d-9bea-1c379895fdaa";34606;"12";"Torino";7;6;2012;0;18;"20120618"
"149.132.117.110";"IT";9.200000;45.466700;"AS137 GARR Italian academic and research network";"mlab2-trn01";0.004757;11138736.773300;"0.004012999";"darwin";"194.116.85.224";"speedtest";1339998884;11320216.452700;0.006105;"c9d3d685-6087-4faf-a87c-eb1dfaa2b53c";137;"18";"Milan";7;6;2012;0;18;"20120618"
"188.216.124.199";"IT";7.666700;45.050000;"AS30722 Vodafone Omnitel N.V.";"mlab2-trn01";0.044351;808529.719630;"0.004012999";"darwin";"194.116.85.224";"bittorrent";1339998909;65137.821147;-1.000000;"821aa4b7-0495-4899-9210-11d94170a73b";30722;"12";"Torino";7;6;2012;0;18;"20120618"
"81.174.11.50";"IT";8.650000;45.850000;"AS35612 NGI Spa";"mlab2-trn01";0.043206;541417.780744;"0.004012999";"darwin";"194.116.85.224";"speedtest";1339998965;87995.636660;0.047800;"04eb82ec-76b3-4615-b25a-7c0279090671";35612;"09";"Besozzo";7;6;2012;0;18;"20120618"
"151.49.229.123";"IT";13.780000;45.648600;"AS1267 WIND Telecomunicazioni S.p.A.";"mlab2-trn01";0.024256;809437.739780;"0.004011999";"linux2";"194.116.85.224";"bittorrent";1339999002;53235.665845;-1.000000;"db4c1f00-a6b9-40ad-b36d-a2fad669a491";1267;"06";"Trieste";7;6;2012;0;18;"20120618"
"130.192.91.211";"IT";7.666700;45.050000;"AS137 GARR Italian academic and research network";"mlab2-trn01";1.202688;4708.578777;"0.004012999";"linux2";"194.116.85.224";"speedtest";1339999018;17790.550588;1.206656;"91708cf1-7028-4b58-9520-faea0010494c";137;"12";"Torino";7;6;2012;0;18;"20120618"
"84.221.231.178";"IT";7.666700;45.050000;"AS8612 Tiscali Italia S.P.A.";"mlab2-trn01";0.020919;2031948.044071;"0.004012999";"darwin";"194.116.85.224";"bittorrent";1339999191;104043.210284;-1.000000;"7e3598a2-40f8-4213-beaa-47abf033b292";8612;"12";"Torino";7;6;2012;0;18;"20120618"
"94.36.33.130";"IT";8.950000;44.416700;"AS8612 Tiscali Italia S.P.A.";"mlab2-trn01";0.025378;836687.434508;"0.004012999";"darwin";"194.116.85.224";"speedtest";1339999231;52605.687027;0.031629;"894fe1ee-9250-416a-98be-74dd024aea06";8612;"08";"Genova";8;6;2012;0;18;"20120618"
"79.20.70.163";"IT";8.066600;45.572300;"AS3269 Telecom Italia S.p.a.";"mlab2-trn01";0.041876;808451.202099;"0.004012999";"darwin";"194.116.85.224";"speedtest";1339999730;41308.447905;0.047349;"432d3481-f83e-450d-b373-e60ae5f17efe";3269;"12";"Biella";8;6;2012;0;18;"20120618"
"79.20.70.163";"IT";8.066600;45.572300;"AS3269 Telecom Italia S.p.a.";"mlab2-trn01";0.040506;780640.729009;"0.004012999";"darwin";"194.116.85.224";"bittorrent";1339999755;40214.772573;-1.000000;"e838c543-3d44-45bd-9a51-ed5e3c0d7d06";3269;"12";"Biella";8;6;2012;0;18;"20120618"
"87.13.39.29";"IT";12.833300;42.833300;"AS3269 Telecom Italia S.p.a.";"mlab2-trn01";0.048509;225820.436061;"0.004009999";"win32";"194.116.85.224";"speedtest";1339999705;29805.158287;0.056940;"51c03cdf-92f5-46e9-bdef-c1c88bec98ce";3269;"";"";8;6;2012;0;18;"20120618"
"83.211.172.129";"IT";13.566700;42.583300;"AS15589 Clouditalia Communications S.p.A.";"mlab2-trn01";0.025024;493745.051144;"0.004012999";"win32";"194.116.85.224";"speedtest";1340000064;31644.142305;0.087041;"b6e23738-aa63-4482-8754-26d879467631";15589;"01";"Altavilla";8;6;2012;0;18;"20120618"
"188.216.124.199";"IT";7.666700;45.050000;"AS30722 Vodafone Omnitel N.V.";"mlab2-trn01";0.043633;792600.860000;"0.004012999";"darwin";"194.116.85.224";"speedtest";1340000319;64669.730390;0.049748;"821aa4b7-0495-4899-9210-11d94170a73b";30722;"12";"Torino";8;6;2012;0;18;"20120618"
"84.221.231.178";"IT";7.666700;45.050000;"AS8612 Tiscali Italia S.P.A.";"mlab2-trn01";0.021825;2013894.904500;"0.004012999";"darwin";"194.116.85.224";"speedtest";1340000613;103314.865642;0.028066;"7e3598a2-40f8-4213-beaa-47abf033b292";8612;"12";"Torino";8;6;2012;0;18;"20120618"
"93.62.242.110";"IT";12.029400;45.421400;"AS12874 Fastweb SpA";"mlab2-trn01";0.013646;429243.670033;"0.004012999";"darwin";"194.116.85.224";"speedtest";1340001251;416214.703022;0.016371;"9905faad-2379-4ce5-bea7-d26dfd5ef167";12874;"20";"Fiesso D'artico";8;6;2012;0;18;"20120618"
"79.20.70.163";"IT";8.066600;45.572300;"AS3269 Telecom Italia S.p.a.";"mlab2-trn01";0.041243;828143.600932;"0.004012999";"darwin";"194.116.85.224";"bittorrent";1340001292;41244.191426;-1.000000;"432d3481-f83e-450d-b373-e60ae5f17efe";3269;"12";"Biella";8;6;2012;0;18;"20120618"
"188.216.124.199";"IT";7.666700;45.050000;"AS30722 Vodafone Omnitel N.V.";"mlab2-trn01";0.318656;843685.576872;"0.004012999";"darwin";"194.116.85.224";"bittorrent";1340001731;59651.962019;-1.000000;"821aa4b7-0495-4899-9210-11d94170a73b";30722;"12";"Torino";8;6;2012;0;18;"20120618"
"81.174.11.50";"IT";8.650000;45.850000;"AS35612 NGI Spa";"mlab2-trn01";0.064776;451216.473502;"0.004012999";"darwin";"194.116.85.224";"speedtest";1340001754;62852.452419;0.064340;"04eb82ec-76b3-4615-b25a-7c0279090671";35612;"09";"Besozzo";8;6;2012;0;18;"20120618"
"31.196.6.210";"IT";12.833300;42.833300;"AS3269 Telecom Italia S.p.a.";"mlab2-trn01";0.019091;182224.584716;"0.004012999";"win32";"194.116.85.224";"bittorrent";1340001771;206554.468578;-1.000000;"8f96be96-0318-4e62-a639-7816bf69ae7b";3269;"";"";8;6;2012;0;18;"20120618"
"88.87.119.170";"IT";7.666700;45.050000;"AS34606 BBBell s.r.l. - Telecommunication Services";"mlab2-trn01";0.036303;345183.643521;"0.004012999";"win32";"194.116.85.224";"speedtest";1340002030;700094.963401;0.025629;"241c3a7e-ba9b-4a0d-9bea-1c379895fdaa";34606;"12";"Torino";8;6;2012;0;18;"20120618"
"109.234.63.11";"IT";12.833300;42.833300;"AS43989 Ehinet Srl";"mlab2-trn01";0.089440;389619.279386;"0.004009999";"win32";"194.116.85.224";"speedtest";1340002179;31245.889019;0.048634;"5d6312ec-b414-42e6-8e89-702c7b4fd5e8";43989;"";"";8;6;2012;0;18;"20120618"
"62.98.65.177";"IT";14.250000;40.833300;"AS1267 WIND Telecomunicazioni S.p.A.";"mlab2-trn01";0.031574;668859.850045;"0.004012999";"win32";"194.116.85.224";"bittorrent";1340002300;41260.605747;-1.000000;"2d006d8d-7c04-46bb-b056-798468ee365e";1267;"04";"Napoli";8;6;2012;0;18;"20120618"
"149.132.117.110";"IT";9.200000;45.466700;"AS137 GARR Italian academic and research network";"mlab2-trn01";0.004621;10740613.296100;"0.004012999";"darwin";"194.116.85.224";"speedtest";1340002331;11148586.918200;0.006315;"c9d3d685-6087-4faf-a87c-eb1dfaa2b53c";137;"18";"Milan";8;6;2012;0;18;"20120618"
"193.206.154.9";"IT";12.833300;42.833300;"AS137 GARR Italian academic and research network";"mlab2-trn01";0.007173;11824210.872482;"0.004012999";"win32";"194.116.85.224";"bittorrent";1340002389;11844494.438964;-1.000000;"0a82f1ed-ab1f-4de5-a610-bbae44fec14e";137;"";"";8;6;2012;0;18;"20120618"
"95.248.65.26";"IT";8.283300;46.016700;"AS3269 Telecom Italia S.p.a.";"mlab2-trn01";0.048377;758926.181780;"0.004012999";"win32";"194.116.85.224";"speedtest";1340002460;49298.185563;0.058549;"19176454-a721-4c97-8342-b9cf8e375390";3269;"12";"Vogogna";8;6;2012;0;18;"20120618"
"88.47.41.57";"IT";12.833300;42.833300;"AS3269 Telecom Italia S.p.a.";"mlab2-trn01";0.046445;749066.278801;"0.004012999";"win32";"194.116.85.224";"bittorrent";1340002949;36976.561169;-1.000000;"ec2e71be-f555-4dee-b674-bc8e80a61d77";3269;"";"";9;6;2012;0;18;"20120618"
"2.225.128.51";"IT";7.666700;45.050000;"AS12874 Fastweb SpA";"mlab2-trn01";0.034114;436234.500128;"0.004012999";"darwin";"194.116.85.224";"bittorrent";1340003043;61717.030832;-1.000000;"28ba3b2e-cd9a-4c00-8b29-33e0cfe5c596";12874;"12";"Torino";9;6;2012;0;18;"20120618"
"78.15.27.224";"IT";13.366700;38.116700;"AS8612 Tiscali Italia S.P.A.";"mlab2-trn01";0.124540;1208234.752922;"0.004012999";"win32";"194.116.85.224";"bittorrent";1340003178;103529.061729;-1.000000;"d237f6e8-0a11-4e9f-ac65-e61bb30f503f";8612;"15";"Palermo";9;6;2012;0;18;"20120618"
"151.28.149.138";"IT";12.483300;41.900000;"AS1267 WIND Telecomunicazioni S.p.A.";"mlab2-trn01";0.025801;810553.841181;"0.004012999";"darwin";"194.116.85.224";"speedtest";1340004288;53104.160965;0.030660;"ecbc13bf-6a9e-4fe9-b86f-bd60bf3af1d0";1267;"07";"Rome";9;6;2012;0;18;"20120618"
"31.196.6.210";"IT";12.833300;42.833300;"AS3269 Telecom Italia S.p.a.";"mlab2-trn01";0.019799;173305.666953;"0.004012999";"win32";"194.116.85.224";"speedtest";1340003308;207491.873231;0.017422;"8f96be96-0318-4e62-a639-7816bf69ae7b";3269;"";"";9;6;2012;0;18;"20120618"
"94.36.33.130";"IT";8.950000;44.416700;"AS8612 Tiscali Italia S.P.A.";"mlab2-trn01";0.027473;862937.889381;"0.004012999";"darwin";"194.116.85.224";"bittorrent";1340003569;52390.957131;-1.000000;"894fe1ee-9250-416a-98be-74dd024aea06";8612;"08";"Genova";9;6;2012;0;18;"20120618"
"88.87.119.170";"IT";7.666700;45.050000;"AS34606 BBBell s.r.l. - Telecommunication Services";"mlab2-trn01";0.023110;57327.230993;"0.004012999";"win32";"194.116.85.224";"bittorrent";1340003626;15794.835121;-1.000000;"241c3a7e-ba9b-4a0d-9bea-1c379895fdaa";34606;"12";"Torino";9;6;2012;0;18;"20120618"
"130.192.91.223";"IT";7.666700;45.050000;"AS137 GARR Italian academic and research network";"mlab2-trn01";0.002916;11804343.827305;"0.004011999";"win32";"194.116.85.224";"bittorrent";1340003778;9812728.896556;-1.000000;"d9b73a6d-f8f5-4b51-ad98-19348e823a58";137;"12";"Torino";9;6;2012;0;18;"20120618"
"217.133.46.117";"IT";11.316700;43.583300;"AS8612 Tiscali Italia S.P.A.";"mlab2-trn01";0.028652;1556199.247088;"0.004012999";"win32";"194.116.85.224";"bittorrent";1340004003;105833.051576;-1.000000;"2765e625-af97-4607-9fbe-b7195291ba59";8612;"16";"Greve";9;6;2012;0;18;"20120618"
"80.117.83.96";"IT";12.833300;42.833300;"AS3269 Telecom Italia S.p.a.";"mlab2-trn01";0.052959;809345.485980;"0.004012999";"win32";"194.116.85.224";"speedtest";1340004339;40217.196826;0.031144;"25353fbe-ce56-4192-a803-65a63443c70a";3269;"";"";9;6;2012;0;18;"20120618"
"188.216.124.199";"IT";7.666700;45.050000;"AS30722 Vodafone Omnitel N.V.";"mlab2-trn01";0.169002;843130.181933;"0.004012999";"darwin";"194.116.85.224";"bittorrent";1340004550;64787.252157;-1.000000;"821aa4b7-0495-4899-9210-11d94170a73b";30722;"12";"Torino";9;6;2012;0;18;"20120618"
"188.10.100.91";"IT";9.116700;45.683300;"AS3269 Telecom Italia S.p.a.";"mlab2-trn01";0.041845;865625.949043;"0.004012999";"win32";"194.116.85.224";"bittorrent";1340004621;49882.482993;-1.000000;"a0bc9ac6-3c40-4f42-be91-07152ae8b8fb";3269;"09";"Lentate Sul Seveso";9;6;2012;0;18;"20120618"
"79.20.70.163";"IT";8.066600;45.572300;"AS3269 Telecom Italia S.p.a.";"mlab2-trn01";0.042075;802808.570465;"0.004012999";"darwin";"194.116.85.224";"speedtest";1340004657;41281.677440;0.047468;"e838c543-3d44-45bd-9a51-ed5e3c0d7d06";3269;"12";"Biella";9;6;2012;0;18;"20120618"
"87.0.171.69";"IT";8.350000;44.766700;"AS3269 Telecom Italia S.p.a.";"mlab2-trn01";0.040799;659444.489278;"0.004012999";"darwin";"194.116.85.224";"speedtest";1340005063;50603.580259;0.051817;"6b759052-c812-4f14-90ce-16e61560a573";3269;"12";"Nizza Monferrato";9;6;2012;0;18;"20120618"
"130.192.91.213";"IT";7.666700;45.050000;"AS137 GARR Italian academic and research network";"mlab2-trn01";0.002299;11653640.772500;"0.004012999";"linux2";"194.116.85.224";"speedtest";1340005176;1288453.517270;0.003752;"cd78793c-1e3b-4944-b4b2-9768fc1cdb97";137;"12";"Torino";9;6;2012;0;18;"20120618"
"130.192.91.223";"IT";7.666700;45.050000;"AS137 GARR Italian academic and research network";"mlab2-trn01";0.002583;11079415.763700;"0.004011999";"win32";"194.116.85.224";"speedtest";1340005277;2378232.075200;0.003762;"d9b73a6d-f8f5-4b51-ad98-19348e823a58";137;"12";"Torino";9;6;2012;0;18;"20120618"
"87.8.229.178";"IT";7.666700;45.050000;"AS3269 Telecom Italia S.p.a.";"mlab2-trn01";0.041646;570538.714943;"0.004012999";"win32";"194.116.85.224";"bittorrent";1340005736;49704.965548;-1.000000;"d6bbc582-d8eb-4ead-ba2c-3fffeda97549";3269;"12";"Torino";9;6;2012;0;18;"20120618"
"80.180.128.61";"IT";9.666700;45.016700;"AS3269 Telecom Italia S.p.a.";"mlab2-trn01";0.042032;1650175.411490;"0.004012999";"win32";"194.116.85.224";"speedtest";1340005994;96189.370748;0.032098;"a6b33ac3-0345-4892-98b5-ad125988a24b";3269;"05";"Piacenza";9;6;2012;0;18;"20120618"
"87.4.83.224";"IT";16.483300;41.116700;"AS3269 Telecom Italia S.p.a.";"mlab2-trn01";0.047433;866951.154202;"0.004012999";"darwin";"194.116.85.224";"bittorrent";1340006011;46329.955306;-1.000000;"8c3b14ba-e923-48bd-8f2e-da456a7f071f";3269;"13";"Ruvo Di Puglia";9;6;2012;0;18;"20120618"
"95.226.164.10";"IT";11.416700;45.683300;"AS3269 Telecom Italia S.p.a.";"mlab2-trn01";0.052269;805117.827767;"0.004005999";"win32";"194.116.85.224";"speedtest";1340006257;42659.536692;0.049720;"54ca976f-8551-47fc-bce1-b06f00a12720";3269;"20";"Marano Vicentino";9;6;2012;0;18;"20120618"
"151.28.149.138";"IT";12.483300;41.900000;"AS1267 WIND Telecomunicazioni S.p.A.";"mlab2-trn01";0.024478;807137.159448;"0.004012999";"darwin";"194.116.85.224";"speedtest";1340007384;53132.018182;0.029527;"ecbc13bf-6a9e-4fe9-b86f-bd60bf3af1d0";1267;"07";"Rome";10;6;2012;0;18;"20120618"
"85.18.46.24";"IT";9.200000;45.466700;"AS12874 Fastweb SpA";"mlab2-trn01";0.004645;11551065.757508;"0.004012999";"linux2";"194.116.85.224";"bittorrent";1340006384;10865649.230035;-1.000000;"6c471e39-d901-41fa-9266-23795dce3dc5";12874;"09";"Milan";9;6;2012;0;18;"20120618"
"151.49.229.123";"IT";13.780000;45.648600;"AS1267 WIND Telecomunicazioni S.p.A.";"mlab2-trn01";0.024200;797075.979343;"0.004011999";"linux2";"194.116.85.224";"speedtest";1340006434;53130.567248;0.029375;"db4c1f00-a6b9-40ad-b36d-a2fad669a491";1267;"06";"Trieste";10;6;2012;0;18;"20120618"
"94.36.33.130";"IT";8.950000;44.416700;"AS8612 Tiscali Italia S.P.A.";"mlab2-trn01";0.026468;776895.746789;"0.004012999";"darwin";"194.116.85.224";"bittorrent";1340006461;52177.771261;-1.000000;"894fe1ee-9250-416a-98be-74dd024aea06";8612;"08";"Genova";10;6;2012;0;18;"20120618"
"62.98.65.177";"IT";14.250000;40.833300;"AS1267 WIND Telecomunicazioni S.p.A.";"mlab2-trn01";0.036484;735623.755834;"0.004012999";"win32";"194.116.85.224";"speedtest";1340006617;39997.517521;0.050215;"2d006d8d-7c04-46bb-b056-798468ee365e";1267;"04";"Napoli";10;6;2012;0;18;"20120618"
"93.33.101.175";"IT";9.200000;45.466700;"AS12874 Fastweb SpA";"mlab2-trn01";0.008013;1125324.015990;"0.004012999";"darwin";"194.116.85.224";"speedtest";1340006830;1164309.651380;0.009040;"29750ad8-f56c-4e95-a4f3-b9badf7da7af";12874;"09";"Milan";10;6;2012;0;18;"20120618"
"188.11.197.8";"IT";12.483300;41.900000;"AS3269 Telecom Italia S.p.a.";"mlab2-trn01";0.127810;1031723.046440;"0.004012999";"darwin";"194.116.85.224";"speedtest";1340006849;35400.127502;0.068949;"c671e4d7-9027-4ae8-9058-ad41f0746af0";3269;"07";"Rome";10;6;2012;0;18;"20120618"
"79.9.218.223";"IT";12.483300;41.900000;"AS3269 Telecom Italia S.p.a.";"mlab2-trn01";0.036300;826157.596697;"0.004012999";"darwin";"194.116.85.224";"bittorrent";1340006908;94063.965418;-1.000000;"4372ef01-dfbb-4175-8485-4bcfde678997";3269;"07";"Rome";10;6;2012;0;18;"20120618"
"94.34.148.136";"IT";12.833300;42.833300;"AS8612 Tiscali Italia S.P.A.";"mlab2-trn01";0.028939;1681557.897816;"0.004012999";"darwin";"194.116.85.224";"bittorrent";1340007038;108546.618191;-1.000000;"a8a2ab27-6236-470f-8b46-b6121b018b6c";8612;"";"";10;6;2012;0;18;"20120618"
"88.47.41.57";"IT";12.833300;42.833300;"AS3269 Telecom Italia S.p.a.";"mlab2-trn01";0.046283;703753.646338;"0.004012999";"win32";"194.116.85.224";"speedtest";1340007278;46159.883731;0.052374;"ec2e71be-f555-4dee-b674-bc8e80a61d77";3269;"";"";10;6;2012;0;18;"20120618"
"188.152.109.177";"IT";7.666700;45.050000;"AS44957 Vodafone Omnitel N.V.";"mlab2-trn01";0.049404;425243.163018;"0.004012999";"darwin";"194.116.85.224";"speedtest";1340007357;30392.271940;0.057969;"fd2cba45-5000-4263-b0bc-8c4a654ac411";44957;"12";"Torino";10;6;2012;0;18;"20120618"
"134.255.171.36";"IT";12.833300;42.833300;"AS198292 Wave-Max S.r.L.";"mlab2-trn01";0.089002;527207.881704;"0.004012999";"win32";"194.116.85.224";"speedtest";1340007380;45168.980301;0.088868;"708a55f0-3758-4099-a346-23683a39926d";198292;"";"";10;6;2012;0;18;"20120618"
"31.196.6.210";"IT";12.833300;42.833300;"AS3269 Telecom Italia S.p.a.";"mlab2-trn01";0.020094;162494.189905;"0.004012999";"win32";"194.116.85.224";"bittorrent";1340007659;201028.315983;-1.000000;"8f96be96-0318-4e62-a639-7816bf69ae7b";3269;"";"";10;6;2012;0;18;"20120618"
"95.226.164.10";"IT";11.416700;45.683300;"AS3269 Telecom Italia S.p.a.";"mlab2-trn01";0.043135;853858.686275;"0.004005999";"win32";"194.116.85.224";"bittorrent";1340007705;46215.727481;-1.000000;"54ca976f-8551-47fc-bce1-b06f00a12720";3269;"20";"Marano Vicentino";10;6;2012;0;18;"20120618"
"188.10.100.91";"IT";9.116700;45.683300;"AS3269 Telecom Italia S.p.a.";"mlab2-trn01";0.041846;838763.031027;"0.004012999";"win32";"194.116.85.224";"bittorrent";1340007866;50165.397504;-1.000000;"a0bc9ac6-3c40-4f42-be91-07152ae8b8fb";3269;"09";"Lentate Sul Seveso";10;6;2012;0;18;"20120618"
"2.230.35.188";"IT";9.316700;45.350000;"AS12874 Fastweb SpA";"mlab2-trn01";0.010314;964417.668155;"0.004012999";"darwin";"194.116.85.224";"speedtest";1340007995;108695.427676;0.013168;"681448f5-2440-4cd6-afef-f44ecf59facf";12874;"09";"Melegnano";10;6;2012;0;18;"20120618"
"95.237.222.196";"IT";7.666700;45.050000;"AS3269 Telecom Italia S.p.a.";"mlab2-trn01";0.041400;398680.131093;"0.004012999";"win32";"194.116.85.224";"bittorrent";1340008019;45154.052055;-1.000000;"47bce1bd-51cc-4815-b6db-71ab66220dd6";3269;"12";"Torino";10;6;2012;0;18;"20120618"
"85.18.29.42";"IT";9.200000;45.466700;"AS12874 Fastweb SpA";"mlab2-trn01";0.006293;1158562.755930;"0.004012999";"darwin";"194.116.85.224";"speedtest";1340008143;1170558.078030;0.007644;"2c46fdf6-7306-4016-9a75-e529fa590549";12874;"09";"Milan";10;6;2012;0;18;"20120618"
"79.0.19.229";"IT";12.483300;41.900000;"AS3269 Telecom Italia S.p.a.";"mlab2-trn01";0.033202;1345553.537264;"0.004012999";"darwin";"194.116.85.224";"bittorrent";1340008190;104962.638529;-1.000000;"69fb5e33-52f0-4549-a67d-9deb0c9b5493";3269;"07";"Rome";10;6;2012;0;18;"20120618"
"93.33.101.175";"IT";9.200000;45.466700;"AS12874 Fastweb SpA";"mlab2-trn01";0.006381;1011157.357382;"0.004012999";"darwin";"194.116.85.224";"bittorrent";1340008278;1151822.321589;-1.000000;"29750ad8-f56c-4e95-a4f3-b9badf7da7af";12874;"09";"Milan";10;6;2012;0;18;"20120618"
"79.9.218.223";"IT";12.483300;41.900000;"AS3269 Telecom Italia S.p.a.";"mlab2-trn01";0.037650;715848.129148;"0.004012999";"darwin";"194.116.85.224";"speedtest";1340008438;92810.595426;0.040797;"4372ef01-dfbb-4175-8485-4bcfde678997";3269;"07";"Rome";10;6;2012;0;18;"20120618"
"77.242.135.27";"IT";12.833300;42.833300;"AS44092 Hal Service S.r.l";"mlab2-trn01";0.078650;334219.265047;"0.004012999";"win32";"194.116.85.224";"bittorrent";1340008606;297876.216792;-1.000000;"b836ef0f-1c67-4474-ba0a-2294612f2981";44092;"";"";10;6;2012;0;18;"20120618"
"93.36.8.235";"IT";9.183300;45.700000;"AS12874 Fastweb SpA";"mlab2-trn01";0.028833;872078.801710;"0.004011999";"win32";"194.116.85.224";"speedtest";1340008619;48210.704921;0.037956;"9a8fa0ab-ee51-4da8-b32c-4f50bc470f20";12874;"09";"Mariano Comense";10;6;2012;0;18;"20120618"
"188.216.124.199";"IT";7.666700;45.050000;"AS30722 Vodafone Omnitel N.V.";"mlab2-trn01";0.043610;799258.030814;"0.004012999";"darwin";"194.116.85.224";"speedtest";1340008778;65796.765195;0.052610;"821aa4b7-0495-4899-9210-11d94170a73b";30722;"12";"Torino";10;6;2012;0;18;"20120618"
"85.18.28.68";"IT";12.833300;42.833300;"AS12874 Fastweb SpA";"mlab2-trn01";0.440221;19089.283849;"0.004009999";"win32";"194.116.85.224";"speedtest";1340009190;42151.295520;0.964063;"209e0493-6ac3-47f4-8a7e-513e3ce88ea8";12874;"";"";10;6;2012;0;18;"20120618"
"217.133.23.13";"IT";12.833300;42.833300;"AS8612 Tiscali Italia S.P.A.";"mlab2-trn01";0.032313;1091602.277537;"0.004012999";"darwin";"194.116.85.224";"bittorrent";1340009051;105728.503320;-1.000000;"7da8ef87-6dfd-41fe-8a53-f1a960d7de12";8612;"";"";10;6;2012;0;18;"20120618"
"95.252.38.138";"IT";9.200000;45.466700;"AS3269 Telecom Italia S.p.a.";"mlab2-trn01";0.025045;1020073.188360;"0.004012999";"win32";"194.116.85.224";"speedtest";1340009290;73632.084081;0.030782;"fabd9ec4-04a0-49f7-9afc-39e5f8c565ba";3269;"09";"Milan";10;6;2012;0;18;"20120618"
"93.62.242.110";"IT";12.029400;45.421400;"AS12874 Fastweb SpA";"mlab2-trn01";0.014234;390455.580331;"0.004012999";"darwin";"194.116.85.224";"bittorrent";1340009563;424587.242154;-1.000000;"9905faad-2379-4ce5-bea7-d26dfd5ef167";12874;"20";"Fiesso D'artico";10;6;2012;0;18;"20120618"
"85.18.29.42";"IT";9.200000;45.466700;"AS12874 Fastweb SpA";"mlab2-trn01";0.006261;1158196.847352;"0.004012999";"darwin";"194.116.85.224";"bittorrent";1340009663;1179791.689157;-1.000000;"2c46fdf6-7306-4016-9a75-e529fa590549";12874;"09";"Milan";10;6;2012;0;18;"20120618"
"217.133.46.117";"IT";11.316700;43.583300;"AS8612 Tiscali Italia S.P.A.";"mlab2-trn01";0.030179;1688851.832136;"0.004012999";"win32";"194.116.85.224";"bittorrent";1340009758;105235.004817;-1.000000;"2765e625-af97-4607-9fbe-b7195291ba59";8612;"16";"Greve";10;6;2012;0;18;"20120618"
"195.110.137.171";"IT";12.483300;41.900000;"AS5396 MC-link Spa";"mlab2-trn01";0.035722;470065.008077;"0.004012999";"darwin";"194.116.85.224";"bittorrent";1340010144;32973.230175;-1.000000;"2d27e34d-ed0a-4c70-8dc2-070f5a0499a1";5396;"07";"Rome";11;6;2012;0;18;"20120618"
"147.162.42.20";"IT";11.883300;45.416700;"AS137 GARR Italian academic and research network";"mlab2-trn01";0.010206;7979602.884543;"0.004010999";"linux2";"194.116.85.224";"bittorrent";1340010384;8547149.170720;-1.000000;"727d6a40-2b78-4641-8061-04b6a384e6a6";137;"20";"Padova";11;6;2012;0;18;"20120618"
"217.133.23.13";"IT";12.833300;42.833300;"AS8612 Tiscali Italia S.P.A.";"mlab2-trn01";0.031505;776630.745630;"0.004012999";"darwin";"194.116.85.224";"speedtest";1340010610;100489.836214;0.033648;"7da8ef87-6dfd-41fe-8a53-f1a960d7de12";8612;"";"";11;6;2012;0;18;"20120618"
"93.38.84.118";"IT";7.666700;45.050000;"AS12874 Fastweb SpA";"mlab2-trn01";0.011415;652975.552789;"0.004012999";"darwin";"194.116.85.224";"speedtest";1340010650;97857.435103;0.015711;"9862a835-84ea-47e3-9817-0036cae1dff1";12874;"12";"Torino";11;6;2012;0;18;"20120618"
"87.0.171.69";"IT";8.350000;44.766700;"AS3269 Telecom Italia S.p.a.";"mlab2-trn01";0.044238;624406.148313;"0.004012999";"darwin";"194.116.85.224";"speedtest";1340010769;49744.568165;0.047649;"6b759052-c812-4f14-90ce-16e61560a573";3269;"12";"Nizza Monferrato";11;6;2012;0;18;"20120618"
"94.36.33.130";"IT";8.950000;44.416700;"AS8612 Tiscali Italia S.P.A.";"mlab2-trn01";0.025817;838581.458901;"0.004012999";"darwin";"194.116.85.224";"speedtest";1340010795;52286.557608;0.031949;"894fe1ee-9250-416a-98be-74dd024aea06";8612;"08";"Genova";11;6;2012;0;18;"20120618"
"62.98.65.177";"IT";14.250000;40.833300;"AS1267 WIND Telecomunicazioni S.p.A.";"mlab2-trn01";0.027782;714602.547233;"0.004012999";"win32";"194.116.85.224";"bittorrent";1340010950;40568.209846;-1.000000;"2d006d8d-7c04-46bb-b056-798468ee365e";1267;"04";"Napoli";11;6;2012;0;18;"20120618"
"2.230.212.185";"IT";7.666700;45.050000;"AS12874 Fastweb SpA";"mlab2-trn01";0.019045;1197890.563094;"0.004012999";"win32";"194.116.85.224";"bittorrent";1340011015;60367.871112;-1.000000;"93a97de3-c431-4df5-a005-ea55834352bd";12874;"12";"Torino";11;6;2012;0;18;"20120618"
"2.225.128.51";"IT";7.666700;45.050000;"AS12874 Fastweb SpA";"mlab2-trn01";0.031023;425860.436339;"0.004012999";"darwin";"194.116.85.224";"speedtest";1340011093;51517.854180;0.032270;"28ba3b2e-cd9a-4c00-8b29-33e0cfe5c596";12874;"12";"Torino";11;6;2012;0;18;"20120618"
"79.41.80.159";"IT";12.833300;42.833300;"AS3269 Telecom Italia S.p.a.";"mlab2-trn01";0.040476;570881.384037;"0.004012999";"win32";"194.116.85.224";"bittorrent";1340011292;50159.960258;-1.000000;"82d91f18-b22f-4114-9d5f-c95a1ed7ad87";3269;"";"";11;6;2012;0;18;"20120618"
"188.217.129.219";"IT";14.333300;40.916700;"AS30722 Vodafone Omnitel N.V.";"mlab2-trn01";0.060649;333986.484809;"0.004012999";"win32";"194.116.85.224";"speedtest";1340011385;32265.739729;0.083778;"bb6c2e6b-7f94-482d-ab7a-ba9256571bd8";30722;"04";"Casalnuovo Di Napoli";11;6;2012;0;18;"20120618"
"79.9.218.223";"IT";12.483300;41.900000;"AS3269 Telecom Italia S.p.a.";"mlab2-trn01";0.035719;784451.136810;"0.004012999";"darwin";"194.116.85.224";"speedtest";1340011500;92914.176698;0.039634;"4372ef01-dfbb-4175-8485-4bcfde678997";3269;"07";"Rome";11;6;2012;0;18;"20120618"
"87.18.255.91";"IT";17.229700;40.476100;"AS3269 Telecom Italia S.p.a.";"mlab2-trn01";0.066991;596064.975441;"0.004009999";"win32";"194.116.85.224";"speedtest";1340011880;49529.561183;0.074676;"7989d7c5-459e-4910-93c2-ffd113604f5d";3269;"13";"Taranto";11;6;2012;0;18;"20120618"
"188.218.203.155";"IT";18.166700;40.300000;"AS30722 Vodafone Omnitel N.V.";"mlab2-trn01";0.060462;23829.452538;"0.004009999";"win32";"194.116.85.224";"bittorrent";1340012161;61125.462510;-1.000000;"1a885600-ab28-499c-8adf-fb4b2b758c63";30722;"13";"San Cesario";11;6;2012;0;18;"20120618"
"85.18.46.24";"IT";9.200000;45.466700;"AS12874 Fastweb SpA";"mlab2-trn01";0.005242;5402014.300271;"0.004012999";"linux2";"194.116.85.224";"bittorrent";1340012170;11536678.464337;-1.000000;"6c471e39-d901-41fa-9266-23795dce3dc5";12874;"09";"Milan";11;6;2012;0;18;"20120618"
"78.14.224.92";"IT";9.116700;45.766700;"AS8612 Tiscali Italia S.P.A.";"mlab2-trn01";0.033991;576185.672528;"0.004012999";"darwin";"194.116.85.224";"bittorrent";1340012212;46834.973908;-1.000000;"39792736-bd8b-4a56-942d-1cc983336add";8612;"09";"Lurago D'erba";11;6;2012;0;18;"20120618"
"62.98.65.177";"IT";14.250000;40.833300;"AS1267 WIND Telecomunicazioni S.p.A.";"mlab2-trn01";0.037397;672932.113970;"0.004012999";"win32";"194.116.85.224";"speedtest";1340012384;41058.246480;0.040637;"2d006d8d-7c04-46bb-b056-798468ee365e";1267;"04";"Napoli";11;6;2012;0;18;"20120618"
"149.132.117.110";"IT";9.200000;45.466700;"AS137 GARR Italian academic and research network";"mlab2-trn01";0.004856;9648079.433750;"0.004012999";"darwin";"194.116.85.224";"speedtest";1340012511;11376273.504600;0.006312;"c9d3d685-6087-4faf-a87c-eb1dfaa2b53c";137;"18";"Milan";11;6;2012;0;18;"20120618"
"94.33.1.179";"IT";9.216700;45.550000;"AS8612 Tiscali Italia S.P.A.";"mlab2-trn01";0.029210;967439.366770;"0.004012999";"linux2";"194.116.85.224";"speedtest";1340012633;97800.701139;0.032311;"c8e22a26-c7da-46ee-8473-787638c3fd84";8612;"09";"Cinisello Balsamo";11;6;2012;0;18;"20120618"
"130.192.91.213";"IT";7.666700;45.050000;"AS137 GARR Italian academic and research network";"mlab2-trn01";0.003820;11703756.754521;"0.004012999";"linux2";"194.116.85.224";"bittorrent";1340012691;11768036.580796;-1.000000;"cd78793c-1e3b-4944-b4b2-9768fc1cdb97";137;"12";"Torino";11;6;2012;0;18;"20120618"
"85.18.29.42";"IT";9.200000;45.466700;"AS12874 Fastweb SpA";"mlab2-trn01";0.006135;1168585.475833;"0.004012999";"darwin";"194.116.85.224";"bittorrent";1340012703;1185347.034927;-1.000000;"2c46fdf6-7306-4016-9a75-e529fa590549";12874;"09";"Milan";11;6;2012;0;18;"20120618"
"2.225.128.51";"IT";7.666700;45.050000;"AS12874 Fastweb SpA";"mlab2-trn01";0.028245;436296.015119;"0.004012999";"darwin";"194.116.85.224";"bittorrent";1340012707;53266.205436;-1.000000;"28ba3b2e-cd9a-4c00-8b29-33e0cfe5c596";12874;"12";"Torino";11;6;2012;0;18;"20120618"
"79.41.80.159";"IT";12.833300;42.833300;"AS3269 Telecom Italia S.p.a.";"mlab2-trn01";0.036242;99382.039291;"0.004012999";"win32";"194.116.85.224";"speedtest";1340012791;50435.705343;0.042384;"82d91f18-b22f-4114-9d5f-c95a1ed7ad87";3269;"";"";11;6;2012;0;18;"20120618"
"87.13.39.29";"IT";12.833300;42.833300;"AS3269 Telecom Italia S.p.a.";"mlab2-trn01";0.047568;86481.905633;"0.004009999";"win32";"194.116.85.224";"speedtest";1340012772;31070.446084;0.056697;"51c03cdf-92f5-46e9-bdef-c1c88bec98ce";3269;"";"";11;6;2012;0;18;"20120618"
"82.56.82.149";"IT";9.416700;45.700000;"AS3269 Telecom Italia S.p.a.";"mlab2-trn01";0.036813;768729.177461;"0.004012999";"win32";"194.116.85.224";"bittorrent";1340012875;50412.980811;-1.000000;"991257a9-87dd-455d-863e-b266080097e3";3269;"09";"Merate";11;6;2012;0;18;"20120618"
"95.240.27.220";"IT";10.250000;45.550000;"AS3269 Telecom Italia S.p.a.";"mlab2-trn01";0.203177;140594.776493;"0.004012999";"win32";"194.116.85.224";"speedtest";1340013054;78353.459596;0.276043;"ec2e71be-f555-4dee-b674-bc8e80a61d77";3269;"09";"Brescia";11;6;2012;0;18;"20120618"
"85.18.28.68";"IT";12.833300;42.833300;"AS12874 Fastweb SpA";"mlab2-trn01";0.016418;132874.882079;"0.004009999";"win32";"194.116.85.224";"bittorrent";1340013236;152553.741136;-1.000000;"209e0493-6ac3-47f4-8a7e-513e3ce88ea8";12874;"";"";11;6;2012;0;18;"20120618"
"188.152.109.177";"IT";7.666700;45.050000;"AS44957 Vodafone Omnitel N.V.";"mlab2-trn01";0.053948;465004.744921;"0.004012999";"darwin";"194.116.85.224";"speedtest";1340013394;35067.305910;0.057882;"fd2cba45-5000-4263-b0bc-8c4a654ac411";44957;"12";"Torino";11;6;2012;0;18;"20120618"
"93.38.84.118";"IT";7.666700;45.050000;"AS12874 Fastweb SpA";"mlab2-trn01";0.013521;641522.002056;"0.004012999";"darwin";"194.116.85.224";"speedtest";1340013436;108279.616186;0.017756;"9862a835-84ea-47e3-9817-0036cae1dff1";12874;"12";"Torino";11;6;2012;0;18;"20120618"
"147.162.42.20";"IT";11.883300;45.416700;"AS137 GARR Italian academic and research network";"mlab2-trn01";0.014046;6972199.260775;"0.004010999";"linux2";"194.116.85.224";"bittorrent";1340013485;8384208.009283;-1.000000;"727d6a40-2b78-4641-8061-04b6a384e6a6";137;"20";"Padova";11;6;2012;0;18;"20120618"
"95.248.79.141";"IT";9.683300;45.366700;"AS3269 Telecom Italia S.p.a.";"mlab2-trn01";0.023409;1834896.847301;"0.004012999";"win32";"194.116.85.224";"bittorrent";1340013507;105493.203451;-1.000000;"4e01c135-aee3-4a25-a2fd-429c447dc4bd";3269;"09";"Crema";11;6;2012;0;18;"20120618"
"130.192.91.211";"IT";7.666700;45.050000;"AS137 GARR Italian academic and research network";"mlab2-trn01";0.002738;9479473.477290;"0.004012999";"linux2";"194.116.85.224";"speedtest";1340013602;927674.468939;0.006657;"91708cf1-7028-4b58-9520-faea0010494c";137;"12";"Torino";12;6;2012;0;18;"20120618"
"87.0.171.69";"IT";8.350000;44.766700;"AS3269 Telecom Italia S.p.a.";"mlab2-trn01";0.042041;609888.819073;"0.004012999";"darwin";"194.116.85.224";"speedtest";1340013620;17700.952955;0.050994;"6b759052-c812-4f14-90ce-16e61560a573";3269;"12";"Nizza Monferrato";12;6;2012;0;18;"20120618"
"2.225.231.97";"IT";7.666700;45.050000;"AS12874 Fastweb SpA";"mlab2-trn01";0.051641;762149.085037;"0.004012999";"win32";"194.116.85.224";"bittorrent";1340013678;1145989.098654;-1.000000;"252a836b-55fe-43a0-93e7-d33c5d47fae3";12874;"12";"Torino";12;6;2012;0;18;"20120618"
"217.133.23.13";"IT";12.833300;42.833300;"AS8612 Tiscali Italia S.P.A.";"mlab2-trn01";0.030099;972281.367907;"0.004012999";"darwin";"194.116.85.224";"speedtest";1340013716;105518.958599;0.036858;"7da8ef87-6dfd-41fe-8a53-f1a960d7de12";8612;"";"";12;6;2012;0;18;"20120618"
"80.180.128.61";"IT";9.666700;45.016700;"AS3269 Telecom Italia S.p.a.";"mlab2-trn01";0.028223;1705716.417864;"0.004012999";"win32";"194.116.85.224";"bittorrent";1340013727;95863.492723;-1.000000;"a6b33ac3-0345-4892-98b5-ad125988a24b";3269;"05";"Piacenza";12;6;2012;0;18;"20120618"
"151.49.229.123";"IT";13.780000;45.648600;"AS1267 WIND Telecomunicazioni S.p.A.";"mlab2-trn01";0.024875;808621.823187;"0.004011999";"linux2";"194.116.85.224";"bittorrent";1340013874;52858.124363;-1.000000;"db4c1f00-a6b9-40ad-b36d-a2fad669a491";1267;"06";"Trieste";12;6;2012;0;18;"20120618"
"2.36.37.80";"IT";7.666700;45.050000;"AS30722 Vodafone Omnitel N.V.";"mlab2-trn01";0.039738;837882.006509;"0.004012999";"win32";"194.116.85.224";"speedtest";1340013932;18453.447716;0.046757;"dd1eb1c2-416e-467c-b945-ec64ed841caa";30722;"12";"Torino";12;6;2012;0;18;"20120618"
"2.230.212.185";"IT";7.666700;45.050000;"AS12874 Fastweb SpA";"mlab2-trn01";0.021972;898908.548214;"0.004012999";"win32";"194.116.85.224";"bittorrent";1340013970;57255.021293;-1.000000;"93a97de3-c431-4df5-a005-ea55834352bd";12874;"12";"Torino";12;6;2012;0;18;"20120618"
"95.229.187.136";"IT";12.833300;42.833300;"AS3269 Telecom Italia S.p.a.";"mlab2-trn01";0.039051;524187.296998;"0.004012999";"win32";"194.116.85.224";"speedtest";1340014031;83658.640304;0.049039;"a4010725-b228-4400-bd21-b9e05989bafb";3269;"";"";12;6;2012;0;18;"20120618"
"2.230.35.188";"IT";9.316700;45.350000;"AS12874 Fastweb SpA";"mlab2-trn01";0.013253;653629.034958;"0.004012999";"darwin";"194.116.85.224";"bittorrent";1340014118;97899.429160;-1.000000;"681448f5-2440-4cd6-afef-f44ecf59facf";12874;"09";"Melegnano";12;6;2012;0;18;"20120618"
"85.18.29.42";"IT";9.200000;45.466700;"AS12874 Fastweb SpA";"mlab2-trn01";0.006087;1147629.758440;"0.004012999";"darwin";"194.116.85.224";"speedtest";1340014222;1172060.579370;0.007676;"2c46fdf6-7306-4016-9a75-e529fa590549";12874;"09";"Milan";12;6;2012;0;18;"20120618"
"188.217.129.219";"IT";14.333300;40.916700;"AS30722 Vodafone Omnitel N.V.";"mlab2-trn01";0.082626;65674.091682;"0.004012999";"win32";"194.116.85.224";"speedtest";1340014305;16989.431042;0.103122;"bb6c2e6b-7f94-482d-ab7a-ba9256571bd8";30722;"04";"Casalnuovo Di Napoli";12;6;2012;0;18;"20120618"
"188.216.124.199";"IT";7.666700;45.050000;"AS30722 Vodafone Omnitel N.V.";"mlab2-trn01";0.045045;797759.708633;"0.004012999";"darwin";"194.116.85.224";"speedtest";1340014417;65796.350431;0.052552;"821aa4b7-0495-4899-9210-11d94170a73b";30722;"12";"Torino";12;6;2012;0;18;"20120618"
"85.18.116.244";"IT";8.900000;45.400000;"AS12874 Fastweb SpA";"mlab2-trn01";0.007149;11281037.451100;"0.004012999";"linux2";"194.116.85.224";"speedtest";1340014439;6666913.504940;0.007143;"c76e28cf-4020-40f2-ae3f-39482e23ced0";12874;"09";"Abbiategrasso";12;6;2012;0;18;"20120618"
"88.47.41.57";"IT";12.833300;42.833300;"AS3269 Telecom Italia S.p.a.";"mlab2-trn01";0.046144;737588.514098;"0.004012999";"win32";"194.116.85.224";"bittorrent";1340014463;38312.613815;-1.000000;"ec2e71be-f555-4dee-b674-bc8e80a61d77";3269;"";"";12;6;2012;0;18;"20120618"
"188.11.197.8";"IT";12.483300;41.900000;"AS3269 Telecom Italia S.p.a.";"mlab2-trn01";0.055763;778069.549481;"0.004012999";"darwin";"194.116.85.224";"bittorrent";1340014613;38497.661289;-1.000000;"c671e4d7-9027-4ae8-9058-ad41f0746af0";3269;"07";"Rome";12;6;2012;0;18;"20120618"
"79.55.187.108";"IT";12.766700;42.600000;"AS3269 Telecom Italia S.p.a.";"mlab2-trn01";0.043576;114717.017397;"0.004012999";"linux2";"194.116.85.224";"speedtest";1340014767;46211.445620;0.049190;"31473688-952a-4923-bbda-3f33e45bcf5b";3269;"18";"Montefranco";12;6;2012;0;18;"20120618"
"93.38.84.118";"IT";7.666700;45.050000;"AS12874 Fastweb SpA";"mlab2-trn01";0.011332;655718.651838;"0.004012999";"darwin";"194.116.85.224";"bittorrent";1340014834;56541.686011;-1.000000;"9862a835-84ea-47e3-9817-0036cae1dff1";12874;"12";"Torino";12;6;2012;0;18;"20120618"
"188.152.109.177";"IT";7.666700;45.050000;"AS44957 Vodafone Omnitel N.V.";"mlab2-trn01";0.052741;492004.989116;"0.004012999";"darwin";"194.116.85.224";"bittorrent";1340014903;49494.053394;-1.000000;"fd2cba45-5000-4263-b0bc-8c4a654ac411";44957;"12";"Torino";12;6;2012;0;18;"20120618"
"87.2.107.159";"IT";11.083300;46.216700;"AS3269 Telecom Italia S.p.a.";"mlab2-trn01";0.036270;1321174.900120;"0.004012999";"darwin";"194.116.85.224";"bittorrent";1340014914;119673.632554;-1.000000;"8cfc4b59-c9c4-47a5-90ef-869237dc6ca3";3269;"17";"Mezzolombardo";12;6;2012;0;18;"20120618"
"95.226.164.10";"IT";11.416700;45.683300;"AS3269 Telecom Italia S.p.a.";"mlab2-trn01";0.046082;716587.100234;"0.004005999";"win32";"194.116.85.224";"speedtest";1340014933;44257.201019;0.051396;"54ca976f-8551-47fc-bce1-b06f00a12720";3269;"20";"Marano Vicentino";12;6;2012;0;18;"20120618"
"80.180.128.61";"IT";9.666700;45.016700;"AS3269 Telecom Italia S.p.a.";"mlab2-trn01";0.028241;1639331.923460;"0.004012999";"win32";"194.116.85.224";"speedtest";1340015311;96181.217588;0.032111;"a6b33ac3-0345-4892-98b5-ad125988a24b";3269;"05";"Piacenza";12;6;2012;0;18;"20120618"
"2.36.37.80";"IT";7.666700;45.050000;"AS30722 Vodafone Omnitel N.V.";"mlab2-trn01";0.040722;870218.213902;"0.004012999";"win32";"194.116.85.224";"bittorrent";1340015369;59368.759043;-1.000000;"dd1eb1c2-416e-467c-b945-ec64ed841caa";30722;"12";"Torino";12;6;2012;0;18;"20120618"
"95.252.38.138";"IT";9.200000;45.466700;"AS3269 Telecom Italia S.p.a.";"mlab2-trn01";0.024882;1018973.961610;"0.004012999";"win32";"194.116.85.224";"speedtest";1340015392;73536.413875;0.030430;"fabd9ec4-04a0-49f7-9afc-39e5f8c565ba";3269;"09";"Milan";12;6;2012;0;18;"20120618"
"151.49.229.123";"IT";13.780000;45.648600;"AS1267 WIND Telecomunicazioni S.p.A.";"mlab2-trn01";0.024898;830131.033334;"0.004011999";"linux2";"194.116.85.224";"bittorrent";1340015523;53241.492636;-1.000000;"db4c1f00-a6b9-40ad-b36d-a2fad669a491";1267;"06";"Trieste";12;6;2012;0;18;"20120618"
"151.33.121.53";"IT";7.666700;45.050000;"AS1267 WIND Telecomunicazioni S.p.A.";"mlab2-trn01";0.006206;1905517.885800;"0.004012999";"win32";"194.116.85.224";"speedtest";1340015585;76445.957796;0.009757;"750b74dc-a4a8-4f1d-be31-231d72d952a2";1267;"12";"Torino";12;6;2012;0;18;"20120618"
"93.33.101.175";"IT";9.200000;45.466700;"AS12874 Fastweb SpA";"mlab2-trn01";0.010724;918784.582493;"0.004012999";"darwin";"194.116.85.224";"speedtest";1340015595;1103216.417990;0.009801;"29750ad8-f56c-4e95-a4f3-b9badf7da7af";12874;"09";"Milan";12;6;2012;0;18;"20120618"
"85.18.29.42";"IT";9.200000;45.466700;"AS12874 Fastweb SpA";"mlab2-trn01";0.006004;1146214.742613;"0.004012999";"darwin";"194.116.85.224";"bittorrent";1340015743;1176268.554625;-1.000000;"2c46fdf6-7306-4016-9a75-e529fa590549";12874;"09";"Milan";12;6;2012;0;18;"20120618"
"82.56.82.149";"IT";9.416700;45.700000;"AS3269 Telecom Italia S.p.a.";"mlab2-trn01";0.036013;723534.786929;"0.004012999";"win32";"194.116.85.224";"bittorrent";1340015800;50283.847893;-1.000000;"991257a9-87dd-455d-863e-b266080097e3";3269;"09";"Merate";12;6;2012;0;18;"20120618"
"188.216.124.199";"IT";7.666700;45.050000;"AS30722 Vodafone Omnitel N.V.";"mlab2-trn01";0.370737;806023.744315;"0.004012999";"darwin";"194.116.85.224";"bittorrent";1340015829;63548.380329;-1.000000;"821aa4b7-0495-4899-9210-11d94170a73b";30722;"12";"Torino";12;6;2012;0;18;"20120618"
"188.217.129.219";"IT";14.333300;40.916700;"AS30722 Vodafone Omnitel N.V.";"mlab2-trn01";0.054966;18581.845780;"0.004012999";"win32";"194.116.85.224";"bittorrent";1340015846;18455.530022;-1.000000;"bb6c2e6b-7f94-482d-ab7a-ba9256571bd8";30722;"04";"Casalnuovo Di Napoli";12;6;2012;0;18;"20120618"
"188.11.197.8";"IT";12.483300;41.900000;"AS3269 Telecom Italia S.p.a.";"mlab2-trn01";0.088925;953905.268955;"0.004012999";"darwin";"194.116.85.224";"speedtest";1340016161;37213.184668;0.069872;"c671e4d7-9027-4ae8-9058-ad41f0746af0";3269;"07";"Rome";12;6;2012;0;18;"20120618"
"93.62.73.167";"IT";7.666700;45.050000;"AS12874 Fastweb SpA";"mlab2-trn01";0.035624;1059180.225260;"0.004012999";"win32";"194.116.85.224";"speedtest";1340016377;51256.738673;0.043487;"ba264b82-0dde-485e-bdfd-b866b37d1bf8";12874;"12";"Torino";12;6;2012;0;18;"20120618"
"85.18.46.24";"IT";9.200000;45.466700;"AS12874 Fastweb SpA";"mlab2-trn01";0.004789;3027529.767560;"0.004012999";"linux2";"194.116.85.224";"speedtest";1340016516;11378371.222000;0.007502;"6c471e39-d901-41fa-9266-23795dce3dc5";12874;"09";"Milan";12;6;2012;0;18;"20120618"
"94.36.33.130";"IT";8.950000;44.416700;"AS8612 Tiscali Italia S.P.A.";"mlab2-trn01";0.027394;837233.414165;"0.004012999";"darwin";"194.116.85.224";"speedtest";1340016580;52649.727721;0.032567;"894fe1ee-9250-416a-98be-74dd024aea06";8612;"08";"Genova";12;6;2012;0;18;"20120618"
"80.180.128.61";"IT";9.666700;45.016700;"AS3269 Telecom Italia S.p.a.";"mlab2-trn01";0.028643;1719171.472509;"0.004012999";"win32";"194.116.85.224";"bittorrent";1340016832;95849.605799;-1.000000;"a6b33ac3-0345-4892-98b5-ad125988a24b";3269;"05";"Piacenza";12;6;2012;0;18;"20120618"
"2.230.212.185";"IT";7.666700;45.050000;"AS12874 Fastweb SpA";"mlab2-trn01";0.011439;1019410.679654;"0.004012999";"win32";"194.116.85.224";"bittorrent";1340016927;61256.291342;-1.000000;"93a97de3-c431-4df5-a005-ea55834352bd";12874;"12";"Torino";12;6;2012;0;18;"20120618"
"80.117.83.96";"IT";12.833300;42.833300;"AS3269 Telecom Italia S.p.a.";"mlab2-trn01";0.053078;823442.569295;"0.004012999";"win32";"194.116.85.224";"bittorrent";1340017022;36592.421417;-1.000000;"25353fbe-ce56-4192-a803-65a63443c70a";3269;"";"";12;6;2012;0;18;"20120618"
"31.185.19.156";"IT";12.566700;43.050000;"AS47187 Forinicom S.r.l.";"mlab2-trn01";0.033847;48401.067636;"0.004012999";"win32";"194.116.85.224";"speedtest";1340017056;48708.976741;0.020364;"2a30a2a8-273c-4b16-9671-803dc3d96492";47187;"18";"Santa Maria Degli Angeli";12;6;2012;0;18;"20120618"
"134.255.175.21";"IT";13.216700;43.366700;"AS198292 Wave-Max S.r.L.";"mlab2-trn01";0.082634;242021.855353;"0.004012999";"win32";"194.116.85.224";"bittorrent";1340017192;16835.924120;-1.000000;"708a55f0-3758-4099-a346-23683a39926d";198292;"10";"Cingoli";12;6;2012;0;18;"20120618"
"93.63.140.2";"IT";12.435800;44.070800;"AS12874 Fastweb SpA";"mlab2-trn01";0.061438;327718.950901;"0.004012999";"win32";"194.116.85.224";"speedtest";1340017269;222241.105798;0.042438;"8050c4c2-de4c-4f89-ab47-528f246a0f23";12874;"05";"Santarcangelo";13;6;2012;0;18;"20120618"
"82.50.16.67";"IT";11.583300;44.400000;"AS3269 Telecom Italia S.p.a.";"mlab2-trn01";0.045210;1074957.184430;"0.004008999";"darwin";"194.116.85.224";"speedtest";1340017557;79300.728132;0.048101;"470583b1-76be-479b-a12e-d79962295075";3269;"05";"Castel San Pietro Terme";13;6;2012;0;18;"20120618"
"188.10.100.91";"IT";9.116700;45.683300;"AS3269 Telecom Italia S.p.a.";"mlab2-trn01";0.040928;851500.174104;"0.004012999";"win32";"194.116.85.224";"bittorrent";1340017593;50202.846407;-1.000000;"a0bc9ac6-3c40-4f42-be91-07152ae8b8fb";3269;"09";"Lentate Sul Seveso";13;6;2012;0;18;"20120618"
"83.211.172.129";"IT";13.566700;42.583300;"AS15589 Clouditalia Communications S.p.A.";"mlab2-trn01";0.025120;500385.180265;"0.004012999";"win32";"194.116.85.224";"bittorrent";1340017634;31232.180243;-1.000000;"b6e23738-aa63-4482-8754-26d879467631";15589;"01";"Altavilla";13;6;2012;0;18;"20120618"
"79.20.70.163";"IT";8.066600;45.572300;"AS3269 Telecom Italia S.p.a.";"mlab2-trn01";0.040917;806208.167611;"0.004012999";"darwin";"194.116.85.224";"speedtest";1340017734;41003.736729;0.046934;"e838c543-3d44-45bd-9a51-ed5e3c0d7d06";3269;"12";"Biella";13;6;2012;0;18;"20120618"
"2.40.152.76";"IT";14.650000;41.566700;"AS30722 Vodafone Omnitel N.V.";"mlab2-trn01";0.103740;20919.370491;"0.004012999";"linux2";"194.116.85.224";"bittorrent";1340017871;18817.465367;-1.000000;"eb8869ce-907b-427c-a855-d28cd1d353e2";30722;"11";"Campobasso";13;6;2012;0;18;"20120618"
"95.246.196.190";"IT";12.283300;43.833300;"AS3269 Telecom Italia S.p.a.";"mlab2-trn01";0.061853;303498.542843;"0.004012999";"linux2";"194.116.85.224";"speedtest";1340018158;49197.362095;0.053879;"31473688-952a-4923-bbda-3f33e45bcf5b";3269;"10";"Castello";13;6;2012;0;18;"20120618"
"151.33.109.225";"IT";7.570400;45.077700;"AS1267 WIND Telecomunicazioni S.p.A.";"mlab2-trn01";0.009036;33480.191758;"0.004012999";"win32";"194.116.85.224";"bittorrent";1340018310;103948.629326;-1.000000;"750b74dc-a4a8-4f1d-be31-231d72d952a2";1267;"12";"Collegno";13;6;2012;0;18;"20120618"
"78.14.224.92";"IT";9.116700;45.766700;"AS8612 Tiscali Italia S.P.A.";"mlab2-trn01";0.035663;254469.722607;"0.004012999";"darwin";"194.116.85.224";"bittorrent";1340018341;45690.307656;-1.000000;"39792736-bd8b-4a56-942d-1cc983336add";8612;"09";"Lurago D'erba";13;6;2012;0;18;"20120618"
"62.98.65.177";"IT";14.250000;40.833300;"AS1267 WIND Telecomunicazioni S.p.A.";"mlab2-trn01";0.049360;11876.555938;"0.004012999";"win32";"194.116.85.224";"speedtest";1340018427;39819.703507;0.063501;"2d006d8d-7c04-46bb-b056-798468ee365e";1267;"04";"Napoli";13;6;2012;0;18;"20120618"
"95.238.39.184";"IT";11.033300;44.733300;"AS3269 Telecom Italia S.p.a.";"mlab2-trn01";0.047564;321389.017932;"0.004009999";"darwin";"194.116.85.224";"bittorrent";1340018653;44828.156416;-1.000000;"954b4861-0452-4dc0-a401-1dffef49bddf";3269;"05";"Bomporto";13;6;2012;0;18;"20120618"
"88.47.41.57";"IT";12.833300;42.833300;"AS3269 Telecom Italia S.p.a.";"mlab2-trn01";0.045509;714390.120807;"0.004012999";"win32";"194.116.85.224";"speedtest";1340018796;28684.279419;0.052696;"ec2e71be-f555-4dee-b674-bc8e80a61d77";3269;"";"";13;6;2012;0;18;"20120618"
"87.4.83.224";"IT";16.483300;41.116700;"AS3269 Telecom Italia S.p.a.";"mlab2-trn01";0.049056;718986.277968;"0.004012999";"darwin";"194.116.85.224";"speedtest";1340018831;46350.062942;0.055507;"8c3b14ba-e923-48bd-8f2e-da456a7f071f";3269;"13";"Ruvo Di Puglia";13;6;2012;0;18;"20120618"
"85.18.28.68";"IT";12.833300;42.833300;"AS12874 Fastweb SpA";"mlab2-trn01";0.019972;135188.981665;"0.004009999";"win32";"194.116.85.224";"bittorrent";1340019000;153819.098828;-1.000000;"209e0493-6ac3-47f4-8a7e-513e3ce88ea8";12874;"";"";13;6;2012;0;18;"20120618"
"93.38.84.118";"IT";7.666700;45.050000;"AS12874 Fastweb SpA";"mlab2-trn01";0.010648;649598.787717;"0.004012999";"darwin";"194.116.85.224";"speedtest";1340019014;108460.154430;0.016238;"9862a835-84ea-47e3-9817-0036cae1dff1";12874;"12";"Torino";13;6;2012;0;18;"20120618"
"151.60.120.179";"IT";7.316700;44.633300;"AS1267 WIND Telecomunicazioni S.p.A.";"mlab2-trn01";0.029438;53105.899341;"0.004012999";"linux2";"194.116.85.224";"bittorrent";1340019143;61571.465128;-1.000000;"ce15cdd9-fbc9-4be9-8f83-94df036818bb";1267;"12";"Sanfront";13;6;2012;0;18;"20120618"
"2.225.128.51";"IT";7.666700;45.050000;"AS12874 Fastweb SpA";"mlab2-trn01";0.030751;424621.280197;"0.004012999";"darwin";"194.116.85.224";"bittorrent";1340019149;61755.284324;-1.000000;"28ba3b2e-cd9a-4c00-8b29-33e0cfe5c596";12874;"12";"Torino";13;6;2012;0;18;"20120618"
"87.2.107.159";"IT";11.083300;46.216700;"AS3269 Telecom Italia S.p.a.";"mlab2-trn01";0.035107;1382576.418760;"0.004012999";"darwin";"194.116.85.224";"speedtest";1340019555;100378.463457;0.038110;"8cfc4b59-c9c4-47a5-90ef-869237dc6ca3";3269;"17";"Mezzolombardo";13;6;2012;0;18;"20120618"
"79.13.203.101";"IT";10.100000;44.083300;"AS3269 Telecom Italia S.p.a.";"mlab2-trn01";0.040791;738290.694606;"0.004009999";"win32";"194.116.85.224";"speedtest";1340019648;47852.912598;0.048295;"ae73866b-a211-42d8-b6f2-d31777806a2e";3269;"16";"Carrara";13;6;2012;0;18;"20120618"
"188.152.94.198";"IT";12.833300;42.833300;"AS44957 Vodafone Omnitel N.V.";"mlab2-trn01";0.047567;911783.722081;"0.004012999";"linux2";"194.116.85.224";"speedtest";1340019920;33504.569605;0.055188;"b6f7bc90-fab9-4db0-af8a-1737ebd554f1";44957;"";"";13;6;2012;0;18;"20120618"
"95.249.243.52";"IT";11.850000;45.650000;"AS3269 Telecom Italia S.p.a.";"mlab2-trn01";0.287466;20130.200424;"0.004012999";"win32";"194.116.85.224";"speedtest";1340020034;8544.611416;0.528676;"97b0c82a-c0a8-4adc-aed6-a65b4d93c3d6";3269;"20";"San Martino Di Lupari";13;6;2012;0;18;"20120618"
"79.30.49.39";"IT";8.950000;44.416700;"AS3269 Telecom Italia S.p.a.";"mlab2-trn01";0.085728;69764.201483;"0.004012999";"win32";"194.116.85.224";"speedtest";1340020206;17920.377777;0.146137;"14b0478f-78ea-46ec-8409-548af450a827";3269;"08";"Genova";13;6;2012;0;18;"20120618"
"79.21.87.98";"IT";9.533300;45.700000;"AS3269 Telecom Italia S.p.a.";"mlab2-trn01";0.015579;699355.330757;"0.004012999";"darwin";"194.116.85.224";"speedtest";1340020285;22967.172785;0.032469;"2ce2bf8b-ae24-462e-9d50-8546bf97935c";3269;"09";"Mapello";13;6;2012;0;18;"20120618"
"151.60.120.179";"IT";7.316700;44.633300;"AS1267 WIND Telecomunicazioni S.p.A.";"mlab2-trn01";0.024188;246520.756827;"0.004012999";"linux2";"194.116.85.224";"speedtest";1340020678;62670.480951;0.037769;"ce15cdd9-fbc9-4be9-8f83-94df036818bb";1267;"12";"Sanfront";13;6;2012;0;18;"20120618"
"188.11.197.8";"IT";12.483300;41.900000;"AS3269 Telecom Italia S.p.a.";"mlab2-trn01";0.047414;486660.106574;"0.004012999";"darwin";"194.116.85.224";"bittorrent";1340020826;40600.295347;-1.000000;"c671e4d7-9027-4ae8-9058-ad41f0746af0";3269;"07";"Rome";14;6;2012;0;18;"20120618"
"109.234.63.11";"IT";12.833300;42.833300;"AS43989 Ehinet Srl";"mlab2-trn01";0.042157;426227.594838;"0.004009999";"win32";"194.116.85.224";"bittorrent";1340020901;31291.701360;-1.000000;"5d6312ec-b414-42e6-8e89-702c7b4fd5e8";43989;"";"";14;6;2012;0;18;"20120618"
"147.162.42.20";"IT";11.883300;45.416700;"AS137 GARR Italian academic and research network";"mlab2-trn01";0.040647;1778224.913985;"0.004010999";"linux2";"194.116.85.224";"bittorrent";1340020993;7561606.382749;-1.000000;"727d6a40-2b78-4641-8061-04b6a384e6a6";137;"20";"Padova";14;6;2012;0;18;"20120618"
"79.20.70.163";"IT";8.066600;45.572300;"AS3269 Telecom Italia S.p.a.";"mlab2-trn01";0.041836;807203.293668;"0.004012999";"darwin";"194.116.85.224";"speedtest";1340021004;41364.626055;0.047215;"e838c543-3d44-45bd-9a51-ed5e3c0d7d06";3269;"12";"Biella";14;6;2012;0;18;"20120618"
"87.8.229.178";"IT";7.666700;45.050000;"AS3269 Telecom Italia S.p.a.";"mlab2-trn01";0.033304;576711.299565;"0.004012999";"win32";"194.116.85.224";"bittorrent";1340021050;49842.953228;-1.000000;"d6bbc582-d8eb-4ead-ba2c-3fffeda97549";3269;"12";"Torino";14;6;2012;0;18;"20120618"
"217.133.46.117";"IT";11.316700;43.583300;"AS8612 Tiscali Italia S.P.A.";"mlab2-trn01";0.040661;1689072.901579;"0.004012999";"win32";"194.116.85.224";"bittorrent";1340021274;104543.157418;-1.000000;"2765e625-af97-4607-9fbe-b7195291ba59";8612;"16";"Greve";14;6;2012;0;18;"20120618"
"31.185.19.156";"IT";12.566700;43.050000;"AS47187 Forinicom S.r.l.";"mlab2-trn01";0.027031;47716.883364;"0.004012999";"win32";"194.116.85.224";"bittorrent";1340021325;48158.362294;-1.000000;"2a30a2a8-273c-4b16-9671-803dc3d96492";47187;"18";"Santa Maria Degli Angeli";14;6;2012;0;18;"20120618"
"62.98.65.177";"IT";14.250000;40.833300;"AS1267 WIND Telecomunicazioni S.p.A.";"mlab2-trn01";0.063111;46649.805045;"0.004012999";"win32";"194.116.85.224";"speedtest";1340021325;37469.343616;0.042873;"2d006d8d-7c04-46bb-b056-798468ee365e";1267;"04";"Napoli";14;6;2012;0;18;"20120618"
"79.17.140.58";"IT";9.333300;45.716700;"AS3269 Telecom Italia S.p.a.";"mlab2-trn01";0.037685;813464.912022;"0.004012999";"win32";"194.116.85.224";"bittorrent";1340021364;49879.845761;-1.000000;"991257a9-87dd-455d-863e-b266080097e3";3269;"09";"Missaglia";14;6;2012;0;18;"20120618"
"95.237.222.196";"IT";7.666700;45.050000;"AS3269 Telecom Italia S.p.a.";"mlab2-trn01";0.044394;367297.737967;"0.004012999";"win32";"194.116.85.224";"speedtest";1340021494;31532.753946;0.047257;"47bce1bd-51cc-4815-b6db-71ab66220dd6";3269;"12";"Torino";14;6;2012;0;18;"20120618"
"217.203.155.82";"IT";12.833300;42.833300;"AS16232 TIM (Telecom Italia Mobile) Autonomous System";"mlab2-trn01";0.099611;77022.755592;"0.004012999";"darwin";"194.116.85.224";"speedtest";1340021608;32018.117302;0.137923;"7da8ef87-6dfd-41fe-8a53-f1a960d7de12";16232;"";"";14;6;2012;0;18;"20120618"
"81.174.37.39";"IT";9.200000;45.466700;"AS35612 NGI Spa";"mlab2-trn01";0.073098;451087.489188;"0.004012999";"darwin";"194.116.85.224";"speedtest";1340021620;94043.316099;0.065993;"40b77977-9095-4ac0-82ab-5053c835779f";35612;"09";"Milan";14;6;2012;0;18;"20120618"
"95.229.187.136";"IT";12.833300;42.833300;"AS3269 Telecom Italia S.p.a.";"mlab2-trn01";0.055123;829223.172784;"0.004012999";"win32";"194.116.85.224";"bittorrent";1340021931;79303.913649;-1.000000;"a4010725-b228-4400-bd21-b9e05989bafb";3269;"";"";14;6;2012;0;18;"20120618"
"147.162.42.20";"IT";11.883300;45.416700;"AS137 GARR Italian academic and research network";"mlab2-trn01";0.011505;2547005.894390;"0.004010999";"linux2";"194.116.85.224";"speedtest";1340022452;2529134.562910;0.013714;"727d6a40-2b78-4641-8061-04b6a384e6a6";137;"20";"Padova";14;6;2012;0;18;"20120618"
"217.133.46.117";"IT";11.316700;43.583300;"AS8612 Tiscali Italia S.P.A.";"mlab2-trn01";0.030225;1521058.967640;"0.004012999";"win32";"194.116.85.224";"speedtest";1340022729;61200.503447;0.032642;"2765e625-af97-4607-9fbe-b7195291ba59";8612;"16";"Greve";14;6;2012;0;18;"20120618"
"84.221.231.178";"IT";7.666700;45.050000;"AS8612 Tiscali Italia S.P.A.";"mlab2-trn01";0.026505;2090450.520727;"0.004012999";"darwin";"194.116.85.224";"bittorrent";1340022880;105498.809606;-1.000000;"7e3598a2-40f8-4213-beaa-47abf033b292";8612;"12";"Torino";14;6;2012;0;18;"20120618"
"2.227.117.130";"IT";12.833300;42.833300;"AS12874 Fastweb SpA";"mlab2-trn01";0.066474;635327.890033;"0.004012999";"win32";"194.116.85.224";"bittorrent";1340022950;62494.300975;-1.000000;"5153657e-8b21-4e60-a99c-70ba473d51de";12874;"";"";14;6;2012;0;18;"20120618"
"87.13.39.29";"IT";12.833300;42.833300;"AS3269 Telecom Italia S.p.a.";"mlab2-trn01";0.048593;81983.968518;"0.004009999";"win32";"194.116.85.224";"speedtest";1340022899;30315.575557;0.056732;"51c03cdf-92f5-46e9-bdef-c1c88bec98ce";3269;"";"";14;6;2012;0;18;"20120618"
"85.18.116.244";"IT";8.900000;45.400000;"AS12874 Fastweb SpA";"mlab2-trn01";0.009626;11366005.852900;"0.004012999";"linux2";"194.116.85.224";"speedtest";1340022974;6762420.100760;0.013429;"c76e28cf-4020-40f2-ae3f-39482e23ced0";12874;"09";"Abbiategrasso";14;6;2012;0;18;"20120618"
"93.35.233.176";"IT";9.200000;45.650000;"AS12874 Fastweb SpA";"mlab2-trn01";0.036235;880911.497156;"0.004011999";"win32";"194.116.85.224";"bittorrent";1340023093;48568.240108;-1.000000;"9a8fa0ab-ee51-4da8-b32c-4f50bc470f20";12874;"09";"Seregno";14;6;2012;0;18;"20120618"
"87.4.83.224";"IT";16.483300;41.116700;"AS3269 Telecom Italia S.p.a.";"mlab2-trn01";0.046508;641515.755294;"0.004012999";"darwin";"194.116.85.224";"bittorrent";1340023141;45889.993747;-1.000000;"8c3b14ba-e923-48bd-8f2e-da456a7f071f";3269;"13";"Ruvo Di Puglia";14;6;2012;0;18;"20120618"
"79.21.87.98";"IT";9.533300;45.700000;"AS3269 Telecom Italia S.p.a.";"mlab2-trn01";0.015503;403474.120977;"0.004012999";"darwin";"194.116.85.224";"bittorrent";1340023539;14966.606013;-1.000000;"2ce2bf8b-ae24-462e-9d50-8546bf97935c";3269;"09";"Mapello";14;6;2012;0;18;"20120618"
"93.38.84.118";"IT";7.666700;45.050000;"AS12874 Fastweb SpA";"mlab2-trn01";0.012041;538692.567982;"0.004012999";"darwin";"194.116.85.224";"bittorrent";1340023564;54563.418214;-1.000000;"9862a835-84ea-47e3-9817-0036cae1dff1";12874;"12";"Torino";14;6;2012;0;18;"20120618"
"130.192.91.211";"IT";7.666700;45.050000;"AS137 GARR Italian academic and research network";"mlab2-trn01";0.002487;11705905.515999;"0.004012999";"linux2";"194.116.85.224";"bittorrent";1340023645;11386968.979754;-1.000000;"91708cf1-7028-4b58-9520-faea0010494c";137;"12";"Torino";14;6;2012;0;18;"20120618"
"188.218.203.155";"IT";18.166700;40.300000;"AS30722 Vodafone Omnitel N.V.";"mlab2-trn01";0.063391;24371.113315;"0.004009999";"win32";"194.116.85.224";"bittorrent";1340023679;60850.471797;-1.000000;"1a885600-ab28-499c-8adf-fb4b2b758c63";30722;"13";"San Cesario";14;6;2012;0;18;"20120618"
"85.18.46.24";"IT";9.200000;45.466700;"AS12874 Fastweb SpA";"mlab2-trn01";0.007894;3658120.452856;"0.004012999";"linux2";"194.116.85.224";"bittorrent";1340023753;11546419.559232;-1.000000;"6c471e39-d901-41fa-9266-23795dce3dc5";12874;"09";"Milan";14;6;2012;0;18;"20120618"
"2.225.128.51";"IT";7.666700;45.050000;"AS12874 Fastweb SpA";"mlab2-trn01";0.033136;422735.778061;"0.004012999";"darwin";"194.116.85.224";"speedtest";1340023979;53342.231143;0.032003;"28ba3b2e-cd9a-4c00-8b29-33e0cfe5c596";12874;"12";"Torino";14;6;2012;0;18;"20120618"
"93.62.242.110";"IT";12.029400;45.421400;"AS12874 Fastweb SpA";"mlab2-trn01";0.026723;429851.476700;"0.004012999";"darwin";"194.116.85.224";"bittorrent";1340023990;431046.800703;-1.000000;"9905faad-2379-4ce5-bea7-d26dfd5ef167";12874;"20";"Fiesso D'artico";14;6;2012;0;18;"20120618"
"188.10.100.91";"IT";9.116700;45.683300;"AS3269 Telecom Italia S.p.a.";"mlab2-trn01";0.040480;852625.240939;"0.004012999";"win32";"194.116.85.224";"bittorrent";1340024079;50267.698733;-1.000000;"a0bc9ac6-3c40-4f42-be91-07152ae8b8fb";3269;"09";"Lentate Sul Seveso";14;6;2012;0;18;"20120618"
"79.20.70.163";"IT";8.066600;45.572300;"AS3269 Telecom Italia S.p.a.";"mlab2-trn01";0.041807;806778.527484;"0.004012999";"darwin";"194.116.85.224";"speedtest";1340024273;41512.458214;0.047087;"e838c543-3d44-45bd-9a51-ed5e3c0d7d06";3269;"12";"Biella";14;6;2012;0;18;"20120618"
"2.230.212.185";"IT";7.666700;45.050000;"AS12874 Fastweb SpA";"mlab2-trn01";0.010712;648963.083335;"0.004012999";"win32";"194.116.85.224";"speedtest";1340024303;696988.060665;0.013864;"93a97de3-c431-4df5-a005-ea55834352bd";12874;"12";"Torino";14;6;2012;0;18;"20120618"
"87.13.39.29";"IT";12.833300;42.833300;"AS3269 Telecom Italia S.p.a.";"mlab2-trn01";0.048386;238161.190327;"0.004009999";"win32";"194.116.85.224";"bittorrent";1340024588;36777.940699;-1.000000;"51c03cdf-92f5-46e9-bdef-c1c88bec98ce";3269;"";"";15;6;2012;0;18;"20120618"
"94.33.1.179";"IT";9.216700;45.550000;"AS8612 Tiscali Italia S.P.A.";"mlab2-trn01";0.029327;471050.761552;"0.004012999";"linux2";"194.116.85.224";"speedtest";1340024618;44653.992866;0.041115;"c8e22a26-c7da-46ee-8473-787638c3fd84";8612;"09";"Cinisello Balsamo";15;6;2012;0;18;"20120618"
"79.30.49.39";"IT";8.950000;44.416700;"AS3269 Telecom Italia S.p.a.";"mlab2-trn01";0.065912;91807.307618;"0.004012999";"win32";"194.116.85.224";"bittorrent";1340024837;33284.448195;-1.000000;"14b0478f-78ea-46ec-8409-548af450a827";3269;"08";"Genova";15;6;2012;0;18;"20120618"
"130.192.91.211";"IT";7.666700;45.050000;"AS137 GARR Italian academic and research network";"mlab2-trn01";0.002724;11229271.672900;"0.004012999";"linux2";"194.116.85.224";"speedtest";1340025075;1016812.511080;0.006102;"91708cf1-7028-4b58-9520-faea0010494c";137;"12";"Torino";15;6;2012;0;18;"20120618"
"31.185.19.156";"IT";12.566700;43.050000;"AS47187 Forinicom S.r.l.";"mlab2-trn01";0.029377;48165.217103;"0.004012999";"win32";"194.116.85.224";"speedtest";1340025582;31307.555706;0.031893;"2a30a2a8-273c-4b16-9671-803dc3d96492";47187;"18";"Santa Maria Degli Angeli";15;6;2012;0;18;"20120618"
"62.98.65.177";"IT";14.250000;40.833300;"AS1267 WIND Telecomunicazioni S.p.A.";"mlab2-trn01";0.031638;104895.925053;"0.004012999";"win32";"194.116.85.224";"bittorrent";1340025694;40934.294872;-1.000000;"2d006d8d-7c04-46bb-b056-798468ee365e";1267;"04";"Napoli";15;6;2012;0;18;"20120618"
"84.221.231.178";"IT";7.666700;45.050000;"AS8612 Tiscali Italia S.P.A.";"mlab2-trn01";0.022409;2063672.288811;"0.004012999";"darwin";"194.116.85.224";"bittorrent";1340025729;98560.002061;-1.000000;"7e3598a2-40f8-4213-beaa-47abf033b292";8612;"12";"Torino";15;6;2012;0;18;"20120618"
"2.230.212.185";"IT";7.666700;45.050000;"AS12874 Fastweb SpA";"mlab2-trn01";0.010709;1245228.946301;"0.004012999";"win32";"194.116.85.224";"bittorrent";1340025867;60295.385995;-1.000000;"93a97de3-c431-4df5-a005-ea55834352bd";12874;"12";"Torino";15;6;2012;0;18;"20120618"
"31.189.45.76";"IT";12.833300;42.833300;"AS24608 H3G S.p.A.";"mlab2-trn01";0.083461;197725.961184;"0.004012999";"win32";"194.116.85.224";"bittorrent";1340025952;151559.087837;-1.000000;"43e189b1-5c5f-4b85-a1d1-ac76b3b89286";24608;"";"";15;6;2012;0;18;"20120618"
"80.180.128.61";"IT";9.666700;45.016700;"AS3269 Telecom Italia S.p.a.";"mlab2-trn01";0.029596;1709063.900839;"0.004012999";"win32";"194.116.85.224";"bittorrent";1340026183;95911.793705;-1.000000;"a6b33ac3-0345-4892-98b5-ad125988a24b";3269;"05";"Piacenza";15;6;2012;0;18;"20120618"
"31.196.6.210";"IT";12.833300;42.833300;"AS3269 Telecom Italia S.p.a.";"mlab2-trn01";0.019490;144983.672338;"0.004012999";"win32";"194.116.85.224";"speedtest";1340026870;188369.052989;0.017370;"8f96be96-0318-4e62-a639-7816bf69ae7b";3269;"";"";15;6;2012;0;18;"20120618"
"79.0.19.229";"IT";12.483300;41.900000;"AS3269 Telecom Italia S.p.a.";"mlab2-trn01";0.033741;1372342.320290;"0.004012999";"darwin";"194.116.85.224";"speedtest";1340026992;103281.564189;0.037386;"69fb5e33-52f0-4549-a67d-9deb0c9b5493";3269;"07";"Rome";15;6;2012;0;18;"20120618"
"217.133.46.117";"IT";11.316700;43.583300;"AS8612 Tiscali Italia S.P.A.";"mlab2-trn01";0.030815;1686259.428714;"0.004012999";"win32";"194.116.85.224";"bittorrent";1340027040;105358.487140;-1.000000;"2765e625-af97-4607-9fbe-b7195291ba59";8612;"16";"Greve";15;6;2012;0;18;"20120618"
"188.216.124.199";"IT";7.666700;45.050000;"AS30722 Vodafone Omnitel N.V.";"mlab2-trn01";0.078567;836672.303123;"0.004012999";"darwin";"194.116.85.224";"bittorrent";1340027107;60603.079331;-1.000000;"821aa4b7-0495-4899-9210-11d94170a73b";30722;"12";"Torino";15;6;2012;0;18;"20120618"
"194.105.50.24";"IT";11.033300;45.883300;"AS12835 Trentino Network S.r.l.";"mlab2-trn01";0.013482;222314.050793;"0.004012999";"darwin";"194.116.85.224";"speedtest";1340027326;289385.927758;0.044833;"7da8ef87-6dfd-41fe-8a53-f1a960d7de12";12835;"17";"Rovereto";15;6;2012;0;18;"20120618"
"81.174.37.39";"IT";9.200000;45.466700;"AS35612 NGI Spa";"mlab2-trn01";0.068250;564655.399006;"0.004012999";"darwin";"194.116.85.224";"speedtest";1340027456;122473.000227;0.067156;"40b77977-9095-4ac0-82ab-5053c835779f";35612;"09";"Milan";15;6;2012;0;18;"20120618"
"95.237.222.196";"IT";7.666700;45.050000;"AS3269 Telecom Italia S.p.a.";"mlab2-trn01";0.043127;377532.860258;"0.004012999";"win32";"194.116.85.224";"speedtest";1340027519;31329.144062;0.047271;"47bce1bd-51cc-4815-b6db-71ab66220dd6";3269;"12";"Torino";15;6;2012;0;18;"20120618"
"78.13.237.190";"IT";12.483300;41.900000;"AS8612 Tiscali Italia S.P.A.";"mlab2-trn01";0.034918;1109223.941166;"0.004006999";"win32";"194.116.85.224";"bittorrent";1340027837;105249.057064;-1.000000;"8ee12da3-a021-4416-8b12-6168449ae5ad";8612;"07";"Rome";15;6;2012;0;18;"20120618"
"151.64.48.181";"IT";9.200000;45.650000;"AS1267 WIND Telecomunicazioni S.p.A.";"mlab2-trn01";0.014758;285010.228855;"0.004012999";"linux2";"194.116.85.224";"bittorrent";1340027958;52537.181155;-1.000000;"122a0eee-5444-44b6-9181-38ffae82c977";1267;"09";"Seregno";15;6;2012;0;18;"20120618"
"95.229.187.136";"IT";12.833300;42.833300;"AS3269 Telecom Italia S.p.a.";"mlab2-trn01";0.041438;825720.457380;"0.004012999";"win32";"194.116.85.224";"bittorrent";1340028218;80927.195559;-1.000000;"a4010725-b228-4400-bd21-b9e05989bafb";3269;"";"";16;6;2012;0;18;"20120618"
"84.221.231.178";"IT";7.666700;45.050000;"AS8612 Tiscali Italia S.P.A.";"mlab2-trn01";0.025788;2057544.756261;"0.004012999";"darwin";"194.116.85.224";"bittorrent";1340028578;95369.428123;-1.000000;"7e3598a2-40f8-4213-beaa-47abf033b292";8612;"12";"Torino";16;6;2012;0;18;"20120618"
"188.11.197.8";"IT";12.483300;41.900000;"AS3269 Telecom Italia S.p.a.";"mlab2-trn01";0.038553;1286847.634120;"0.004012999";"darwin";"194.116.85.224";"speedtest";1340028597;89928.252566;0.039887;"c671e4d7-9027-4ae8-9058-ad41f0746af0";3269;"07";"Rome";16;6;2012;0;18;"20120618"
"93.33.101.175";"IT";9.200000;45.466700;"AS12874 Fastweb SpA";"mlab2-trn01";0.010142;1147112.824607;"0.004012999";"darwin";"194.116.85.224";"bittorrent";1340028650;1157215.849957;-1.000000;"29750ad8-f56c-4e95-a4f3-b9badf7da7af";12874;"09";"Milan";16;6;2012;0;18;"20120618"
"79.41.80.159";"IT";12.833300;42.833300;"AS3269 Telecom Italia S.p.a.";"mlab2-trn01";0.042646;176066.945909;"0.004012999";"win32";"194.116.85.224";"speedtest";1340028883;48260.396864;0.102225;"82d91f18-b22f-4114-9d5f-c95a1ed7ad87";3269;"";"";16;6;2012;0;18;"20120618"
"88.47.41.57";"IT";12.833300;42.833300;"AS3269 Telecom Italia S.p.a.";"mlab2-trn01";0.046225;493803.832551;"0.004012999";"win32";"194.116.85.224";"bittorrent";1340029021;30310.161101;-1.000000;"ec2e71be-f555-4dee-b674-bc8e80a61d77";3269;"";"";16;6;2012;0;18;"20120618"
"80.180.128.61";"IT";9.666700;45.016700;"AS3269 Telecom Italia S.p.a.";"mlab2-trn01";0.029358;1718559.385056;"0.004012999";"win32";"194.116.85.224";"bittorrent";1340029299;95866.082889;-1.000000;"a6b33ac3-0345-4892-98b5-ad125988a24b";3269;"05";"Piacenza";16;6;2012;0;18;"20120618"
"85.18.29.42";"IT";9.200000;45.466700;"AS12874 Fastweb SpA";"mlab2-trn01";0.006343;1070666.793040;"0.004012999";"darwin";"194.116.85.224";"speedtest";1340029422;1172794.550000;0.007927;"2c46fdf6-7306-4016-9a75-e529fa590549";12874;"09";"Milan";16;6;2012;0;18;"20120618"
"93.35.229.140";"IT";9.233300;45.700000;"AS12874 Fastweb SpA";"mlab2-trn01";0.030485;846650.544603;"0.004011999";"win32";"194.116.85.224";"bittorrent";1340029520;48560.609635;-1.000000;"9a8fa0ab-ee51-4da8-b32c-4f50bc470f20";12874;"09";"Giussano";16;6;2012;0;18;"20120618"
"151.73.33.145";"IT";14.566700;40.733300;"AS1267 WIND Telecomunicazioni S.p.A.";"mlab2-trn01";0.034537;677401.603777;"0.004009999";"win32";"194.116.85.224";"bittorrent";1340029591;52049.560979;-1.000000;"23d04e8c-1632-480a-8b47-f5057b877ee1";1267;"04";"Angri";16;6;2012;0;18;"20120618"
"79.0.19.229";"IT";12.483300;41.900000;"AS3269 Telecom Italia S.p.a.";"mlab2-trn01";0.033257;1350047.683440;"0.004012999";"darwin";"194.116.85.224";"speedtest";1340029870;102697.974709;0.037032;"69fb5e33-52f0-4549-a67d-9deb0c9b5493";3269;"07";"Rome";16;6;2012;0;18;"20120618"
"62.98.65.177";"IT";14.250000;40.833300;"AS1267 WIND Telecomunicazioni S.p.A.";"mlab2-trn01";0.028977;645381.019285;"0.004012999";"win32";"194.116.85.224";"speedtest";1340030015;39790.622609;0.040475;"2d006d8d-7c04-46bb-b056-798468ee365e";1267;"04";"Napoli";16;6;2012;0;18;"20120618"
"79.4.10.186";"IT";12.833300;42.833300;"AS3269 Telecom Italia S.p.a.";"mlab2-trn01";0.064081;811257.329215;"0.004005999";"win32";"194.116.85.224";"bittorrent";1340030138;36634.645280;-1.000000;"54ca976f-8551-47fc-bce1-b06f00a12720";3269;"";"";16;6;2012;0;18;"20120618"
"188.11.197.8";"IT";12.483300;41.900000;"AS3269 Telecom Italia S.p.a.";"mlab2-trn01";0.035352;1021883.463938;"0.004012999";"darwin";"194.116.85.224";"bittorrent";1340030148;88790.630295;-1.000000;"c671e4d7-9027-4ae8-9058-ad41f0746af0";3269;"07";"Rome";16;6;2012;0;18;"20120618"
"2.225.128.51";"IT";7.666700;45.050000;"AS12874 Fastweb SpA";"mlab2-trn01";0.028736;425891.158622;"0.004012999";"darwin";"194.116.85.224";"speedtest";1340030421;53132.389818;0.031868;"28ba3b2e-cd9a-4c00-8b29-33e0cfe5c596";12874;"12";"Torino";16;6;2012;0;18;"20120618"
"87.4.74.136";"IT";8.850000;44.716700;"AS3269 Telecom Italia S.p.a.";"mlab2-trn01";0.057360;78333.724993;"0.004012999";"win32";"194.116.85.224";"speedtest";1340030462;29838.377438;0.072815;"d8a56420-51dd-4f7f-811c-30fa9ca36858";3269;"12";"Serravalle Scrivia";16;6;2012;0;18;"20120618"
"81.174.11.50";"IT";8.650000;45.850000;"AS35612 NGI Spa";"mlab2-trn01";0.042862;323357.772905;"0.004012999";"darwin";"194.116.85.224";"speedtest";1340030501;49410.206093;0.170351;"04eb82ec-76b3-4615-b25a-7c0279090671";35612;"09";"Besozzo";16;6;2012;0;18;"20120618"
"82.50.16.67";"IT";11.583300;44.400000;"AS3269 Telecom Italia S.p.a.";"mlab2-trn01";0.043934;1023265.978600;"0.004008999";"darwin";"194.116.85.224";"speedtest";1340030568;79710.712561;0.048228;"470583b1-76be-479b-a12e-d79962295075";3269;"05";"Castel San Pietro Terme";16;6;2012;0;18;"20120618"
"87.18.255.91";"IT";17.229700;40.476100;"AS3269 Telecom Italia S.p.a.";"mlab2-trn01";0.067975;486966.274592;"0.004009999";"win32";"194.116.85.224";"speedtest";1340030804;40850.201657;0.076719;"7989d7c5-459e-4910-93c2-ffd113604f5d";3269;"13";"Taranto";16;6;2012;0;18;"20120618"
"94.36.33.130";"IT";8.950000;44.416700;"AS8612 Tiscali Italia S.P.A.";"mlab2-trn01";0.028556;839056.871285;"0.004012999";"darwin";"194.116.85.224";"speedtest";1340031042;52033.915181;0.031552;"894fe1ee-9250-416a-98be-74dd024aea06";8612;"08";"Genova";16;6;2012;0;18;"20120618"
"151.28.149.138";"IT";12.483300;41.900000;"AS1267 WIND Telecomunicazioni S.p.A.";"mlab2-trn01";0.024622;823903.068426;"0.004012999";"darwin";"194.116.85.224";"bittorrent";1340031366;53378.009210;-1.000000;"ecbc13bf-6a9e-4fe9-b86f-bd60bf3af1d0";1267;"07";"Rome";16;6;2012;0;18;"20120618"
"84.221.231.178";"IT";7.666700;45.050000;"AS8612 Tiscali Italia S.P.A.";"mlab2-trn01";0.022884;2083418.996222;"0.004012999";"darwin";"194.116.85.224";"bittorrent";1340031426;105268.159504;-1.000000;"7e3598a2-40f8-4213-beaa-47abf033b292";8612;"12";"Torino";16;6;2012;0;18;"20120618"
"79.4.10.186";"IT";12.833300;42.833300;"AS3269 Telecom Italia S.p.a.";"mlab2-trn01";0.080012;739514.226576;"0.004005999";"win32";"194.116.85.224";"speedtest";1340031593;31518.982968;0.075497;"54ca976f-8551-47fc-bce1-b06f00a12720";3269;"";"";16;6;2012;0;18;"20120618"
"151.32.58.7";"IT";7.600000;45.233300;"AS1267 WIND Telecomunicazioni S.p.A.";"mlab2-trn01";0.013713;616510.347378;"0.004012999";"linux2";"194.116.85.224";"bittorrent";1340031646;52957.770105;-1.000000;"e58cbc1f-8414-4fe3-8578-f8c48106d21d";1267;"12";"Ciriè";17;6;2012;0;18;"20120618"
"87.4.83.224";"IT";16.483300;41.116700;"AS3269 Telecom Italia S.p.a.";"mlab2-trn01";0.047102;597316.339880;"0.004012999";"darwin";"194.116.85.224";"bittorrent";1340031694;46203.779989;-1.000000;"8c3b14ba-e923-48bd-8f2e-da456a7f071f";3269;"13";"Ruvo Di Puglia";17;6;2012;0;18;"20120618"
"2.230.212.185";"IT";7.666700;45.050000;"AS12874 Fastweb SpA";"mlab2-trn01";0.009710;1300400.825797;"0.004012999";"win32";"194.116.85.224";"bittorrent";1340031859;60624.479249;-1.000000;"93a97de3-c431-4df5-a005-ea55834352bd";12874;"12";"Torino";17;6;2012;0;18;"20120618"
"85.18.28.68";"IT";12.833300;42.833300;"AS12874 Fastweb SpA";"mlab2-trn01";0.018304;133209.488597;"0.004009999";"win32";"194.116.85.224";"speedtest";1340032261;97653.574758;0.021907;"209e0493-6ac3-47f4-8a7e-513e3ce88ea8";12874;"";"";17;6;2012;0;18;"20120618"
"83.103.18.165";"IT";7.733300;44.916700;"AS12874 Fastweb SpA";"mlab2-trn01";0.012972;257982.841946;"0.004012999";"win32";"194.116.85.224";"bittorrent";1340032415;415397.335101;-1.000000;"241c3a7e-ba9b-4a0d-9bea-1c379895fdaa";12874;"12";"Villastellone";17;6;2012;0;18;"20120618"
"109.234.63.11";"IT";12.833300;42.833300;"AS43989 Ehinet Srl";"mlab2-trn01";0.032493;425927.849702;"0.004009999";"win32";"194.116.85.224";"bittorrent";1340032440;41092.499154;-1.000000;"5d6312ec-b414-42e6-8e89-702c7b4fd5e8";43989;"";"";17;6;2012;0;18;"20120618"
"84.221.231.178";"IT";7.666700;45.050000;"AS8612 Tiscali Italia S.P.A.";"mlab2-trn01";0.022520;2002729.196020;"0.004012999";"darwin";"194.116.85.224";"speedtest";1340032849;105103.833551;0.029035;"7e3598a2-40f8-4213-beaa-47abf033b292";8612;"12";"Torino";17;6;2012;0;18;"20120618"
"95.229.187.136";"IT";12.833300;42.833300;"AS3269 Telecom Italia S.p.a.";"mlab2-trn01";0.040596;786989.509381;"0.004012999";"win32";"194.116.85.224";"speedtest";1340032918;83576.435551;0.045134;"a4010725-b228-4400-bd21-b9e05989bafb";3269;"";"";17;6;2012;0;18;"20120618"
"93.33.101.175";"IT";9.200000;45.466700;"AS12874 Fastweb SpA";"mlab2-trn01";0.007181;1036503.260030;"0.004012999";"darwin";"194.116.85.224";"speedtest";1340033090;1158290.037500;0.009317;"29750ad8-f56c-4e95-a4f3-b9badf7da7af";12874;"09";"Milan";17;6;2012;0;18;"20120618"
"87.4.83.224";"IT";16.483300;41.116700;"AS3269 Telecom Italia S.p.a.";"mlab2-trn01";0.047966;721927.419554;"0.004012999";"darwin";"194.116.85.224";"speedtest";1340033114;43859.416910;0.057201;"8c3b14ba-e923-48bd-8f2e-da456a7f071f";3269;"13";"Ruvo Di Puglia";17;6;2012;0;18;"20120618"
"188.217.129.219";"IT";14.333300;40.916700;"AS30722 Vodafone Omnitel N.V.";"mlab2-trn01";0.094499;23668.311965;"0.004012999";"win32";"194.116.85.224";"bittorrent";1340033283;29353.800883;-1.000000;"bb6c2e6b-7f94-482d-ab7a-ba9256571bd8";30722;"04";"Casalnuovo Di Napoli";17;6;2012;0;18;"20120618"
"85.18.117.112";"IT";7.883300;45.183300;"AS12874 Fastweb SpA";"mlab2-trn01";0.008724;1317112.165974;"0.004012999";"darwin";"194.116.85.224";"bittorrent";1340033294;1166399.624586;-1.000000;"e28f6cdb-f2d1-41fe-bb40-53e7a0b0e31d";12874;"12";"Chivasso";17;6;2012;0;18;"20120618"
"95.237.222.196";"IT";7.666700;45.050000;"AS3269 Telecom Italia S.p.a.";"mlab2-trn01";0.043427;393693.516167;"0.004012999";"win32";"194.116.85.224";"speedtest";1340033541;31576.583280;0.047141;"47bce1bd-51cc-4815-b6db-71ab66220dd6";3269;"12";"Torino";17;6;2012;0;18;"20120618"
"2.225.128.51";"IT";7.666700;45.050000;"AS12874 Fastweb SpA";"mlab2-trn01";0.029814;425959.527324;"0.004012999";"darwin";"194.116.85.224";"speedtest";1340033641;52755.320060;0.031875;"28ba3b2e-cd9a-4c00-8b29-33e0cfe5c596";12874;"12";"Torino";17;6;2012;0;18;"20120618"
"130.192.91.213";"IT";7.666700;45.050000;"AS137 GARR Italian academic and research network";"mlab2-trn01";0.002235;11767382.700025;"0.004012999";"linux2";"194.116.85.224";"bittorrent";1340033656;11767823.307490;-1.000000;"cd78793c-1e3b-4944-b4b2-9768fc1cdb97";137;"12";"Torino";17;6;2012;0;18;"20120618"
"94.34.148.136";"IT";12.833300;42.833300;"AS8612 Tiscali Italia S.P.A.";"mlab2-trn01";0.478483;176396.637996;"0.004012999";"darwin";"194.116.85.224";"bittorrent";1340033750;14215.230140;-1.000000;"a8a2ab27-6236-470f-8b46-b6121b018b6c";8612;"";"";17;6;2012;0;18;"20120618"
"82.50.16.67";"IT";11.583300;44.400000;"AS3269 Telecom Italia S.p.a.";"mlab2-trn01";0.043767;1029477.258330;"0.004008999";"darwin";"194.116.85.224";"speedtest";1340033817;78966.202624;0.048621;"470583b1-76be-479b-a12e-d79962295075";3269;"05";"Castel San Pietro Terme";17;6;2012;0;18;"20120618"
"78.134.91.209";"IT";9.316700;45.516700;"AS35612 NGI Spa";"mlab2-trn01";0.058624;86123.264784;"0.004012999";"darwin";"194.116.85.224";"speedtest";1340033917;18953.161512;0.129020;"7da8ef87-6dfd-41fe-8a53-f1a960d7de12";35612;"09";"Cernusco";17;6;2012;0;18;"20120618"
"79.20.70.163";"IT";8.066600;45.572300;"AS3269 Telecom Italia S.p.a.";"mlab2-trn01";0.041118;795304.255729;"0.004012999";"darwin";"194.116.85.224";"speedtest";1340034080;39576.623344;0.047450;"432d3481-f83e-450d-b373-e60ae5f17efe";3269;"12";"Biella";17;6;2012;0;18;"20120618"
"93.62.242.110";"IT";12.029400;45.421400;"AS12874 Fastweb SpA";"mlab2-trn01";0.023856;415303.774169;"0.004012999";"darwin";"194.116.85.224";"speedtest";1340034093;430305.712071;0.020946;"9905faad-2379-4ce5-bea7-d26dfd5ef167";12874;"20";"Fiesso D'artico";17;6;2012;0;18;"20120618"
"87.13.39.29";"IT";12.833300;42.833300;"AS3269 Telecom Italia S.p.a.";"mlab2-trn01";0.063126;107647.180797;"0.004009999";"win32";"194.116.85.224";"bittorrent";1340034385;36850.515624;-1.000000;"51c03cdf-92f5-46e9-bdef-c1c88bec98ce";3269;"";"";17;6;2012;0;18;"20120618"
"151.28.149.138";"IT";12.483300;41.900000;"AS1267 WIND Telecomunicazioni S.p.A.";"mlab2-trn01";0.028538;763798.948561;"0.004012999";"darwin";"194.116.85.224";"bittorrent";1340034458;53350.481277;-1.000000;"ecbc13bf-6a9e-4fe9-b86f-bd60bf3af1d0";1267;"07";"Rome";17;6;2012;0;18;"20120618"
"87.4.83.224";"IT";16.483300;41.116700;"AS3269 Telecom Italia S.p.a.";"mlab2-trn01";0.046976;636541.744908;"0.004012999";"darwin";"194.116.85.224";"bittorrent";1340034541;45699.806913;-1.000000;"8c3b14ba-e923-48bd-8f2e-da456a7f071f";3269;"13";"Ruvo Di Puglia";17;6;2012;0;18;"20120618"
"151.60.120.179";"IT";7.316700;44.633300;"AS1267 WIND Telecomunicazioni S.p.A.";"mlab2-trn01";0.028200;194323.998733;"0.004012999";"linux2";"194.116.85.224";"bittorrent";1340034556;27679.029117;-1.000000;"ce15cdd9-fbc9-4be9-8f83-94df036818bb";1267;"12";"Sanfront";17;6;2012;0;18;"20120618"
"88.47.41.57";"IT";12.833300;42.833300;"AS3269 Telecom Italia S.p.a.";"mlab2-trn01";0.048720;747440.042171;"0.004012999";"win32";"194.116.85.224";"bittorrent";1340034784;44262.220436;-1.000000;"ec2e71be-f555-4dee-b674-bc8e80a61d77";3269;"";"";17;6;2012;0;18;"20120618"
"85.18.117.112";"IT";7.883300;45.183300;"AS12874 Fastweb SpA";"mlab2-trn01";0.010316;1306899.330050;"0.004012999";"darwin";"194.116.85.224";"speedtest";1340034860;1030554.917410;0.010909;"e28f6cdb-f2d1-41fe-bb40-53e7a0b0e31d";12874;"12";"Chivasso";17;6;2012;0;18;"20120618"
"95.237.222.196";"IT";7.666700;45.050000;"AS3269 Telecom Italia S.p.a.";"mlab2-trn01";0.042571;398695.081862;"0.004012999";"win32";"194.116.85.224";"bittorrent";1340035043;48909.881764;-1.000000;"47bce1bd-51cc-4815-b6db-71ab66220dd6";3269;"12";"Torino";17;6;2012;0;18;"20120618"
"130.192.91.211";"IT";7.666700;45.050000;"AS137 GARR Italian academic and research network";"mlab2-trn01";0.002225;11711225.749494;"0.004012999";"linux2";"194.116.85.224";"bittorrent";1340035118;11744031.624403;-1.000000;"91708cf1-7028-4b58-9520-faea0010494c";137;"12";"Torino";17;6;2012;0;18;"20120618"
"95.248.79.141";"IT";9.683300;45.366700;"AS3269 Telecom Italia S.p.a.";"mlab2-trn01";0.024630;1965607.070994;"0.004012999";"win32";"194.116.85.224";"bittorrent";1340035262;98717.086902;-1.000000;"4e01c135-aee3-4a25-a2fd-429c447dc4bd";3269;"09";"Crema";18;6;2012;0;18;"20120618"
"82.57.12.248";"IT";17.216700;41.000000;"AS3269 Telecom Italia S.p.a.";"mlab2-trn01";0.059443;354723.017319;"0.004012999";"win32";"194.116.85.224";"speedtest";1340035259;24694.603272;0.074497;"f201d94b-ffc9-44aa-ac62-215bbc3baddd";3269;"13";"Polignano A Mare";18;6;2012;0;18;"20120618"
"188.10.100.91";"IT";9.116700;45.683300;"AS3269 Telecom Italia S.p.a.";"mlab2-trn01";0.043495;807651.008672;"0.004012999";"win32";"194.116.85.224";"speedtest";1340035484;30713.754380;0.049444;"a0bc9ac6-3c40-4f42-be91-07152ae8b8fb";3269;"09";"Lentate Sul Seveso";18;6;2012;0;18;"20120618"
"151.73.33.145";"IT";14.566700;40.733300;"AS1267 WIND Telecomunicazioni S.p.A.";"mlab2-trn01";0.037062;464919.698246;"0.004009999";"win32";"194.116.85.224";"bittorrent";1340035527;52119.164444;-1.000000;"23d04e8c-1632-480a-8b47-f5057b877ee1";1267;"04";"Angri";18;6;2012;0;18;"20120618"
"93.62.242.110";"IT";12.029400;45.421400;"AS12874 Fastweb SpA";"mlab2-trn01";0.013778;361194.608993;"0.004012999";"darwin";"194.116.85.224";"bittorrent";1340035533;425313.578014;-1.000000;"9905faad-2379-4ce5-bea7-d26dfd5ef167";12874;"20";"Fiesso D'artico";18;6;2012;0;18;"20120618"
"84.221.231.178";"IT";7.666700;45.050000;"AS8612 Tiscali Italia S.P.A.";"mlab2-trn01";0.022349;1863797.086150;"0.004012999";"darwin";"194.116.85.224";"speedtest";1340035699;105385.636142;0.028354;"7e3598a2-40f8-4213-beaa-47abf033b292";8612;"12";"Torino";18;6;2012;0;18;"20120618"
"81.174.47.101";"IT";12.833300;42.833300;"AS35612 NGI Spa";"mlab2-trn01";0.014492;1273064.601147;"0.004012999";"darwin";"194.116.85.224";"bittorrent";1340035924;113039.304964;-1.000000;"59a9e8e1-3618-48e2-adea-6559f48400b8";35612;"";"";18;6;2012;0;18;"20120618"
"93.36.97.152";"IT";9.366700;45.516700;"AS12874 Fastweb SpA";"mlab2-trn01";0.011205;649816.402256;"0.004012999";"darwin";"194.116.85.224";"bittorrent";1340036019;56297.562429;-1.000000;"1ac06ae7-306c-4ad7-a420-41b7f457fa4e";12874;"09";"Cassina De' Pecchi";18;6;2012;0;18;"20120618"
"79.1.30.155";"IT";11.250000;43.766700;"AS3269 Telecom Italia S.p.a.";"mlab2-trn01";0.038319;772045.621789;"0.004012999";"win32";"194.116.85.224";"speedtest";1340036307;49636.066307;0.045021;"0a82f1ed-ab1f-4de5-a610-bbae44fec14e";3269;"16";"Florence";18;6;2012;0;18;"20120618"
"79.42.133.61";"IT";11.183300;43.133300;"AS3269 Telecom Italia S.p.a.";"mlab2-trn01";0.033757;251721.937750;"0.004011999";"win32";"194.116.85.224";"speedtest";1340036659;88767.629981;0.034935;"8f2b4ecf-a700-4d0f-9dc5-4bb0f41e171c";3269;"16";"Monticiano";18;6;2012;0;18;"20120618"
"80.117.83.96";"IT";12.833300;42.833300;"AS3269 Telecom Italia S.p.a.";"mlab2-trn01";0.022381;839087.108713;"0.004012999";"win32";"194.116.85.224";"bittorrent";1340036861;38975.081304;-1.000000;"25353fbe-ce56-4192-a803-65a63443c70a";3269;"";"";18;6;2012;0;18;"20120618"
"188.10.109.16";"IT";9.187800;45.461200;"AS3269 Telecom Italia S.p.a.";"mlab2-trn01";0.024775;1023457.246150;"0.004012999";"win32";"194.116.85.224";"speedtest";1340036886;70826.467117;0.030532;"fabd9ec4-04a0-49f7-9afc-39e5f8c565ba";3269;"09";"Milan";18;6;2012;0;18;"20120618"
"188.152.109.177";"IT";7.666700;45.050000;"AS44957 Vodafone Omnitel N.V.";"mlab2-trn01";0.183057;175411.745351;"0.004012999";"darwin";"194.116.85.224";"speedtest";1340037014;37972.042617;0.091698;"fd2cba45-5000-4263-b0bc-8c4a654ac411";44957;"12";"Torino";18;6;2012;0;18;"20120618"
"79.11.8.142";"IT";8.766700;45.550000;"AS3269 Telecom Italia S.p.a.";"mlab2-trn01";0.215082;312368.188478;"0.004012999";"win32";"194.116.85.224";"bittorrent";1340037027;14384.168153;-1.000000;"991257a9-87dd-455d-863e-b266080097e3";3269;"09";"Robecchetto Con Induno";18;6;2012;0;18;"20120618"
"31.196.6.210";"IT";12.833300;42.833300;"AS3269 Telecom Italia S.p.a.";"mlab2-trn01";0.020842;176950.081053;"0.004012999";"win32";"194.116.85.224";"bittorrent";1340037114;207224.503790;-1.000000;"8f96be96-0318-4e62-a639-7816bf69ae7b";3269;"";"";18;6;2012;0;18;"20120618"
"81.174.47.101";"IT";12.833300;42.833300;"AS35612 NGI Spa";"mlab2-trn01";0.015402;736274.002188;"0.004012999";"darwin";"194.116.85.224";"speedtest";1340037530;112676.038845;0.018302;"59a9e8e1-3618-48e2-adea-6559f48400b8";35612;"";"";18;6;2012;0;18;"20120618"
"151.65.28.229";"IT";9.016700;44.983300;"AS1267 WIND Telecomunicazioni S.p.A.";"mlab2-trn01";0.023595;650108.305010;"0.004012999";"win32";"194.116.85.224";"bittorrent";1340037988;98364.570101;-1.000000;"a5016d11-f6c1-4d6d-a30f-48088faa5e70";1267;"09";"Voghera";18;6;2012;0;18;"20120618"
"2.40.51.151";"IT";8.700000;45.466700;"AS30722 Vodafone Omnitel N.V.";"mlab2-trn01";0.044144;708127.150967;"0.004012999";"linux2";"194.116.85.224";"speedtest";1340038151;44712.894034;0.048755;"0094fb04-cab2-42b8-abfa-f714dcef0097";30722;"12";"Romentino";18;6;2012;0;18;"20120618"
"188.10.200.91";"IT";9.716700;45.683300;"AS3269 Telecom Italia S.p.a.";"mlab2-trn01";0.041525;367186.001542;"0.004012999";"darwin";"194.116.85.224";"bittorrent";1340038196;41849.774708;-1.000000;"84b0a809-ea3e-464e-9590-f84cd3a89ac5";3269;"09";"Bergamo";18;6;2012;0;18;"20120618"
"134.255.175.21";"IT";13.216700;43.366700;"AS198292 Wave-Max S.r.L.";"mlab2-trn01";0.088338;263104.299109;"0.004012999";"win32";"194.116.85.224";"speedtest";1340038201;28900.167316;0.092196;"708a55f0-3758-4099-a346-23683a39926d";198292;"10";"Cingoli";18;6;2012;0;18;"20120618"
"95.252.40.120";"IT";9.466700;45.683300;"AS3269 Telecom Italia S.p.a.";"mlab2-trn01";0.038813;861657.243914;"0.004012999";"linux2";"194.116.85.224";"bittorrent";1340038238;48230.476545;-1.000000;"a4fb4910-ec49-4ae0-91f7-a2e3e4aa9e45";3269;"09";"Calusco D'adda";18;6;2012;0;18;"20120618"
"78.14.224.92";"IT";9.116700;45.766700;"AS8612 Tiscali Italia S.P.A.";"mlab2-trn01";0.036337;312979.001376;"0.004012999";"darwin";"194.116.85.224";"speedtest";1340038263;46973.635734;0.039662;"39792736-bd8b-4a56-942d-1cc983336add";8612;"09";"Lurago D'erba";18;6;2012;0;18;"20120618"
"151.84.8.247";"IT";12.833300;42.833300;"AS1267 WIND Telecomunicazioni S.p.A.";"mlab2-trn01";0.094116;93690.905514;"0.004012999";"win32";"194.116.85.224";"speedtest";1340038343;66681.002702;0.046707;"b353b7de-8e59-4c6c-bafb-ad7b97cd805a";1267;"";"";18;6;2012;0;18;"20120618"
"188.10.109.16";"IT";9.187800;45.461200;"AS3269 Telecom Italia S.p.a.";"mlab2-trn01";0.095330;606629.140514;"0.004012999";"win32";"194.116.85.224";"bittorrent";1340038431;73179.058370;-1.000000;"fabd9ec4-04a0-49f7-9afc-39e5f8c565ba";3269;"09";"Milan";18;6;2012;0;18;"20120618"
"2.225.128.51";"IT";7.666700;45.050000;"AS12874 Fastweb SpA";"mlab2-trn01";0.029221;423564.450471;"0.004012999";"darwin";"194.116.85.224";"bittorrent";1340038482;61771.188607;-1.000000;"28ba3b2e-cd9a-4c00-8b29-33e0cfe5c596";12874;"12";"Torino";18;6;2012;0;18;"20120618"
"93.66.116.63";"IT";12.833300;42.833300;"AS30722 Vodafone Omnitel N.V.";"mlab2-trn01";0.054958;218836.034008;"0.004012999";"darwin";"194.116.85.224";"bittorrent";1340038698;60643.825343;-1.000000;"e03eb71c-5d1f-41bc-9e20-cd6dfc7634e9";30722;"";"";18;6;2012;0;18;"20120618"
"85.18.28.68";"IT";12.833300;42.833300;"AS12874 Fastweb SpA";"mlab2-trn01";0.025566;135768.129976;"0.004009999";"win32";"194.116.85.224";"bittorrent";1340039192;121035.091686;-1.000000;"209e0493-6ac3-47f4-8a7e-513e3ce88ea8";12874;"";"";19;6;2012;0;18;"20120618"
"188.217.129.219";"IT";14.333300;40.916700;"AS30722 Vodafone Omnitel N.V.";"mlab2-trn01";0.052523;12053.461055;"0.004012999";"win32";"194.116.85.224";"bittorrent";1340039364;19921.588331;-1.000000;"bb6c2e6b-7f94-482d-ab7a-ba9256571bd8";30722;"04";"Casalnuovo Di Napoli";19;6;2012;0;18;"20120618"
"87.8.228.126";"IT";12.833300;42.833300;"AS3269 Telecom Italia S.p.a.";"mlab2-trn01";0.041682;606986.088182;"0.004012999";"darwin";"194.116.85.224";"speedtest";1340039369;49322.141683;0.062955;"6b759052-c812-4f14-90ce-16e61560a573";3269;"";"";19;6;2012;0;18;"20120618"
"151.33.107.70";"IT";7.666700;45.050000;"AS1267 WIND Telecomunicazioni S.p.A.";"mlab2-trn01";0.017792;1452106.700920;"0.004012999";"win32";"194.116.85.224";"speedtest";1340039849;78949.032739;0.010410;"750b74dc-a4a8-4f1d-be31-231d72d952a2";1267;"12";"Torino";19;6;2012;0;18;"20120618"
"93.62.242.110";"IT";12.029400;45.421400;"AS12874 Fastweb SpA";"mlab2-trn01";0.018696;432130.048726;"0.004012999";"darwin";"194.116.85.224";"speedtest";1340039872;431644.050454;0.023230;"9905faad-2379-4ce5-bea7-d26dfd5ef167";12874;"20";"Fiesso D'artico";19;6;2012;0;18;"20120618"
"2.40.51.151";"IT";8.700000;45.466700;"AS30722 Vodafone Omnitel N.V.";"mlab2-trn01";0.043467;6993.211090;"0.004012999";"linux2";"194.116.85.224";"bittorrent";1340039879;6630.068494;-1.000000;"0094fb04-cab2-42b8-abfa-f714dcef0097";30722;"12";"Romentino";19;6;2012;0;18;"20120618"
"188.10.109.16";"IT";9.187800;45.461200;"AS3269 Telecom Italia S.p.a.";"mlab2-trn01";0.026117;1023842.463340;"0.004012999";"win32";"194.116.85.224";"speedtest";1340039953;71703.612570;0.031204;"fabd9ec4-04a0-49f7-9afc-39e5f8c565ba";3269;"09";"Milan";19;6;2012;0;18;"20120618"
"149.132.117.110";"IT";9.200000;45.466700;"AS137 GARR Italian academic and research network";"mlab2-trn01";0.004637;10650108.211800;"0.004012999";"darwin";"194.116.85.224";"speedtest";1340040079;11341771.335200;0.006210;"c9d3d685-6087-4faf-a87c-eb1dfaa2b53c";137;"18";"Milan";19;6;2012;0;18;"20120618"
"79.41.215.191";"IT";7.666700;45.050000;"AS3269 Telecom Italia S.p.a.";"mlab2-trn01";0.267593;94072.488765;"0.004012999";"darwin";"194.116.85.224";"speedtest";1340040141;35608.434790;0.146265;"54b1973f-e000-498d-8aee-038597e2696e";3269;"12";"Torino";19;6;2012;0;18;"20120618"
"84.222.108.196";"IT";11.866700;44.583300;"AS8612 Tiscali Italia S.P.A.";"mlab2-trn01";0.053949;416670.264214;"0.004012999";"darwin";"194.116.85.224";"bittorrent";1340040273;45278.948275;-1.000000;"8c002889-ba22-4c1b-a026-e262143a9d1d";8612;"05";"San Biagio";19;6;2012;0;18;"20120618"
"87.4.83.224";"IT";16.483300;41.116700;"AS3269 Telecom Italia S.p.a.";"mlab2-trn01";1.473723;60756.895681;"0.004012999";"darwin";"194.116.85.224";"bittorrent";1340040314;30429.283696;-1.000000;"8c3b14ba-e923-48bd-8f2e-da456a7f071f";3269;"13";"Ruvo Di Puglia";19;6;2012;0;18;"20120618"
"87.253.117.30";"IT";7.666700;45.050000;"AS35719 People & Communication S.R.L.";"mlab2-trn01";0.010545;482812.615942;"0.004012999";"darwin";"194.116.85.224";"speedtest";1340040360;54100.588875;0.017828;"60d5ec38-9b55-4e7a-b420-28c886960236";35719;"12";"Torino";19;6;2012;0;18;"20120618"
"93.35.208.89";"IT";9.366700;45.850000;"AS12874 Fastweb SpA";"mlab2-trn01";0.045772;881684.086421;"0.004011999";"win32";"194.116.85.224";"bittorrent";1340040491;48240.899039;-1.000000;"9a8fa0ab-ee51-4da8-b32c-4f50bc470f20";12874;"09";"Malgrate";19;6;2012;0;18;"20120618"
"85.18.28.68";"IT";12.833300;42.833300;"AS12874 Fastweb SpA";"mlab2-trn01";0.017751;134073.310373;"0.004009999";"win32";"194.116.85.224";"speedtest";1340040912;154358.129105;0.020574;"209e0493-6ac3-47f4-8a7e-513e3ce88ea8";12874;"";"";19;6;2012;0;18;"20120618"
"151.59.21.200";"IT";12.833300;42.833300;"AS1267 WIND Telecomunicazioni S.p.A.";"mlab2-trn01";0.056738;45733.315741;"0.004012999";"darwin";"194.116.85.224";"bittorrent";1340040695;130160.299380;-1.000000;"2994d571-911d-42b7-9900-33bea991df8c";1267;"";"";19;6;2012;0;18;"20120618"
"188.217.129.219";"IT";14.333300;40.916700;"AS30722 Vodafone Omnitel N.V.";"mlab2-trn01";0.063953;424512.229009;"0.004012999";"win32";"194.116.85.224";"speedtest";1340040859;30640.865863;0.099718;"bb6c2e6b-7f94-482d-ab7a-ba9256571bd8";30722;"04";"Casalnuovo Di Napoli";19;6;2012;0;18;"20120618"
"188.11.197.8";"IT";12.483300;41.900000;"AS3269 Telecom Italia S.p.a.";"mlab2-trn01";0.036072;1299869.931790;"0.004012999";"darwin";"194.116.85.224";"speedtest";1340040992;92679.950150;0.040408;"c671e4d7-9027-4ae8-9058-ad41f0746af0";3269;"07";"Rome";19;6;2012;0;18;"20120618"
"82.57.12.248";"IT";17.216700;41.000000;"AS3269 Telecom Italia S.p.a.";"mlab2-trn01";0.058308;837940.081941;"0.004012999";"win32";"194.116.85.224";"speedtest";1340041003;49163.774604;0.064588;"f201d94b-ffc9-44aa-ac62-215bbc3baddd";3269;"13";"Polignano A Mare";19;6;2012;0;18;"20120618"
"130.192.91.213";"IT";7.666700;45.050000;"AS137 GARR Italian academic and research network";"mlab2-trn01";0.002326;11738333.739600;"0.004012999";"linux2";"194.116.85.224";"speedtest";1340041114;1692315.355020;0.003951;"cd78793c-1e3b-4944-b4b2-9768fc1cdb97";137;"12";"Torino";19;6;2012;0;18;"20120618"
"31.185.19.156";"IT";12.566700;43.050000;"AS47187 Forinicom S.r.l.";"mlab2-trn01";0.032162;47715.511948;"0.004012999";"win32";"194.116.85.224";"bittorrent";1340041214;47943.326194;-1.000000;"2a30a2a8-273c-4b16-9671-803dc3d96492";47187;"18";"Santa Maria Degli Angeli";19;6;2012;0;18;"20120618"
"151.49.229.123";"IT";13.780000;45.648600;"AS1267 WIND Telecomunicazioni S.p.A.";"mlab2-trn01";0.030285;114348.756857;"0.004011999";"linux2";"194.116.85.224";"speedtest";1340041632;53669.279946;0.034323;"db4c1f00-a6b9-40ad-b36d-a2fad669a491";1267;"06";"Trieste";19;6;2012;0;18;"20120618"
"2.225.128.51";"IT";7.666700;45.050000;"AS12874 Fastweb SpA";"mlab2-trn01";0.029020;364647.389763;"0.004012999";"darwin";"194.116.85.224";"bittorrent";1340041707;61545.386068;-1.000000;"28ba3b2e-cd9a-4c00-8b29-33e0cfe5c596";12874;"12";"Torino";19;6;2012;0;18;"20120618"
"80.182.50.90";"IT";12.833300;42.833300;"AS3269 Telecom Italia S.p.a.";"mlab2-trn01";0.042825;861232.247725;"0.004012999";"darwin";"194.116.85.224";"bittorrent";1340041764;50151.475775;-1.000000;"b78c474f-55bd-448a-8e4f-7b197dfe68ad";3269;"";"";19;6;2012;0;18;"20120618"
"84.222.108.196";"IT";11.866700;44.583300;"AS8612 Tiscali Italia S.P.A.";"mlab2-trn01";0.052345;480012.849600;"0.004012999";"darwin";"194.116.85.224";"speedtest";1340041834;46032.024884;0.058898;"8c002889-ba22-4c1b-a026-e262143a9d1d";8612;"05";"San Biagio";19;6;2012;0;18;"20120618"
"2.225.231.97";"IT";7.666700;45.050000;"AS12874 Fastweb SpA";"mlab2-trn01";0.009245;1141102.758815;"0.004012999";"win32";"194.116.85.224";"bittorrent";1340042104;1122078.300551;-1.000000;"252a836b-55fe-43a0-93e7-d33c5d47fae3";12874;"12";"Torino";19;6;2012;0;18;"20120618"
"130.192.91.211";"IT";7.666700;45.050000;"AS137 GARR Italian academic and research network";"mlab2-trn01";0.002948;11245814.293500;"0.004012999";"linux2";"194.116.85.224";"speedtest";1340042284;1496043.441690;0.006205;"91708cf1-7028-4b58-9520-faea0010494c";137;"12";"Torino";19;6;2012;0;18;"20120618"
"134.255.175.21";"IT";13.216700;43.366700;"AS198292 Wave-Max S.r.L.";"mlab2-trn01";0.087810;368086.536849;"0.004012999";"win32";"194.116.85.224";"bittorrent";1340042386;43615.196074;-1.000000;"708a55f0-3758-4099-a346-23683a39926d";198292;"10";"Cingoli";19;6;2012;0;18;"20120618"
"80.117.83.96";"IT";12.833300;42.833300;"AS3269 Telecom Italia S.p.a.";"mlab2-trn01";0.023373;849247.461600;"0.004012999";"win32";"194.116.85.224";"bittorrent";1340042489;40194.062685;-1.000000;"25353fbe-ce56-4192-a803-65a63443c70a";3269;"";"";20;6;2012;0;18;"20120618"
"31.185.19.156";"IT";12.566700;43.050000;"AS47187 Forinicom S.r.l.";"mlab2-trn01";0.028882;48215.812160;"0.004012999";"win32";"194.116.85.224";"speedtest";1340042628;30236.428192;0.023192;"2a30a2a8-273c-4b16-9671-803dc3d96492";47187;"18";"Santa Maria Degli Angeli";20;6;2012;0;18;"20120618"
"93.62.242.110";"IT";12.029400;45.421400;"AS12874 Fastweb SpA";"mlab2-trn01";0.021162;430057.985374;"0.004012999";"darwin";"194.116.85.224";"speedtest";1340042756;433846.256126;0.022087;"9905faad-2379-4ce5-bea7-d26dfd5ef167";12874;"20";"Fiesso D'artico";20;6;2012;0;18;"20120618"
"151.32.246.63";"IT";7.666700;45.050000;"AS1267 WIND Telecomunicazioni S.p.A.";"mlab2-trn01";0.013527;140318.110515;"0.004012999";"win32";"194.116.85.224";"bittorrent";1340042904;106509.028547;-1.000000;"f9c418c2-bbb0-418e-9243-e47b6ed54170";1267;"12";"Torino";20;6;2012;0;18;"20120618"
"78.13.176.56";"IT";11.250000;43.766700;"AS8612 Tiscali Italia S.P.A.";"mlab2-trn01";1.154615;574455.359954;"0.004012999";"darwin";"194.116.85.224";"speedtest";1340042969;27613.625470;0.122692;"5f59af2e-2b13-403e-ba8c-0801e50c8913";8612;"16";"Florence";20;6;2012;0;18;"20120618"
"79.16.20.98";"IT";12.326700;45.438600;"AS3269 Telecom Italia S.p.a.";"mlab2-trn01";0.041544;808206.489010;"0.004012999";"darwin";"194.116.85.224";"speedtest";1340042981;50499.617851;0.049130;"d2acd4a2-202f-465b-8502-2d0b1d7a5fd0";3269;"20";"Venezia";20;6;2012;0;18;"20120618"
"83.211.172.129";"IT";13.566700;42.583300;"AS15589 Clouditalia Communications S.p.A.";"mlab2-trn01";0.028912;490288.945203;"0.004012999";"win32";"194.116.85.224";"bittorrent";1340043175;31472.367623;-1.000000;"b6e23738-aa63-4482-8754-26d879467631";15589;"01";"Altavilla";20;6;2012;0;18;"20120618"
"2.40.51.151";"IT";8.700000;45.466700;"AS30722 Vodafone Omnitel N.V.";"mlab2-trn01";0.043574;6738.939179;"0.004012999";"linux2";"194.116.85.224";"bittorrent";1340043217;6616.792604;-1.000000;"0094fb04-cab2-42b8-abfa-f714dcef0097";30722;"12";"Romentino";20;6;2012;0;18;"20120618"
"80.182.50.90";"IT";12.833300;42.833300;"AS3269 Telecom Italia S.p.a.";"mlab2-trn01";0.035658;823434.649006;"0.004012999";"darwin";"194.116.85.224";"speedtest";1340043225;42482.010217;0.040706;"b78c474f-55bd-448a-8e4f-7b197dfe68ad";3269;"";"";20;6;2012;0;18;"20120618"
"87.253.117.30";"IT";7.666700;45.050000;"AS35719 People & Communication S.R.L.";"mlab2-trn01";0.012950;850303.779841;"0.004012999";"darwin";"194.116.85.224";"speedtest";1340043242;54162.936077;0.017048;"60d5ec38-9b55-4e7a-b420-28c886960236";35719;"12";"Torino";20;6;2012;0;18;"20120618"
"91.81.34.237";"IT";11.333300;44.483300;"AS30722 Vodafone Omnitel N.V.";"mlab2-trn01";0.110849;235956.123208;"0.004012999";"win32";"194.116.85.224";"speedtest";1340043324;49480.885915;0.075457;"8050c4c2-de4c-4f89-ab47-528f246a0f23";30722;"05";"Bologna";20;6;2012;0;18;"20120618"
"195.110.137.171";"IT";12.483300;41.900000;"AS5396 MC-link Spa";"mlab2-trn01";0.035675;576624.073592;"0.004012999";"darwin";"194.116.85.224";"bittorrent";1340043349;28398.798051;-1.000000;"2d27e34d-ed0a-4c70-8dc2-070f5a0499a1";5396;"07";"Rome";20;6;2012;0;18;"20120618"
"88.47.41.57";"IT";12.833300;42.833300;"AS3269 Telecom Italia S.p.a.";"mlab2-trn01";0.046373;760894.394561;"0.004012999";"win32";"194.116.85.224";"bittorrent";1340043386;46423.814011;-1.000000;"ec2e71be-f555-4dee-b674-bc8e80a61d77";3269;"";"";20;6;2012;0;18;"20120618"
"79.20.70.163";"IT";8.066600;45.572300;"AS3269 Telecom Italia S.p.a.";"mlab2-trn01";0.041607;803035.601229;"0.004012999";"darwin";"194.116.85.224";"speedtest";1340043451;31860.366970;0.047375;"432d3481-f83e-450d-b373-e60ae5f17efe";3269;"12";"Biella";20;6;2012;0;18;"20120618"
"134.255.175.21";"IT";13.216700;43.366700;"AS198292 Wave-Max S.r.L.";"mlab2-trn01";0.091760;309277.675728;"0.004012999";"win32";"194.116.85.224";"speedtest";1340043780;45009.110630;0.092311;"708a55f0-3758-4099-a346-23683a39926d";198292;"10";"Cingoli";20;6;2012;0;18;"20120618"
"94.36.27.108";"IT";9.833300;44.116700;"AS8612 Tiscali Italia S.P.A.";"mlab2-trn01";0.029668;816654.799978;"0.004012999";"win32";"194.116.85.224";"bittorrent";1340044165;53366.766855;-1.000000;"43824351-60f0-4924-9794-e14a103734ad";8612;"08";"La Spezia";20;6;2012;0;18;"20120618"
"93.62.242.110";"IT";12.029400;45.421400;"AS12874 Fastweb SpA";"mlab2-trn01";0.021028;436826.994209;"0.004012999";"darwin";"194.116.85.224";"bittorrent";1340044196;432047.746881;-1.000000;"9905faad-2379-4ce5-bea7-d26dfd5ef167";12874;"20";"Fiesso D'artico";20;6;2012;0;18;"20120618"
"84.221.231.178";"IT";7.666700;45.050000;"AS8612 Tiscali Italia S.P.A.";"mlab2-trn01";0.129129;1178008.452540;"0.004012999";"darwin";"194.116.85.224";"speedtest";1340044252;103861.733689;0.363857;"7e3598a2-40f8-4213-beaa-47abf033b292";8612;"12";"Torino";20;6;2012;0;18;"20120618"
"88.47.41.57";"IT";12.833300;42.833300;"AS3269 Telecom Italia S.p.a.";"mlab2-trn01";0.046317;693444.385379;"0.004012999";"win32";"194.116.85.224";"speedtest";1340044846;46974.568893;0.052389;"ec2e71be-f555-4dee-b674-bc8e80a61d77";3269;"";"";20;6;2012;0;18;"20120618"
"195.110.137.171";"IT";12.483300;41.900000;"AS5396 MC-link Spa";"mlab2-trn01";0.037116;556361.827344;"0.004012999";"darwin";"194.116.85.224";"speedtest";1340044850;27801.582912;0.044637;"2d27e34d-ed0a-4c70-8dc2-070f5a0499a1";5396;"07";"Rome";20;6;2012;0;18;"20120618"
"84.222.108.196";"IT";11.866700;44.583300;"AS8612 Tiscali Italia S.P.A.";"mlab2-trn01";0.052748;352082.391033;"0.004012999";"darwin";"194.116.85.224";"speedtest";1340044973;33195.929239;0.058440;"8c002889-ba22-4c1b-a026-e262143a9d1d";8612;"05";"San Biagio";20;6;2012;0;18;"20120618"
"87.11.255.90";"IT";17.229700;40.476100;"AS3269 Telecom Italia S.p.a.";"mlab2-trn01";0.064902;741530.560967;"0.004009999";"win32";"194.116.85.224";"bittorrent";1340045020;49617.479245;-1.000000;"7989d7c5-459e-4910-93c2-ffd113604f5d";3269;"13";"Taranto";20;6;2012;0;18;"20120618"
"188.152.109.177";"IT";7.666700;45.050000;"AS44957 Vodafone Omnitel N.V.";"mlab2-trn01";0.052380;504231.604411;"0.004012999";"darwin";"194.116.85.224";"bittorrent";1340045091;40261.847602;-1.000000;"fd2cba45-5000-4263-b0bc-8c4a654ac411";44957;"12";"Torino";20;6;2012;0;18;"20120618"
"81.174.11.50";"IT";8.650000;45.850000;"AS35612 NGI Spa";"mlab2-trn01";0.052379;196296.932474;"0.004012999";"darwin";"194.116.85.224";"bittorrent";1340045117;68851.521732;-1.000000;"04eb82ec-76b3-4615-b25a-7c0279090671";35612;"09";"Besozzo";20;6;2012;0;18;"20120618"
"109.234.63.11";"IT";12.833300;42.833300;"AS43989 Ehinet Srl";"mlab2-trn01";0.049644;334540.249967;"0.004009999";"win32";"194.116.85.224";"speedtest";1340045385;41283.601104;0.027531;"5d6312ec-b414-42e6-8e89-702c7b4fd5e8";43989;"";"";20;6;2012;0;18;"20120618"
"2.225.243.157";"IT";7.666700;45.050000;"AS12874 Fastweb SpA";"mlab2-trn01";0.013372;655576.202860;"0.004012999";"win32";"194.116.85.224";"speedtest";1340045392;108774.495359;0.017787;"d6f86b56-e8d8-492a-b6b6-1b402173691e";12874;"12";"Torino";20;6;2012;0;18;"20120618"
"2.225.243.157";"IT";7.666700;45.050000;"AS12874 Fastweb SpA";"mlab2-trn01";0.014094;651210.112748;"0.004012999";"win32";"194.116.85.224";"speedtest";1340045425;108805.273163;0.017498;"d6f86b56-e8d8-492a-b6b6-1b402173691e";12874;"12";"Torino";20;6;2012;0;18;"20120618"
"2.225.243.157";"IT";7.666700;45.050000;"AS12874 Fastweb SpA";"mlab2-trn01";0.017477;659340.994373;"0.004012999";"win32";"194.116.85.224";"bittorrent";1340045449;61241.193113;-1.000000;"d6f86b56-e8d8-492a-b6b6-1b402173691e";12874;"12";"Torino";20;6;2012;0;18;"20120618"
"2.225.243.157";"IT";7.666700;45.050000;"AS12874 Fastweb SpA";"mlab2-trn01";0.014801;658973.162620;"0.004012999";"win32";"194.116.85.224";"bittorrent";1340045476;57527.709242;-1.000000;"d6f86b56-e8d8-492a-b6b6-1b402173691e";12874;"12";"Torino";20;6;2012;0;18;"20120618"
"79.20.70.163";"IT";8.066600;45.572300;"AS3269 Telecom Italia S.p.a.";"mlab2-trn01";0.041097;847557.518100;"0.004012999";"darwin";"194.116.85.224";"bittorrent";1340045563;41279.150541;-1.000000;"e838c543-3d44-45bd-9a51-ed5e3c0d7d06";3269;"12";"Biella";20;6;2012;0;18;"20120618"
"130.192.91.213";"IT";7.666700;45.050000;"AS137 GARR Italian academic and research network";"mlab2-trn01";0.002066;11768824.923371;"0.004012999";"linux2";"194.116.85.224";"bittorrent";1340045631;11768518.658976;-1.000000;"cd78793c-1e3b-4944-b4b2-9768fc1cdb97";137;"12";"Torino";20;6;2012;0;18;"20120618"
"62.98.65.177";"IT";14.250000;40.833300;"AS1267 WIND Telecomunicazioni S.p.A.";"mlab2-trn01";0.049809;111677.660173;"0.004012999";"win32";"194.116.85.224";"bittorrent";1340046019;40897.996209;-1.000000;"2d006d8d-7c04-46bb-b056-798468ee365e";1267;"04";"Napoli";21;6;2012;0;18;"20120618"
"188.10.200.91";"IT";9.716700;45.683300;"AS3269 Telecom Italia S.p.a.";"mlab2-trn01";0.043115;380200.272881;"0.004012999";"darwin";"194.116.85.224";"speedtest";1340046297;22357.897175;0.047208;"84b0a809-ea3e-464e-9590-f84cd3a89ac5";3269;"09";"Bergamo";21;6;2012;0;18;"20120618"
"134.255.175.21";"IT";13.216700;43.366700;"AS198292 Wave-Max S.r.L.";"mlab2-trn01";0.088637;375830.414649;"0.004012999";"win32";"194.116.85.224";"speedtest";1340046571;44827.313729;0.090797;"708a55f0-3758-4099-a346-23683a39926d";198292;"10";"Cingoli";21;6;2012;0;18;"20120618"
"109.234.63.11";"IT";12.833300;42.833300;"AS43989 Ehinet Srl";"mlab2-trn01";0.050978;366046.853487;"0.004009999";"win32";"194.116.85.224";"bittorrent";1340046847;3624.156042;-1.000000;"5d6312ec-b414-42e6-8e89-702c7b4fd5e8";43989;"";"";21;6;2012;0;18;"20120618"
"84.221.231.178";"IT";7.666700;45.050000;"AS8612 Tiscali Italia S.P.A.";"mlab2-trn01";0.021800;1647828.529600;"0.004012999";"darwin";"194.116.85.224";"speedtest";1340047125;19048.611172;0.027348;"7e3598a2-40f8-4213-beaa-47abf033b292";8612;"12";"Torino";21;6;2012;0;18;"20120618"
"217.133.46.117";"IT";11.316700;43.583300;"AS8612 Tiscali Italia S.P.A.";"mlab2-trn01";0.029197;1612600.022702;"0.004012999";"win32";"194.116.85.224";"bittorrent";1340047187;104887.367321;-1.000000;"2765e625-af97-4607-9fbe-b7195291ba59";8612;"16";"Greve";21;6;2012;0;18;"20120618"
"2.227.117.130";"IT";12.833300;42.833300;"AS12874 Fastweb SpA";"mlab2-trn01";0.075491;235909.425152;"0.004012999";"win32";"194.116.85.224";"bittorrent";1340047490;61077.311291;-1.000000;"5153657e-8b21-4e60-a99c-70ba473d51de";12874;"";"";21;6;2012;0;18;"20120618"
"93.145.96.49";"IT";12.833300;42.833300;"AS44957 Vodafone Omnitel N.V.";"mlab2-trn01";0.069945;198640.648865;"0.004012999";"win32";"194.116.85.224";"speedtest";1340047823;31168.912013;0.079060;"4cf5e6e0-bdab-4304-be70-6c0813dd5cd1";44957;"";"";21;6;2012;0;18;"20120618"
"95.236.109.240";"IT";11.133300;46.066700;"AS3269 Telecom Italia S.p.a.";"mlab2-trn01";0.032896;1219348.531910;"0.004012999";"darwin";"194.116.85.224";"bittorrent";1340047844;119380.262007;-1.000000;"3a2b787f-c941-4b74-b356-2363c9904a6c";3269;"17";"Trento";21;6;2012;0;18;"20120618"
"151.51.238.160";"IT";13.778400;45.653600;"AS1267 WIND Telecomunicazioni S.p.A.";"mlab2-trn01";0.026532;36904.206258;"0.004011999";"linux2";"194.116.85.224";"speedtest";1340047869;51282.931559;0.048945;"db4c1f00-a6b9-40ad-b36d-a2fad669a491";1267;"06";"Trieste";21;6;2012;0;18;"20120618"
"2.36.37.80";"IT";7.666700;45.050000;"AS30722 Vodafone Omnitel N.V.";"mlab2-trn01";0.042196;824965.627394;"0.004012999";"win32";"194.116.85.224";"speedtest";1340048078;31792.604920;0.069023;"dd1eb1c2-416e-467c-b945-ec64ed841caa";30722;"12";"Torino";21;6;2012;0;18;"20120618"
"2.225.128.51";"IT";7.666700;45.050000;"AS12874 Fastweb SpA";"mlab2-trn01";0.028664;436277.845580;"0.004012999";"darwin";"194.116.85.224";"bittorrent";1340048147;61738.290806;-1.000000;"28ba3b2e-cd9a-4c00-8b29-33e0cfe5c596";12874;"12";"Torino";21;6;2012;0;18;"20120618"
"2.40.51.151";"IT";8.700000;45.466700;"AS30722 Vodafone Omnitel N.V.";"mlab2-trn01";0.043828;643726.597389;"0.004012999";"linux2";"194.116.85.224";"speedtest";1340048199;49000.897849;0.048749;"0094fb04-cab2-42b8-abfa-f714dcef0097";30722;"12";"Romentino";21;6;2012;0;18;"20120618"
"109.234.63.11";"IT";12.833300;42.833300;"AS43989 Ehinet Srl";"mlab2-trn01";0.034657;425239.823931;"0.004009999";"win32";"194.116.85.224";"speedtest";1340048303;11604.718395;0.217094;"5d6312ec-b414-42e6-8e89-702c7b4fd5e8";43989;"";"";21;6;2012;0;18;"20120618"
"94.36.33.130";"IT";8.950000;44.416700;"AS8612 Tiscali Italia S.P.A.";"mlab2-trn01";0.026889;848391.287611;"0.004012999";"darwin";"194.116.85.224";"speedtest";1340048390;48739.977801;0.032814;"894fe1ee-9250-416a-98be-74dd024aea06";8612;"08";"Genova";21;6;2012;0;18;"20120618"
"2.230.212.185";"IT";7.666700;45.050000;"AS12874 Fastweb SpA";"mlab2-trn01";0.009594;1294708.466800;"0.004012999";"win32";"194.116.85.224";"speedtest";1340048408;1150479.464100;0.009817;"93a97de3-c431-4df5-a005-ea55834352bd";12874;"12";"Torino";21;6;2012;0;18;"20120618"
"87.20.125.83";"IT";11.316700;43.583300;"AS3269 Telecom Italia S.p.a.";"mlab2-trn01";0.039736;822367.112073;"0.004012999";"win32";"194.116.85.224";"speedtest";1340048555;50527.381319;0.044912;"0a82f1ed-ab1f-4de5-a610-bbae44fec14e";3269;"16";"Greve";21;6;2012;0;18;"20120618"
"130.192.91.213";"IT";7.666700;45.050000;"AS137 GARR Italian academic and research network";"mlab2-trn01";0.002209;11769160.125231;"0.004012999";"linux2";"194.116.85.224";"bittorrent";1340048626;11768564.775036;-1.000000;"cd78793c-1e3b-4944-b4b2-9768fc1cdb97";137;"12";"Torino";21;6;2012;0;18;"20120618"
"87.253.117.30";"IT";7.666700;45.050000;"AS35719 People & Communication S.R.L.";"mlab2-trn01";0.015568;728159.289826;"0.004012999";"darwin";"194.116.85.224";"speedtest";1340049004;51827.619005;0.032412;"60d5ec38-9b55-4e7a-b420-28c886960236";35719;"12";"Torino";21;6;2012;0;18;"20120618"
"2.227.117.130";"IT";12.833300;42.833300;"AS12874 Fastweb SpA";"mlab2-trn01";0.064317;485074.098836;"0.004012999";"win32";"194.116.85.224";"speedtest";1340049034;56652.303663;0.070258;"5153657e-8b21-4e60-a99c-70ba473d51de";12874;"";"";21;6;2012;0;18;"20120618"
"188.217.129.219";"IT";14.333300;40.916700;"AS30722 Vodafone Omnitel N.V.";"mlab2-trn01";0.074401;20136.064140;"0.004012999";"win32";"194.116.85.224";"bittorrent";1340049040;27839.461082;-1.000000;"bb6c2e6b-7f94-482d-ab7a-ba9256571bd8";30722;"04";"Casalnuovo Di Napoli";21;6;2012;0;18;"20120618"
"79.6.133.81";"IT";9.200000;45.466700;"AS3269 Telecom Italia S.p.a.";"mlab2-trn01";0.025305;1015923.133030;"0.004012999";"win32";"194.116.85.224";"speedtest";1340049138;68495.447533;0.030757;"fabd9ec4-04a0-49f7-9afc-39e5f8c565ba";3269;"09";"Milan";21;6;2012;0;18;"20120618"
"93.32.51.187";"IT";9.200000;45.466700;"AS12874 Fastweb SpA";"mlab2-trn01";0.016430;755756.073867;"0.004012999";"darwin";"194.116.85.224";"speedtest";1340049330;1149946.517320;0.018856;"02b45d50-da10-46a8-baa8-1a137c9ecf76";12874;"09";"Milan";21;6;2012;0;18;"20120618"
"134.255.175.21";"IT";13.216700;43.366700;"AS198292 Wave-Max S.r.L.";"mlab2-trn01";0.088765;158457.672350;"0.004012999";"win32";"194.116.85.224";"speedtest";1340049368;45933.899483;0.090796;"708a55f0-3758-4099-a346-23683a39926d";198292;"10";"Cingoli";21;6;2012;0;18;"20120618"
"83.211.172.129";"IT";13.566700;42.583300;"AS15589 Clouditalia Communications S.p.A.";"mlab2-trn01";0.031743;498590.123180;"0.004012999";"win32";"194.116.85.224";"bittorrent";1340049566;31033.067120;-1.000000;"b6e23738-aa63-4482-8754-26d879467631";15589;"01";"Altavilla";21;6;2012;0;18;"20120618"
"79.20.70.163";"IT";8.066600;45.572300;"AS3269 Telecom Italia S.p.a.";"mlab2-trn01";0.041593;800427.504651;"0.004012999";"darwin";"194.116.85.224";"speedtest";1340049687;41400.368297;0.047523;"432d3481-f83e-450d-b373-e60ae5f17efe";3269;"12";"Biella";22;6;2012;0;18;"20120618"
"87.0.208.109";"IT";7.716700;45.316700;"AS3269 Telecom Italia S.p.a.";"mlab2-trn01";0.024225;1418114.295680;"0.004012999";"darwin";"194.116.85.224";"speedtest";1340049768;69073.948050;0.029441;"44d5581a-653c-4df8-8327-10212533c144";3269;"12";"Rivarolo Canavese";22;6;2012;0;18;"20120618"
"79.27.89.167";"IT";12.483300;41.900000;"AS3269 Telecom Italia S.p.a.";"mlab2-trn01";0.036491;1274545.229973;"0.004012999";"darwin";"194.116.85.224";"bittorrent";1340050038;91135.420294;-1.000000;"c671e4d7-9027-4ae8-9058-ad41f0746af0";3269;"07";"Rome";22;6;2012;0;18;"20120618"
"149.132.117.110";"IT";9.200000;45.466700;"AS137 GARR Italian academic and research network";"mlab2-trn01";0.005387;10256319.020000;"0.004012999";"darwin";"194.116.85.224";"speedtest";1340050068;11014052.903000;0.006413;"c9d3d685-6087-4faf-a87c-eb1dfaa2b53c";137;"18";"Milan";22;6;2012;0;18;"20120618"
"79.13.203.101";"IT";10.100000;44.083300;"AS3269 Telecom Italia S.p.a.";"mlab2-trn01";0.041591;762938.557303;"0.004009999";"win32";"194.116.85.224";"bittorrent";1340050272;34340.073173;-1.000000;"ae73866b-a211-42d8-b6f2-d31777806a2e";3269;"16";"Carrara";22;6;2012;0;18;"20120618"
"79.9.218.223";"IT";12.483300;41.900000;"AS3269 Telecom Italia S.p.a.";"mlab2-trn01";0.035738;818970.500668;"0.004012999";"darwin";"194.116.85.224";"speedtest";1340050490;93375.305884;0.040129;"4372ef01-dfbb-4175-8485-4bcfde678997";3269;"07";"Rome";22;6;2012;0;18;"20120618"
"93.32.51.187";"IT";9.200000;45.466700;"AS12874 Fastweb SpA";"mlab2-trn01";0.015316;783035.356335;"0.004012999";"darwin";"194.116.85.224";"bittorrent";1340050968;56707.672563;-1.000000;"02b45d50-da10-46a8-baa8-1a137c9ecf76";12874;"09";"Milan";22;6;2012;0;18;"20120618"
"93.62.242.110";"IT";12.029400;45.421400;"AS12874 Fastweb SpA";"mlab2-trn01";0.014341;429861.935972;"0.004012999";"darwin";"194.116.85.224";"speedtest";1340051421;434133.664552;0.016970;"9905faad-2379-4ce5-bea7-d26dfd5ef167";12874;"20";"Fiesso D'artico";22;6;2012;0;18;"20120618"
"79.27.89.167";"IT";12.483300;41.900000;"AS3269 Telecom Italia S.p.a.";"mlab2-trn01";0.055029;1000547.865520;"0.004012999";"darwin";"194.116.85.224";"speedtest";1340051496;88494.365617;0.039538;"c671e4d7-9027-4ae8-9058-ad41f0746af0";3269;"07";"Rome";22;6;2012;0;18;"20120618"
"79.40.75.207";"IT";9.200000;45.466700;"AS3269 Telecom Italia S.p.a.";"mlab2-trn01";0.028414;1433694.240418;"0.004012999";"win32";"194.116.85.224";"bittorrent";1340051630;99945.119916;-1.000000;"dfb9440f-b9f6-431b-b2f8-5386b49d1b01";3269;"09";"Milan";22;6;2012;0;18;"20120618"
"2.230.212.185";"IT";7.666700;45.050000;"AS12874 Fastweb SpA";"mlab2-trn01";0.010195;797341.515208;"0.004012999";"win32";"194.116.85.224";"speedtest";1340051657;889876.718099;0.012663;"93a97de3-c431-4df5-a005-ea55834352bd";12874;"12";"Torino";22;6;2012;0;18;"20120618"
"81.174.47.101";"IT";12.833300;42.833300;"AS35612 NGI Spa";"mlab2-trn01";0.016946;199061.483605;"0.004012999";"darwin";"194.116.85.224";"bittorrent";1340052041;107014.230725;-1.000000;"59a9e8e1-3618-48e2-adea-6559f48400b8";35612;"";"";22;6;2012;0;18;"20120618"
"2.227.117.130";"IT";12.833300;42.833300;"AS12874 Fastweb SpA";"mlab2-trn01";0.064696;435163.916967;"0.004012999";"win32";"194.116.85.224";"speedtest";1340052129;54443.201932;0.069975;"5153657e-8b21-4e60-a99c-70ba473d51de";12874;"";"";22;6;2012;0;18;"20120618"
"95.236.109.240";"IT";11.133300;46.066700;"AS3269 Telecom Italia S.p.a.";"mlab2-trn01";0.033455;1073897.553740;"0.004012999";"darwin";"194.116.85.224";"speedtest";1340052190;100584.861942;0.038749;"3a2b787f-c941-4b74-b356-2363c9904a6c";3269;"17";"Trento";22;6;2012;0;18;"20120618"
"93.145.96.49";"IT";12.833300;42.833300;"AS44957 Vodafone Omnitel N.V.";"mlab2-trn01";0.068140;203289.685167;"0.004012999";"win32";"194.116.85.224";"bittorrent";1340052275;27465.993050;-1.000000;"4cf5e6e0-bdab-4304-be70-6c0813dd5cd1";44957;"";"";22;6;2012;0;18;"20120618"
"195.110.137.171";"IT";12.483300;41.900000;"AS5396 MC-link Spa";"mlab2-trn01";0.037013;27534.357225;"0.004012999";"darwin";"194.116.85.224";"bittorrent";1340052551;23393.411823;-1.000000;"2d27e34d-ed0a-4c70-8dc2-070f5a0499a1";5396;"07";"Rome";22;6;2012;0;18;"20120618"
"151.51.238.160";"IT";13.778400;45.653600;"AS1267 WIND Telecomunicazioni S.p.A.";"mlab2-trn01";0.027079;15625.645365;"0.004011999";"linux2";"194.116.85.224";"bittorrent";1340052596;52446.392528;-1.000000;"db4c1f00-a6b9-40ad-b36d-a2fad669a491";1267;"06";"Trieste";22;6;2012;0;18;"20120618"
"147.162.42.20";"IT";11.883300;45.416700;"AS137 GARR Italian academic and research network";"mlab2-trn01";0.010214;8873198.530422;"0.004010999";"linux2";"194.116.85.224";"bittorrent";1340052631;8640386.844672;-1.000000;"727d6a40-2b78-4641-8061-04b6a384e6a6";137;"20";"Padova";22;6;2012;0;18;"20120618"
"87.0.208.109";"IT";7.716700;45.316700;"AS3269 Telecom Italia S.p.a.";"mlab2-trn01";0.023905;1532983.697785;"0.004012999";"darwin";"194.116.85.224";"bittorrent";1340052987;80962.225536;-1.000000;"44d5581a-653c-4df8-8327-10212533c144";3269;"12";"Rivarolo Canavese";22;6;2012;0;18;"20120618"
"78.12.250.244";"IT";9.200000;45.466700;"AS8612 Tiscali Italia S.P.A.";"mlab2-trn01";0.022274;851759.420555;"0.004012999";"linux2";"194.116.85.224";"speedtest";1340053020;54866.741531;0.027161;"e2f84365-e2b5-460c-8aa9-9842e667a0e1";8612;"09";"Milan";22;6;2012;0;18;"20120618"
"80.182.50.90";"IT";12.833300;42.833300;"AS3269 Telecom Italia S.p.a.";"mlab2-trn01";0.033415;849096.931348;"0.004012999";"darwin";"194.116.85.224";"bittorrent";1340053444;68419.977719;-1.000000;"b78c474f-55bd-448a-8e4f-7b197dfe68ad";3269;"";"";23;6;2012;0;18;"20120618"
"79.13.203.101";"IT";10.100000;44.083300;"AS3269 Telecom Italia S.p.a.";"mlab2-trn01";0.041389;762964.340506;"0.004009999";"win32";"194.116.85.224";"bittorrent";1340053492;34202.182512;-1.000000;"ae73866b-a211-42d8-b6f2-d31777806a2e";3269;"16";"Carrara";23;6;2012;0;18;"20120618"
"93.35.253.141";"IT";9.133300;45.650000;"AS12874 Fastweb SpA";"mlab2-trn01";0.031215;848000.051915;"0.004011999";"win32";"194.116.85.224";"speedtest";1340053649;44728.588172;0.033594;"9a8fa0ab-ee51-4da8-b32c-4f50bc470f20";12874;"09";"Barlassina";23;6;2012;0;18;"20120618"
"130.192.91.211";"IT";7.666700;45.050000;"AS137 GARR Italian academic and research network";"mlab2-trn01";0.002830;11730057.106800;"0.004012999";"linux2";"194.116.85.224";"speedtest";1340053757;1501983.093170;0.005755;"91708cf1-7028-4b58-9520-faea0010494c";137;"12";"Torino";23;6;2012;0;18;"20120618"
"188.217.129.219";"IT";14.333300;40.916700;"AS30722 Vodafone Omnitel N.V.";"mlab2-trn01";0.102795;248826.615847;"0.004012999";"win32";"194.116.85.224";"speedtest";1340053779;26782.645412;0.080559;"bb6c2e6b-7f94-482d-ab7a-ba9256571bd8";30722;"04";"Casalnuovo Di Napoli";23;6;2012;0;18;"20120618"
"109.234.63.11";"IT";12.833300;42.833300;"AS43989 Ehinet Srl";"mlab2-trn01";0.024910;287844.287645;"0.004009999";"win32";"194.116.85.224";"speedtest";1340054078;39222.948340;0.028379;"5d6312ec-b414-42e6-8e89-702c7b4fd5e8";43989;"";"";23;6;2012;0;18;"20120618"
"84.221.231.178";"IT";7.666700;45.050000;"AS8612 Tiscali Italia S.P.A.";"mlab2-trn01";0.023588;2083541.794535;"0.004012999";"darwin";"194.116.85.224";"bittorrent";1340054250;106790.615472;-1.000000;"7e3598a2-40f8-4213-beaa-47abf033b292";8612;"12";"Torino";23;6;2012;0;18;"20120618"
"109.234.140.73";"IT";12.833300;42.833300;"AS34758 Interplanet S.r.l.";"mlab2-trn01";0.063441;231775.494024;"0.004009999";"win32";"194.116.85.224";"speedtest";1340054341;41355.348001;0.039564;"b6605b51-3da5-4420-981e-5158b3bcd6ab";34758;"";"";23;6;2012;0;18;"20120618"
"84.222.108.196";"IT";11.866700;44.583300;"AS8612 Tiscali Italia S.P.A.";"mlab2-trn01";0.051536;554295.020648;"0.004012999";"darwin";"194.116.85.224";"speedtest";1340054371;46034.305509;0.057982;"8c002889-ba22-4c1b-a026-e262143a9d1d";8612;"05";"San Biagio";23;6;2012;0;18;"20120618"
"87.15.124.177";"IT";8.950000;44.416700;"AS3269 Telecom Italia S.p.a.";"mlab2-trn01";0.046631;497460.556315;"0.004012999";"win32";"194.116.85.224";"speedtest";1340054651;45846.548592;0.053212;"8855f6ca-5043-4b7e-abfd-f4a8ef04d556";3269;"08";"Genova";23;6;2012;0;18;"20120618"
"95.237.105.78";"IT";11.750000;45.983300;"AS3269 Telecom Italia S.p.a.";"mlab2-trn01";0.081343;71342.853511;"0.004006999";"win32";"194.116.85.224";"bittorrent";1340054838;25544.676736;-1.000000;"4c8cf8e8-3775-432d-b665-1e9f49810036";3269;"20";"Arsiè";23;6;2012;0;18;"20120618"
"62.98.65.177";"IT";14.250000;40.833300;"AS1267 WIND Telecomunicazioni S.p.A.";"mlab2-trn01";0.065246;284158.468690;"0.004012999";"win32";"194.116.85.224";"bittorrent";1340055060;41584.465560;-1.000000;"2d006d8d-7c04-46bb-b056-798468ee365e";1267;"04";"Napoli";23;6;2012;0;18;"20120618"
"79.9.218.223";"IT";12.483300;41.900000;"AS3269 Telecom Italia S.p.a.";"mlab2-trn01";0.036111;826040.841826;"0.004012999";"darwin";"194.116.85.224";"bittorrent";1340055089;94094.522864;-1.000000;"4372ef01-dfbb-4175-8485-4bcfde678997";3269;"07";"Rome";23;6;2012;0;18;"20120618"
"188.216.124.199";"IT";7.666700;45.050000;"AS30722 Vodafone Omnitel N.V.";"mlab2-trn01";0.046134;827377.893403;"0.004012999";"darwin";"194.116.85.224";"bittorrent";1340055299;65087.647796;-1.000000;"821aa4b7-0495-4899-9210-11d94170a73b";30722;"12";"Torino";23;6;2012;0;18;"20120618"
"79.20.70.163";"IT";8.066600;45.572300;"AS3269 Telecom Italia S.p.a.";"mlab2-trn01";0.040875;732215.579551;"0.004012999";"darwin";"194.116.85.224";"bittorrent";1340055378;41299.216146;-1.000000;"e838c543-3d44-45bd-9a51-ed5e3c0d7d06";3269;"12";"Biella";23;6;2012;0;18;"20120618"
"31.185.19.156";"IT";12.566700;43.050000;"AS47187 Forinicom S.r.l.";"mlab2-trn01";0.075512;47237.996416;"0.004012999";"win32";"194.116.85.224";"bittorrent";1340055418;47728.767359;-1.000000;"2a30a2a8-273c-4b16-9671-803dc3d96492";47187;"18";"Santa Maria Degli Angeli";23;6;2012;0;18;"20120618"
"79.40.11.167";"IT";8.016700;45.550000;"AS3269 Telecom Italia S.p.a.";"mlab2-trn01";0.048311;1390696.713723;"0.004012999";"win32";"194.116.85.224";"bittorrent";1340056164;100191.118381;-1.000000;"dfb9440f-b9f6-431b-b2f8-5386b49d1b01";3269;"12";"Occhieppo Inferiore";23;6;2012;0;18;"20120618"
"88.47.41.57";"IT";12.833300;42.833300;"AS3269 Telecom Italia S.p.a.";"mlab2-trn01";0.046998;715457.270690;"0.004012999";"win32";"194.116.85.224";"speedtest";1340056309;34466.689387;0.052033;"ec2e71be-f555-4dee-b674-bc8e80a61d77";3269;"";"";23;6;2012;0;18;"20120618"
"87.4.74.136";"IT";8.850000;44.716700;"AS3269 Telecom Italia S.p.a.";"mlab2-trn01";0.204026;69276.956650;"0.004012999";"win32";"194.116.85.224";"speedtest";1340056452;14715.069838;0.087481;"d8a56420-51dd-4f7f-811c-30fa9ca36858";3269;"12";"Serravalle Scrivia";23;6;2012;0;18;"20120618"
"2.37.33.36";"IT";11.000000;45.450000;"AS30722 Vodafone Omnitel N.V.";"mlab2-trn01";0.051822;635450.700869;"0.004012999";"win32";"194.116.85.224";"bittorrent";1340056489;43196.184707;-1.000000;"fbf16a61-0135-4285-b426-89f0f0e74041";30722;"20";"Verona";23;6;2012;0;18;"20120618"
"149.132.117.110";"IT";9.200000;45.466700;"AS137 GARR Italian academic and research network";"mlab2-trn01";0.004661;10847719.316800;"0.004012999";"darwin";"194.116.85.224";"speedtest";1340056508;10938180.293400;0.006156;"c9d3d685-6087-4faf-a87c-eb1dfaa2b53c";137;"18";"Milan";23;6;2012;0;18;"20120618"
"2.230.212.185";"IT";7.666700;45.050000;"AS12874 Fastweb SpA";"mlab2-trn01";0.014402;807772.285734;"0.004012999";"win32";"194.116.85.224";"bittorrent";1340056595;57469.245201;-1.000000;"93a97de3-c431-4df5-a005-ea55834352bd";12874;"12";"Torino";23;6;2012;0;18;"20120618"
"188.216.124.199";"IT";7.666700;45.050000;"AS30722 Vodafone Omnitel N.V.";"mlab2-trn01";0.046125;798904.949175;"0.004012999";"darwin";"194.116.85.224";"speedtest";1340056707;63569.880599;0.049892;"821aa4b7-0495-4899-9210-11d94170a73b";30722;"12";"Torino";23;6;2012;0;18;"20120618"
"79.6.168.185";"IT";7.666700;45.050000;"AS3269 Telecom Italia S.p.a.";"mlab2-trn01";0.042371;410681.488858;"0.004012999";"darwin";"194.116.85.224";"bittorrent";1340056912;49489.694126;-1.000000;"1882087f-613f-42de-851b-c636718c078b";3269;"12";"Torino";0;6;2012;1;19;"20120618"
"2.36.184.63";"IT";9.200000;45.466700;"AS30722 Vodafone Omnitel N.V.";"mlab2-trn01";0.089479;550618.407404;"0.004011999";"win32";"194.116.85.224";"speedtest";1340056953;43974.765290;0.072190;"60e4ddb8-b47b-4b72-a668-dea9c263699a";30722;"09";"Milan";0;6;2012;1;19;"20120618"
"195.110.137.171";"IT";12.483300;41.900000;"AS5396 MC-link Spa";"mlab2-trn01";0.037370;549135.765250;"0.004012999";"darwin";"194.116.85.224";"speedtest";1340057063;30149.555943;0.052382;"2d27e34d-ed0a-4c70-8dc2-070f5a0499a1";5396;"07";"Rome";0;6;2012;1;19;"20120618"
"87.4.82.50";"IT";9.716700;45.683300;"AS3269 Telecom Italia S.p.a.";"mlab2-trn01";0.042942;383301.137129;"0.004012999";"darwin";"194.116.85.224";"speedtest";1340057332;3643.850156;0.047269;"84b0a809-ea3e-464e-9590-f84cd3a89ac5";3269;"09";"Bergamo";0;6;2012;1;19;"20120618"
"78.12.250.244";"IT";9.200000;45.466700;"AS8612 Tiscali Italia S.P.A.";"mlab2-trn01";0.021929;857421.211442;"0.004012999";"linux2";"194.116.85.224";"bittorrent";1340057384;54246.406340;-1.000000;"e2f84365-e2b5-460c-8aa9-9842e667a0e1";8612;"09";"Milan";0;6;2012;1;19;"20120618"
"31.185.19.156";"IT";12.566700;43.050000;"AS47187 Forinicom S.r.l.";"mlab2-trn01";0.043687;47552.830876;"0.004012999";"win32";"194.116.85.224";"bittorrent";1340058258;48495.386649;-1.000000;"2a30a2a8-273c-4b16-9671-803dc3d96492";47187;"18";"Santa Maria Degli Angeli";0;6;2012;1;19;"20120618"
"109.234.63.11";"IT";12.833300;42.833300;"AS43989 Ehinet Srl";"mlab2-trn01";0.015035;411989.395105;"0.004009999";"win32";"194.116.85.224";"bittorrent";1340058417;18640.261047;-1.000000;"5d6312ec-b414-42e6-8e89-702c7b4fd5e8";43989;"";"";0;6;2012;1;19;"20120618"
"2.225.231.97";"IT";7.666700;45.050000;"AS12874 Fastweb SpA";"mlab2-trn01";0.009702;1116821.647923;"0.004012999";"win32";"194.116.85.224";"bittorrent";1340058449;1135752.965030;-1.000000;"252a836b-55fe-43a0-93e7-d33c5d47fae3";12874;"12";"Torino";0;6;2012;1;19;"20120618"
"2.36.184.63";"IT";9.200000;45.466700;"AS30722 Vodafone Omnitel N.V.";"mlab2-trn01";0.068908;613526.089385;"0.004011999";"win32";"194.116.85.224";"bittorrent";1340058512;48006.074270;-1.000000;"60e4ddb8-b47b-4b72-a668-dea9c263699a";30722;"09";"Milan";0;6;2012;1;19;"20120618"
"195.110.137.171";"IT";12.483300;41.900000;"AS5396 MC-link Spa";"mlab2-trn01";0.035711;656016.588914;"0.004012999";"darwin";"194.116.85.224";"bittorrent";1340058573;33272.706698;-1.000000;"2d27e34d-ed0a-4c70-8dc2-070f5a0499a1";5396;"07";"Rome";0;6;2012;1;19;"20120618"
"93.62.242.110";"IT";12.029400;45.421400;"AS12874 Fastweb SpA";"mlab2-trn01";0.014337;437137.396278;"0.004012999";"darwin";"194.116.85.224";"bittorrent";1340058631;433720.019304;-1.000000;"9905faad-2379-4ce5-bea7-d26dfd5ef167";12874;"20";"Fiesso D'artico";0;6;2012;1;19;"20120618"
"79.20.70.163";"IT";8.066600;45.572300;"AS3269 Telecom Italia S.p.a.";"mlab2-trn01";0.041083;850886.805919;"0.004012999";"darwin";"194.116.85.224";"bittorrent";1340058647;41259.841702;-1.000000;"e838c543-3d44-45bd-9a51-ed5e3c0d7d06";3269;"12";"Biella";0;6;2012;1;19;"20120618"
"79.20.70.163";"IT";8.066600;45.572300;"AS3269 Telecom Italia S.p.a.";"mlab2-trn01";0.041377;806839.825024;"0.004012999";"darwin";"194.116.85.224";"speedtest";1340059037;41526.138747;0.047426;"432d3481-f83e-450d-b373-e60ae5f17efe";3269;"12";"Biella";0;6;2012;1;19;"20120618"
"87.11.255.90";"IT";17.229700;40.476100;"AS3269 Telecom Italia S.p.a.";"mlab2-trn01";0.064347;735851.219539;"0.004009999";"win32";"194.116.85.224";"speedtest";1340059191;41091.890733;0.073502;"7989d7c5-459e-4910-93c2-ffd113604f5d";3269;"13";"Taranto";0;6;2012;1;19;"20120618"
"188.216.124.199";"IT";7.666700;45.050000;"AS30722 Vodafone Omnitel N.V.";"mlab2-trn01";0.050425;808868.573174;"0.004012999";"darwin";"194.116.85.224";"speedtest";1340059528;64610.991619;0.049993;"821aa4b7-0495-4899-9210-11d94170a73b";30722;"12";"Torino";0;6;2012;1;19;"20120618"
"147.162.42.20";"IT";11.883300;45.416700;"AS137 GARR Italian academic and research network";"mlab2-trn01";0.010034;8641571.277070;"0.004010999";"linux2";"194.116.85.224";"speedtest";1340059814;8540262.750260;0.011858;"727d6a40-2b78-4641-8061-04b6a384e6a6";137;"20";"Padova";0;6;2012;1;19;"20120618"
"79.6.133.81";"IT";9.200000;45.466700;"AS3269 Telecom Italia S.p.a.";"mlab2-trn01";0.025412;994950.833736;"0.004012999";"win32";"194.116.85.224";"bittorrent";1340059829;72979.986403;-1.000000;"fabd9ec4-04a0-49f7-9afc-39e5f8c565ba";3269;"09";"Milan";0;6;2012;1;19;"20120618"
"2.225.231.97";"IT";7.666700;45.050000;"AS12874 Fastweb SpA";"mlab2-trn01";0.010456;1094808.606770;"0.004012999";"win32";"194.116.85.224";"speedtest";1340059863;1127503.401640;0.011202;"252a836b-55fe-43a0-93e7-d33c5d47fae3";12874;"12";"Torino";0;6;2012;1;19;"20120618"
"195.110.137.171";"IT";12.483300;41.900000;"AS5396 MC-link Spa";"mlab2-trn01";0.035886;632665.286995;"0.004012999";"darwin";"194.116.85.224";"speedtest";1340060072;32966.329462;0.043759;"2d27e34d-ed0a-4c70-8dc2-070f5a0499a1";5396;"07";"Rome";0;6;2012;1;19;"20120618"
"80.117.83.96";"IT";12.833300;42.833300;"AS3269 Telecom Italia S.p.a.";"mlab2-trn01";0.041463;791392.119226;"0.004012999";"win32";"194.116.85.224";"speedtest";1340060774;39924.426578;0.030041;"25353fbe-ce56-4192-a803-65a63443c70a";3269;"";"";1;6;2012;1;19;"20120618"
"87.253.117.30";"IT";7.666700;45.050000;"AS35719 People & Communication S.R.L.";"mlab2-trn01";0.010856;573505.885321;"0.004012999";"darwin";"194.116.85.224";"bittorrent";1340061966;47264.971008;-1.000000;"60d5ec38-9b55-4e7a-b420-28c886960236";35719;"12";"Torino";1;6;2012;1;19;"20120618"
"95.245.73.46";"IT";8.200000;44.900000;"AS3269 Telecom Italia S.p.a.";"mlab2-trn01";0.037740;435267.897580;"0.004009999";"win32";"194.116.85.224";"bittorrent";1340061986;75780.900117;-1.000000;"43fc56b7-cfe0-496f-a712-ead0946dc63a";3269;"12";"Asti";1;6;2012;1;19;"20120618"
"78.13.176.56";"IT";11.250000;43.766700;"AS8612 Tiscali Italia S.P.A.";"mlab2-trn01";0.165769;425267.807184;"0.004012999";"darwin";"194.116.85.224";"speedtest";1340062113;19305.739651;0.222870;"5f59af2e-2b13-403e-ba8c-0801e50c8913";8612;"16";"Florence";1;6;2012;1;19;"20120618"
"82.57.12.248";"IT";17.216700;41.000000;"AS3269 Telecom Italia S.p.a.";"mlab2-trn01";0.059051;823072.440631;"0.004012999";"win32";"194.116.85.224";"bittorrent";1340062460;49318.510209;-1.000000;"f201d94b-ffc9-44aa-ac62-215bbc3baddd";3269;"13";"Polignano A Mare";1;6;2012;1;19;"20120618"
"79.27.89.167";"IT";12.483300;41.900000;"AS3269 Telecom Italia S.p.a.";"mlab2-trn01";0.038037;1135760.690600;"0.004012999";"darwin";"194.116.85.224";"speedtest";1340063117;92243.629264;0.042427;"c671e4d7-9027-4ae8-9058-ad41f0746af0";3269;"07";"Rome";1;6;2012;1;19;"20120618"
"2.40.143.189";"IT";13.450000;43.300000;"AS30722 Vodafone Omnitel N.V.";"mlab2-trn01";0.084342;532456.870885;"0.004012999";"darwin";"194.116.85.224";"bittorrent";1340063164;47449.019201;-1.000000;"3316da08-88a1-4b42-99ea-92218bc666a8";30722;"10";"Macerata";1;6;2012;1;19;"20120618"
"197.237.21.254";"KE";38.000000;1.000000;"AS15399 WANANCHI-KE";"mlab2-ams01";0.460260;22227.448037;"0.004010999";"freebsd9";"213.244.128.161";"bittorrent";1340063983;2109.386349;-1.000000;"73dd45ef-48d0-4383-8c48-4aec316d409a";15399;"";"";2;6;2012;1;19;"20120618"
"197.237.48.254";"KE";36.816700;-1.283300;"AS15399 WANANCHI-KE";"mlab2-ams01";0.455336;214691.212085;"0.004010999";"freebsd9";"213.244.128.161";"speedtest";1340063998;24525.303276;0.459716;"73dd45ef-48d0-4383-8c48-4aec316d409a";15399;"05";"Nairobi";2;6;2012;1;19;"20120618"
"87.98.156.205";"FR";2.350000;48.860000;"AS16276 OVH Systems";"mlab3-par01";0.046529;2027418.103384;"0.004012999";"linux2";"80.239.168.238";"bittorrent";1339977607;362211.179302;-1.000000;"3e12869b-1e3b-4407-b99f-ae8dd7cc5345";16276;"";"";2;6;2012;0;18;"20120618"
"82.65.195.222";"FR";2.350000;48.860000;"AS12322 Free SAS";"mlab3-par01";0.047495;1422241.051830;"0.004012999";"win32";"80.239.168.238";"speedtest";1339978046;98608.319558;0.050253;"5e5c2c6d-bdcf-4803-972a-b0b153a5bb5b";12322;"";"";2;6;2012;0;18;"20120618"
"88.166.7.10";"FR";2.250000;48.833300;"AS12322 Free SAS";"mlab3-par01";0.022465;1647041.739726;"0.004012999";"darwin";"80.239.168.238";"bittorrent";1339978612;108500.155963;-1.000000;"2620e803-fed0-4700-97da-47b56e60c909";12322;"A8";"Boulogne-billancourt";2;6;2012;0;18;"20120618"
"82.66.154.18";"FR";5.516700;43.516700;"AS12322 Free SAS";"mlab3-par01";0.035176;1164457.218793;"0.004012999";"darwin";"80.239.168.238";"bittorrent";1339978853;108601.266323;-1.000000;"c9fa46ae-cc27-4475-9dfe-3efe7ff34887";12322;"B8";"Aix-en-provence";2;6;2012;0;18;"20120618"
"80.69.223.58";"FR";2.350000;48.860000;"AS34306 MOBIUS TECHNOLOGY AS";"mlab3-par01";0.227725;428314.575482;"0.004012999";"darwin";"80.239.168.238";"bittorrent";1339979446;47759.412386;-1.000000;"5f363a24-1358-4434-a0ba-362ce129c4e0";34306;"";"";2;6;2012;0;18;"20120618"
"78.224.112.128";"FR";2.487600;48.606000;"AS12322 Free SAS";"mlab3-par01";0.025062;1841085.595588;"0.004011999";"win32";"80.239.168.238";"bittorrent";1339979577;107198.347470;-1.000000;"0e059743-0f93-48fa-9132-a4c66e8522a7";12322;"A8";"Corbeil-essonnes";2;6;2012;0;18;"20120618"
"90.36.146.197";"FR";6.315400;45.653600;"AS3215 Orange S.A.";"mlab3-par01";0.030948;1867281.983860;"0.004012999";"linux2";"80.239.168.238";"speedtest";1339979641;79762.634240;0.031167;"b45f9dca-a436-4ba0-8cd1-b3e3e8b029fa";3215;"B9";"Verrens-arvey";2;6;2012;0;18;"20120618"
"89.92.65.188";"FR";2.350000;48.860000;"AS5410 Bouygues Telecom S.A.";"mlab3-par01";0.024785;3213381.908255;"0.004012999";"linux2";"80.239.168.238";"bittorrent";1339980401;116288.246550;-1.000000;"d2d42b59-7420-4851-8bd2-9aa524882d2e";5410;"";"";2;6;2012;0;18;"20120618"
"95.142.175.137";"FR";2.350000;48.860000;"AS29169 Gandi SAS";"mlab3-par01";0.001123;31159203.980441;"0.004012999";"linux2";"80.239.168.238";"bittorrent";1339980439;687686.558214;-1.000000;"85561482-4e0b-4d8c-9974-2bc332d2a179";29169;"";"";2;6;2012;0;18;"20120618"
"78.225.128.39";"FR";4.943000;45.631000;"AS12322 Free SAS";"mlab3-par01";0.032484;670496.771252;"0.004012999";"freebsd9";"80.239.168.238";"speedtest";1339980357;38584.810260;0.040512;"8c6a9f5d-2965-4c21-8131-62e9171c6b28";12322;"B9";"Chaponnay";2;6;2012;0;18;"20120618"
"88.138.200.84";"FR";0.267600;47.945100;"AS8228 Societe Francaise du Radiotelephone S.A";"mlab3-par01";3.041240;339541.535041;"0.004012999";"win32";"80.239.168.238";"bittorrent";1339980692;39747.352343;-1.000000;"bafa252c-d1f6-41dd-8f48-e12a439c2fd8";8228;"B5";"Ruaudin";2;6;2012;0;18;"20120618"
"78.224.112.128";"FR";2.487600;48.606000;"AS12322 Free SAS";"mlab3-par01";0.024874;1943852.896530;"0.004011999";"win32";"80.239.168.238";"speedtest";1339981058;109047.843732;0.028024;"0e059743-0f93-48fa-9132-a4c66e8522a7";12322;"A8";"Corbeil-essonnes";2;6;2012;0;18;"20120618"
"83.141.181.157";"FR";7.686000;48.582300;"AS21502 NUMERICABLE is a cable network operator in France, offering TV,VOICE and Internet services";"mlab3-par01";0.030946;3168894.835280;"0.004012999";"linux2";"80.239.168.238";"speedtest";1339981117;122558.190926;0.031953;"1390ea6f-3caa-43e1-bb68-8d9c6465099f";21502;"C1";"Eckbolsheim";2;6;2012;0;18;"20120618"
"82.66.154.18";"FR";5.516700;43.516700;"AS12322 Free SAS";"mlab3-par01";0.035487;1161359.629419;"0.004012999";"darwin";"80.239.168.238";"bittorrent";1339981731;108636.986332;-1.000000;"c9fa46ae-cc27-4475-9dfe-3efe7ff34887";12322;"B8";"Aix-en-provence";3;6;2012;0;18;"20120618"
"95.142.175.137";"FR";2.350000;48.860000;"AS29169 Gandi SAS";"mlab3-par01";0.001097;31851411.496300;"0.004012999";"linux2";"80.239.168.238";"speedtest";1339982066;592598.160720;0.002426;"85561482-4e0b-4d8c-9974-2bc332d2a179";29169;"";"";3;6;2012;0;18;"20120618"
"78.224.112.128";"FR";2.487600;48.606000;"AS12322 Free SAS";"mlab3-par01";0.024968;1977735.285661;"0.004011999";"win32";"80.239.168.238";"bittorrent";1339982544;79916.000605;-1.000000;"0e059743-0f93-48fa-9132-a4c66e8522a7";12322;"A8";"Corbeil-essonnes";3;6;2012;0;18;"20120618"
"83.141.181.157";"FR";7.686000;48.582300;"AS21502 NUMERICABLE is a cable network operator in France, offering TV,VOICE and Internet services";"mlab3-par01";0.028979;3325614.401132;"0.004012999";"linux2";"80.239.168.238";"bittorrent";1339982715;121653.240638;-1.000000;"1390ea6f-3caa-43e1-bb68-8d9c6465099f";21502;"C1";"Eckbolsheim";3;6;2012;0;18;"20120618"
"88.166.7.10";"FR";2.250000;48.833300;"AS12322 Free SAS";"mlab3-par01";0.022775;1600018.115650;"0.004012999";"darwin";"80.239.168.238";"speedtest";1339982873;108071.766920;0.025734;"2620e803-fed0-4700-97da-47b56e60c909";12322;"A8";"Boulogne-billancourt";3;6;2012;0;18;"20120618"
"95.142.175.137";"FR";2.350000;48.860000;"AS29169 Gandi SAS";"mlab3-par01";0.001067;31287705.395020;"0.004012999";"linux2";"80.239.168.238";"bittorrent";1339983695;619459.888992;-1.000000;"85561482-4e0b-4d8c-9974-2bc332d2a179";29169;"";"";3;6;2012;0;18;"20120618"
"88.138.200.84";"FR";0.267600;47.945100;"AS8228 Societe Francaise du Radiotelephone S.A";"mlab3-par01";0.048708;523810.230613;"0.004012999";"win32";"80.239.168.238";"bittorrent";1339983707;36743.897802;-1.000000;"bafa252c-d1f6-41dd-8f48-e12a439c2fd8";8228;"B5";"Ruaudin";3;6;2012;0;18;"20120618"
"80.69.223.58";"FR";2.350000;48.860000;"AS34306 MOBIUS TECHNOLOGY AS";"mlab3-par01";0.342895;344659.062840;"0.004012999";"darwin";"80.239.168.238";"speedtest";1339984291;63103.890505;0.234228;"5f363a24-1358-4434-a0ba-362ce129c4e0";34306;"";"";3;6;2012;0;18;"20120618"
"80.13.36.112";"FR";2.350000;48.860000;"AS3215 Orange S.A.";"mlab3-par01";0.044781;905243.112614;"0.004012999";"linux2";"80.239.168.238";"speedtest";1339984735;107035.258772;0.047932;"116f2467-f6e2-42bd-ad41-1fd5165c463d";3215;"";"";3;6;2012;0;18;"20120618"
"78.225.128.39";"FR";4.943000;45.631000;"AS12322 Free SAS";"mlab3-par01";0.033723;699971.738414;"0.004012999";"freebsd9";"80.239.168.238";"bittorrent";1339985224;38306.260430;-1.000000;"8c6a9f5d-2965-4c21-8131-62e9171c6b28";12322;"B9";"Chaponnay";4;6;2012;0;18;"20120618"
"90.36.146.197";"FR";6.315400;45.653600;"AS3215 Orange S.A.";"mlab3-par01";0.028934;1972128.855210;"0.004012999";"linux2";"80.239.168.238";"speedtest";1339985287;82213.430657;0.032238;"b45f9dca-a436-4ba0-8cd1-b3e3e8b029fa";3215;"B9";"Verrens-arvey";4;6;2012;0;18;"20120618"
"88.166.7.10";"FR";2.250000;48.833300;"AS12322 Free SAS";"mlab3-par01";0.022224;1597745.662940;"0.004012999";"darwin";"80.239.168.238";"speedtest";1339985713;107746.298237;0.025910;"2620e803-fed0-4700-97da-47b56e60c909";12322;"A8";"Boulogne-billancourt";4;6;2012;0;18;"20120618"
"90.36.146.197";"FR";6.315400;45.653600;"AS3215 Orange S.A.";"mlab3-par01";0.028645;1804875.935607;"0.004012999";"linux2";"80.239.168.238";"bittorrent";1339986702;68911.247452;-1.000000;"b45f9dca-a436-4ba0-8cd1-b3e3e8b029fa";3215;"B9";"Verrens-arvey";4;6;2012;0;18;"20120618"
"88.138.200.84";"FR";0.267600;47.945100;"AS8228 Societe Francaise du Radiotelephone S.A";"mlab3-par01";0.054239;556833.759724;"0.004012999";"win32";"80.239.168.238";"bittorrent";1339986728;48923.000124;-1.000000;"bafa252c-d1f6-41dd-8f48-e12a439c2fd8";8228;"B5";"Ruaudin";4;6;2012;0;18;"20120618"
"88.166.7.10";"FR";2.250000;48.833300;"AS12322 Free SAS";"mlab3-par01";0.023548;1624957.282722;"0.004012999";"darwin";"80.239.168.238";"bittorrent";1339987135;108436.276049;-1.000000;"2620e803-fed0-4700-97da-47b56e60c909";12322;"A8";"Boulogne-billancourt";4;6;2012;0;18;"20120618"
"82.65.195.222";"FR";2.350000;48.860000;"AS12322 Free SAS";"mlab3-par01";0.046505;1286775.097280;"0.004012999";"win32";"80.239.168.238";"speedtest";1339987303;98275.787339;0.052889;"5e5c2c6d-bdcf-4803-972a-b0b153a5bb5b";12322;"";"";4;6;2012;0;18;"20120618"
"82.66.154.18";"FR";5.516700;43.516700;"AS12322 Free SAS";"mlab3-par01";0.035054;1161393.344845;"0.004012999";"darwin";"80.239.168.238";"bittorrent";1339987485;108627.316746;-1.000000;"c9fa46ae-cc27-4475-9dfe-3efe7ff34887";12322;"B8";"Aix-en-provence";4;6;2012;0;18;"20120618"
"88.166.7.10";"FR";2.250000;48.833300;"AS12322 Free SAS";"mlab3-par01";0.021208;1600195.745690;"0.004012999";"darwin";"80.239.168.238";"speedtest";1339988554;108261.146466;0.025893;"2620e803-fed0-4700-97da-47b56e60c909";12322;"A8";"Boulogne-billancourt";5;6;2012;0;18;"20120618"
"82.66.154.18";"FR";5.516700;43.516700;"AS12322 Free SAS";"mlab3-par01";0.035333;1140375.494651;"0.004012999";"darwin";"80.239.168.238";"bittorrent";1339988613;108236.109070;-1.000000;"c9fa46ae-cc27-4475-9dfe-3efe7ff34887";12322;"B8";"Aix-en-provence";5;6;2012;0;18;"20120618"
"80.69.223.58";"FR";2.350000;48.860000;"AS34306 MOBIUS TECHNOLOGY AS";"mlab3-par01";0.546021;516161.754419;"0.004012999";"darwin";"80.239.168.238";"bittorrent";1339989161;36741.478436;-1.000000;"5f363a24-1358-4434-a0ba-362ce129c4e0";34306;"";"";5;6;2012;0;18;"20120618"
"80.13.36.112";"FR";2.350000;48.860000;"AS3215 Orange S.A.";"mlab3-par01";0.044657;950986.657558;"0.004012999";"linux2";"80.239.168.238";"bittorrent";1339989245;109127.110041;-1.000000;"116f2467-f6e2-42bd-ad41-1fd5165c463d";3215;"";"";5;6;2012;0;18;"20120618"
"90.36.146.197";"FR";6.315400;45.653600;"AS3215 Orange S.A.";"mlab3-par01";0.028661;1793958.555522;"0.004012999";"linux2";"80.239.168.238";"bittorrent";1339989524;76827.852751;-1.000000;"b45f9dca-a436-4ba0-8cd1-b3e3e8b029fa";3215;"B9";"Verrens-arvey";5;6;2012;0;18;"20120618"
"87.98.156.205";"FR";2.350000;48.860000;"AS16276 OVH Systems";"mlab3-par01";0.048146;1615965.503242;"0.004012999";"linux2";"80.239.168.238";"bittorrent";1339989752;784385.641450;-1.000000;"3e12869b-1e3b-4407-b99f-ae8dd7cc5345";16276;"";"";5;6;2012;0;18;"20120618"
"95.142.175.137";"FR";2.350000;48.860000;"AS29169 Gandi SAS";"mlab3-par01";0.001126;30680429.272333;"0.004012999";"linux2";"80.239.168.238";"bittorrent";1339990205;639947.169170;-1.000000;"85561482-4e0b-4d8c-9974-2bc332d2a179";29169;"";"";5;6;2012;0;18;"20120618"
"80.13.36.112";"FR";2.350000;48.860000;"AS3215 Orange S.A.";"mlab3-par01";0.044206;906172.880331;"0.004012999";"linux2";"80.239.168.238";"speedtest";1339990793;107005.323460;0.047765;"116f2467-f6e2-42bd-ad41-1fd5165c463d";3215;"";"";5;6;2012;0;18;"20120618"
"80.69.223.58";"FR";2.350000;48.860000;"AS34306 MOBIUS TECHNOLOGY AS";"mlab3-par01";0.227003;346277.514602;"0.004012999";"darwin";"80.239.168.238";"speedtest";1339990773;39939.813752;0.233404;"5f363a24-1358-4434-a0ba-362ce129c4e0";34306;"";"";5;6;2012;0;18;"20120618"
"95.142.175.137";"FR";2.350000;48.860000;"AS29169 Gandi SAS";"mlab3-par01";0.001097;28338330.547100;"0.004012999";"linux2";"80.239.168.238";"speedtest";1339991834;699282.652819;0.002433;"85561482-4e0b-4d8c-9974-2bc332d2a179";29169;"";"";5;6;2012;0;18;"20120618"
"83.141.181.157";"FR";7.686000;48.582300;"AS21502 NUMERICABLE is a cable network operator in France, offering TV,VOICE and Internet services";"mlab3-par01";0.030354;3341970.591701;"0.004012999";"linux2";"80.239.168.238";"bittorrent";1339992292;121856.692070;-1.000000;"1390ea6f-3caa-43e1-bb68-8d9c6465099f";21502;"C1";"Eckbolsheim";6;6;2012;0;18;"20120618"
"88.166.7.10";"FR";2.250000;48.833300;"AS12322 Free SAS";"mlab3-par01";0.022412;1634214.282503;"0.004012999";"darwin";"80.239.168.238";"bittorrent";1339992816;108579.197384;-1.000000;"2620e803-fed0-4700-97da-47b56e60c909";12322;"A8";"Boulogne-billancourt";6;6;2012;0;18;"20120618"
"90.36.146.197";"FR";6.315400;45.653600;"AS3215 Orange S.A.";"mlab3-par01";0.029918;1936073.264750;"0.004012999";"linux2";"80.239.168.238";"speedtest";1339993756;81164.569594;0.031974;"b45f9dca-a436-4ba0-8cd1-b3e3e8b029fa";3215;"B9";"Verrens-arvey";6;6;2012;0;18;"20120618"
"83.141.181.157";"FR";7.686000;48.582300;"AS21502 NUMERICABLE is a cable network operator in France, offering TV,VOICE and Internet services";"mlab3-par01";0.029241;3203210.226120;"0.004012999";"linux2";"80.239.168.238";"speedtest";1339993885;122585.517971;0.030974;"1390ea6f-3caa-43e1-bb68-8d9c6465099f";21502;"C1";"Eckbolsheim";6;6;2012;0;18;"20120618"
"80.69.223.58";"FR";2.350000;48.860000;"AS34306 MOBIUS TECHNOLOGY AS";"mlab3-par01";0.228443;369294.084289;"0.004012999";"darwin";"80.239.168.238";"speedtest";1339994012;27925.695503;0.231308;"5f363a24-1358-4434-a0ba-362ce129c4e0";34306;"";"";6;6;2012;0;18;"20120618"
"88.166.7.10";"FR";2.250000;48.833300;"AS12322 Free SAS";"mlab3-par01";0.022776;1599547.668530;"0.004012999";"darwin";"80.239.168.238";"speedtest";1339994235;108258.298464;0.025705;"2620e803-fed0-4700-97da-47b56e60c909";12322;"A8";"Boulogne-billancourt";6;6;2012;0;18;"20120618"
"88.138.200.84";"FR";0.267600;47.945100;"AS8228 Societe Francaise du Radiotelephone S.A";"mlab3-par01";0.072129;497739.446458;"0.004012999";"win32";"80.239.168.238";"speedtest";1339994272;39786.744204;0.062824;"bafa252c-d1f6-41dd-8f48-e12a439c2fd8";8228;"B5";"Ruaudin";6;6;2012;0;18;"20120618"
"87.98.156.205";"FR";2.350000;48.860000;"AS16276 OVH Systems";"mlab3-par01";0.046554;1053495.724670;"0.004012999";"linux2";"80.239.168.238";"speedtest";1339994325;98669.666245;0.052248;"3e12869b-1e3b-4407-b99f-ae8dd7cc5345";16276;"";"";6;6;2012;0;18;"20120618"
"78.225.128.39";"FR";4.943000;45.631000;"AS12322 Free SAS";"mlab3-par01";0.032535;697730.038068;"0.004012999";"freebsd9";"80.239.168.238";"bittorrent";1339994477;38295.308314;-1.000000;"8c6a9f5d-2965-4c21-8131-62e9171c6b28";12322;"B9";"Chaponnay";6;6;2012;0;18;"20120618"
"89.93.40.53";"FR";2.387600;48.841200;"AS5410 Bouygues Telecom S.A.";"mlab3-par01";0.007560;5398760.348590;"0.004012999";"win32";"80.239.168.238";"speedtest";1339994891;610125.338994;0.010056;"a6cb37e5-7073-4af7-9089-90dd38467e4e";5410;"A8";"Paris";6;6;2012;0;18;"20120618"
"89.92.65.188";"FR";2.350000;48.860000;"AS5410 Bouygues Telecom S.A.";"mlab3-par01";0.020831;2682543.454994;"0.004012999";"linux2";"80.239.168.238";"bittorrent";1339994897;111973.297402;-1.000000;"d2d42b59-7420-4851-8bd2-9aa524882d2e";5410;"";"";6;6;2012;0;18;"20120618"
"82.65.195.222";"FR";2.350000;48.860000;"AS12322 Free SAS";"mlab3-par01";0.046725;1519059.782741;"0.004012999";"win32";"80.239.168.238";"bittorrent";1339995059;106938.510806;-1.000000;"5e5c2c6d-bdcf-4803-972a-b0b153a5bb5b";12322;"";"";6;6;2012;0;18;"20120618"
"95.142.175.137";"FR";2.350000;48.860000;"AS29169 Gandi SAS";"mlab3-par01";0.001099;32518663.241800;"0.004012999";"linux2";"80.239.168.238";"speedtest";1339995088;700225.015201;0.002590;"85561482-4e0b-4d8c-9974-2bc332d2a179";29169;"";"";6;6;2012;0;18;"20120618"
"88.138.200.84";"FR";0.267600;47.945100;"AS8228 Societe Francaise du Radiotelephone S.A";"mlab3-par01";0.069481;397989.791636;"0.004012999";"win32";"80.239.168.238";"bittorrent";1339995783;34060.094566;-1.000000;"bafa252c-d1f6-41dd-8f48-e12a439c2fd8";8228;"B5";"Ruaudin";7;6;2012;0;18;"20120618"
"78.226.182.89";"FR";5.892900;48.674600;"AS12322 Free SAS";"mlab3-par01";0.037941;98309.902880;"0.004012999";"darwin";"80.239.168.238";"speedtest";1339996072;57247.442331;0.043759;"32c2b496-078e-4069-a497-68fcc724600b";12322;"B2";"Toul";7;6;2012;0;18;"20120618"
"82.230.48.190";"FR";2.550000;48.683300;"AS12322 Free SAS";"mlab3-par01";0.028637;1071316.501480;"0.004012999";"win32";"80.239.168.238";"speedtest";1339996287;96680.188905;0.033198;"65b87c14-956e-45a4-a5ea-66bb1634a955";12322;"A8";"Quincy-sous-sénart";7;6;2012;0;18;"20120618"
"89.92.65.188";"FR";2.350000;48.860000;"AS5410 Bouygues Telecom S.A.";"mlab3-par01";0.018393;3215185.920320;"0.004012999";"linux2";"80.239.168.238";"speedtest";1339996344;108062.384050;0.024664;"d2d42b59-7420-4851-8bd2-9aa524882d2e";5410;"";"";7;6;2012;0;18;"20120618"
"89.93.40.53";"FR";2.387600;48.841200;"AS5410 Bouygues Telecom S.A.";"mlab3-par01";0.007180;5593078.204672;"0.004012999";"win32";"80.239.168.238";"bittorrent";1339996384;629435.997688;-1.000000;"a6cb37e5-7073-4af7-9089-90dd38467e4e";5410;"A8";"Paris";7;6;2012;0;18;"20120618"
"95.142.175.137";"FR";2.350000;48.860000;"AS29169 Gandi SAS";"mlab3-par01";0.000802;44137907.026336;"0.004012999";"linux2";"80.239.168.238";"bittorrent";1339996714;675429.020105;-1.000000;"85561482-4e0b-4d8c-9974-2bc332d2a179";29169;"";"";7;6;2012;0;18;"20120618"
"80.13.36.112";"FR";2.350000;48.860000;"AS3215 Orange S.A.";"mlab3-par01";0.044485;903997.000134;"0.004012999";"linux2";"80.239.168.238";"speedtest";1339996847;107171.366375;0.048033;"116f2467-f6e2-42bd-ad41-1fd5165c463d";3215;"";"";7;6;2012;0;18;"20120618"
"88.166.7.10";"FR";2.250000;48.833300;"AS12322 Free SAS";"mlab3-par01";0.023204;1598047.738590;"0.004012999";"darwin";"80.239.168.238";"speedtest";1339997076;107757.479648;0.025904;"2620e803-fed0-4700-97da-47b56e60c909";12322;"A8";"Boulogne-billancourt";7;6;2012;0;18;"20120618"
"88.138.200.84";"FR";0.267600;47.945100;"AS8228 Societe Francaise du Radiotelephone S.A";"mlab3-par01";0.152124;391286.667956;"0.004012999";"win32";"80.239.168.238";"speedtest";1339997299;23292.144623;0.316795;"bafa252c-d1f6-41dd-8f48-e12a439c2fd8";8228;"B5";"Ruaudin";7;6;2012;0;18;"20120618"
"78.225.128.39";"FR";4.943000;45.631000;"AS12322 Free SAS";"mlab3-par01";0.033233;699660.615642;"0.004012999";"freebsd9";"80.239.168.238";"bittorrent";1339997561;38305.214185;-1.000000;"8c6a9f5d-2965-4c21-8131-62e9171c6b28";12322;"B9";"Chaponnay";7;6;2012;0;18;"20120618"
"88.168.65.84";"FR";7.266100;43.703100;"AS12322 Free SAS";"mlab3-par01";0.035322;1257334.254409;"0.004009999";"linux2";"80.239.168.238";"bittorrent";1339998218;107608.802775;-1.000000;"771546d1-f829-46d4-8f2b-25988a7406d8";12322;"B8";"Nice";7;6;2012;0;18;"20120618"
"80.13.36.112";"FR";2.350000;48.860000;"AS3215 Orange S.A.";"mlab3-par01";0.044566;943169.287168;"0.004012999";"linux2";"80.239.168.238";"bittorrent";1339998335;109118.656692;-1.000000;"116f2467-f6e2-42bd-ad41-1fd5165c463d";3215;"";"";7;6;2012;0;18;"20120618"
"82.66.154.18";"FR";5.516700;43.516700;"AS12322 Free SAS";"mlab3-par01";0.038691;1104519.807284;"0.004012999";"darwin";"80.239.168.238";"bittorrent";1339998366;108489.006871;-1.000000;"c9fa46ae-cc27-4475-9dfe-3efe7ff34887";12322;"B8";"Aix-en-provence";7;6;2012;0;18;"20120618"
"86.192.87.33";"FR";4.085200;48.300700;"AS3215 Orange S.A.";"mlab3-par01";0.043789;169674.526907;"0.004012999";"win32";"80.239.168.238";"speedtest";1339998696;9301.417200;0.061835;"f28a749d-6d99-4b7e-9bf6-71470652bdef";3215;"A4";"Troyes";7;6;2012;0;18;"20120618"
"78.225.128.39";"FR";4.943000;45.631000;"AS12322 Free SAS";"mlab3-par01";0.033648;670606.115580;"0.004012999";"freebsd9";"80.239.168.238";"speedtest";1339998866;38574.376579;0.040408;"8c6a9f5d-2965-4c21-8131-62e9171c6b28";12322;"B9";"Chaponnay";7;6;2012;0;18;"20120618"
"87.98.156.205";"FR";2.350000;48.860000;"AS16276 OVH Systems";"mlab3-par01";0.046953;1079313.883534;"0.004012999";"linux2";"80.239.168.238";"bittorrent";1339998868;807727.028660;-1.000000;"3e12869b-1e3b-4407-b99f-ae8dd7cc5345";16276;"";"";7;6;2012;0;18;"20120618"
"89.227.218.129";"FR";2.350000;48.860000;"AS12670 COMPLETEL SAS France";"mlab3-par01";0.047437;689446.238072;"0.004012999";"win32";"80.239.168.238";"bittorrent";1339998892;99933.876832;-1.000000;"51b4f771-cd96-4baa-8c1a-eb22da4502c3";12670;"";"";7;6;2012;0;18;"20120618"
"80.69.223.58";"FR";2.350000;48.860000;"AS34306 MOBIUS TECHNOLOGY AS";"mlab3-par01";0.227709;565548.358400;"0.004012999";"darwin";"80.239.168.238";"bittorrent";1339998924;62539.333294;-1.000000;"5f363a24-1358-4434-a0ba-362ce129c4e0";34306;"";"";7;6;2012;0;18;"20120618"
"78.226.182.89";"FR";5.892900;48.674600;"AS12322 Free SAS";"mlab3-par01";0.036911;98358.575723;"0.004012999";"darwin";"80.239.168.238";"speedtest";1339999319;57259.698192;0.042936;"32c2b496-078e-4069-a497-68fcc724600b";12322;"B2";"Toul";8;6;2012;0;18;"20120618"
"89.93.40.53";"FR";2.387600;48.841200;"AS5410 Bouygues Telecom S.A.";"mlab3-par01";0.017866;5798725.021508;"0.004012999";"win32";"80.239.168.238";"bittorrent";1339999360;611139.141187;-1.000000;"a6cb37e5-7073-4af7-9089-90dd38467e4e";5410;"A8";"Paris";8;6;2012;0;18;"20120618"
"82.65.195.222";"FR";2.350000;48.860000;"AS12322 Free SAS";"mlab3-par01";0.046664;1261837.318220;"0.004012999";"win32";"80.239.168.238";"speedtest";1339999648;94307.117893;0.050172;"5e5c2c6d-bdcf-4803-972a-b0b153a5bb5b";12322;"";"";8;6;2012;0;18;"20120618"
"88.168.65.84";"FR";7.266100;43.703100;"AS12322 Free SAS";"mlab3-par01";0.034444;1338299.754070;"0.004009999";"linux2";"80.239.168.238";"speedtest";1339999747;107890.029488;0.037940;"771546d1-f829-46d4-8f2b-25988a7406d8";12322;"B8";"Nice";8;6;2012;0;18;"20120618"
"87.98.156.205";"FR";2.350000;48.860000;"AS16276 OVH Systems";"mlab3-par01";0.046415;1049909.767340;"0.004012999";"linux2";"80.239.168.238";"speedtest";1340000378;98973.325218;0.052354;"3e12869b-1e3b-4407-b99f-ae8dd7cc5345";16276;"";"";8;6;2012;0;18;"20120618"
"80.69.223.58";"FR";2.350000;48.860000;"AS34306 MOBIUS TECHNOLOGY AS";"mlab3-par01";0.228077;40468.058038;"0.004012999";"darwin";"80.239.168.238";"speedtest";1340000541;45364.464907;0.231233;"5f363a24-1358-4434-a0ba-362ce129c4e0";34306;"";"";8;6;2012;0;18;"20120618"
"88.168.65.84";"FR";7.266100;43.703100;"AS12322 Free SAS";"mlab3-par01";0.035627;1275679.269074;"0.004009999";"linux2";"80.239.168.238";"bittorrent";1340001276;108545.264652;-1.000000;"771546d1-f829-46d4-8f2b-25988a7406d8";12322;"B8";"Nice";8;6;2012;0;18;"20120618"
"89.87.19.107";"FR";4.837300;45.897600;"AS5410 Bouygues Telecom S.A.";"mlab3-par01";0.048747;450337.789222;"0.004012999";"win32";"80.239.168.238";"bittorrent";1340001560;81582.984600;-1.000000;"3ebb79be-0ab8-4492-bc1a-29b2c1d18f63";5410;"B9";"Genay";8;6;2012;0;18;"20120618"
"87.98.156.205";"FR";2.350000;48.860000;"AS16276 OVH Systems";"mlab3-par01";0.045618;1698263.832929;"0.004012999";"linux2";"80.239.168.238";"bittorrent";1340001889;747301.105214;-1.000000;"3e12869b-1e3b-4407-b99f-ae8dd7cc5345";16276;"";"";8;6;2012;0;18;"20120618"
"89.92.65.188";"FR";2.350000;48.860000;"AS5410 Bouygues Telecom S.A.";"mlab3-par01";0.021333;3080535.544570;"0.004012999";"linux2";"80.239.168.238";"speedtest";1340002137;109755.554003;0.024871;"d2d42b59-7420-4851-8bd2-9aa524882d2e";5410;"";"";8;6;2012;0;18;"20120618"
"82.230.48.190";"FR";2.550000;48.683300;"AS12322 Free SAS";"mlab3-par01";0.033335;1375212.122310;"0.004012999";"win32";"80.239.168.238";"speedtest";1340002410;94247.621096;0.038581;"65b87c14-956e-45a4-a5ea-66bb1634a955";12322;"A8";"Quincy-sous-sénart";8;6;2012;0;18;"20120618"
"88.166.7.10";"FR";2.250000;48.833300;"AS12322 Free SAS";"mlab3-par01";0.024922;1601251.139000;"0.004012999";"darwin";"80.239.168.238";"speedtest";1340002757;107648.266261;0.026037;"2620e803-fed0-4700-97da-47b56e60c909";12322;"A8";"Boulogne-billancourt";8;6;2012;0;18;"20120618"
"82.65.195.222";"FR";2.350000;48.860000;"AS12322 Free SAS";"mlab3-par01";0.047200;1403115.031010;"0.004012999";"win32";"80.239.168.238";"speedtest";1340002733;98683.118749;0.049944;"5e5c2c6d-bdcf-4803-972a-b0b153a5bb5b";12322;"";"";8;6;2012;0;18;"20120618"
"95.142.175.137";"FR";2.350000;48.860000;"AS29169 Gandi SAS";"mlab3-par01";0.001133;28435128.683971;"0.004012999";"linux2";"80.239.168.238";"bittorrent";1340003228;622561.095590;-1.000000;"85561482-4e0b-4d8c-9974-2bc332d2a179";29169;"";"";9;6;2012;0;18;"20120618"
"82.251.89.71";"FR";2.350000;48.860000;"AS12322 Free SAS";"mlab3-par01";0.049160;167026.871396;"0.004012999";"win32";"80.239.168.238";"speedtest";1340003363;80106.025032;0.044051;"e95464e9-9e36-42b0-a312-b8ee305f9357";12322;"";"";9;6;2012;0;18;"20120618"
"87.98.156.205";"FR";2.350000;48.860000;"AS16276 OVH Systems";"mlab3-par01";0.046948;993734.370769;"0.004012999";"linux2";"80.239.168.238";"speedtest";1340003400;99153.377985;0.050013;"3e12869b-1e3b-4407-b99f-ae8dd7cc5345";16276;"";"";9;6;2012;0;18;"20120618"
"83.141.181.157";"FR";7.686000;48.582300;"AS21502 NUMERICABLE is a cable network operator in France, offering TV,VOICE and Internet services";"mlab3-par01";0.032125;3136466.667800;"0.004012999";"linux2";"80.239.168.238";"speedtest";1340003459;122554.742967;0.032922;"1390ea6f-3caa-43e1-bb68-8d9c6465099f";21502;"C1";"Eckbolsheim";9;6;2012;0;18;"20120618"
"89.93.40.53";"FR";2.387600;48.841200;"AS5410 Bouygues Telecom S.A.";"mlab3-par01";0.007691;5556444.616100;"0.004012999";"win32";"80.239.168.238";"speedtest";1340003826;609943.727807;0.009845;"a6cb37e5-7073-4af7-9089-90dd38467e4e";5410;"A8";"Paris";9;6;2012;0;18;"20120618"
"78.226.182.89";"FR";5.892900;48.674600;"AS12322 Free SAS";"mlab3-par01";0.038060;100223.697502;"0.004012999";"darwin";"80.239.168.238";"bittorrent";1340004170;56680.426813;-1.000000;"32c2b496-078e-4069-a497-68fcc724600b";12322;"B2";"Toul";9;6;2012;0;18;"20120618"
"88.166.7.10";"FR";2.250000;48.833300;"AS12322 Free SAS";"mlab3-par01";0.023390;1647510.877551;"0.004012999";"darwin";"80.239.168.238";"bittorrent";1340004179;108625.010337;-1.000000;"2620e803-fed0-4700-97da-47b56e60c909";12322;"A8";"Boulogne-billancourt";9;6;2012;0;18;"20120618"
"82.65.195.222";"FR";2.350000;48.860000;"AS12322 Free SAS";"mlab3-par01";0.047081;1434731.608281;"0.004012999";"win32";"80.239.168.238";"bittorrent";1340004317;106940.374491;-1.000000;"5e5c2c6d-bdcf-4803-972a-b0b153a5bb5b";12322;"";"";9;6;2012;0;18;"20120618"
"82.251.89.71";"FR";2.350000;48.860000;"AS12322 Free SAS";"mlab3-par01";0.038411;172928.090067;"0.004012999";"win32";"80.239.168.238";"bittorrent";1340004808;101507.882821;-1.000000;"e95464e9-9e36-42b0-a312-b8ee305f9357";12322;"";"";9;6;2012;0;18;"20120618"
"95.142.175.137";"FR";2.350000;48.860000;"AS29169 Gandi SAS";"mlab3-par01";0.001101;34324641.561400;"0.004012999";"linux2";"80.239.168.238";"speedtest";1340004855;574148.964779;0.002546;"85561482-4e0b-4d8c-9974-2bc332d2a179";29169;"";"";9;6;2012;0;18;"20120618"
"87.98.156.205";"FR";2.350000;48.860000;"AS16276 OVH Systems";"mlab3-par01";0.046383;2562322.807637;"0.004012999";"linux2";"80.239.168.238";"bittorrent";1340004912;652238.444112;-1.000000;"3e12869b-1e3b-4407-b99f-ae8dd7cc5345";16276;"";"";9;6;2012;0;18;"20120618"
"78.225.128.39";"FR";4.943000;45.631000;"AS12322 Free SAS";"mlab3-par01";0.031722;666927.170099;"0.004012999";"freebsd9";"80.239.168.238";"speedtest";1340005036;38570.605747;0.040450;"8c6a9f5d-2965-4c21-8131-62e9171c6b28";12322;"B9";"Chaponnay";9;6;2012;0;18;"20120618"
"83.141.181.157";"FR";7.686000;48.582300;"AS21502 NUMERICABLE is a cable network operator in France, offering TV,VOICE and Internet services";"mlab3-par01";0.035390;3192556.897230;"0.004012999";"linux2";"80.239.168.238";"bittorrent";1340005057;121759.389521;-1.000000;"1390ea6f-3caa-43e1-bb68-8d9c6465099f";21502;"C1";"Eckbolsheim";9;6;2012;0;18;"20120618"
"80.69.223.58";"FR";2.350000;48.860000;"AS34306 MOBIUS TECHNOLOGY AS";"mlab3-par01";0.227744;565742.059073;"0.004012999";"darwin";"80.239.168.238";"bittorrent";1340005419;63162.987067;-1.000000;"5f363a24-1358-4434-a0ba-362ce129c4e0";34306;"";"";9;6;2012;0;18;"20120618"
"82.65.195.222";"FR";2.350000;48.860000;"AS12322 Free SAS";"mlab3-par01";0.047547;995715.759426;"0.004012999";"win32";"80.239.168.238";"speedtest";1340005822;98866.160752;0.050694;"5e5c2c6d-bdcf-4803-972a-b0b153a5bb5b";12322;"";"";9;6;2012;0;18;"20120618"
"82.251.89.71";"FR";2.350000;48.860000;"AS12322 Free SAS";"mlab3-par01";0.036078;151287.044476;"0.004012999";"win32";"80.239.168.238";"speedtest";1340006551;80042.472536;0.043701;"e95464e9-9e36-42b0-a312-b8ee305f9357";12322;"";"";10;6;2012;0;18;"20120618"
"88.166.7.10";"FR";2.250000;48.833300;"AS12322 Free SAS";"mlab3-par01";0.023210;1639270.061748;"0.004012999";"darwin";"80.239.168.238";"bittorrent";1340007019;108217.547116;-1.000000;"2620e803-fed0-4700-97da-47b56e60c909";12322;"A8";"Boulogne-billancourt";10;6;2012;0;18;"20120618"
"217.128.133.72";"FR";2.350000;48.860000;"AS3215 Orange S.A.";"mlab3-par01";0.028857;381880.650834;"0.004006999";"darwin";"80.239.168.238";"speedtest";1340007176;71594.129822;0.037185;"91279bf8-2c59-4f66-ad82-3b674fd93a4f";3215;"";"";10;6;2012;0;18;"20120618"
"88.168.65.84";"FR";7.266100;43.703100;"AS12322 Free SAS";"mlab3-par01";0.034799;1322423.425424;"0.004009999";"linux2";"80.239.168.238";"bittorrent";1340007387;108789.309309;-1.000000;"771546d1-f829-46d4-8f2b-25988a7406d8";12322;"B8";"Nice";10;6;2012;0;18;"20120618"
"82.65.195.222";"FR";2.350000;48.860000;"AS12322 Free SAS";"mlab3-par01";0.046621;1484897.147171;"0.004012999";"win32";"80.239.168.238";"bittorrent";1340007405;106936.665742;-1.000000;"5e5c2c6d-bdcf-4803-972a-b0b153a5bb5b";12322;"";"";10;6;2012;0;18;"20120618"
"89.92.65.188";"FR";2.350000;48.860000;"AS5410 Bouygues Telecom S.A.";"mlab3-par01";0.020906;3282828.407820;"0.004012999";"linux2";"80.239.168.238";"speedtest";1340007931;109346.705189;0.024126;"d2d42b59-7420-4851-8bd2-9aa524882d2e";5410;"";"";10;6;2012;0;18;"20120618"
"87.98.156.205";"FR";2.350000;48.860000;"AS16276 OVH Systems";"mlab3-par01";0.046338;1029776.805506;"0.004012999";"linux2";"80.239.168.238";"bittorrent";1340007943;682131.565228;-1.000000;"3e12869b-1e3b-4407-b99f-ae8dd7cc5345";16276;"";"";10;6;2012;0;18;"20120618"
"83.141.181.157";"FR";7.686000;48.582300;"AS21502 NUMERICABLE is a cable network operator in France, offering TV,VOICE and Internet services";"mlab3-par01";0.031083;3294905.258195;"0.004012999";"linux2";"80.239.168.238";"bittorrent";1340008248;121757.951654;-1.000000;"1390ea6f-3caa-43e1-bb68-8d9c6465099f";21502;"C1";"Eckbolsheim";10;6;2012;0;18;"20120618"
"89.93.40.53";"FR";2.387600;48.841200;"AS5410 Bouygues Telecom S.A.";"mlab3-par01";0.006949;5599982.705290;"0.004012999";"win32";"80.239.168.238";"speedtest";1340008310;610951.722115;0.010184;"a6cb37e5-7073-4af7-9089-90dd38467e4e";5410;"A8";"Paris";10;6;2012;0;18;"20120618"
"82.251.89.71";"FR";2.350000;48.860000;"AS12322 Free SAS";"mlab3-par01";0.037739;158661.044656;"0.004012999";"win32";"80.239.168.238";"bittorrent";1340008590;99129.345786;-1.000000;"e95464e9-9e36-42b0-a312-b8ee305f9357";12322;"";"";10;6;2012;0;18;"20120618"
"217.128.133.72";"FR";2.350000;48.860000;"AS3215 Orange S.A.";"mlab3-par01";0.217907;396861.857104;"0.004006999";"darwin";"80.239.168.238";"bittorrent";1340008609;72923.246258;-1.000000;"91279bf8-2c59-4f66-ad82-3b674fd93a4f";3215;"";"";10;6;2012;0;18;"20120618"
"89.227.218.129";"FR";2.350000;48.860000;"AS12670 COMPLETEL SAS France";"mlab3-par01";0.052229;693311.223596;"0.004012999";"win32";"80.239.168.238";"bittorrent";1340008681;100435.401563;-1.000000;"51b4f771-cd96-4baa-8c1a-eb22da4502c3";12670;"";"";10;6;2012;0;18;"20120618"
"82.65.195.222";"FR";2.350000;48.860000;"AS12322 Free SAS";"mlab3-par01";0.047050;1175995.416220;"0.004012999";"win32";"80.239.168.238";"speedtest";1340008907;98987.589212;0.050119;"5e5c2c6d-bdcf-4803-972a-b0b153a5bb5b";12322;"";"";10;6;2012;0;18;"20120618"
"89.85.122.40";"FR";2.356100;48.832200;"AS5410 Bouygues Telecom S.A.";"mlab3-par01";0.033263;1129326.680130;"0.004012999";"darwin";"80.239.168.238";"speedtest";1340009404;48562.055700;0.068399;"2da800c1-1a94-4ccc-896c-bd22a96ff2e6";5410;"A8";"Paris";10;6;2012;0;18;"20120618"
"87.98.156.205";"FR";2.350000;48.860000;"AS16276 OVH Systems";"mlab3-par01";0.047429;1061567.340550;"0.004012999";"linux2";"80.239.168.238";"speedtest";1340009454;92371.413929;0.051903;"3e12869b-1e3b-4407-b99f-ae8dd7cc5345";16276;"";"";10;6;2012;0;18;"20120618"
"88.189.232.213";"FR";2.333300;48.866700;"AS12322 Free SAS";"mlab3-par01";0.208150;50035.153446;"0.004012999";"darwin";"80.239.168.238";"speedtest";1340009809;9521.653002;0.201623;"e1f3ee7e-3572-47bc-b878-cf8ea6021dec";12322;"A8";"Paris";10;6;2012;0;18;"20120618"
"83.141.181.157";"FR";7.686000;48.582300;"AS21502 NUMERICABLE is a cable network operator in France, offering TV,VOICE and Internet services";"mlab3-par01";0.030955;3175316.270820;"0.004012999";"linux2";"80.239.168.238";"speedtest";1340009842;122553.979347;0.032956;"1390ea6f-3caa-43e1-bb68-8d9c6465099f";21502;"C1";"Eckbolsheim";10;6;2012;0;18;"20120618"
"88.166.7.10";"FR";2.250000;48.833300;"AS12322 Free SAS";"mlab3-par01";0.021705;1642535.803534;"0.004012999";"darwin";"80.239.168.238";"bittorrent";1340009860;108588.225514;-1.000000;"2620e803-fed0-4700-97da-47b56e60c909";12322;"A8";"Boulogne-billancourt";10;6;2012;0;18;"20120618"
"82.230.48.190";"FR";2.550000;48.683300;"AS12322 Free SAS";"mlab3-par01";0.030026;995442.220032;"0.004012999";"win32";"80.239.168.238";"bittorrent";1340009876;99843.740498;-1.000000;"65b87c14-956e-45a4-a5ea-66bb1634a955";12322;"A8";"Quincy-sous-sénart";10;6;2012;0;18;"20120618"
"88.168.65.84";"FR";7.266100;43.703100;"AS12322 Free SAS";"mlab3-par01";0.034377;1350323.820142;"0.004009999";"linux2";"80.239.168.238";"bittorrent";1340010441;108876.231779;-1.000000;"771546d1-f829-46d4-8f2b-25988a7406d8";12322;"B8";"Nice";11;6;2012;0;18;"20120618"
"78.226.182.89";"FR";5.892900;48.674600;"AS12322 Free SAS";"mlab3-par01";0.036869;100216.816027;"0.004012999";"darwin";"80.239.168.238";"bittorrent";1340010627;56520.008340;-1.000000;"32c2b496-078e-4069-a497-68fcc724600b";12322;"B2";"Toul";11;6;2012;0;18;"20120618"
"89.93.40.53";"FR";2.387600;48.841200;"AS5410 Bouygues Telecom S.A.";"mlab3-par01";0.008297;5576371.172960;"0.004012999";"win32";"80.239.168.238";"speedtest";1340011141;609584.784851;0.009902;"a6cb37e5-7073-4af7-9089-90dd38467e4e";5410;"A8";"Paris";11;6;2012;0;18;"20120618"
"88.166.7.10";"FR";2.250000;48.833300;"AS12322 Free SAS";"mlab3-par01";0.023454;1598667.568980;"0.004012999";"darwin";"80.239.168.238";"speedtest";1340011279;108229.408403;0.026124;"2620e803-fed0-4700-97da-47b56e60c909";12322;"A8";"Boulogne-billancourt";11;6;2012;0;18;"20120618"
"82.230.48.190";"FR";2.550000;48.683300;"AS12322 Free SAS";"mlab3-par01";0.029689;1037706.927580;"0.004012999";"win32";"80.239.168.238";"speedtest";1340011603;98699.894150;0.033259;"65b87c14-956e-45a4-a5ea-66bb1634a955";12322;"A8";"Quincy-sous-sénart";11;6;2012;0;18;"20120618"
"88.189.232.213";"FR";2.333300;48.866700;"AS12322 Free SAS";"mlab3-par01";0.037934;360665.813248;"0.004012999";"darwin";"80.239.168.238";"bittorrent";1340011412;6201.524852;-1.000000;"e1f3ee7e-3572-47bc-b878-cf8ea6021dec";12322;"A8";"Paris";11;6;2012;0;18;"20120618"
"89.226.177.172";"FR";2.382200;48.881700;"AS12670 COMPLETEL SAS France";"mlab3-par01";0.034362;584571.560824;"0.004012999";"darwin";"80.239.168.238";"speedtest";1340011801;79365.989423;0.034059;"935e26dc-fbd9-41ac-89fa-d9c155d4ca6e";12670;"A8";"Paris";11;6;2012;0;18;"20120618"
"80.69.223.58";"FR";2.350000;48.860000;"AS34306 MOBIUS TECHNOLOGY AS";"mlab3-par01";0.403616;473598.681990;"0.004012999";"darwin";"80.239.168.238";"bittorrent";1340011918;58582.255484;-1.000000;"5f363a24-1358-4434-a0ba-362ce129c4e0";34306;"";"";11;6;2012;0;18;"20120618"
"88.168.65.84";"FR";7.266100;43.703100;"AS12322 Free SAS";"mlab3-par01";0.034941;1275115.975710;"0.004009999";"linux2";"80.239.168.238";"speedtest";1340011967;108168.915367;0.038196;"771546d1-f829-46d4-8f2b-25988a7406d8";12322;"B8";"Nice";11;6;2012;0;18;"20120618"
"88.171.21.219";"FR";2.550000;48.833300;"AS12322 Free SAS";"mlab3-par01";0.008716;248738.470010;"0.004012999";"win32";"80.239.168.238";"bittorrent";1340012198;80406.907290;-1.000000;"e2957641-0324-42fe-a33c-189a4aa04991";12322;"A8";"Villiers-sur-marne";11;6;2012;0;18;"20120618"
"88.166.7.10";"FR";2.250000;48.833300;"AS12322 Free SAS";"mlab3-par01";0.022982;1626785.109099;"0.004012999";"darwin";"80.239.168.238";"bittorrent";1340012701;108466.685249;-1.000000;"2620e803-fed0-4700-97da-47b56e60c909";12322;"A8";"Boulogne-billancourt";11;6;2012;0;18;"20120618"
"78.225.128.39";"FR";4.943000;45.631000;"AS12322 Free SAS";"mlab3-par01";0.034000;699815.528554;"0.004012999";"freebsd9";"80.239.168.238";"bittorrent";1340012751;38336.784632;-1.000000;"8c6a9f5d-2965-4c21-8131-62e9171c6b28";12322;"B9";"Chaponnay";11;6;2012;0;18;"20120618"
"217.128.133.72";"FR";2.350000;48.860000;"AS3215 Orange S.A.";"mlab3-par01";0.028147;353766.926348;"0.004006999";"darwin";"80.239.168.238";"speedtest";1340012823;67677.781344;0.068054;"91279bf8-2c59-4f66-ad82-3b674fd93a4f";3215;"";"";11;6;2012;0;18;"20120618"
"78.250.2.253";"FR";2.489300;48.901800;"AS12322 Free SAS";"mlab3-par01";0.024429;89765.689460;"0.004012999";"linux2";"80.239.168.238";"speedtest";1340012967;99337.914313;0.032725;"fe7dc6f3-9965-446f-8d24-3c51a9ce4eb7";12322;"A8";"Bondy";11;6;2012;0;18;"20120618"
"95.142.175.137";"FR";2.350000;48.860000;"AS29169 Gandi SAS";"mlab3-par01";0.000756;35184406.166333;"0.004012999";"linux2";"80.239.168.238";"bittorrent";1340012995;625571.155206;-1.000000;"85561482-4e0b-4d8c-9974-2bc332d2a179";29169;"";"";11;6;2012;0;18;"20120618"
"82.124.184.225";"FR";2.333300;48.866700;"AS3215 Orange S.A.";"mlab3-par01";0.020205;765520.866587;"0.004009999";"win32";"80.239.168.238";"bittorrent";1340013158;106490.993153;-1.000000;"beeda77c-f623-4881-b800-271159da9118";3215;"A8";"Paris";11;6;2012;0;18;"20120618"
"89.227.218.129";"FR";2.350000;48.860000;"AS12670 COMPLETEL SAS France";"mlab3-par01";0.052019;614906.774363;"0.004012999";"win32";"80.239.168.238";"speedtest";1340013300;94847.356518;0.070131;"51b4f771-cd96-4baa-8c1a-eb22da4502c3";12670;"";"";11;6;2012;0;18;"20120618"
"82.65.195.222";"FR";2.350000;48.860000;"AS12322 Free SAS";"mlab3-par01";0.046938;1212473.844582;"0.004012999";"win32";"80.239.168.238";"bittorrent";1340013578;106956.783169;-1.000000;"5e5c2c6d-bdcf-4803-972a-b0b153a5bb5b";12322;"";"";11;6;2012;0;18;"20120618"
"88.171.21.219";"FR";2.550000;48.833300;"AS12322 Free SAS";"mlab3-par01";0.105798;21161.018614;"0.004012999";"win32";"80.239.168.238";"speedtest";1340013800;93458.670330;0.128971;"e2957641-0324-42fe-a33c-189a4aa04991";12322;"A8";"Villiers-sur-marne";12;6;2012;0;18;"20120618"
"78.226.182.89";"FR";5.892900;48.674600;"AS12322 Free SAS";"mlab3-par01";0.036314;100182.181864;"0.004012999";"darwin";"80.239.168.238";"bittorrent";1340013855;56505.858422;-1.000000;"32c2b496-078e-4069-a497-68fcc724600b";12322;"B2";"Toul";12;6;2012;0;18;"20120618"
"217.128.133.72";"FR";2.350000;48.860000;"AS3215 Orange S.A.";"mlab3-par01";0.027373;335001.260054;"0.004006999";"darwin";"80.239.168.238";"bittorrent";1340014249;64020.444797;-1.000000;"91279bf8-2c59-4f66-ad82-3b674fd93a4f";3215;"";"";12;6;2012;0;18;"20120618"
"78.225.128.39";"FR";4.943000;45.631000;"AS12322 Free SAS";"mlab3-par01";0.032681;670041.957493;"0.004012999";"freebsd9";"80.239.168.238";"speedtest";1340014289;37967.773066;0.040761;"8c6a9f5d-2965-4c21-8131-62e9171c6b28";12322;"B9";"Chaponnay";12;6;2012;0;18;"20120618"
"82.230.48.190";"FR";2.550000;48.683300;"AS12322 Free SAS";"mlab3-par01";0.032358;840982.627450;"0.004012999";"win32";"80.239.168.238";"speedtest";1340014670;94269.191601;0.034477;"65b87c14-956e-45a4-a5ea-66bb1634a955";12322;"A8";"Quincy-sous-sénart";12;6;2012;0;18;"20120618"
"88.189.232.213";"FR";2.333300;48.866700;"AS12322 Free SAS";"mlab3-par01";0.132960;380127.837886;"0.004012999";"darwin";"80.239.168.238";"bittorrent";1340014484;10599.835469;-1.000000;"e1f3ee7e-3572-47bc-b878-cf8ea6021dec";12322;"A8";"Paris";12;6;2012;0;18;"20120618"
"83.141.181.157";"FR";7.686000;48.582300;"AS21502 NUMERICABLE is a cable network operator in France, offering TV,VOICE and Internet services";"mlab3-par01";0.030062;3409319.070316;"0.004012999";"linux2";"80.239.168.238";"bittorrent";1340014633;121790.865340;-1.000000;"1390ea6f-3caa-43e1-bb68-8d9c6465099f";21502;"C1";"Eckbolsheim";12;6;2012;0;18;"20120618"
"89.227.218.129";"FR";2.350000;48.860000;"AS12670 COMPLETEL SAS France";"mlab3-par01";0.047930;711727.505579;"0.004012999";"win32";"80.239.168.238";"bittorrent";1340014843;100230.901887;-1.000000;"51b4f771-cd96-4baa-8c1a-eb22da4502c3";12670;"";"";12;6;2012;0;18;"20120618"
"82.65.195.222";"FR";2.350000;48.860000;"AS12322 Free SAS";"mlab3-par01";0.047251;1167227.867590;"0.004012999";"win32";"80.239.168.238";"speedtest";1340015080;98920.953937;0.050025;"5e5c2c6d-bdcf-4803-972a-b0b153a5bb5b";12322;"";"";12;6;2012;0;18;"20120618"
"89.92.65.188";"FR";2.350000;48.860000;"AS5410 Bouygues Telecom S.A.";"mlab3-par01";0.036304;3350926.716834;"0.004012999";"linux2";"80.239.168.238";"bittorrent";1340015172;107658.209587;-1.000000;"d2d42b59-7420-4851-8bd2-9aa524882d2e";5410;"";"";12;6;2012;0;18;"20120618"
"80.69.223.58";"FR";2.350000;48.860000;"AS34306 MOBIUS TECHNOLOGY AS";"mlab3-par01";0.404610;155026.680396;"0.004012999";"darwin";"80.239.168.238";"bittorrent";1340015180;29749.013280;-1.000000;"5f363a24-1358-4434-a0ba-362ce129c4e0";34306;"";"";12;6;2012;0;18;"20120618"
"88.189.232.213";"FR";2.333300;48.866700;"AS12322 Free SAS";"mlab3-par01";0.193021;110600.785124;"0.004012999";"darwin";"80.239.168.238";"speedtest";1340015996;8168.821805;0.166745;"e1f3ee7e-3572-47bc-b878-cf8ea6021dec";12322;"A8";"Paris";12;6;2012;0;18;"20120618"
"82.66.154.18";"FR";5.516700;43.516700;"AS12322 Free SAS";"mlab3-par01";0.034441;1135875.523220;"0.004012999";"darwin";"80.239.168.238";"speedtest";1340016382;71880.538538;0.038603;"c9fa46ae-cc27-4475-9dfe-3efe7ff34887";12322;"B8";"Aix-en-provence";12;6;2012;0;18;"20120618"
"89.92.65.188";"FR";2.350000;48.860000;"AS5410 Bouygues Telecom S.A.";"mlab3-par01";0.019514;3197362.691400;"0.004012999";"linux2";"80.239.168.238";"speedtest";1340016620;106836.128433;0.025266;"d2d42b59-7420-4851-8bd2-9aa524882d2e";5410;"";"";12;6;2012;0;18;"20120618"
"80.69.223.58";"FR";2.350000;48.860000;"AS34306 MOBIUS TECHNOLOGY AS";"mlab3-par01";0.613911;5111.034492;"0.004012999";"darwin";"80.239.168.238";"speedtest";1340016804;8590.129759;0.307006;"5f363a24-1358-4434-a0ba-362ce129c4e0";34306;"";"";12;6;2012;0;18;"20120618"
"88.166.7.10";"FR";2.250000;48.833300;"AS12322 Free SAS";"mlab3-par01";0.022093;1600661.653660;"0.004012999";"darwin";"80.239.168.238";"speedtest";1340016960;108283.550277;0.025768;"2620e803-fed0-4700-97da-47b56e60c909";12322;"A8";"Boulogne-billancourt";12;6;2012;0;18;"20120618"
"87.98.156.205";"FR";2.350000;48.860000;"AS16276 OVH Systems";"mlab3-par01";0.046515;793640.270403;"0.004012999";"linux2";"80.239.168.238";"bittorrent";1340017059;86414.086441;-1.000000;"3e12869b-1e3b-4407-b99f-ae8dd7cc5345";16276;"";"";12;6;2012;0;18;"20120618"
"217.128.133.72";"FR";2.350000;48.860000;"AS3215 Orange S.A.";"mlab3-par01";0.028536;432615.343421;"0.004006999";"darwin";"80.239.168.238";"bittorrent";1340017062;66113.229447;-1.000000;"91279bf8-2c59-4f66-ad82-3b674fd93a4f";3215;"";"";12;6;2012;0;18;"20120618"
"89.85.122.40";"FR";2.356100;48.832200;"AS5410 Bouygues Telecom S.A.";"mlab3-par01";0.033966;802409.451591;"0.004012999";"darwin";"80.239.168.238";"bittorrent";1340017073;26596.053780;-1.000000;"2da800c1-1a94-4ccc-896c-bd22a96ff2e6";5410;"A8";"Paris";12;6;2012;0;18;"20120618"
"89.226.177.172";"FR";2.382200;48.881700;"AS12670 COMPLETEL SAS France";"mlab3-par01";0.029812;599564.622084;"0.004012999";"darwin";"80.239.168.238";"speedtest";1340017448;87906.958984;0.033738;"935e26dc-fbd9-41ac-89fa-d9c155d4ca6e";12670;"A8";"Paris";13;6;2012;0;18;"20120618"
"95.142.175.137";"FR";2.350000;48.860000;"AS29169 Gandi SAS";"mlab3-par01";0.001084;32656643.286700;"0.004012999";"linux2";"80.239.168.238";"speedtest";1340017877;631498.264048;0.003015;"85561482-4e0b-4d8c-9974-2bc332d2a179";29169;"";"";13;6;2012;0;18;"20120618"
"78.226.182.89";"FR";5.892900;48.674600;"AS12322 Free SAS";"mlab3-par01";0.036262;98379.267829;"0.004012999";"darwin";"80.239.168.238";"speedtest";1340018694;57294.161034;0.043081;"32c2b496-078e-4069-a497-68fcc724600b";12322;"B2";"Toul";13;6;2012;0;18;"20120618"
"78.225.128.39";"FR";4.943000;45.631000;"AS12322 Free SAS";"mlab3-par01";0.032839;700007.769972;"0.004012999";"freebsd9";"80.239.168.238";"bittorrent";1340018919;38320.682372;-1.000000;"8c6a9f5d-2965-4c21-8131-62e9171c6b28";12322;"B9";"Chaponnay";13;6;2012;0;18;"20120618"
"80.69.223.58";"FR";2.350000;48.860000;"AS34306 MOBIUS TECHNOLOGY AS";"mlab3-par01";0.230913;143020.304948;"0.004012999";"darwin";"80.239.168.238";"bittorrent";1340018926;63231.926919;-1.000000;"5f363a24-1358-4434-a0ba-362ce129c4e0";34306;"";"";13;6;2012;0;18;"20120618"
"88.189.232.213";"FR";2.333300;48.866700;"AS12322 Free SAS";"mlab3-par01";0.083758;506387.330792;"0.004012999";"darwin";"80.239.168.238";"speedtest";1340019097;32006.225668;0.118749;"e1f3ee7e-3572-47bc-b878-cf8ea6021dec";12322;"A8";"Paris";13;6;2012;0;18;"20120618"
"95.142.175.137";"FR";2.350000;48.860000;"AS29169 Gandi SAS";"mlab3-par01";0.000865;34842674.944786;"0.004012999";"linux2";"80.239.168.238";"bittorrent";1340019505;669985.789403;-1.000000;"85561482-4e0b-4d8c-9974-2bc332d2a179";29169;"";"";13;6;2012;0;18;"20120618"
"82.65.195.222";"FR";2.350000;48.860000;"AS12322 Free SAS";"mlab3-par01";0.047655;492497.111100;"0.004012999";"win32";"80.239.168.238";"bittorrent";1340019756;106961.218648;-1.000000;"5e5c2c6d-bdcf-4803-972a-b0b153a5bb5b";12322;"";"";13;6;2012;0;18;"20120618"
"82.66.154.18";"FR";5.516700;43.516700;"AS12322 Free SAS";"mlab3-par01";0.034650;1089858.743310;"0.004012999";"darwin";"80.239.168.238";"speedtest";1340019786;89493.141715;0.043402;"c9fa46ae-cc27-4475-9dfe-3efe7ff34887";12322;"B8";"Aix-en-provence";13;6;2012;0;18;"20120618"
"88.166.7.10";"FR";2.250000;48.833300;"AS12322 Free SAS";"mlab3-par01";0.021910;1600777.365150;"0.004012999";"darwin";"80.239.168.238";"speedtest";1340019801;108103.256429;0.025713;"2620e803-fed0-4700-97da-47b56e60c909";12322;"A8";"Boulogne-billancourt";13;6;2012;0;18;"20120618"
"89.85.122.40";"FR";2.356100;48.832200;"AS5410 Bouygues Telecom S.A.";"mlab3-par01";0.039003;359758.942619;"0.004012999";"darwin";"80.239.168.238";"bittorrent";1340020019;13873.435908;-1.000000;"2da800c1-1a94-4ccc-896c-bd22a96ff2e6";5410;"A8";"Paris";13;6;2012;0;18;"20120618"
"87.98.156.205";"FR";2.350000;48.860000;"AS16276 OVH Systems";"mlab3-par01";0.048717;1116026.395722;"0.004012999";"linux2";"80.239.168.238";"bittorrent";1340020081;96336.004757;-1.000000;"3e12869b-1e3b-4407-b99f-ae8dd7cc5345";16276;"";"";13;6;2012;0;18;"20120618"
"80.69.223.58";"FR";2.350000;48.860000;"AS34306 MOBIUS TECHNOLOGY AS";"mlab3-par01";0.230412;12451.784804;"0.004012999";"darwin";"80.239.168.238";"speedtest";1340020352;18167.916631;0.252894;"5f363a24-1358-4434-a0ba-362ce129c4e0";34306;"";"";13;6;2012;0;18;"20120618"
"82.124.184.225";"FR";2.333300;48.866700;"AS3215 Orange S.A.";"mlab3-par01";0.025182;746825.259897;"0.004009999";"win32";"80.239.168.238";"speedtest";1340021043;106555.812103;0.022320;"beeda77c-f623-4881-b800-271159da9118";3215;"A8";"Paris";14;6;2012;0;18;"20120618"
"82.251.89.71";"FR";2.350000;48.860000;"AS12322 Free SAS";"mlab3-par01";0.038236;173535.367506;"0.004012999";"win32";"80.239.168.238";"bittorrent";1340021115;101522.895748;-1.000000;"e95464e9-9e36-42b0-a312-b8ee305f9357";12322;"";"";14;6;2012;0;18;"20120618"
"95.142.175.137";"FR";2.350000;48.860000;"AS29169 Gandi SAS";"mlab3-par01";0.000822;35166108.473500;"0.004012999";"linux2";"80.239.168.238";"speedtest";1340021132;664268.656141;0.002166;"85561482-4e0b-4d8c-9974-2bc332d2a179";29169;"";"";14;6;2012;0;18;"20120618"
"88.171.21.219";"FR";2.550000;48.833300;"AS12322 Free SAS";"mlab3-par01";0.172664;53001.531390;"0.004012999";"win32";"80.239.168.238";"speedtest";1340021159;92989.396916;0.148450;"e2957641-0324-42fe-a33c-189a4aa04991";12322;"A8";"Villiers-sur-marne";14;6;2012;0;18;"20120618"
"217.128.133.72";"FR";2.350000;48.860000;"AS3215 Orange S.A.";"mlab3-par01";0.031146;300954.419860;"0.004006999";"darwin";"80.239.168.238";"speedtest";1340021282;71799.193740;0.036418;"91279bf8-2c59-4f66-ad82-3b674fd93a4f";3215;"";"";14;6;2012;0;18;"20120618"
"82.230.48.190";"FR";2.550000;48.683300;"AS12322 Free SAS";"mlab3-par01";0.028560;717288.641157;"0.004012999";"win32";"80.239.168.238";"speedtest";1340021500;92085.826049;0.036335;"65b87c14-956e-45a4-a5ea-66bb1634a955";12322;"A8";"Quincy-sous-sénart";14;6;2012;0;18;"20120618"
"89.93.40.53";"FR";2.387600;48.841200;"AS5410 Bouygues Telecom S.A.";"mlab3-par01";0.007972;5688240.002576;"0.004012999";"win32";"80.239.168.238";"bittorrent";1340021634;611677.923332;-1.000000;"a6cb37e5-7073-4af7-9089-90dd38467e4e";5410;"A8";"Paris";14;6;2012;0;18;"20120618"
"89.226.177.172";"FR";2.382200;48.881700;"AS12670 COMPLETEL SAS France";"mlab3-par01";0.308617;443136.617464;"0.004012999";"darwin";"80.239.168.238";"bittorrent";1340021736;45859.095813;-1.000000;"935e26dc-fbd9-41ac-89fa-d9c155d4ca6e";12670;"A8";"Paris";14;6;2012;0;18;"20120618"
"89.87.19.107";"FR";4.837300;45.897600;"AS5410 Bouygues Telecom S.A.";"mlab3-par01";0.047929;444669.535408;"0.004012999";"win32";"80.239.168.238";"bittorrent";1340021998;81583.246768;-1.000000;"3ebb79be-0ab8-4492-bc1a-29b2c1d18f63";5410;"B9";"Genay";14;6;2012;0;18;"20120618"
"109.211.225.126";"FR";-1.490200;47.298200;"AS3215 Orange S.A.";"mlab3-par01";0.077928;264039.214280;"0.004012999";"win32";"80.239.168.238";"speedtest";1340022198;38958.696210;0.087070;"bafa252c-d1f6-41dd-8f48-e12a439c2fd8";3215;"B5";"Carquefou";14;6;2012;0;18;"20120618"
"88.189.232.213";"FR";2.333300;48.866700;"AS12322 Free SAS";"mlab3-par01";0.090837;323922.310936;"0.004012999";"darwin";"80.239.168.238";"speedtest";1340022514;16286.748999;0.093875;"e1f3ee7e-3572-47bc-b878-cf8ea6021dec";12322;"A8";"Paris";14;6;2012;0;18;"20120618"
"90.36.149.186";"FR";6.295900;46.350300;"AS3215 Orange S.A.";"mlab3-par01";0.029774;1825918.432240;"0.004012999";"linux2";"80.239.168.238";"speedtest";1340022608;98699.336935;0.031329;"b45f9dca-a436-4ba0-8cd1-b3e3e8b029fa";3215;"B9";"Messery";14;6;2012;0;18;"20120618"
"88.166.7.10";"FR";2.250000;48.833300;"AS12322 Free SAS";"mlab3-par01";0.022897;1599147.057510;"0.004012999";"darwin";"80.239.168.238";"speedtest";1340022642;108270.389994;0.025583;"2620e803-fed0-4700-97da-47b56e60c909";12322;"A8";"Boulogne-billancourt";14;6;2012;0;18;"20120618"
"88.171.21.219";"FR";2.550000;48.833300;"AS12322 Free SAS";"mlab3-par01";0.147749;84364.309945;"0.004012999";"win32";"80.239.168.238";"bittorrent";1340022770;94399.778863;-1.000000;"e2957641-0324-42fe-a33c-189a4aa04991";12322;"A8";"Villiers-sur-marne";14;6;2012;0;18;"20120618"
"82.65.195.222";"FR";2.350000;48.860000;"AS12322 Free SAS";"mlab3-par01";0.046483;532696.854028;"0.004012999";"win32";"80.239.168.238";"bittorrent";1340022847;102789.067748;-1.000000;"5e5c2c6d-bdcf-4803-972a-b0b153a5bb5b";12322;"";"";14;6;2012;0;18;"20120618"
"82.66.154.18";"FR";5.516700;43.516700;"AS12322 Free SAS";"mlab3-par01";0.035544;1103580.132520;"0.004012999";"darwin";"80.239.168.238";"speedtest";1340023033;107278.666378;0.039320;"c9fa46ae-cc27-4475-9dfe-3efe7ff34887";12322;"B8";"Aix-en-provence";14;6;2012;0;18;"20120618"
"87.98.156.205";"FR";2.350000;48.860000;"AS16276 OVH Systems";"mlab3-par01";0.046949;1754399.083516;"0.004012999";"linux2";"80.239.168.238";"bittorrent";1340023114;92404.562570;-1.000000;"3e12869b-1e3b-4407-b99f-ae8dd7cc5345";16276;"";"";14;6;2012;0;18;"20120618"
"89.226.177.172";"FR";2.382200;48.881700;"AS12670 COMPLETEL SAS France";"mlab3-par01";0.069167;520278.957363;"0.004012999";"darwin";"80.239.168.238";"speedtest";1340023166;36100.686271;0.094461;"935e26dc-fbd9-41ac-89fa-d9c155d4ca6e";12670;"A8";"Paris";14;6;2012;0;18;"20120618"
"78.225.128.39";"FR";4.943000;45.631000;"AS12322 Free SAS";"mlab3-par01";0.031654;668041.687743;"0.004012999";"freebsd9";"80.239.168.238";"speedtest";1340023543;38053.087510;0.040406;"8c6a9f5d-2965-4c21-8131-62e9171c6b28";12322;"B9";"Chaponnay";14;6;2012;0;18;"20120618"
"89.92.65.188";"FR";2.350000;48.860000;"AS5410 Bouygues Telecom S.A.";"mlab3-par01";0.029983;3325081.650049;"0.004012999";"linux2";"80.239.168.238";"bittorrent";1340023863;104785.287459;-1.000000;"d2d42b59-7420-4851-8bd2-9aa524882d2e";5410;"";"";14;6;2012;0;18;"20120618"
"88.189.232.213";"FR";2.333300;48.866700;"AS12322 Free SAS";"mlab3-par01";0.023823;1852781.986239;"0.004012999";"darwin";"80.239.168.238";"bittorrent";1340023991;103718.698182;-1.000000;"e1f3ee7e-3572-47bc-b878-cf8ea6021dec";12322;"A8";"Paris";14;6;2012;0;18;"20120618"
"90.36.149.186";"FR";6.295900;46.350300;"AS3215 Orange S.A.";"mlab3-par01";0.029541;1894712.035804;"0.004012999";"linux2";"80.239.168.238";"bittorrent";1340024019;94751.618362;-1.000000;"b45f9dca-a436-4ba0-8cd1-b3e3e8b029fa";3215;"B9";"Messery";14;6;2012;0;18;"20120618"
"82.66.154.18";"FR";5.516700;43.516700;"AS12322 Free SAS";"mlab3-par01";0.034464;1173723.736916;"0.004012999";"darwin";"80.239.168.238";"bittorrent";1340024660;120129.215725;-1.000000;"c9fa46ae-cc27-4475-9dfe-3efe7ff34887";12322;"B8";"Aix-en-provence";15;6;2012;0;18;"20120618"
"88.166.7.10";"FR";2.250000;48.833300;"AS12322 Free SAS";"mlab3-par01";0.022310;1596511.662200;"0.004012999";"darwin";"80.239.168.238";"speedtest";1340025482;108246.264433;0.026463;"2620e803-fed0-4700-97da-47b56e60c909";12322;"A8";"Boulogne-billancourt";15;6;2012;0;18;"20120618"
"82.124.184.225";"FR";2.333300;48.866700;"AS3215 Orange S.A.";"mlab3-par01";0.019931;761627.379368;"0.004009999";"win32";"80.239.168.238";"bittorrent";1340025772;95922.763334;-1.000000;"beeda77c-f623-4881-b800-271159da9118";3215;"A8";"Paris";15;6;2012;0;18;"20120618"
"82.230.48.190";"FR";2.550000;48.683300;"AS12322 Free SAS";"mlab3-par01";0.029139;1491765.496466;"0.004012999";"win32";"80.239.168.238";"bittorrent";1340025937;68427.435583;-1.000000;"65b87c14-956e-45a4-a5ea-66bb1634a955";12322;"A8";"Quincy-sous-sénart";15;6;2012;0;18;"20120618"
"90.36.149.186";"FR";6.295900;46.350300;"AS3215 Orange S.A.";"mlab3-par01";0.029455;1897739.070975;"0.004012999";"linux2";"80.239.168.238";"bittorrent";1340026841;106807.808196;-1.000000;"b45f9dca-a436-4ba0-8cd1-b3e3e8b029fa";3215;"B9";"Messery";15;6;2012;0;18;"20120618"
"109.211.225.126";"FR";-1.490200;47.298200;"AS3215 Orange S.A.";"mlab3-par01";0.043384;294279.120199;"0.004012999";"win32";"80.239.168.238";"bittorrent";1340026947;53565.056463;-1.000000;"bafa252c-d1f6-41dd-8f48-e12a439c2fd8";3215;"B5";"Carquefou";15;6;2012;0;18;"20120618"
"88.168.65.84";"FR";7.266100;43.703100;"AS12322 Free SAS";"mlab3-par01";0.034674;1244981.760690;"0.004009999";"linux2";"80.239.168.238";"speedtest";1340027242;105510.910287;0.038300;"771546d1-f829-46d4-8f2b-25988a7406d8";12322;"B8";"Nice";15;6;2012;0;18;"20120618"
"95.142.175.137";"FR";2.350000;48.860000;"AS29169 Gandi SAS";"mlab3-par01";0.001108;34645205.826400;"0.004012999";"linux2";"80.239.168.238";"speedtest";1340027644;623246.626343;0.002576;"85561482-4e0b-4d8c-9974-2bc332d2a179";29169;"";"";15;6;2012;0;18;"20120618"
"87.98.156.205";"FR";2.350000;48.860000;"AS16276 OVH Systems";"mlab3-par01";0.049476;661214.279675;"0.004012999";"linux2";"80.239.168.238";"speedtest";1340027657;96702.132819;0.051171;"3e12869b-1e3b-4407-b99f-ae8dd7cc5345";16276;"";"";15;6;2012;0;18;"20120618"
"89.87.19.107";"FR";4.837300;45.897600;"AS5410 Bouygues Telecom S.A.";"mlab3-par01";0.045983;285543.762813;"0.004012999";"win32";"80.239.168.238";"bittorrent";1340027983;58406.322744;-1.000000;"3ebb79be-0ab8-4492-bc1a-29b2c1d18f63";5410;"B9";"Genay";15;6;2012;0;18;"20120618"
"88.168.65.84";"FR";7.266100;43.703100;"AS12322 Free SAS";"mlab3-par01";0.035036;1345758.961798;"0.004009999";"linux2";"80.239.168.238";"bittorrent";1340028771;108908.821956;-1.000000;"771546d1-f829-46d4-8f2b-25988a7406d8";12322;"B8";"Nice";16;6;2012;0;18;"20120618"
"82.65.195.222";"FR";2.350000;48.860000;"AS12322 Free SAS";"mlab3-par01";0.047224;174657.423706;"0.004012999";"win32";"80.239.168.238";"bittorrent";1340029042;106969.811225;-1.000000;"5e5c2c6d-bdcf-4803-972a-b0b153a5bb5b";12322;"";"";16;6;2012;0;18;"20120618"
"82.66.154.18";"FR";5.516700;43.516700;"AS12322 Free SAS";"mlab3-par01";0.034875;1121954.929110;"0.004012999";"darwin";"80.239.168.238";"speedtest";1340029532;107461.101270;0.039225;"c9fa46ae-cc27-4475-9dfe-3efe7ff34887";12322;"B8";"Aix-en-provence";16;6;2012;0;18;"20120618"
"89.87.19.107";"FR";4.837300;45.897600;"AS5410 Bouygues Telecom S.A.";"mlab3-par01";0.046961;445935.801469;"0.004012999";"win32";"80.239.168.238";"speedtest";1340029566;39920.439810;0.049497;"3ebb79be-0ab8-4492-bc1a-29b2c1d18f63";5410;"B9";"Genay";16;6;2012;0;18;"20120618"
"89.92.65.188";"FR";2.350000;48.860000;"AS5410 Bouygues Telecom S.A.";"mlab3-par01";0.019199;3204159.397602;"0.004012999";"linux2";"80.239.168.238";"bittorrent";1340029656;111460.181065;-1.000000;"d2d42b59-7420-4851-8bd2-9aa524882d2e";5410;"";"";16;6;2012;0;18;"20120618"
"88.166.7.10";"FR";2.250000;48.833300;"AS12322 Free SAS";"mlab3-par01";0.023175;1467705.284116;"0.004012999";"darwin";"80.239.168.238";"bittorrent";1340029745;108643.786561;-1.000000;"2620e803-fed0-4700-97da-47b56e60c909";12322;"A8";"Boulogne-billancourt";16;6;2012;0;18;"20120618"
"89.226.177.172";"FR";2.382200;48.881700;"AS12670 COMPLETEL SAS France";"mlab3-par01";0.029919;568254.853795;"0.004012999";"darwin";"80.239.168.238";"bittorrent";1340030316;88038.291201;-1.000000;"935e26dc-fbd9-41ac-89fa-d9c155d4ca6e";12670;"A8";"Paris";16;6;2012;0;18;"20120618"
"82.124.184.225";"FR";2.333300;48.866700;"AS3215 Orange S.A.";"mlab3-par01";0.020082;752567.789431;"0.004009999";"win32";"80.239.168.238";"speedtest";1340030502;106553.384504;0.022318;"beeda77c-f623-4881-b800-271159da9118";3215;"A8";"Paris";16;6;2012;0;18;"20120618"
"87.98.156.205";"FR";2.350000;48.860000;"AS16276 OVH Systems";"mlab3-par01";0.084052;543617.279684;"0.004012999";"linux2";"80.239.168.238";"speedtest";1340030696;99029.967412;0.052669;"3e12869b-1e3b-4407-b99f-ae8dd7cc5345";16276;"";"";16;6;2012;0;18;"20120618"
"83.141.181.157";"FR";7.686000;48.582300;"AS21502 NUMERICABLE is a cable network operator in France, offering TV,VOICE and Internet services";"mlab3-par01";0.031430;3287200.142554;"0.004012999";"linux2";"80.239.168.238";"bittorrent";1340030720;121100.043157;-1.000000;"1390ea6f-3caa-43e1-bb68-8d9c6465099f";21502;"C1";"Eckbolsheim";16;6;2012;0;18;"20120618"
"194.199.19.88";"FR";5.722400;45.171500;"AS2200 Reseau National de telecommunications pour la Technologie";"mlab3-par01";0.024585;7615289.341160;"0.004012999";"win32";"80.239.168.238";"speedtest";1340030825;1107410.142910;0.025831;"f0f26fac-afa1-4bfd-8ecf-2a8d2bcbb8e8";2200;"B9";"Grenoble";16;6;2012;0;18;"20120618"
"90.36.149.186";"FR";6.295900;46.350300;"AS3215 Orange S.A.";"mlab3-par01";0.030279;1684431.141930;"0.004012999";"linux2";"80.239.168.238";"speedtest";1340031079;71577.222089;0.036521;"b45f9dca-a436-4ba0-8cd1-b3e3e8b029fa";3215;"B9";"Messery";16;6;2012;0;18;"20120618"
"88.166.7.10";"FR";2.250000;48.833300;"AS12322 Free SAS";"mlab3-par01";0.022577;1600889.684550;"0.004012999";"darwin";"80.239.168.238";"speedtest";1340031164;108228.898163;0.026670;"2620e803-fed0-4700-97da-47b56e60c909";12322;"A8";"Boulogne-billancourt";16;6;2012;0;18;"20120618"
"78.225.128.39";"FR";4.943000;45.631000;"AS12322 Free SAS";"mlab3-par01";0.033929;700001.032846;"0.004012999";"freebsd9";"80.239.168.238";"bittorrent";1340031258;38284.711242;-1.000000;"8c6a9f5d-2965-4c21-8131-62e9171c6b28";12322;"B9";"Chaponnay";16;6;2012;0;18;"20120618"
"89.85.122.40";"FR";2.356100;48.832200;"AS5410 Bouygues Telecom S.A.";"mlab3-par01";0.154953;781483.877820;"0.004012999";"darwin";"80.239.168.238";"bittorrent";1340031651;16524.145505;-1.000000;"2da800c1-1a94-4ccc-896c-bd22a96ff2e6";5410;"A8";"Paris";17;6;2012;0;18;"20120618"
"86.192.87.33";"FR";4.085200;48.300700;"AS3215 Orange S.A.";"mlab3-par01";0.075799;134231.588331;"0.004012999";"win32";"80.239.168.238";"speedtest";1340031770;20035.768783;0.065071;"f28a749d-6d99-4b7e-9bf6-71470652bdef";3215;"A4";"Troyes";17;6;2012;0;18;"20120618"
"82.124.184.225";"FR";2.333300;48.866700;"AS3215 Orange S.A.";"mlab3-par01";0.020887;763905.099521;"0.004009999";"win32";"80.239.168.238";"bittorrent";1340032078;106058.654418;-1.000000;"beeda77c-f623-4881-b800-271159da9118";3215;"A8";"Paris";17;6;2012;0;18;"20120618"
"82.249.189.19";"FR";2.350000;48.860000;"AS12322 Free SAS";"mlab3-par01";0.046863;164830.073405;"0.004012999";"win32";"80.239.168.238";"bittorrent";1340032135;106955.513674;-1.000000;"5e5c2c6d-bdcf-4803-972a-b0b153a5bb5b";12322;"";"";17;6;2012;0;18;"20120618"
"90.36.149.186";"FR";6.295900;46.350300;"AS3215 Orange S.A.";"mlab3-par01";0.029535;1534612.351414;"0.004012999";"linux2";"80.239.168.238";"bittorrent";1340032492;70642.764770;-1.000000;"b45f9dca-a436-4ba0-8cd1-b3e3e8b029fa";3215;"B9";"Messery";17;6;2012;0;18;"20120618"
"194.199.19.88";"FR";5.722400;45.171500;"AS2200 Reseau National de telecommunications pour la Technologie";"mlab3-par01";0.025452;7455740.919520;"0.004012999";"win32";"80.239.168.238";"speedtest";1340032525;1124545.204740;0.028877;"f0f26fac-afa1-4bfd-8ecf-2a8d2bcbb8e8";2200;"B9";"Grenoble";17;6;2012;0;18;"20120618"
"89.87.19.107";"FR";4.837300;45.897600;"AS5410 Bouygues Telecom S.A.";"mlab3-par01";0.047452;428237.500908;"0.004012999";"win32";"80.239.168.238";"speedtest";1340032737;60629.118966;0.049408;"3ebb79be-0ab8-4492-bc1a-29b2c1d18f63";5410;"B9";"Genay";17;6;2012;0;18;"20120618"
"89.226.177.172";"FR";2.382200;48.881700;"AS12670 COMPLETEL SAS France";"mlab3-par01";0.030233;601926.377731;"0.004012999";"darwin";"80.239.168.238";"bittorrent";1340033157;82126.079093;-1.000000;"935e26dc-fbd9-41ac-89fa-d9c155d4ca6e";12670;"A8";"Paris";17;6;2012;0;18;"20120618"
"88.189.232.213";"FR";2.333300;48.866700;"AS12322 Free SAS";"mlab3-par01";0.023097;1136774.739106;"0.004012999";"darwin";"80.239.168.238";"bittorrent";1340033630;51659.951128;-1.000000;"e1f3ee7e-3572-47bc-b878-cf8ea6021dec";12322;"A8";"Paris";17;6;2012;0;18;"20120618"
"87.98.156.205";"FR";2.350000;48.860000;"AS16276 OVH Systems";"mlab3-par01";0.044137;702606.202554;"0.004012999";"linux2";"80.239.168.238";"speedtest";1340033731;99223.755580;0.048250;"3e12869b-1e3b-4407-b99f-ae8dd7cc5345";16276;"";"";17;6;2012;0;18;"20120618"
"83.141.181.157";"FR";7.686000;48.582300;"AS21502 NUMERICABLE is a cable network operator in France, offering TV,VOICE and Internet services";"mlab3-par01";15.070067;2558796.029155;"0.004012999";"linux2";"80.239.168.238";"bittorrent";1340033954;120443.994031;-1.000000;"1390ea6f-3caa-43e1-bb68-8d9c6465099f";21502;"C1";"Eckbolsheim";17;6;2012;0;18;"20120618"
"89.92.65.188";"FR";2.350000;48.860000;"AS5410 Bouygues Telecom S.A.";"mlab3-par01";0.027227;3143867.058360;"0.004012999";"linux2";"80.239.168.238";"speedtest";1340033998;108884.167324;0.029353;"d2d42b59-7420-4851-8bd2-9aa524882d2e";5410;"";"";17;6;2012;0;18;"20120618"
"78.225.128.39";"FR";4.943000;45.631000;"AS12322 Free SAS";"mlab3-par01";0.033026;700117.917353;"0.004012999";"freebsd9";"80.239.168.238";"bittorrent";1340034343;38331.885721;-1.000000;"8c6a9f5d-2965-4c21-8131-62e9171c6b28";12322;"B9";"Chaponnay";17;6;2012;0;18;"20120618"
"89.226.177.172";"FR";2.382200;48.881700;"AS12670 COMPLETEL SAS France";"mlab3-par01";0.028807;593392.390097;"0.004012999";"darwin";"80.239.168.238";"speedtest";1340034568;71134.284374;0.037508;"935e26dc-fbd9-41ac-89fa-d9c155d4ca6e";12670;"A8";"Paris";17;6;2012;0;18;"20120618"
"88.168.65.84";"FR";7.266100;43.703100;"AS12322 Free SAS";"mlab3-par01";0.035511;1346157.647788;"0.004009999";"linux2";"80.239.168.238";"bittorrent";1340034880;108800.589961;-1.000000;"771546d1-f829-46d4-8f2b-25988a7406d8";12322;"B8";"Nice";17;6;2012;0;18;"20120618"
"88.189.232.213";"FR";2.333300;48.866700;"AS12322 Free SAS";"mlab3-par01";0.038920;1207152.498210;"0.004012999";"darwin";"80.239.168.238";"speedtest";1340035158;43240.806027;0.058176;"e1f3ee7e-3572-47bc-b878-cf8ea6021dec";12322;"A8";"Paris";17;6;2012;0;18;"20120618"
"87.98.156.205";"FR";2.350000;48.860000;"AS16276 OVH Systems";"mlab3-par01";0.043075;764537.393495;"0.004012999";"linux2";"80.239.168.238";"bittorrent";1340035245;81165.283370;-1.000000;"3e12869b-1e3b-4407-b99f-ae8dd7cc5345";16276;"";"";18;6;2012;0;18;"20120618"
"89.227.218.129";"FR";2.350000;48.860000;"AS12670 COMPLETEL SAS France";"mlab3-par01";0.047788;671817.463605;"0.004012999";"win32";"80.239.168.238";"bittorrent";1340035263;99684.869805;-1.000000;"51b4f771-cd96-4baa-8c1a-eb22da4502c3";12670;"";"";18;6;2012;0;18;"20120618"
"194.199.19.88";"FR";5.722400;45.171500;"AS2200 Reseau National de telecommunications pour la Technologie";"mlab3-par01";0.026491;6559379.346620;"0.004012999";"win32";"80.239.168.238";"speedtest";1340035426;1448708.432130;0.027396;"f0f26fac-afa1-4bfd-8ecf-2a8d2bcbb8e8";2200;"B9";"Grenoble";18;6;2012;0;18;"20120618"
"95.142.175.137";"FR";2.350000;48.860000;"AS29169 Gandi SAS";"mlab3-par01";0.001056;32396622.709019;"0.004012999";"linux2";"80.239.168.238";"bittorrent";1340035785;592501.309100;-1.000000;"85561482-4e0b-4d8c-9974-2bc332d2a179";29169;"";"";18;6;2012;0;18;"20120618"
"78.225.128.39";"FR";4.943000;45.631000;"AS12322 Free SAS";"mlab3-par01";0.033478;669524.663715;"0.004012999";"freebsd9";"80.239.168.238";"speedtest";1340035880;38581.546537;0.040896;"8c6a9f5d-2965-4c21-8131-62e9171c6b28";12322;"B9";"Chaponnay";18;6;2012;0;18;"20120618"
"89.87.19.107";"FR";4.837300;45.897600;"AS5410 Bouygues Telecom S.A.";"mlab3-par01";0.046609;427618.362904;"0.004012999";"win32";"80.239.168.238";"speedtest";1340035913;44874.591964;0.049410;"3ebb79be-0ab8-4492-bc1a-29b2c1d18f63";5410;"B9";"Genay";18;6;2012;0;18;"20120618"
"89.85.122.40";"FR";2.356100;48.832200;"AS5410 Bouygues Telecom S.A.";"mlab3-par01";0.036597;777906.452649;"0.004012999";"darwin";"80.239.168.238";"speedtest";1340035955;29407.097241;0.082598;"2da800c1-1a94-4ccc-896c-bd22a96ff2e6";5410;"A8";"Paris";18;6;2012;0;18;"20120618"
"82.66.154.18";"FR";5.516700;43.516700;"AS12322 Free SAS";"mlab3-par01";0.034311;1125912.062890;"0.004012999";"darwin";"80.239.168.238";"speedtest";1340036029;107309.509176;0.038558;"c9fa46ae-cc27-4475-9dfe-3efe7ff34887";12322;"B8";"Aix-en-provence";18;6;2012;0;18;"20120618"
"78.249.105.6";"FR";4.350000;43.833300;"AS12322 Free SAS";"mlab3-par01";0.035709;1306866.636420;"0.004012999";"linux2";"80.239.168.238";"speedtest";1340036353;108130.994834;0.038796;"c64d997c-2aa5-4cb9-9bce-43fde1ecbef5";12322;"A9";"Nîmes";18;6;2012;0;18;"20120618"
"86.192.87.33";"FR";4.085200;48.300700;"AS3215 Orange S.A.";"mlab3-par01";0.045358;199688.545781;"0.004012999";"win32";"80.239.168.238";"bittorrent";1340036649;15646.802102;-1.000000;"f28a749d-6d99-4b7e-9bf6-71470652bdef";3215;"A4";"Troyes";18;6;2012;0;18;"20120618"
"88.189.232.213";"FR";2.333300;48.866700;"AS12322 Free SAS";"mlab3-par01";0.031217;1407687.776393;"0.004012999";"darwin";"80.239.168.238";"bittorrent";1340036686;50823.941926;-1.000000;"e1f3ee7e-3572-47bc-b878-cf8ea6021dec";12322;"A8";"Paris";18;6;2012;0;18;"20120618"
"82.230.48.190";"FR";2.550000;48.683300;"AS12322 Free SAS";"mlab3-par01";0.031439;1399671.839360;"0.004012999";"win32";"80.239.168.238";"speedtest";1340036923;94012.612897;0.034630;"65b87c14-956e-45a4-a5ea-66bb1634a955";12322;"A8";"Quincy-sous-sénart";18;6;2012;0;18;"20120618"
"82.124.184.225";"FR";2.333300;48.866700;"AS3215 Orange S.A.";"mlab3-par01";0.020122;752319.603282;"0.004009999";"win32";"80.239.168.238";"speedtest";1340036806;107757.514376;0.022302;"beeda77c-f623-4881-b800-271159da9118";3215;"A8";"Paris";18;6;2012;0;18;"20120618"
"89.227.218.129";"FR";2.350000;48.860000;"AS12670 COMPLETEL SAS France";"mlab3-par01";0.057739;188408.387311;"0.004012999";"win32";"80.239.168.238";"speedtest";1340036850;89165.909855;0.064472;"51b4f771-cd96-4baa-8c1a-eb22da4502c3";12670;"";"";18;6;2012;0;18;"20120618"
"89.92.65.188";"FR";2.350000;48.860000;"AS5410 Bouygues Telecom S.A.";"mlab3-par01";0.026929;3102140.265540;"0.004012999";"linux2";"80.239.168.238";"speedtest";1340036895;105179.564756;0.026680;"d2d42b59-7420-4851-8bd2-9aa524882d2e";5410;"";"";18;6;2012;0;18;"20120618"
"95.142.175.137";"FR";2.350000;48.860000;"AS29169 Gandi SAS";"mlab3-par01";0.001138;33293704.957100;"0.004012999";"linux2";"80.239.168.238";"speedtest";1340037413;623397.411734;0.002471;"85561482-4e0b-4d8c-9974-2bc332d2a179";29169;"";"";18;6;2012;0;18;"20120618"
"88.187.32.19";"FR";7.016700;43.550000;"AS12322 Free SAS";"mlab3-par01";0.038883;1557183.712956;"0.004012999";"linux2";"80.239.168.238";"bittorrent";1340037911;100743.580662;-1.000000;"82e74acd-b259-45e3-abad-b198e19b0a45";12322;"B8";"Cannes";18;6;2012;0;18;"20120618"
"78.249.105.6";"FR";4.350000;43.833300;"AS12322 Free SAS";"mlab3-par01";0.035880;1230540.062320;"0.004012999";"linux2";"80.239.168.238";"bittorrent";1340037969;108653.477996;-1.000000;"c64d997c-2aa5-4cb9-9bce-43fde1ecbef5";12322;"A9";"Nîmes";18;6;2012;0;18;"20120618"
"82.230.48.190";"FR";2.550000;48.683300;"AS12322 Free SAS";"mlab3-par01";0.031031;1372867.103650;"0.004012999";"win32";"80.239.168.238";"bittorrent";1340038258;91878.518134;-1.000000;"65b87c14-956e-45a4-a5ea-66bb1634a955";12322;"A8";"Quincy-sous-sénart";18;6;2012;0;18;"20120618"
"89.92.65.188";"FR";2.350000;48.860000;"AS5410 Bouygues Telecom S.A.";"mlab3-par01";0.034498;2955819.030049;"0.004012999";"linux2";"80.239.168.238";"bittorrent";1340038345;110029.755322;-1.000000;"d2d42b59-7420-4851-8bd2-9aa524882d2e";5410;"";"";18;6;2012;0;18;"20120618"
"89.85.122.40";"FR";2.356100;48.832200;"AS5410 Bouygues Telecom S.A.";"mlab3-par01";0.034691;744963.773884;"0.004012999";"darwin";"80.239.168.238";"speedtest";1340038843;16713.054561;0.117375;"2da800c1-1a94-4ccc-896c-bd22a96ff2e6";5410;"A8";"Paris";19;6;2012;0;18;"20120618"
"95.142.175.137";"FR";2.350000;48.860000;"AS29169 Gandi SAS";"mlab3-par01";0.001066;28273563.283742;"0.004012999";"linux2";"80.239.168.238";"bittorrent";1340039041;614399.587504;-1.000000;"85561482-4e0b-4d8c-9974-2bc332d2a179";29169;"";"";19;6;2012;0;18;"20120618"
"89.226.177.172";"FR";2.382200;48.881700;"AS12670 COMPLETEL SAS France";"mlab3-par01";0.029661;623290.923257;"0.004012999";"darwin";"80.239.168.238";"bittorrent";1340039045;88164.208987;-1.000000;"935e26dc-fbd9-41ac-89fa-d9c155d4ca6e";12670;"A8";"Paris";19;6;2012;0;18;"20120618"
"88.171.21.219";"FR";2.550000;48.833300;"AS12322 Free SAS";"mlab3-par01";0.015040;256752.671700;"0.004012999";"win32";"80.239.168.238";"bittorrent";1340039182;105444.177619;-1.000000;"e2957641-0324-42fe-a33c-189a4aa04991";12322;"A8";"Villiers-sur-marne";19;6;2012;0;18;"20120618"
"82.66.154.18";"FR";5.516700;43.516700;"AS12322 Free SAS";"mlab3-par01";0.034380;1083091.961530;"0.004012999";"darwin";"80.239.168.238";"speedtest";1340039278;107434.777595;0.038937;"c9fa46ae-cc27-4475-9dfe-3efe7ff34887";12322;"B8";"Aix-en-provence";19;6;2012;0;18;"20120618"
"88.168.65.84";"FR";7.266100;43.703100;"AS12322 Free SAS";"mlab3-par01";0.036014;1225724.801120;"0.004009999";"linux2";"80.239.168.238";"speedtest";1340039461;105295.317965;0.039024;"771546d1-f829-46d4-8f2b-25988a7406d8";12322;"B8";"Nice";19;6;2012;0;18;"20120618"
"89.92.65.188";"FR";2.350000;48.860000;"AS5410 Bouygues Telecom S.A.";"mlab3-par01";0.021123;3174753.054680;"0.004012999";"linux2";"80.239.168.238";"speedtest";1340039792;104213.781578;0.033153;"d2d42b59-7420-4851-8bd2-9aa524882d2e";5410;"";"";19;6;2012;0;18;"20120618"
"82.124.184.225";"FR";2.333300;48.866700;"AS3215 Orange S.A.";"mlab3-par01";0.020757;751383.623055;"0.004009999";"win32";"80.239.168.238";"speedtest";1340039958;103435.971781;0.022500;"beeda77c-f623-4881-b800-271159da9118";3215;"A8";"Paris";19;6;2012;0;18;"20120618"
"89.226.177.172";"FR";2.382200;48.881700;"AS12670 COMPLETEL SAS France";"mlab3-par01";0.029737;606121.680149;"0.004012999";"darwin";"80.239.168.238";"speedtest";1340040455;85506.212127;0.034008;"935e26dc-fbd9-41ac-89fa-d9c155d4ca6e";12670;"A8";"Paris";19;6;2012;0;18;"20120618"
"78.225.128.39";"FR";4.943000;45.631000;"AS12322 Free SAS";"mlab3-par01";0.032004;484249.341152;"0.004012999";"freebsd9";"80.239.168.238";"bittorrent";1340040514;38318.860795;-1.000000;"8c6a9f5d-2965-4c21-8131-62e9171c6b28";12322;"B9";"Chaponnay";19;6;2012;0;18;"20120618"
"78.226.182.89";"FR";5.892900;48.674600;"AS12322 Free SAS";"mlab3-par01";0.036115;95538.167762;"0.004012999";"darwin";"80.239.168.238";"speedtest";1340040606;57300.909234;0.064768;"32c2b496-078e-4069-a497-68fcc724600b";12322;"B2";"Toul";19;6;2012;0;18;"20120618"
"89.93.40.53";"FR";2.387600;48.841200;"AS5410 Bouygues Telecom S.A.";"mlab3-par01";0.008208;4672955.533567;"0.004012999";"win32";"80.239.168.238";"bittorrent";1340040634;611945.495360;-1.000000;"a6cb37e5-7073-4af7-9089-90dd38467e4e";5410;"A8";"Paris";19;6;2012;0;18;"20120618"
"82.66.154.18";"FR";5.516700;43.516700;"AS12322 Free SAS";"mlab3-par01";0.034198;831065.702415;"0.004012999";"darwin";"80.239.168.238";"bittorrent";1340040906;108666.771608;-1.000000;"c9fa46ae-cc27-4475-9dfe-3efe7ff34887";12322;"B8";"Aix-en-provence";19;6;2012;0;18;"20120618"
"78.224.188.9";"FR";5.356100;43.568700;"AS12322 Free SAS";"mlab3-par01";0.037733;571008.532157;"0.004012999";"win32";"80.239.168.238";"speedtest";1340040936;106091.817467;0.039889;"796abef9-ae86-44dc-8bb6-90ce99255354";12322;"B8";"Éguilles";19;6;2012;0;18;"20120618"
"88.187.32.19";"FR";7.016700;43.550000;"AS12322 Free SAS";"mlab3-par01";0.038559;1652918.902855;"0.004012999";"linux2";"80.239.168.238";"bittorrent";1340041040;99558.011153;-1.000000;"82e74acd-b259-45e3-abad-b198e19b0a45";12322;"B8";"Cannes";19;6;2012;0;18;"20120618"
"78.249.105.6";"FR";4.350000;43.833300;"AS12322 Free SAS";"mlab3-par01";0.035558;850973.232786;"0.004012999";"linux2";"80.239.168.238";"bittorrent";1340041180;107396.135540;-1.000000;"c64d997c-2aa5-4cb9-9bce-43fde1ecbef5";12322;"A9";"Nîmes";19;6;2012;0;18;"20120618"
"87.98.156.205";"FR";2.350000;48.860000;"AS16276 OVH Systems";"mlab3-par01";0.044001;819387.674305;"0.004012999";"linux2";"80.239.168.238";"bittorrent";1340041295;783733.793808;-1.000000;"3e12869b-1e3b-4407-b99f-ae8dd7cc5345";16276;"";"";19;6;2012;0;18;"20120618"
"82.230.48.190";"FR";2.550000;48.683300;"AS12322 Free SAS";"mlab3-par01";0.027788;1287756.403827;"0.004012999";"win32";"80.239.168.238";"bittorrent";1340041338;94192.311910;-1.000000;"65b87c14-956e-45a4-a5ea-66bb1634a955";12322;"A8";"Quincy-sous-sénart";19;6;2012;0;18;"20120618"
"86.192.87.33";"FR";4.085200;48.300700;"AS3215 Orange S.A.";"mlab3-par01";0.065728;232692.369020;"0.004012999";"win32";"80.239.168.238";"speedtest";1340041495;21399.746987;0.064499;"f28a749d-6d99-4b7e-9bf6-71470652bdef";3215;"A4";"Troyes";19;6;2012;0;18;"20120618"
"89.227.218.129";"FR";2.350000;48.860000;"AS12670 COMPLETEL SAS France";"mlab3-par01";0.048185;676636.093269;"0.004012999";"win32";"80.239.168.238";"bittorrent";1340041688;99168.638780;-1.000000;"51b4f771-cd96-4baa-8c1a-eb22da4502c3";12670;"";"";19;6;2012;0;18;"20120618"
"89.85.122.40";"FR";2.356100;48.832200;"AS5410 Bouygues Telecom S.A.";"mlab3-par01";0.036001;610102.354450;"0.004012999";"darwin";"80.239.168.238";"speedtest";1340041737;10592.703457;0.088564;"2da800c1-1a94-4ccc-896c-bd22a96ff2e6";5410;"A8";"Paris";19;6;2012;0;18;"20120618"
"83.141.181.157";"FR";7.686000;48.582300;"AS21502 NUMERICABLE is a cable network operator in France, offering TV,VOICE and Internet services";"mlab3-par01";0.029517;1905985.549740;"0.004012999";"linux2";"80.239.168.238";"speedtest";1340041966;122319.089942;0.033286;"1390ea6f-3caa-43e1-bb68-8d9c6465099f";21502;"C1";"Eckbolsheim";19;6;2012;0;18;"20120618"
"78.225.128.39";"FR";4.943000;45.631000;"AS12322 Free SAS";"mlab3-par01";0.034652;667899.828821;"0.004012999";"freebsd9";"80.239.168.238";"speedtest";1340042050;38578.137874;0.040613;"8c6a9f5d-2965-4c21-8131-62e9171c6b28";12322;"B9";"Chaponnay";19;6;2012;0;18;"20120618"
"95.142.175.137";"FR";2.350000;48.860000;"AS29169 Gandi SAS";"mlab3-par01";0.001101;32409831.149145;"0.004012999";"linux2";"80.239.168.238";"bittorrent";1340042295;645477.757856;-1.000000;"85561482-4e0b-4d8c-9974-2bc332d2a179";29169;"";"";19;6;2012;0;18;"20120618"
"90.36.149.186";"FR";6.295900;46.350300;"AS3215 Orange S.A.";"mlab3-par01";0.030677;1738747.373150;"0.004012999";"linux2";"80.239.168.238";"speedtest";1340042370;79682.030362;0.033850;"b45f9dca-a436-4ba0-8cd1-b3e3e8b029fa";3215;"B9";"Messery";19;6;2012;0;18;"20120618"
"88.168.65.84";"FR";7.266100;43.703100;"AS12322 Free SAS";"mlab3-par01";0.034998;1301953.497800;"0.004009999";"linux2";"80.239.168.238";"speedtest";1340042516;107972.016488;0.038710;"771546d1-f829-46d4-8f2b-25988a7406d8";12322;"B8";"Nice";20;6;2012;0;18;"20120618"
"88.166.7.10";"FR";2.250000;48.833300;"AS12322 Free SAS";"mlab3-par01";0.023527;1596957.079170;"0.004012999";"darwin";"80.239.168.238";"speedtest";1340042526;108266.874956;0.026629;"2620e803-fed0-4700-97da-47b56e60c909";12322;"A8";"Boulogne-billancourt";20;6;2012;0;18;"20120618"
"78.249.58.66";"FR";5.722400;45.171500;"AS12322 Free SAS";"mlab3-par01";0.033812;973578.920947;"0.004012999";"win32";"80.239.168.238";"speedtest";1340042574;95013.599029;0.039622;"f0f26fac-afa1-4bfd-8ecf-2a8d2bcbb8e8";12322;"B9";"Grenoble";20;6;2012;0;18;"20120618"
"80.69.223.58";"FR";2.350000;48.860000;"AS34306 MOBIUS TECHNOLOGY AS";"mlab3-par01";0.230021;53604.821429;"0.004012999";"darwin";"80.239.168.238";"bittorrent";1340042579;71080.856221;-1.000000;"5f363a24-1358-4434-a0ba-362ce129c4e0";34306;"";"";20;6;2012;0;18;"20120618"
"89.92.65.188";"FR";2.350000;48.860000;"AS5410 Bouygues Telecom S.A.";"mlab3-par01";0.023024;3009019.252730;"0.004012999";"linux2";"80.239.168.238";"speedtest";1340042690;109089.107809;0.026826;"d2d42b59-7420-4851-8bd2-9aa524882d2e";5410;"";"";20;6;2012;0;18;"20120618"
"82.230.48.190";"FR";2.550000;48.683300;"AS12322 Free SAS";"mlab3-par01";0.028826;638450.825723;"0.004012999";"win32";"80.239.168.238";"speedtest";1340043087;94237.302688;0.033774;"65b87c14-956e-45a4-a5ea-66bb1634a955";12322;"A8";"Quincy-sous-sénart";20;6;2012;0;18;"20120618"
"82.249.189.19";"FR";2.350000;48.860000;"AS12322 Free SAS";"mlab3-par01";0.047529;358047.325344;"0.004012999";"win32";"80.239.168.238";"speedtest";1340042911;94971.107170;0.050389;"5e5c2c6d-bdcf-4803-972a-b0b153a5bb5b";12322;"";"";20;6;2012;0;18;"20120618"
"82.251.89.71";"FR";2.350000;48.860000;"AS12322 Free SAS";"mlab3-par01";0.037948;164204.472867;"0.004012999";"win32";"80.239.168.238";"bittorrent";1340043255;99514.004120;-1.000000;"e95464e9-9e36-42b0-a312-b8ee305f9357";12322;"";"";20;6;2012;0;18;"20120618"
"89.226.177.172";"FR";2.382200;48.881700;"AS12670 COMPLETEL SAS France";"mlab3-par01";0.030950;562129.511484;"0.004012999";"darwin";"80.239.168.238";"speedtest";1340043280;78882.240062;0.034429;"935e26dc-fbd9-41ac-89fa-d9c155d4ca6e";12670;"A8";"Paris";20;6;2012;0;18;"20120618"
"78.225.128.39";"FR";4.943000;45.631000;"AS12322 Free SAS";"mlab3-par01";0.034029;632356.775858;"0.004012999";"freebsd9";"80.239.168.238";"bittorrent";1340043597;38282.684830;-1.000000;"8c6a9f5d-2965-4c21-8131-62e9171c6b28";12322;"B9";"Chaponnay";20;6;2012;0;18;"20120618"
"89.87.19.107";"FR";4.837300;45.897600;"AS5410 Bouygues Telecom S.A.";"mlab3-par01";0.046815;450457.558780;"0.004012999";"win32";"80.239.168.238";"bittorrent";1340043943;51461.154850;-1.000000;"3ebb79be-0ab8-4492-bc1a-29b2c1d18f63";5410;"B9";"Genay";20;6;2012;0;18;"20120618"
"78.249.58.66";"FR";5.722400;45.171500;"AS12322 Free SAS";"mlab3-par01";0.037472;826454.544996;"0.004012999";"win32";"80.239.168.238";"bittorrent";1340043988;108146.082402;-1.000000;"f0f26fac-afa1-4bfd-8ecf-2a8d2bcbb8e8";12322;"B9";"Grenoble";20;6;2012;0;18;"20120618"
"88.168.65.84";"FR";7.266100;43.703100;"AS12322 Free SAS";"mlab3-par01";0.035522;1350580.830047;"0.004009999";"linux2";"80.239.168.238";"bittorrent";1340044044;108875.541139;-1.000000;"771546d1-f829-46d4-8f2b-25988a7406d8";12322;"B8";"Nice";20;6;2012;0;18;"20120618"
"89.85.122.40";"FR";2.356100;48.832200;"AS5410 Bouygues Telecom S.A.";"mlab3-par01";0.037074;735986.858873;"0.004012999";"darwin";"80.239.168.238";"speedtest";1340044636;27566.549753;0.084725;"2da800c1-1a94-4ccc-896c-bd22a96ff2e6";5410;"A8";"Paris";20;6;2012;0;18;"20120618"
"90.36.149.186";"FR";6.295900;46.350300;"AS3215 Orange S.A.";"mlab3-par01";0.029226;1701186.761860;"0.004012999";"linux2";"80.239.168.238";"speedtest";1340045193;74633.997231;0.032568;"b45f9dca-a436-4ba0-8cd1-b3e3e8b029fa";3215;"B9";"Messery";20;6;2012;0;18;"20120618"
"88.166.7.10";"FR";2.250000;48.833300;"AS12322 Free SAS";"mlab3-par01";0.023423;1607144.663690;"0.004012999";"darwin";"80.239.168.238";"speedtest";1340045366;108029.137669;0.026261;"2620e803-fed0-4700-97da-47b56e60c909";12322;"A8";"Boulogne-billancourt";20;6;2012;0;18;"20120618"
"95.142.175.137";"FR";2.350000;48.860000;"AS29169 Gandi SAS";"mlab3-par01";0.001153;33075132.388277;"0.004012999";"linux2";"80.239.168.238";"bittorrent";1340045552;647844.814353;-1.000000;"85561482-4e0b-4d8c-9974-2bc332d2a179";29169;"";"";20;6;2012;0;18;"20120618"
"89.85.122.40";"FR";2.356100;48.832200;"AS5410 Bouygues Telecom S.A.";"mlab3-par01";0.201169;791635.609854;"0.004012999";"darwin";"80.239.168.238";"bittorrent";1340046082;22461.634917;-1.000000;"2da800c1-1a94-4ccc-896c-bd22a96ff2e6";5410;"A8";"Paris";21;6;2012;0;18;"20120618"
"89.227.218.129";"FR";2.350000;48.860000;"AS12670 COMPLETEL SAS France";"mlab3-par01";0.049927;546992.022994;"0.004012999";"win32";"80.239.168.238";"speedtest";1340046446;95201.144131;0.052606;"51b4f771-cd96-4baa-8c1a-eb22da4502c3";12670;"";"";21;6;2012;0;18;"20120618"
"90.36.149.186";"FR";6.295900;46.350300;"AS3215 Orange S.A.";"mlab3-par01";0.029667;1671468.813516;"0.004012999";"linux2";"80.239.168.238";"bittorrent";1340046608;60155.441889;-1.000000;"b45f9dca-a436-4ba0-8cd1-b3e3e8b029fa";3215;"B9";"Messery";21;6;2012;0;18;"20120618"
"88.166.7.10";"FR";2.250000;48.833300;"AS12322 Free SAS";"mlab3-par01";0.022451;1598107.627478;"0.004012999";"darwin";"80.239.168.238";"bittorrent";1340046789;108599.385559;-1.000000;"2620e803-fed0-4700-97da-47b56e60c909";12322;"A8";"Boulogne-billancourt";21;6;2012;0;18;"20120618"
"88.171.21.219";"FR";2.550000;48.833300;"AS12322 Free SAS";"mlab3-par01";0.008666;261226.385565;"0.004012999";"win32";"80.239.168.238";"speedtest";1340047196;104472.885365;0.013774;"e2957641-0324-42fe-a33c-189a4aa04991";12322;"A8";"Villiers-sur-marne";21;6;2012;0;18;"20120618"
"88.187.32.19";"FR";7.016700;43.550000;"AS12322 Free SAS";"mlab3-par01";0.038977;1432515.997976;"0.004012999";"linux2";"80.239.168.238";"bittorrent";1340047325;125423.697415;-1.000000;"82e74acd-b259-45e3-abad-b198e19b0a45";12322;"B8";"Cannes";21;6;2012;0;18;"20120618"
"87.98.156.205";"FR";2.350000;48.860000;"AS16276 OVH Systems";"mlab3-par01";0.043441;651345.548864;"0.004012999";"linux2";"80.239.168.238";"bittorrent";1340047382;97454.927107;-1.000000;"3e12869b-1e3b-4407-b99f-ae8dd7cc5345";16276;"";"";21;6;2012;0;18;"20120618"
"82.249.189.19";"FR";2.350000;48.860000;"AS12322 Free SAS";"mlab3-par01";0.046712;122037.520306;"0.004012999";"win32";"80.239.168.238";"bittorrent";1340047605;106731.763822;-1.000000;"5e5c2c6d-bdcf-4803-972a-b0b153a5bb5b";12322;"";"";21;6;2012;0;18;"20120618"
"82.124.184.225";"FR";2.333300;48.866700;"AS3215 Orange S.A.";"mlab3-par01";0.019912;763827.500517;"0.004009999";"win32";"80.239.168.238";"bittorrent";1340047838;105970.856649;-1.000000;"beeda77c-f623-4881-b800-271159da9118";3215;"A8";"Paris";21;6;2012;0;18;"20120618"
"90.36.149.186";"FR";6.295900;46.350300;"AS3215 Orange S.A.";"mlab3-par01";0.029738;1602161.585600;"0.004012999";"linux2";"80.239.168.238";"speedtest";1340048019;68438.416088;0.032953;"b45f9dca-a436-4ba0-8cd1-b3e3e8b029fa";3215;"B9";"Messery";21;6;2012;0;18;"20120618"
"78.225.128.39";"FR";4.943000;45.631000;"AS12322 Free SAS";"mlab3-par01";0.034033;261972.706849;"0.004012999";"freebsd9";"80.239.168.238";"speedtest";1340048229;36097.700694;0.042062;"8c6a9f5d-2965-4c21-8131-62e9171c6b28";12322;"B9";"Chaponnay";21;6;2012;0;18;"20120618"
"89.92.65.188";"FR";2.350000;48.860000;"AS5410 Bouygues Telecom S.A.";"mlab3-par01";0.025574;2509743.729880;"0.004012999";"linux2";"80.239.168.238";"speedtest";1340048483;106243.207026;0.028589;"d2d42b59-7420-4851-8bd2-9aa524882d2e";5410;"";"";21;6;2012;0;18;"20120618"
"89.93.40.53";"FR";2.387600;48.841200;"AS5410 Bouygues Telecom S.A.";"mlab3-par01";0.008301;4802789.145410;"0.004012999";"win32";"80.239.168.238";"speedtest";1340048760;609294.015468;0.010253;"a6cb37e5-7073-4af7-9089-90dd38467e4e";5410;"A8";"Paris";21;6;2012;0;18;"20120618"
"82.230.48.190";"FR";2.550000;48.683300;"AS12322 Free SAS";"mlab3-par01";0.041545;221838.653718;"0.004012999";"win32";"80.239.168.238";"speedtest";1340049265;92884.791805;0.035265;"65b87c14-956e-45a4-a5ea-66bb1634a955";12322;"A8";"Quincy-sous-sénart";21;6;2012;0;18;"20120618"
"82.249.189.19";"FR";2.350000;48.860000;"AS12322 Free SAS";"mlab3-par01";0.046930;77370.248604;"0.004012999";"win32";"80.239.168.238";"speedtest";1340049111;98834.279841;0.050114;"5e5c2c6d-bdcf-4803-972a-b0b153a5bb5b";12322;"";"";21;6;2012;0;18;"20120618"
"78.249.105.6";"FR";4.350000;43.833300;"AS12322 Free SAS";"mlab3-par01";0.039510;253847.954969;"0.004012999";"linux2";"80.239.168.238";"speedtest";1340049209;108170.118680;0.039744;"c64d997c-2aa5-4cb9-9bce-43fde1ecbef5";12322;"A9";"Nîmes";21;6;2012;0;18;"20120618"
"88.138.200.84";"FR";0.267600;47.945100;"AS8228 Societe Francaise du Radiotelephone S.A";"mlab3-par01";0.045771;471872.250713;"0.004012999";"win32";"80.239.168.238";"bittorrent";1340049314;54526.223711;-1.000000;"bafa252c-d1f6-41dd-8f48-e12a439c2fd8";8228;"B5";"Ruaudin";21;6;2012;0;18;"20120618"
"88.166.7.10";"FR";2.250000;48.833300;"AS12322 Free SAS";"mlab3-par01";0.023186;1630637.421008;"0.004012999";"darwin";"80.239.168.238";"bittorrent";1340049629;108714.770747;-1.000000;"2620e803-fed0-4700-97da-47b56e60c909";12322;"A8";"Boulogne-billancourt";22;6;2012;0;18;"20120618"
"78.249.58.66";"FR";5.722400;45.171500;"AS12322 Free SAS";"mlab3-par01";0.037185;217706.360469;"0.004012999";"win32";"80.239.168.238";"bittorrent";1340049669;108885.395616;-1.000000;"f0f26fac-afa1-4bfd-8ecf-2a8d2bcbb8e8";12322;"B9";"Grenoble";22;6;2012;0;18;"20120618"
"83.141.181.157";"FR";7.686000;48.582300;"AS21502 NUMERICABLE is a cable network operator in France, offering TV,VOICE and Internet services";"mlab3-par01";0.045119;1599315.035694;"0.004012999";"linux2";"80.239.168.238";"bittorrent";1340049952;68043.751876;-1.000000;"1390ea6f-3caa-43e1-bb68-8d9c6465099f";21502;"C1";"Eckbolsheim";22;6;2012;0;18;"20120618"
"89.87.19.107";"FR";4.837300;45.897600;"AS5410 Bouygues Telecom S.A.";"mlab3-par01";0.046400;446297.722064;"0.004012999";"win32";"80.239.168.238";"bittorrent";1340050302;80759.266473;-1.000000;"3ebb79be-0ab8-4492-bc1a-29b2c1d18f63";5410;"B9";"Genay";22;6;2012;0;18;"20120618"
"95.142.175.137";"FR";2.350000;48.860000;"AS29169 Gandi SAS";"mlab3-par01";0.001123;32570502.848400;"0.004012999";"linux2";"80.239.168.238";"speedtest";1340050435;686508.473186;0.002474;"85561482-4e0b-4d8c-9974-2bc332d2a179";29169;"";"";22;6;2012;0;18;"20120618"
"82.66.154.18";"FR";5.516700;43.516700;"AS12322 Free SAS";"mlab3-par01";0.036052;185401.438359;"0.004012999";"darwin";"80.239.168.238";"bittorrent";1340050675;99711.456923;-1.000000;"c9fa46ae-cc27-4475-9dfe-3efe7ff34887";12322;"B8";"Aix-en-provence";22;6;2012;0;18;"20120618"
"82.249.189.19";"FR";2.350000;48.860000;"AS12322 Free SAS";"mlab3-par01";0.047441;98363.891405;"0.004012999";"win32";"80.239.168.238";"bittorrent";1340050696;106954.355135;-1.000000;"5e5c2c6d-bdcf-4803-972a-b0b153a5bb5b";12322;"";"";22;6;2012;0;18;"20120618"
"78.249.105.6";"FR";4.350000;43.833300;"AS12322 Free SAS";"mlab3-par01";0.034558;204637.622521;"0.004012999";"linux2";"80.239.168.238";"bittorrent";1340050815;104170.373202;-1.000000;"c64d997c-2aa5-4cb9-9bce-43fde1ecbef5";12322;"A9";"Nîmes";22;6;2012;0;18;"20120618"
"90.36.149.186";"FR";6.295900;46.350300;"AS3215 Orange S.A.";"mlab3-par01";0.030000;1710076.190570;"0.004012999";"linux2";"80.239.168.238";"speedtest";1340050839;74490.835487;0.032924;"b45f9dca-a436-4ba0-8cd1-b3e3e8b029fa";3215;"B9";"Messery";22;6;2012;0;18;"20120618"
"82.124.184.225";"FR";2.333300;48.866700;"AS3215 Orange S.A.";"mlab3-par01";0.041708;406218.749913;"0.004009999";"win32";"80.239.168.238";"bittorrent";1340050999;93492.800897;-1.000000;"beeda77c-f623-4881-b800-271159da9118";3215;"A8";"Paris";22;6;2012;0;18;"20120618"
"88.166.7.10";"FR";2.250000;48.833300;"AS12322 Free SAS";"mlab3-par01";0.022532;1596932.796360;"0.004012999";"darwin";"80.239.168.238";"speedtest";1340051048;107575.887273;0.026111;"2620e803-fed0-4700-97da-47b56e60c909";12322;"A8";"Boulogne-billancourt";22;6;2012;0;18;"20120618"
"87.98.156.205";"FR";2.350000;48.860000;"AS16276 OVH Systems";"mlab3-par01";0.044094;673444.081241;"0.004012999";"linux2";"80.239.168.238";"speedtest";1340051918;99107.214288;0.048540;"3e12869b-1e3b-4407-b99f-ae8dd7cc5345";16276;"";"";22;6;2012;0;18;"20120618"
"82.249.189.19";"FR";2.350000;48.860000;"AS12322 Free SAS";"mlab3-par01";0.046671;108341.381217;"0.004012999";"win32";"80.239.168.238";"speedtest";1340052197;96440.757824;0.067615;"5e5c2c6d-bdcf-4803-972a-b0b153a5bb5b";12322;"";"";22;6;2012;0;18;"20120618"
"31.34.129.35";"FR";2.236700;48.939400;"AS5410 Bouygues Telecom S.A.";"mlab3-par01";0.031919;980849.836520;"0.004012999";"linux2";"80.239.168.238";"bittorrent";1340052245;49079.247461;-1.000000;"e2c2fec8-7257-4354-9f0c-3285266a37cd";5410;"A8";"Argenteuil";22;6;2012;0;18;"20120618"
"90.36.149.186";"FR";6.295900;46.350300;"AS3215 Orange S.A.";"mlab3-par01";0.029438;1534697.793259;"0.004012999";"linux2";"80.239.168.238";"bittorrent";1340052254;77860.695285;-1.000000;"b45f9dca-a436-4ba0-8cd1-b3e3e8b029fa";3215;"B9";"Messery";22;6;2012;0;18;"20120618"
"88.166.7.10";"FR";2.250000;48.833300;"AS12322 Free SAS";"mlab3-par01";0.021720;1638024.313225;"0.004012999";"darwin";"80.239.168.238";"bittorrent";1340052470;108761.342061;-1.000000;"2620e803-fed0-4700-97da-47b56e60c909";12322;"A8";"Boulogne-billancourt";22;6;2012;0;18;"20120618"
"89.226.177.172";"FR";2.382200;48.881700;"AS12670 COMPLETEL SAS France";"mlab3-par01";0.031729;529032.777694;"0.004012999";"darwin";"80.239.168.238";"bittorrent";1340052522;84380.950334;-1.000000;"935e26dc-fbd9-41ac-89fa-d9c155d4ca6e";12670;"A8";"Paris";22;6;2012;0;18;"20120618"
"78.225.128.39";"FR";4.943000;45.631000;"AS12322 Free SAS";"mlab3-par01";0.031037;447280.658211;"0.004012999";"freebsd9";"80.239.168.238";"bittorrent";1340052868;32576.998271;-1.000000;"8c6a9f5d-2965-4c21-8131-62e9171c6b28";12322;"B9";"Chaponnay";22;6;2012;0;18;"20120618"
"78.224.188.9";"FR";5.356100;43.568700;"AS12322 Free SAS";"mlab3-par01";0.038067;278839.526371;"0.004012999";"win32";"80.239.168.238";"speedtest";1340052901;104946.007398;0.040453;"796abef9-ae86-44dc-8bb6-90ce99255354";12322;"B8";"Éguilles";22;6;2012;0;18;"20120618"
"82.251.89.71";"FR";2.350000;48.860000;"AS12322 Free SAS";"mlab3-par01";0.038849;154713.542206;"0.004012999";"win32";"80.239.168.238";"speedtest";1340052940;95238.360313;0.044872;"e95464e9-9e36-42b0-a312-b8ee305f9357";12322;"";"";22;6;2012;0;18;"20120618"
"83.141.181.157";"FR";7.686000;48.582300;"AS21502 NUMERICABLE is a cable network operator in France, offering TV,VOICE and Internet services";"mlab3-par01";0.033026;86140.276160;"0.004012999";"linux2";"80.239.168.238";"bittorrent";1340053146;121097.690846;-1.000000;"1390ea6f-3caa-43e1-bb68-8d9c6465099f";21502;"C1";"Eckbolsheim";22;6;2012;0;18;"20120618"
"89.85.122.40";"FR";2.356100;48.832200;"AS5410 Bouygues Telecom S.A.";"mlab3-par01";0.183678;737412.964482;"0.004012999";"darwin";"80.239.168.238";"speedtest";1340053279;14762.588950;0.136957;"2da800c1-1a94-4ccc-896c-bd22a96ff2e6";5410;"A8";"Paris";23;6;2012;0;18;"20120618"
"95.142.175.137";"FR";2.350000;48.860000;"AS29169 Gandi SAS";"mlab3-par01";0.001101;33092009.489300;"0.004012999";"linux2";"80.239.168.238";"speedtest";1340053691;606808.005056;0.002459;"85561482-4e0b-4d8c-9974-2bc332d2a179";29169;"";"";23;6;2012;0;18;"20120618"
"82.249.189.19";"FR";2.350000;48.860000;"AS12322 Free SAS";"mlab3-par01";0.046922;142408.041394;"0.004012999";"win32";"80.239.168.238";"bittorrent";1340053780;106963.987419;-1.000000;"5e5c2c6d-bdcf-4803-972a-b0b153a5bb5b";12322;"";"";23;6;2012;0;18;"20120618"
"88.166.7.10";"FR";2.250000;48.833300;"AS12322 Free SAS";"mlab3-par01";0.022843;1540841.460040;"0.004012999";"darwin";"80.239.168.238";"speedtest";1340053889;108186.109800;0.026545;"2620e803-fed0-4700-97da-47b56e60c909";12322;"A8";"Boulogne-billancourt";23;6;2012;0;18;"20120618"
"89.226.177.172";"FR";2.382200;48.881700;"AS12670 COMPLETEL SAS France";"mlab3-par01";0.034525;589901.071894;"0.004012999";"darwin";"80.239.168.238";"speedtest";1340053932;87403.682217;0.033699;"935e26dc-fbd9-41ac-89fa-d9c155d4ca6e";12670;"A8";"Paris";23;6;2012;0;18;"20120618"
"78.224.112.128";"FR";2.487600;48.606000;"AS12322 Free SAS";"mlab3-par01";0.047305;626690.506504;"0.004011999";"win32";"80.239.168.238";"speedtest";1340054093;107101.765719;0.044319;"0e059743-0f93-48fa-9132-a4c66e8522a7";12322;"A8";"Corbeil-essonnes";23;6;2012;0;18;"20120618"
"89.85.122.40";"FR";2.356100;48.832200;"AS5410 Bouygues Telecom S.A.";"mlab3-par01";0.058849;1087955.030248;"0.004012999";"darwin";"80.239.168.238";"bittorrent";1340054726;36651.332061;-1.000000;"2da800c1-1a94-4ccc-896c-bd22a96ff2e6";5410;"A8";"Paris";23;6;2012;0;18;"20120618"
"87.98.156.205";"FR";2.350000;48.860000;"AS16276 OVH Systems";"mlab3-par01";0.044224;711220.363355;"0.004012999";"linux2";"80.239.168.238";"speedtest";1340054951;98246.196409;0.051265;"3e12869b-1e3b-4407-b99f-ae8dd7cc5345";16276;"";"";23;6;2012;0;18;"20120618"
"81.65.114.101";"FR";4.396600;45.715300;"AS21502 NUMERICABLE is a cable network operator in France, offering TV,VOICE and Internet services";"mlab3-par01";0.045010;975589.454876;"0.004012999";"darwin";"80.239.168.238";"bittorrent";1340055020;406127.824208;-1.000000;"fb4528ae-e53c-43e2-b72a-a21cff000b79";21502;"B9";"Haute-rivoire";23;6;2012;0;18;"20120618"
"90.36.149.186";"FR";6.295900;46.350300;"AS3215 Orange S.A.";"mlab3-par01";0.029436;1619822.820018;"0.004012999";"linux2";"80.239.168.238";"bittorrent";1340055077;73126.739944;-1.000000;"b45f9dca-a436-4ba0-8cd1-b3e3e8b029fa";3215;"B9";"Messery";23;6;2012;0;18;"20120618"
"82.230.48.190";"FR";2.550000;48.683300;"AS12322 Free SAS";"mlab3-par01";0.034623;1074648.802070;"0.004012999";"win32";"80.239.168.238";"speedtest";1340055426;92542.303876;0.034300;"65b87c14-956e-45a4-a5ea-66bb1634a955";12322;"A8";"Quincy-sous-sénart";23;6;2012;0;18;"20120618"
"82.66.154.18";"FR";5.516700;43.516700;"AS12322 Free SAS";"mlab3-par01";0.033534;1152902.026430;"0.004012999";"darwin";"80.239.168.238";"speedtest";1340056231;107514.614067;0.038902;"c9fa46ae-cc27-4475-9dfe-3efe7ff34887";12322;"B8";"Aix-en-provence";23;6;2012;0;18;"20120618"
"88.138.200.84";"FR";0.267600;47.945100;"AS8228 Societe Francaise du Radiotelephone S.A";"mlab3-par01";0.047347;520989.095717;"0.004012999";"win32";"80.239.168.238";"speedtest";1340056329;61362.704681;0.062693;"bafa252c-d1f6-41dd-8f48-e12a439c2fd8";8228;"B5";"Ruaudin";23;6;2012;0;18;"20120618"
"87.98.156.205";"FR";2.350000;48.860000;"AS16276 OVH Systems";"mlab3-par01";0.043606;836859.142454;"0.004012999";"linux2";"80.239.168.238";"bittorrent";1340056489;133366.378588;-1.000000;"3e12869b-1e3b-4407-b99f-ae8dd7cc5345";16276;"";"";23;6;2012;0;18;"20120618"
"78.224.112.128";"FR";2.487600;48.606000;"AS12322 Free SAS";"mlab3-par01";0.023873;1986289.135590;"0.004011999";"win32";"80.239.168.238";"speedtest";1340057001;109133.243941;0.027601;"0e059743-0f93-48fa-9132-a4c66e8522a7";12322;"A8";"Corbeil-essonnes";0;6;2012;1;19;"20120618"
"89.92.65.188";"FR";2.350000;48.860000;"AS5410 Bouygues Telecom S.A.";"mlab3-par01";0.034992;2642569.437520;"0.004012999";"linux2";"80.239.168.238";"speedtest";1340057189;108155.071304;0.038458;"d2d42b59-7420-4851-8bd2-9aa524882d2e";5410;"";"";0;6;2012;1;19;"20120618"
"88.168.65.84";"FR";7.266100;43.703100;"AS12322 Free SAS";"mlab3-par01";0.036179;1283484.610530;"0.004009999";"linux2";"80.239.168.238";"speedtest";1340057790;108179.121047;0.038419;"771546d1-f829-46d4-8f2b-25988a7406d8";12322;"B8";"Nice";0;6;2012;1;19;"20120618"
"83.141.181.157";"FR";7.686000;48.582300;"AS21502 NUMERICABLE is a cable network operator in France, offering TV,VOICE and Internet services";"mlab3-par01";0.033645;2520233.008460;"0.004012999";"linux2";"80.239.168.238";"speedtest";1340057947;122284.104752;0.033284;"1390ea6f-3caa-43e1-bb68-8d9c6465099f";21502;"C1";"Eckbolsheim";0;6;2012;1;19;"20120618"
"87.98.156.205";"FR";2.350000;48.860000;"AS16276 OVH Systems";"mlab3-par01";0.043996;717404.968782;"0.004012999";"linux2";"80.239.168.238";"speedtest";1340058000;98296.691588;0.048455;"3e12869b-1e3b-4407-b99f-ae8dd7cc5345";16276;"";"";0;6;2012;1;19;"20120618"
"31.34.129.35";"FR";2.236700;48.939400;"AS5410 Bouygues Telecom S.A.";"mlab3-par01";0.031827;981208.207787;"0.004012999";"linux2";"80.239.168.238";"bittorrent";1340058119;62832.509279;-1.000000;"e2c2fec8-7257-4354-9f0c-3285266a37cd";5410;"A8";"Argenteuil";0;6;2012;1;19;"20120618"
"88.166.7.10";"FR";2.250000;48.833300;"AS12322 Free SAS";"mlab3-par01";0.021615;1639469.883351;"0.004012999";"darwin";"80.239.168.238";"bittorrent";1340058151;108325.419040;-1.000000;"2620e803-fed0-4700-97da-47b56e60c909";12322;"A8";"Boulogne-billancourt";0;6;2012;1;19;"20120618"
"82.249.189.19";"FR";2.350000;48.860000;"AS12322 Free SAS";"mlab3-par01";0.046247;425859.364624;"0.004012999";"win32";"80.239.168.238";"speedtest";1340058371;98597.924460;0.049707;"5e5c2c6d-bdcf-4803-972a-b0b153a5bb5b";12322;"";"";0;6;2012;1;19;"20120618"
"95.142.175.137";"FR";2.350000;48.860000;"AS29169 Gandi SAS";"mlab3-par01";0.001120;33647279.901824;"0.004012999";"linux2";"80.239.168.238";"bittorrent";1340058575;601508.874444;-1.000000;"85561482-4e0b-4d8c-9974-2bc332d2a179";29169;"";"";0;6;2012;1;19;"20120618"
"89.92.65.188";"FR";2.350000;48.860000;"AS5410 Bouygues Telecom S.A.";"mlab3-par01";0.026888;3141718.105050;"0.004012999";"linux2";"80.239.168.238";"bittorrent";1340058642;95721.237829;-1.000000;"d2d42b59-7420-4851-8bd2-9aa524882d2e";5410;"";"";0;6;2012;1;19;"20120618"
"88.138.200.84";"FR";0.267600;47.945100;"AS8228 Societe Francaise du Radiotelephone S.A";"mlab3-par01";0.059557;521156.535485;"0.004012999";"win32";"80.239.168.238";"speedtest";1340059147;60363.842326;0.060082;"bafa252c-d1f6-41dd-8f48-e12a439c2fd8";8228;"B5";"Ruaudin";0;6;2012;1;19;"20120618"
"82.66.154.18";"FR";5.516700;43.516700;"AS12322 Free SAS";"mlab3-par01";0.035030;1126849.527910;"0.004012999";"darwin";"80.239.168.238";"speedtest";1340059311;107097.637239;0.038679;"c9fa46ae-cc27-4475-9dfe-3efe7ff34887";12322;"B8";"Aix-en-provence";0;6;2012;1;19;"20120618"
"88.168.65.84";"FR";7.266100;43.703100;"AS12322 Free SAS";"mlab3-par01";0.036079;1347622.007452;"0.004009999";"linux2";"80.239.168.238";"bittorrent";1340059320;108883.205777;-1.000000;"771546d1-f829-46d4-8f2b-25988a7406d8";12322;"B8";"Nice";0;6;2012;1;19;"20120618"
"82.230.48.190";"FR";2.550000;48.683300;"AS12322 Free SAS";"mlab3-par01";0.028724;1022473.553999;"0.004012999";"win32";"80.239.168.238";"bittorrent";1340059846;83886.764423;-1.000000;"65b87c14-956e-45a4-a5ea-66bb1634a955";12322;"A8";"Quincy-sous-sénart";0;6;2012;1;19;"20120618"
"89.92.65.188";"FR";2.350000;48.860000;"AS5410 Bouygues Telecom S.A.";"mlab3-par01";0.024967;3044480.961920;"0.004012999";"linux2";"80.239.168.238";"speedtest";1340060092;60424.732772;0.026964;"d2d42b59-7420-4851-8bd2-9aa524882d2e";5410;"";"";0;6;2012;1;19;"20120618"
"89.85.122.40";"FR";2.356100;48.832200;"AS5410 Bouygues Telecom S.A.";"mlab3-par01";0.174442;797990.234317;"0.004012999";"darwin";"80.239.168.238";"bittorrent";1340060479;15272.234135;-1.000000;"2da800c1-1a94-4ccc-896c-bd22a96ff2e6";5410;"A8";"Paris";1;6;2012;1;19;"20120618"
"88.138.200.84";"FR";0.267600;47.945100;"AS8228 Societe Francaise du Radiotelephone S.A";"mlab3-par01";0.045665;511501.298774;"0.004012999";"win32";"80.239.168.238";"bittorrent";1340060552;43448.417821;-1.000000;"bafa252c-d1f6-41dd-8f48-e12a439c2fd8";8228;"B5";"Ruaudin";1;6;2012;1;19;"20120618"
"90.36.149.186";"FR";6.295900;46.350300;"AS3215 Orange S.A.";"mlab3-par01";0.048210;1669697.618354;"0.004012999";"linux2";"80.239.168.238";"bittorrent";1340060722;75108.490564;-1.000000;"b45f9dca-a436-4ba0-8cd1-b3e3e8b029fa";3215;"B9";"Messery";1;6;2012;1;19;"20120618"
"88.168.65.84";"FR";7.266100;43.703100;"AS12322 Free SAS";"mlab3-par01";0.035235;1241609.800470;"0.004009999";"linux2";"80.239.168.238";"speedtest";1340060845;108167.905470;0.038391;"771546d1-f829-46d4-8f2b-25988a7406d8";12322;"B8";"Nice";1;6;2012;1;19;"20120618"
"82.66.154.18";"FR";5.516700;43.516700;"AS12322 Free SAS";"mlab3-par01";0.035733;1150490.407533;"0.004012999";"darwin";"80.239.168.238";"bittorrent";1340060852;110895.978494;-1.000000;"c9fa46ae-cc27-4475-9dfe-3efe7ff34887";12322;"B8";"Aix-en-provence";1;6;2012;1;19;"20120618"
"88.166.7.10";"FR";2.250000;48.833300;"AS12322 Free SAS";"mlab3-par01";0.022261;1647156.895713;"0.004012999";"darwin";"80.239.168.238";"bittorrent";1340060992;108466.765821;-1.000000;"2620e803-fed0-4700-97da-47b56e60c909";12322;"A8";"Boulogne-billancourt";1;6;2012;1;19;"20120618"
"31.34.129.35";"FR";2.236700;48.939400;"AS5410 Bouygues Telecom S.A.";"mlab3-par01";0.031220;980894.413432;"0.004012999";"linux2";"80.239.168.238";"bittorrent";1340061054;66313.895224;-1.000000;"e2c2fec8-7257-4354-9f0c-3285266a37cd";5410;"A8";"Argenteuil";1;6;2012;1;19;"20120618"
"83.141.181.157";"FR";7.686000;48.582300;"AS21502 NUMERICABLE is a cable network operator in France, offering TV,VOICE and Internet services";"mlab3-par01";0.032751;2010939.962700;"0.004012999";"linux2";"80.239.168.238";"speedtest";1340061138;122390.953126;0.032560;"1390ea6f-3caa-43e1-bb68-8d9c6465099f";21502;"C1";"Eckbolsheim";1;6;2012;1;19;"20120618"
"82.230.48.190";"FR";2.550000;48.683300;"AS12322 Free SAS";"mlab3-par01";0.028879;1134084.476820;"0.004012999";"win32";"80.239.168.238";"speedtest";1340061598;92123.768837;0.038905;"65b87c14-956e-45a4-a5ea-66bb1634a955";12322;"A8";"Quincy-sous-sénart";1;6;2012;1;19;"20120618"
"88.138.200.84";"FR";0.267600;47.945100;"AS8228 Societe Francaise du Radiotelephone S.A";"mlab3-par01";0.045188;484300.355557;"0.004012999";"win32";"80.239.168.238";"speedtest";1340061951;75913.192641;0.052383;"bafa252c-d1f6-41dd-8f48-e12a439c2fd8";8228;"B5";"Ruaudin";1;6;2012;1;19;"20120618"
"78.225.128.39";"FR";4.943000;45.631000;"AS12322 Free SAS";"mlab3-par01";0.032199;696931.197540;"0.004012999";"freebsd9";"80.239.168.238";"bittorrent";1340062121;38220.168057;-1.000000;"8c6a9f5d-2965-4c21-8131-62e9171c6b28";12322;"B9";"Chaponnay";1;6;2012;1;19;"20120618"
"87.98.156.205";"FR";2.350000;48.860000;"AS16276 OVH Systems";"mlab3-par01";0.043580;582110.700548;"0.004012999";"linux2";"80.239.168.238";"bittorrent";1340062542;95861.825405;-1.000000;"3e12869b-1e3b-4407-b99f-ae8dd7cc5345";16276;"";"";1;6;2012;1;19;"20120618"
"88.138.200.84";"FR";0.267600;47.945100;"AS8228 Societe Francaise du Radiotelephone S.A";"mlab3-par01";0.056690;492387.594608;"0.004012999";"win32";"80.239.168.238";"bittorrent";1340063363;39273.271508;-1.000000;"bafa252c-d1f6-41dd-8f48-e12a439c2fd8";8228;"B5";"Ruaudin";1;6;2012;1;19;"20120618"
"95.142.175.137";"FR";2.350000;48.860000;"AS29169 Gandi SAS";"mlab3-par01";0.001053;28420192.579000;"0.004012999";"linux2";"80.239.168.238";"speedtest";1340063458;674633.106369;0.002425;"85561482-4e0b-4d8c-9974-2bc332d2a179";29169;"";"";1;6;2012;1;19;"20120618"
"88.166.7.10";"FR";2.250000;48.833300;"AS12322 Free SAS";"mlab3-par01";0.022930;1646575.250919;"0.004012999";"darwin";"80.239.168.238";"bittorrent";1340063832;108489.527511;-1.000000;"2620e803-fed0-4700-97da-47b56e60c909";12322;"A8";"Boulogne-billancourt";1;6;2012;1;19;"20120618"
"82.72.97.219";"NL";5.750000;52.500000;"AS9143 Ziggo B.V.";"mlab2-ams02";0.024614;4821337.718368;"0.004012999";"darwin";"72.26.217.96";"bittorrent";1339978324;864034.417545;-1.000000;"c33b4d6e-bcfc-499d-91e0-0ce4ccfa16cd";9143;"";"";2;6;2012;0;18;"20120618"
"83.143.188.187";"NL";5.750000;52.500000;"AS31673 Uniserver Internet B.V.";"mlab2-ams02";0.017821;2051206.266240;"0.004012999";"win32";"72.26.217.96";"speedtest";1339982001;816249.119589;0.015987;"997a283e-d807-4fe9-922a-5a17954a752b";31673;"";"";3;6;2012;0;18;"20120618"
"82.171.145.6";"NL";5.750000;52.500000;"AS5615 Koninklijke KPN N.V.";"mlab2-ams02";0.098452;654911.388809;"0.004012999";"darwin";"72.26.217.96";"bittorrent";1339981278;108296.430108;-1.000000;"c890f61d-5863-4538-b423-e697d00771f8";5615;"";"";3;6;2012;0;18;"20120618"
"82.171.145.6";"NL";5.750000;52.500000;"AS5615 Koninklijke KPN N.V.";"mlab2-ams02";0.098124;680877.790864;"0.004012999";"darwin";"72.26.217.96";"bittorrent";1339987357;123379.282081;-1.000000;"c890f61d-5863-4538-b423-e697d00771f8";5615;"";"";4;6;2012;0;18;"20120618"
"83.160.172.95";"NL";4.707000;52.022600;"AS3265 XS4ALL Internet BV";"mlab2-ams02";0.074308;251515.514823;"0.004012999";"win32";"72.26.217.96";"speedtest";1339988184;16054.429902;0.053185;"e078e51a-f032-4f30-83ee-a782f83c2cc3";3265;"11";"Gouda";4;6;2012;0;18;"20120618"
"82.139.117.216";"NL";5.750000;52.500000;"AS41887 Prolocation AS";"mlab2-ams02";0.004432;2693914.038407;"0.004012999";"darwin";"72.26.217.96";"bittorrent";1339988540;3613741.174317;-1.000000;"44eae906-042b-4aa3-b1a8-1c349c1ff293";41887;"";"";5;6;2012;0;18;"20120618"
"82.171.145.6";"NL";5.750000;52.500000;"AS5615 Koninklijke KPN N.V.";"mlab2-ams02";0.096282;681753.152018;"0.004012999";"darwin";"72.26.217.96";"bittorrent";1339993434;123072.956955;-1.000000;"c890f61d-5863-4538-b423-e697d00771f8";5615;"";"";6;6;2012;0;18;"20120618"
"82.139.117.216";"NL";5.750000;52.500000;"AS41887 Prolocation AS";"mlab2-ams02";0.132126;2759287.378958;"0.004012999";"darwin";"72.26.217.96";"bittorrent";1339994517;5722212.650173;-1.000000;"44eae906-042b-4aa3-b1a8-1c349c1ff293";41887;"";"";6;6;2012;0;18;"20120618"
"82.171.145.6";"NL";5.750000;52.500000;"AS5615 Koninklijke KPN N.V.";"mlab2-ams02";0.096888;594133.007237;"0.004012999";"darwin";"72.26.217.96";"speedtest";1339994954;104805.687238;0.099298;"c890f61d-5863-4538-b423-e697d00771f8";5615;"";"";6;6;2012;0;18;"20120618"
"82.139.117.216";"NL";5.750000;52.500000;"AS41887 Prolocation AS";"mlab2-ams02";0.005346;2837524.505970;"0.004012999";"darwin";"72.26.217.96";"speedtest";1339996016;4730935.835760;0.005447;"44eae906-042b-4aa3-b1a8-1c349c1ff293";41887;"";"";7;6;2012;0;18;"20120618"
"82.171.145.6";"NL";5.750000;52.500000;"AS5615 Koninklijke KPN N.V.";"mlab2-ams02";0.098519;682506.542603;"0.004012999";"darwin";"72.26.217.96";"bittorrent";1339996476;127307.134170;-1.000000;"c890f61d-5863-4538-b423-e697d00771f8";5615;"";"";7;6;2012;0;18;"20120618"
"82.72.97.219";"NL";5.750000;52.500000;"AS9143 Ziggo B.V.";"mlab2-ams02";0.044918;3885632.405360;"0.004012999";"darwin";"72.26.217.96";"speedtest";1339997687;857683.599744;0.027682;"c33b4d6e-bcfc-499d-91e0-0ce4ccfa16cd";9143;"";"";7;6;2012;0;18;"20120618"
"83.143.188.187";"NL";5.750000;52.500000;"AS31673 Uniserver Internet B.V.";"mlab2-ams02";0.014649;1712318.216270;"0.004012999";"win32";"72.26.217.96";"speedtest";1339999378;884350.425028;0.015975;"997a283e-d807-4fe9-922a-5a17954a752b";31673;"";"";8;6;2012;0;18;"20120618"
"83.160.172.95";"NL";4.707000;52.022600;"AS3265 XS4ALL Internet BV";"mlab2-ams02";0.360875;229126.493469;"0.004012999";"win32";"72.26.217.96";"bittorrent";1339999118;18751.683056;-1.000000;"e078e51a-f032-4f30-83ee-a782f83c2cc3";3265;"11";"Gouda";7;6;2012;0;18;"20120618"
"80.101.233.154";"NL";4.916700;52.350000;"AS3265 XS4ALL Internet BV";"mlab2-ams02";0.005885;1990017.642330;"0.004012999";"darwin";"72.26.217.96";"speedtest";1340002299;3041919.743420;0.006339;"02960c2f-7906-4ccf-b06b-04f9cd4b368b";3265;"07";"Amsterdam";8;6;2012;0;18;"20120618"
"188.121.234.93";"FR";2.333300;48.866700;"AS44530 Ajova Network";"mlab2-ams02";1.019615;340742.452329;"0.004012999";"darwin";"72.26.217.96";"speedtest";1340004265;237596.395146;0.050438;"affdd276-d617-457c-bd9f-185d039ca24f";44530;"A8";"Paris";9;6;2012;0;18;"20120618"
"80.101.233.154";"NL";4.916700;52.350000;"AS3265 XS4ALL Internet BV";"mlab2-ams02";0.005054;1908843.948260;"0.004012999";"darwin";"72.26.217.96";"speedtest";1340005405;2800024.746180;0.005773;"02960c2f-7906-4ccf-b06b-04f9cd4b368b";3265;"07";"Amsterdam";9;6;2012;0;18;"20120618"
"83.160.172.95";"NL";4.707000;52.022600;"AS3265 XS4ALL Internet BV";"mlab2-ams02";0.440838;186404.582367;"0.004012999";"win32";"72.26.217.96";"bittorrent";1340005407;12899.079385;-1.000000;"e078e51a-f032-4f30-83ee-a782f83c2cc3";3265;"11";"Gouda";9;6;2012;0;18;"20120618"
"62.69.181.5";"NL";5.750000;52.500000;"AS23148 Terremark";"mlab2-ams02";0.095002;75722.328538;"0.004012999";"darwin";"72.26.217.96";"bittorrent";1340008593;454364.442126;-1.000000;"c890f61d-5863-4538-b423-e697d00771f8";23148;"";"";10;6;2012;0;18;"20120618"
"83.143.188.187";"NL";5.750000;52.500000;"AS31673 Uniserver Internet B.V.";"mlab2-ams02";0.024837;2998139.911842;"0.004012999";"win32";"72.26.217.96";"bittorrent";1340011395;860244.341695;-1.000000;"997a283e-d807-4fe9-922a-5a17954a752b";31673;"";"";11;6;2012;0;18;"20120618"
"188.121.234.93";"FR";2.333300;48.866700;"AS44530 Ajova Network";"mlab2-ams02";0.046379;306974.944439;"0.004012999";"darwin";"72.26.217.96";"bittorrent";1340012347;245738.154629;-1.000000;"affdd276-d617-457c-bd9f-185d039ca24f";44530;"A8";"Paris";11;6;2012;0;18;"20120618"
"82.139.117.216";"NL";5.750000;52.500000;"AS41887 Prolocation AS";"mlab2-ams02";0.005034;3775804.062330;"0.004012999";"darwin";"72.26.217.96";"speedtest";1340013958;5755018.371640;0.017401;"44eae906-042b-4aa3-b1a8-1c349c1ff293";41887;"";"";12;6;2012;0;18;"20120618"
"62.69.181.5";"NL";5.750000;52.500000;"AS23148 Terremark";"mlab2-ams02";0.082794;43934.114864;"0.004012999";"darwin";"72.26.217.96";"bittorrent";1340014696;792020.770780;-1.000000;"c890f61d-5863-4538-b423-e697d00771f8";23148;"";"";12;6;2012;0;18;"20120618"
"83.160.172.95";"NL";4.707000;52.022600;"AS3265 XS4ALL Internet BV";"mlab2-ams02";0.721826;93641.170752;"0.004012999";"win32";"72.26.217.96";"bittorrent";1340014812;22493.653351;-1.000000;"e078e51a-f032-4f30-83ee-a782f83c2cc3";3265;"11";"Gouda";12;6;2012;0;18;"20120618"
"82.72.97.219";"NL";5.750000;52.500000;"AS9143 Ziggo B.V.";"mlab2-ams02";0.030577;1694822.594840;"0.004012999";"darwin";"72.26.217.96";"speedtest";1340015568;738265.817099;0.038883;"c33b4d6e-bcfc-499d-91e0-0ce4ccfa16cd";9143;"";"";12;6;2012;0;18;"20120618"
"188.121.234.93";"FR";2.333300;48.866700;"AS44530 Ajova Network";"mlab2-ams02";1.027378;486866.227083;"0.004012999";"darwin";"72.26.217.96";"speedtest";1340017195;196147.298409;0.050226;"affdd276-d617-457c-bd9f-185d039ca24f";44530;"A8";"Paris";12;6;2012;0;18;"20120618"
"62.69.181.5";"NL";5.750000;52.500000;"AS23148 Terremark";"mlab2-ams02";0.091044;71902.318450;"0.004012999";"darwin";"72.26.217.96";"bittorrent";1340017749;634478.075140;-1.000000;"c890f61d-5863-4538-b423-e697d00771f8";23148;"";"";13;6;2012;0;18;"20120618"
"83.160.172.95";"NL";4.707000;52.022600;"AS3265 XS4ALL Internet BV";"mlab2-ams02";0.067008;250377.704657;"0.004012999";"win32";"72.26.217.96";"bittorrent";1340017931;56121.678773;-1.000000;"e078e51a-f032-4f30-83ee-a782f83c2cc3";3265;"11";"Gouda";13;6;2012;0;18;"20120618"
"82.72.97.219";"NL";5.750000;52.500000;"AS9143 Ziggo B.V.";"mlab2-ams02";0.020237;1630813.389520;"0.004012999";"darwin";"72.26.217.96";"speedtest";1340018546;636083.098478;0.040141;"c33b4d6e-bcfc-499d-91e0-0ce4ccfa16cd";9143;"";"";13;6;2012;0;18;"20120618"
"83.160.172.95";"NL";4.707000;52.022600;"AS3265 XS4ALL Internet BV";"mlab2-ams02";0.189385;96754.896198;"0.004012999";"win32";"72.26.217.96";"speedtest";1340019479;36306.330412;0.160889;"e078e51a-f032-4f30-83ee-a782f83c2cc3";3265;"11";"Gouda";13;6;2012;0;18;"20120618"
"62.69.181.5";"NL";5.750000;52.500000;"AS23148 Terremark";"mlab2-ams02";0.080900;64991.726479;"0.004012999";"darwin";"72.26.217.96";"bittorrent";1340020789;749559.284151;-1.000000;"c890f61d-5863-4538-b423-e697d00771f8";23148;"";"";13;6;2012;0;18;"20120618"
"83.160.172.95";"NL";4.707000;52.022600;"AS3265 XS4ALL Internet BV";"mlab2-ams02";0.161337;231449.991938;"0.004012999";"win32";"72.26.217.96";"bittorrent";1340021034;32649.484610;-1.000000;"e078e51a-f032-4f30-83ee-a782f83c2cc3";3265;"11";"Gouda";14;6;2012;0;18;"20120618"
"82.72.97.219";"NL";5.750000;52.500000;"AS9143 Ziggo B.V.";"mlab2-ams02";0.033564;4088805.803120;"0.004012999";"darwin";"72.26.217.96";"speedtest";1340021532;778619.523311;0.038585;"c33b4d6e-bcfc-499d-91e0-0ce4ccfa16cd";9143;"";"";14;6;2012;0;18;"20120618"
"83.160.172.95";"NL";4.707000;52.022600;"AS3265 XS4ALL Internet BV";"mlab2-ams02";0.126583;304124.691751;"0.004012999";"win32";"72.26.217.96";"bittorrent";1340024143;43671.033857;-1.000000;"e078e51a-f032-4f30-83ee-a782f83c2cc3";3265;"11";"Gouda";14;6;2012;0;18;"20120618"
"62.69.181.5";"NL";5.750000;52.500000;"AS23148 Terremark";"mlab2-ams02";0.077485;2353969.763190;"0.004012999";"darwin";"72.26.217.96";"speedtest";1340025360;1649381.722060;0.078949;"c890f61d-5863-4538-b423-e697d00771f8";23148;"";"";15;6;2012;0;18;"20120618"
"83.143.188.187";"NL";5.750000;52.500000;"AS31673 Uniserver Internet B.V.";"mlab2-ams02";0.026117;2117016.014171;"0.004012999";"win32";"72.26.217.96";"bittorrent";1340025887;834908.167904;-1.000000;"997a283e-d807-4fe9-922a-5a17954a752b";31673;"";"";15;6;2012;0;18;"20120618"
"62.69.181.5";"NL";5.750000;52.500000;"AS23148 Terremark";"mlab2-ams02";0.077363;2070107.779790;"0.004012999";"darwin";"72.26.217.96";"speedtest";1340028397;1318966.522570;0.079078;"c890f61d-5863-4538-b423-e697d00771f8";23148;"";"";16;6;2012;0;18;"20120618"
"82.139.117.216";"NL";5.750000;52.500000;"AS41887 Prolocation AS";"mlab2-ams02";0.014148;4094922.954260;"0.004012999";"darwin";"72.26.217.96";"speedtest";1340028921;3392692.447140;0.005941;"44eae906-042b-4aa3-b1a8-1c349c1ff293";41887;"";"";16;6;2012;0;18;"20120618"
"82.139.117.216";"NL";5.750000;52.500000;"AS41887 Prolocation AS";"mlab2-ams02";0.004815;3954561.577179;"0.004012999";"darwin";"72.26.217.96";"bittorrent";1340030414;5742891.829910;-1.000000;"44eae906-042b-4aa3-b1a8-1c349c1ff293";41887;"";"";16;6;2012;0;18;"20120618"
"82.139.117.216";"NL";5.750000;52.500000;"AS41887 Prolocation AS";"mlab2-ams02";0.009904;4306925.366485;"0.004012999";"darwin";"72.26.217.96";"bittorrent";1340036403;4229216.730448;-1.000000;"44eae906-042b-4aa3-b1a8-1c349c1ff293";41887;"";"";18;6;2012;0;18;"20120618"
"82.72.97.219";"NL";5.750000;52.500000;"AS9143 Ziggo B.V.";"mlab2-ams02";0.018450;4385582.664430;"0.004012999";"darwin";"72.26.217.96";"speedtest";1340036432;992320.510225;0.021315;"c33b4d6e-bcfc-499d-91e0-0ce4ccfa16cd";9143;"";"";18;6;2012;0;18;"20120618"
"83.160.172.95";"NL";4.707000;52.022600;"AS3265 XS4ALL Internet BV";"mlab2-ams02";0.067010;153364.261332;"0.004012999";"win32";"72.26.217.96";"bittorrent";1340036604;25876.060883;-1.000000;"e078e51a-f032-4f30-83ee-a782f83c2cc3";3265;"11";"Gouda";18;6;2012;0;18;"20120618"
"82.72.97.219";"NL";5.750000;52.500000;"AS9143 Ziggo B.V.";"mlab2-ams02";0.034653;3016539.508680;"0.004012999";"darwin";"72.26.217.96";"speedtest";1340039415;671856.581639;0.044487;"c33b4d6e-bcfc-499d-91e0-0ce4ccfa16cd";9143;"";"";19;6;2012;0;18;"20120618"
"188.121.234.93";"FR";2.333300;48.866700;"AS44530 Ajova Network";"mlab2-ams02";0.050323;207760.696791;"0.004012999";"darwin";"72.26.217.96";"bittorrent";1340041588;58521.770382;-1.000000;"affdd276-d617-457c-bd9f-185d039ca24f";44530;"A8";"Paris";19;6;2012;0;18;"20120618"
"83.160.172.95";"NL";4.707000;52.022600;"AS3265 XS4ALL Internet BV";"mlab2-ams02";0.026711;360644.971029;"0.004012999";"win32";"72.26.217.96";"bittorrent";1340042836;91418.192085;-1.000000;"e078e51a-f032-4f30-83ee-a782f83c2cc3";3265;"11";"Gouda";20;6;2012;0;18;"20120618"
"83.160.172.95";"NL";4.707000;52.022600;"AS3265 XS4ALL Internet BV";"mlab2-ams02";0.030332;322180.635534;"0.004012999";"win32";"72.26.217.96";"speedtest";1340044386;87710.325902;0.023631;"e078e51a-f032-4f30-83ee-a782f83c2cc3";3265;"11";"Gouda";20;6;2012;0;18;"20120618"
"188.121.234.93";"FR";2.333300;48.866700;"AS44530 Ajova Network";"mlab2-ams02";1.026720;345684.134416;"0.004012999";"darwin";"72.26.217.96";"speedtest";1340046440;112828.261061;0.051486;"affdd276-d617-457c-bd9f-185d039ca24f";44530;"A8";"Paris";21;6;2012;0;18;"20120618"
"82.72.97.219";"NL";5.750000;52.500000;"AS9143 Ziggo B.V.";"mlab2-ams02";0.030185;2936730.482690;"0.004012999";"darwin";"72.26.217.96";"speedtest";1340048985;1097757.688920;0.026115;"c33b4d6e-bcfc-499d-91e0-0ce4ccfa16cd";9143;"";"";21;6;2012;0;18;"20120618"
"188.121.234.93";"FR";2.333300;48.866700;"AS44530 Ajova Network";"mlab2-ams02";1.047097;219478.568676;"0.004012999";"darwin";"72.26.217.96";"speedtest";1340049681;63986.297387;0.052940;"affdd276-d617-457c-bd9f-185d039ca24f";44530;"A8";"Paris";22;6;2012;0;18;"20120618"
"83.160.172.95";"NL";4.707000;52.022600;"AS3265 XS4ALL Internet BV";"mlab2-ams02";0.169984;125588.775584;"0.004012999";"win32";"72.26.217.96";"bittorrent";1340052199;23690.112641;-1.000000;"e078e51a-f032-4f30-83ee-a782f83c2cc3";3265;"11";"Gouda";22;6;2012;0;18;"20120618"
"83.143.188.187";"NL";5.750000;52.500000;"AS31673 Uniserver Internet B.V.";"mlab2-ams02";0.014323;2168989.446310;"0.004012999";"win32";"72.26.217.96";"speedtest";1340053814;847628.820893;0.015693;"997a283e-d807-4fe9-922a-5a17954a752b";31673;"";"";23;6;2012;0;18;"20120618"
"83.160.172.95";"NL";4.707000;52.022600;"AS3265 XS4ALL Internet BV";"mlab2-ams02";0.100102;267446.081792;"0.004012999";"win32";"72.26.217.96";"bittorrent";1340055307;51561.711725;-1.000000;"e078e51a-f032-4f30-83ee-a782f83c2cc3";3265;"11";"Gouda";23;6;2012;0;18;"20120618"
"83.160.172.95";"NL";4.707000;52.022600;"AS3265 XS4ALL Internet BV";"mlab2-ams02";0.144467;137967.914371;"0.004012999";"win32";"72.26.217.96";"speedtest";1340056870;22731.648302;0.152461;"e078e51a-f032-4f30-83ee-a782f83c2cc3";3265;"11";"Gouda";0;6;2012;1;19;"20120618"
"83.160.172.95";"NL";4.707000;52.022600;"AS3265 XS4ALL Internet BV";"mlab2-ams02";0.270040;207067.664410;"0.004012999";"win32";"72.26.217.96";"bittorrent";1340058423;33255.056258;-1.000000;"e078e51a-f032-4f30-83ee-a782f83c2cc3";3265;"11";"Gouda";0;6;2012;1;19;"20120618"
"82.139.117.216";"NL";5.750000;52.500000;"AS41887 Prolocation AS";"mlab2-ams02";0.010498;4334533.757780;"0.004012999";"darwin";"72.26.217.96";"speedtest";1340058855;4177122.568410;0.005788;"44eae906-042b-4aa3-b1a8-1c349c1ff293";41887;"";"";0;6;2012;1;19;"20120618"
"83.160.172.95";"NL";4.707000;52.022600;"AS3265 XS4ALL Internet BV";"mlab2-ams02";0.044169;197634.081445;"0.004012999";"win32";"72.26.217.96";"speedtest";1340063079;29807.150074;0.052512;"e078e51a-f032-4f30-83ee-a782f83c2cc3";3265;"11";"Gouda";1;6;2012;1;19;"20120618"
"24.130.152.60";"US";-122.088500;37.709000;"AS7922 Comcast Cable Communications, Inc.";"mlab2-dfw01";0.061544;3620987.060622;"0.004012999";"darwin";"38.107.216.31";"bittorrent";1339977718;773908.039320;-1.000000;"92ef1dc6-e5b9-40c8-800b-cc909779319d";7922;"CA";"Castro Valley";0;6;2012;0;18;"20120618"
"67.172.130.152";"US";-104.821400;38.833900;"AS7922 Comcast Cable Communications, Inc.";"mlab2-dfw01";0.031565;3034534.604890;"0.004012999";"darwin";"38.107.216.31";"speedtest";1339978329;468011.883313;0.035754;"e83583f7-4c54-4291-a929-2fd12fd286f5";7922;"CO";"Colorado Springs";0;6;2012;0;18;"20120618"
"207.231.92.41";"US";-121.370600;38.784300;"AS14051 Roseville Telephone Company";"mlab2-dfw01";0.049030;2610292.224320;"0.004012999";"win32";"38.107.216.31";"speedtest";1339978454;3819256.106440;0.054237;"cb121e1a-4701-4c5a-91b5-29c9df2b10c0";14051;"CA";"Roseville";0;6;2012;0;18;"20120618"
"76.112.203.189";"US";-83.144600;42.489500;"AS7922 Comcast Cable Communications, Inc.";"mlab2-dfw01";0.055630;1280201.819919;"0.004012999";"win32";"38.107.216.31";"bittorrent";1339978648;782053.894135;-1.000000;"5cb4931f-bf67-49bf-a4ec-d36d7495a682";7922;"MI";"Royal Oak";0;6;2012;0;18;"20120618"
"67.168.66.115";"US";-122.630500;48.321800;"AS7922 Comcast Cable Communications, Inc.";"mlab2-dfw01";0.062106;2374660.234800;"0.004012999";"win32";"38.107.216.31";"speedtest";1339979525;682446.060306;0.061023;"3ee99b5a-2c05-4823-a555-34b90b697de5";7922;"WA";"Oak Harbor";0;6;2012;0;18;"20120618"
"65.32.77.45";"US";-97.000000;38.000000;"AS33363 BRIGHT HOUSE NETWORKS, LLC";"mlab2-dfw01";0.043778;1526005.858690;"0.004012999";"win32";"38.107.216.31";"speedtest";1339980395;149985.293411;0.041722;"29daca95-9628-479f-b4be-ee35e322c612";33363;"";"";0;6;2012;0;18;"20120618"
"24.24.223.229";"US";-118.404100;33.916400;"AS20001 Time Warner Cable Internet LLC";"mlab2-dfw01";0.409664;60849.096136;"0.004012999";"linux2";"38.107.216.31";"bittorrent";1339980534;5017.998319;-1.000000;"36cfd7f8-0f92-42e9-be32-71c3f4d2fe09";20001;"CA";"El Segundo";0;6;2012;0;18;"20120618"
"75.140.153.254";"US";-121.654400;37.130500;"AS20115 Charter Communications";"mlab2-dfw01";0.063608;3305805.152955;"0.004012999";"darwin";"38.107.216.31";"bittorrent";1339980570;640860.315774;-1.000000;"a039434c-d8c0-4f4d-8050-4153de22c986";20115;"CA";"Morgan Hill";0;6;2012;0;18;"20120618"
"98.206.101.228";"US";-87.655100;41.937300;"AS7922 Comcast Cable Communications, Inc.";"mlab2-dfw01";0.041452;2965922.956986;"0.004012999";"win32";"38.107.216.31";"bittorrent";1339980652;517642.785409;-1.000000;"1b8a7968-95b4-4827-8260-84d7e02b3d53";7922;"IL";"Chicago";0;6;2012;0;18;"20120618"
"184.177.72.227";"US";-97.000000;38.000000;"AS22773 Cox Communications Inc.";"mlab2-dfw01";0.072365;573510.531278;"0.004012999";"win32";"38.107.216.31";"bittorrent";1339980717;768633.443334;-1.000000;"e9aa2936-1c50-4b9d-89e4-2daad232b753";22773;"";"";0;6;2012;0;18;"20120618"
"50.78.87.177";"US";-106.097500;39.574400;"AS7922 Comcast Cable Communications, Inc.";"mlab2-dfw01";0.059228;881602.420573;"0.004012999";"win32";"38.107.216.31";"speedtest";1339981393;569512.722246;0.057729;"c4393561-5207-49e8-879a-bbb805c9188f";7922;"CO";"Frisco";1;6;2012;0;18;"20120618"
"68.40.93.208";"US";-82.582300;42.637600;"AS7922 Comcast Cable Communications, Inc.";"mlab2-dfw01";0.189685;1120313.399371;"0.004011999";"win32";"38.107.216.31";"bittorrent";1339982278;373257.745687;-1.000000;"5ddd06da-64ad-444c-b2c0-525541d4d177";7922;"MI";"Algonac";1;6;2012;0;18;"20120618"
"66.188.113.29";"US";-97.000000;38.000000;"AS20115 Charter Communications";"mlab2-dfw01";0.049064;1208269.687895;"0.004012999";"darwin";"38.107.216.31";"bittorrent";1339982420;385628.134730;-1.000000;"3f295a53-7a79-47cb-bd75-f79b53a6ae22";20115;"";"";1;6;2012;0;18;"20120618"
"68.40.185.45";"US";-83.740900;42.277600;"AS7922 Comcast Cable Communications, Inc.";"mlab2-dfw01";0.058809;1567070.727413;"0.004012999";"darwin";"38.107.216.31";"bittorrent";1339983024;755887.788659;-1.000000;"f77a7853-1ba8-4219-aa2c-2157b5e89023";7922;"MI";"Ann Arbor";1;6;2012;0;18;"20120618"
"71.58.226.44";"US";-75.961500;41.249000;"AS7922 Comcast Cable Communications, Inc.";"mlab2-dfw01";0.074419;2842221.038310;"0.004012999";"win32";"38.107.216.31";"speedtest";1339983166;674813.972195;0.073012;"fb6cc5ca-37c3-44c5-8176-4a40a17f217a";7922;"PA";"Plymouth";1;6;2012;0;18;"20120618"
"98.22.138.166";"US";-95.790800;36.052600;"AS7029 Windstream Communications Inc";"mlab2-dfw01";1.021404;7702.913023;"0.004012999";"win32";"38.107.216.31";"bittorrent";1339984486;36674.904639;-1.000000;"eb27082c-e25b-4239-869e-8ba23d438a17";7029;"OK";"Broken Arrow";1;6;2012;0;18;"20120618"
"50.78.87.177";"US";-106.097500;39.574400;"AS7922 Comcast Cable Communications, Inc.";"mlab2-dfw01";0.056047;873982.153279;"0.004012999";"win32";"38.107.216.31";"speedtest";1339984634;708325.701471;0.059458;"c4393561-5207-49e8-879a-bbb805c9188f";7922;"CO";"Frisco";1;6;2012;0;18;"20120618"
"71.65.103.69";"US";-83.902700;39.678000;"AS10796 Time Warner Cable Internet LLC";"mlab2-dfw01";0.051942;2692794.958717;"0.004012999";"win32";"38.107.216.31";"bittorrent";1339985557;120189.999749;-1.000000;"6d6c74dc-a35c-4d7b-b891-d665072442c5";10796;"OH";"Xenia";2;6;2012;0;18;"20120618"
"71.58.226.44";"US";-75.961500;41.249000;"AS7922 Comcast Cable Communications, Inc.";"mlab2-dfw01";0.064213;2295088.352260;"0.004012999";"win32";"38.107.216.31";"speedtest";1339985972;679656.909655;0.070012;"fb6cc5ca-37c3-44c5-8176-4a40a17f217a";7922;"PA";"Plymouth";2;6;2012;0;18;"20120618"
"76.168.80.127";"US";-118.243700;34.052200;"AS20001 Time Warner Cable Internet LLC";"mlab2-dfw01";0.067756;1420265.407770;"0.004012999";"darwin";"38.107.216.31";"bittorrent";1339986482;125306.699425;-1.000000;"90d62fdd-a880-469e-bb3b-4bf575cfed10";20001;"CA";"Los Angeles";2;6;2012;0;18;"20120618"
"71.190.171.206";"US";-73.525400;40.767000;"AS701 MCI Communications Services, Inc. d/b/a Verizon Business";"mlab2-dfw01";0.049017;3631092.729929;"0.004012999";"linux2";"38.107.216.31";"bittorrent";1339986762;1997705.687560;-1.000000;"dfd87da2-1968-48ac-9bd2-5469644e29e4";701;"NY";"Hicksville";2;6;2012;0;18;"20120618"
"24.46.196.47";"US";-73.686200;40.793900;"AS6128 Cablevision Systems Corp.";"mlab2-dfw01";0.048261;1962581.636490;"0.004012999";"win32";"38.107.216.31";"speedtest";1339986931;260103.350439;0.051216;"103cc2f1-ddd5-4016-83cc-cdd357e7a81a";6128;"NY";"Manhasset";2;6;2012;0;18;"20120618"
"72.81.232.139";"US";-76.837500;39.174900;"AS701 MCI Communications Services, Inc. d/b/a Verizon Business";"mlab2-dfw01";0.079557;1395067.976530;"0.004012999";"darwin";"38.107.216.31";"speedtest";1339987545;228420.887344;0.140631;"5d2377cf-2e67-40be-b1dc-e439a545da6f";701;"MD";"Columbia";2;6;2012;0;18;"20120618"
"24.61.63.89";"US";-71.031600;42.399700;"AS7922 Comcast Cable Communications, Inc.";"mlab2-dfw01";0.080229;919367.571003;"0.004012999";"win32";"38.107.216.31";"bittorrent";1339987574;451271.694175;-1.000000;"641fcec9-64c6-4ec1-a213-90d958a6f9a1";7922;"MA";"Chelsea";2;6;2012;0;18;"20120618"
"173.246.102.187";"US";-76.612200;39.290400;"AS29169 Gandi SAS";"mlab2-dfw01";0.033878;2671824.447561;"0.004011999";"linux2";"38.107.216.31";"bittorrent";1339987930;633113.330502;-1.000000;"a57cd6aa-6b9a-40e3-ae4c-0685546dd104";29169;"MD";"Baltimore";2;6;2012;0;18;"20120618"
"98.214.132.10";"US";-89.589000;40.693600;"AS7922 Comcast Cable Communications, Inc.";"mlab2-dfw01";0.178598;921373.946043;"0.004012999";"darwin";"38.107.216.31";"bittorrent";1339988178;790092.892346;-1.000000;"ac008ee9-df9b-425b-a370-34b57dce1b90";7922;"IL";"Peoria";2;6;2012;0;18;"20120618"
"71.190.171.206";"US";-73.525400;40.767000;"AS701 MCI Communications Services, Inc. d/b/a Verizon Business";"mlab2-dfw01";0.049353;3039173.834410;"0.004012999";"linux2";"38.107.216.31";"speedtest";1339988254;1236933.258040;0.051453;"dfd87da2-1968-48ac-9bd2-5469644e29e4";701;"NY";"Hicksville";2;6;2012;0;18;"20120618"
"68.40.185.45";"US";-83.740900;42.277600;"AS7922 Comcast Cable Communications, Inc.";"mlab2-dfw01";0.057706;894354.072152;"0.004012999";"darwin";"38.107.216.31";"bittorrent";1339988662;781035.927258;-1.000000;"f77a7853-1ba8-4219-aa2c-2157b5e89023";7922;"MI";"Ann Arbor";3;6;2012;0;18;"20120618"
"66.66.21.182";"US";-77.602400;43.185800;"AS11351 Time Warner Cable Internet LLC";"mlab2-dfw01";0.069300;1111893.900790;"0.004012999";"win32";"38.107.216.31";"speedtest";1339988678;611827.054362;0.077201;"b4fb3816-21d6-43b3-91fc-aabe40980e90";11351;"NY";"Rochester";3;6;2012;0;18;"20120618"
"71.206.108.75";"US";-84.525500;42.742200;"AS7922 Comcast Cable Communications, Inc.";"mlab2-dfw01";0.319339;51641.231790;"0.004011999";"win32";"38.107.216.31";"speedtest";1339988688;96072.856769;0.219436;"ffaa390e-2089-4db5-9b0b-c03d5eed4c9f";7922;"MI";"Lansing";3;6;2012;0;18;"20120618"
"99.92.88.210";"US";-122.030700;37.353700;"AS7018 AT&T Services, Inc.";"mlab2-dfw01";0.075425;1173098.971088;"0.004012999";"darwin";"38.107.216.31";"bittorrent";1339988794;178538.516371;-1.000000;"13cf72ab-670c-4dc7-8fad-aa9a41f4355d";7018;"CA";"Sunnyvale";3;6;2012;0;18;"20120618"
"24.130.152.60";"US";-122.088500;37.709000;"AS7922 Comcast Cable Communications, Inc.";"mlab2-dfw01";0.059144;1713578.077950;"0.004012999";"darwin";"38.107.216.31";"speedtest";1339988812;747002.815617;0.066695;"92ef1dc6-e5b9-40c8-800b-cc909779319d";7922;"CA";"Castro Valley";3;6;2012;0;18;"20120618"
"98.251.77.68";"US";-83.949600;33.512000;"AS7922 Comcast Cable Communications, Inc.";"mlab2-dfw01";0.036103;2774894.802370;"0.004011999";"win32";"38.107.216.31";"speedtest";1339988874;498469.989920;0.035714;"cbfab653-aed3-47c3-b7d0-e4159cab6582";7922;"GA";"Covington";3;6;2012;0;18;"20120618"
"98.22.138.166";"US";-95.790800;36.052600;"AS7029 Windstream Communications Inc";"mlab2-dfw01";0.895767;25858.297039;"0.004012999";"win32";"38.107.216.31";"speedtest";1339988914;67909.320184;0.935506;"eb27082c-e25b-4239-869e-8ba23d438a17";7029;"OK";"Broken Arrow";3;6;2012;0;18;"20120618"
"67.172.130.152";"US";-104.821400;38.833900;"AS7922 Comcast Cable Communications, Inc.";"mlab2-dfw01";0.066509;3159305.487797;"0.004012999";"darwin";"38.107.216.31";"bittorrent";1339989663;371215.729548;-1.000000;"e83583f7-4c54-4291-a929-2fd12fd286f5";7922;"CO";"Colorado Springs";3;6;2012;0;18;"20120618"
"184.177.72.227";"US";-97.000000;38.000000;"AS22773 Cox Communications Inc.";"mlab2-dfw01";0.071828;717640.756653;"0.004012999";"win32";"38.107.216.31";"bittorrent";1339989721;753019.841019;-1.000000;"e9aa2936-1c50-4b9d-89e4-2daad232b753";22773;"";"";3;6;2012;0;18;"20120618"
"66.66.21.182";"US";-77.602400;43.185800;"AS11351 Time Warner Cable Internet LLC";"mlab2-dfw01";0.067451;3163621.457435;"0.004012999";"win32";"38.107.216.31";"bittorrent";1339990292;645672.071728;-1.000000;"b4fb3816-21d6-43b3-91fc-aabe40980e90";11351;"NY";"Rochester";3;6;2012;0;18;"20120618"
"50.83.240.108";"US";-95.977900;45.232200;"AS30036 Mediacom Communications Corp";"mlab2-dfw01";0.040193;1345093.730570;"0.004012999";"darwin";"38.107.216.31";"speedtest";1339991676;277866.658954;0.050541;"43af2f72-3dc4-4824-9ff7-faa06a3cb206";30036;"MN";"Appleton";3;6;2012;0;18;"20120618"
"67.130.216.230";"US";-105.937800;35.687000;"AS209 NOVARTIS-DMZ-US";"mlab2-dfw01";0.120698;91148.410643;"0.004012999";"win32";"38.107.216.31";"speedtest";1339993185;65859.854298;0.219471;"ee8fe911-f84d-4ab8-b486-dda4c138f932";209;"NM";"Santa Fe";4;6;2012;0;18;"20120618"
"98.207.87.80";"US";-122.299100;37.409600;"AS7922 Comcast Cable Communications, Inc.";"mlab2-dfw01";0.062403;2850160.172700;"0.004012999";"darwin";"38.107.216.31";"speedtest";1339993499;242862.429231;0.066294;"0f7d671c-779f-4f63-8f54-ca28fcc35fd6";7922;"CA";"Redwood City";4;6;2012;0;18;"20120618"
"67.168.66.115";"US";-122.630500;48.321800;"AS7922 Comcast Cable Communications, Inc.";"mlab2-dfw01";0.058945;1742416.575780;"0.004012999";"win32";"38.107.216.31";"bittorrent";1339993511;708748.067336;-1.000000;"3ee99b5a-2c05-4823-a555-34b90b697de5";7922;"WA";"Oak Harbor";4;6;2012;0;18;"20120618"
"98.157.202.20";"US";-87.413900;39.466700;"AS10796 Time Warner Cable Internet LLC";"mlab2-dfw01";0.044208;1869258.114696;"0.004011999";"win32";"38.107.216.31";"bittorrent";1339993788;93105.775460;-1.000000;"9c0fa0e1-b625-407b-8e5d-f979a63c0e77";10796;"IN";"Terre Haute";4;6;2012;0;18;"20120618"
"173.160.133.65";"US";-122.449200;47.151100;"AS7922 Comcast Cable Communications, Inc.";"mlab2-dfw01";0.064137;487191.870147;"0.004012999";"win32";"38.107.216.31";"speedtest";1339994181;288708.147088;0.062956;"cd29f4ce-ebe9-47c8-8b18-9406a9618ac1";7922;"WA";"Tacoma";4;6;2012;0;18;"20120618"
"67.172.130.152";"US";-104.821400;38.833900;"AS7922 Comcast Cable Communications, Inc.";"mlab2-dfw01";0.034968;3132359.072430;"0.004012999";"darwin";"38.107.216.31";"speedtest";1339994528;468349.054005;0.036357;"e83583f7-4c54-4291-a929-2fd12fd286f5";7922;"CO";"Colorado Springs";4;6;2012;0;18;"20120618"
"76.24.39.72";"US";-71.691300;42.413600;"AS7922 Comcast Cable Communications, Inc.";"mlab2-dfw01";0.066995;1093087.299958;"0.004012999";"win32";"38.107.216.31";"bittorrent";1339994737;462680.031605;-1.000000;"d7fbbeb1-8f79-4feb-9ab1-01beb7b970aa";7922;"MA";"Clinton";4;6;2012;0;18;"20120618"
"98.251.77.68";"US";-83.949600;33.512000;"AS7922 Comcast Cable Communications, Inc.";"mlab2-dfw01";0.076189;2980785.434550;"0.004011999";"win32";"38.107.216.31";"speedtest";1339994931;501193.108748;0.125524;"cbfab653-aed3-47c3-b7d0-e4159cab6582";7922;"GA";"Covington";4;6;2012;0;18;"20120618"
"74.163.8.166";"US";-86.875000;30.446700;"AS6389 BellSouth.net Inc.";"mlab2-dfw01";0.061855;518923.983109;"0.004012999";"win32";"38.107.216.31";"speedtest";1339996857;53234.682255;0.078743;"4565989b-987f-4c3c-aa75-a740afde3068";6389;"FL";"Navarre";5;6;2012;0;18;"20120618"
"69.148.250.152";"US";-97.337500;37.692200;"AS7018 AT&T Services, Inc.";"mlab2-dfw01";0.059970;152035.965239;"0.004012999";"win32";"38.107.216.31";"speedtest";1339998120;34247.842757;0.070700;"acd06144-444b-4f3e-8410-58a01e77f7a8";7018;"KS";"Wichita";5;6;2012;0;18;"20120618"
"173.20.36.131";"US";-91.455800;40.452000;"AS30036 Mediacom Communications Corp";"mlab2-dfw01";0.058786;613918.986133;"0.004012999";"win32";"38.107.216.31";"speedtest";1339999111;171849.363742;0.063166;"6b87ac46-1206-4d9c-afa5-d5cab4a872d6";30036;"IA";"Keokuk";5;6;2012;0;18;"20120618"
"173.246.102.187";"US";-76.612200;39.290400;"AS29169 Gandi SAS";"mlab2-dfw01";0.033764;1977217.320894;"0.004011999";"linux2";"38.107.216.31";"bittorrent";1340000431;670312.217693;-1.000000;"a57cd6aa-6b9a-40e3-ae4c-0685546dd104";29169;"MD";"Baltimore";6;6;2012;0;18;"20120618"
"74.103.162.36";"US";-75.114700;40.427800;"AS701 MCI Communications Services, Inc. d/b/a Verizon Business";"mlab2-dfw01";0.048615;1783681.395000;"0.004012999";"darwin";"38.107.216.31";"speedtest";1340000532;651900.571398;0.049038;"4eec0d76-fa70-4b4c-91f9-8cb1b74b0682";701;"PA";"Pipersville";6;6;2012;0;18;"20120618"
"206.255.246.41";"US";-94.740500;32.500700;"AS53508 Cablelynx";"mlab2-dfw01";0.016582;1412168.345110;"0.004012999";"win32";"38.107.216.31";"speedtest";1340000641;183546.838331;0.016408;"3a5b4ca4-0887-432d-a115-9f646a867cdb";53508;"TX";"Longview";6;6;2012;0;18;"20120618"
"72.181.251.247";"US";-96.771500;32.833900;"AS11427 Time Warner Cable Internet LLC";"mlab2-dfw01";0.025066;2511653.097410;"0.004012999";"darwin";"38.107.216.31";"bittorrent";1340000741;225114.724721;-1.000000;"ec56ca67-ca5b-4ee7-a615-8743ebac3e8a";11427;"TX";"Dallas";6;6;2012;0;18;"20120618"
"70.113.90.176";"US";-97.722700;30.310600;"AS11427 Time Warner Cable Internet LLC";"mlab2-dfw01";0.021592;1750289.740640;"0.004012999";"win32";"38.107.216.31";"speedtest";1340001223;236289.699691;0.022689;"f957f544-b6fe-4e0c-b05d-e4a409241054";11427;"TX";"Austin";6;6;2012;0;18;"20120618"
"208.57.38.36";"US";-117.164900;32.807200;"AS14265 Telepacific Communications";"mlab2-dfw01";0.052871;144432.750442;"0.004011999";"linux2";"38.107.216.31";"speedtest";1340001416;178015.313959;0.060901;"71bb2b47-414f-414d-b8ff-f1237c21f432";14265;"CA";"San Diego";6;6;2012;0;18;"20120618"
"24.130.152.60";"US";-122.088500;37.709000;"AS7922 Comcast Cable Communications, Inc.";"mlab2-dfw01";0.059277;2909837.562570;"0.004012999";"darwin";"38.107.216.31";"speedtest";1340001482;723022.650672;0.064981;"92ef1dc6-e5b9-40c8-800b-cc909779319d";7922;"CA";"Castro Valley";6;6;2012;0;18;"20120618"
"206.255.246.41";"US";-94.740500;32.500700;"AS53508 Cablelynx";"mlab2-dfw01";0.015009;1452271.902752;"0.004012999";"win32";"38.107.216.31";"bittorrent";1340002189;180419.111452;-1.000000;"3a5b4ca4-0887-432d-a115-9f646a867cdb";53508;"TX";"Longview";6;6;2012;0;18;"20120618"
"71.237.28.39";"US";-104.984700;39.739200;"AS7922 Comcast Cable Communications, Inc.";"mlab2-dfw01";0.029887;1592452.643710;"0.004012999";"darwin";"38.107.216.31";"speedtest";1340002213;472934.718347;0.173833;"95e96326-78fe-4507-8b06-f60611a1b7ad";7922;"CO";"Denver";6;6;2012;0;18;"20120618"
"69.148.250.152";"US";-97.337500;37.692200;"AS7018 AT&T Services, Inc.";"mlab2-dfw01";0.059190;157194.719484;"0.004012999";"win32";"38.107.216.31";"bittorrent";1340002671;37539.273037;-1.000000;"acd06144-444b-4f3e-8410-58a01e77f7a8";7018;"KS";"Wichita";6;6;2012;0;18;"20120618"
"206.255.246.41";"US";-94.740500;32.500700;"AS53508 Cablelynx";"mlab2-dfw01";0.015243;1418171.029900;"0.004012999";"win32";"38.107.216.31";"speedtest";1340003726;183319.697847;0.016602;"3a5b4ca4-0887-432d-a115-9f646a867cdb";53508;"TX";"Longview";7;6;2012;0;18;"20120618"
"71.89.124.38";"US";-88.736400;44.638200;"AS20115 Charter Communications";"mlab2-dfw01";0.045727;2736696.000931;"0.004012999";"win32";"38.107.216.31";"bittorrent";1340003808;404618.194587;-1.000000;"0730ff7f-47eb-4e84-99b1-016150556fb6";20115;"WI";"Clintonville";7;6;2012;0;18;"20120618"
"65.32.77.45";"US";-97.000000;38.000000;"AS33363 BRIGHT HOUSE NETWORKS, LLC";"mlab2-dfw01";0.037346;3266591.582443;"0.004012999";"win32";"38.107.216.31";"bittorrent";1340004374;233113.974902;-1.000000;"29daca95-9628-479f-b4be-ee35e322c612";33363;"";"";7;6;2012;0;18;"20120618"
"98.206.101.228";"US";-87.655100;41.937300;"AS7922 Comcast Cable Communications, Inc.";"mlab2-dfw01";0.041859;2025267.801922;"0.004012999";"win32";"38.107.216.31";"bittorrent";1340005437;517704.493642;-1.000000;"1b8a7968-95b4-4827-8260-84d7e02b3d53";7922;"IL";"Chicago";7;6;2012;0;18;"20120618"
"69.148.250.152";"US";-97.337500;37.692200;"AS7018 AT&T Services, Inc.";"mlab2-dfw01";0.057449;152812.197558;"0.004012999";"win32";"38.107.216.31";"bittorrent";1340005711;39100.910556;-1.000000;"acd06144-444b-4f3e-8410-58a01e77f7a8";7018;"KS";"Wichita";7;6;2012;0;18;"20120618"
"24.46.196.47";"US";-73.686200;40.793900;"AS6128 Cablevision Systems Corp.";"mlab2-dfw01";0.047411;1964036.433427;"0.004012999";"win32";"38.107.216.31";"bittorrent";1340005756;260202.476266;-1.000000;"103cc2f1-ddd5-4016-83cc-cdd357e7a81a";6128;"NY";"Manhasset";7;6;2012;0;18;"20120618"
"173.160.133.65";"US";-122.449200;47.151100;"AS7922 Comcast Cable Communications, Inc.";"mlab2-dfw01";0.064000;494263.407243;"0.004012999";"win32";"38.107.216.31";"speedtest";1340005974;452063.846626;0.063150;"cd29f4ce-ebe9-47c8-8b18-9406a9618ac1";7922;"WA";"Tacoma";7;6;2012;0;18;"20120618"
"71.187.199.3";"US";-74.216400;40.816200;"AS701 MCI Communications Services, Inc. d/b/a Verizon Business";"mlab2-dfw01";0.064412;1055893.590510;"0.004011999";"win32";"38.107.216.31";"speedtest";1340006439;843190.508000;0.056306;"a9bde20f-2872-443c-8e9b-a2f6f162c91d";701;"NJ";"Montclair";8;6;2012;0;18;"20120618"
"98.251.77.68";"US";-83.949600;33.512000;"AS7922 Comcast Cable Communications, Inc.";"mlab2-dfw01";0.034597;2991692.000090;"0.004011999";"win32";"38.107.216.31";"speedtest";1340007055;467720.705843;0.035683;"cbfab653-aed3-47c3-b7d0-e4159cab6582";7922;"GA";"Covington";8;6;2012;0;18;"20120618"
"24.46.196.47";"US";-73.686200;40.793900;"AS6128 Cablevision Systems Corp.";"mlab2-dfw01";0.047341;1928085.740030;"0.004012999";"win32";"38.107.216.31";"speedtest";1340007140;260133.344673;0.051418;"103cc2f1-ddd5-4016-83cc-cdd357e7a81a";6128;"NY";"Manhasset";8;6;2012;0;18;"20120618"
"72.181.251.247";"US";-96.771500;32.833900;"AS11427 Time Warner Cable Internet LLC";"mlab2-dfw01";0.022378;2276291.395860;"0.004012999";"darwin";"38.107.216.31";"speedtest";1340008845;220829.966354;0.026765;"ec56ca67-ca5b-4ee7-a615-8743ebac3e8a";11427;"TX";"Dallas";8;6;2012;0;18;"20120618"
"74.2.122.133";"US";-97.000000;38.000000;"AS18566 MegaPath Corporation";"mlab2-dfw01";0.039992;234562.910746;"0.004010999";"win32";"38.107.216.31";"speedtest";1340009358;235683.583250;0.043914;"f4acb085-b5ee-429a-a232-3ae956a10cf5";18566;"";"";8;6;2012;0;18;"20120618"
"71.187.199.3";"US";-74.216400;40.816200;"AS701 MCI Communications Services, Inc. d/b/a Verizon Business";"mlab2-dfw01";0.065666;1091141.186810;"0.004011999";"win32";"38.107.216.31";"speedtest";1340009396;842071.838119;0.056208;"a9bde20f-2872-443c-8e9b-a2f6f162c91d";701;"NJ";"Montclair";8;6;2012;0;18;"20120618"
"76.168.80.127";"US";-118.243700;34.052200;"AS20001 Time Warner Cable Internet LLC";"mlab2-dfw01";0.053903;2211170.626220;"0.004012999";"darwin";"38.107.216.31";"speedtest";1340009736;120409.792865;0.057735;"90d62fdd-a880-469e-bb3b-4bf575cfed10";20001;"CA";"Los Angeles";8;6;2012;0;18;"20120618"
"24.2.64.100";"US";-112.008200;40.477400;"AS7922 Comcast Cable Communications, Inc.";"mlab2-dfw01";0.042858;891521.906664;"0.004012999";"win32";"38.107.216.31";"speedtest";1340010747;140335.573982;0.051934;"9a8766b6-803d-48fa-b02a-2091ff6f496e";7922;"UT";"Riverton";9;6;2012;0;18;"20120618"
"98.124.100.208";"US";-80.038400;33.118000;"AS16863 Home Telephone Company, Inc.";"mlab2-dfw01";0.062020;1074107.039080;"0.004012999";"linux2";"38.107.216.31";"speedtest";1340011140;226001.813687;0.080271;"adcd5d0f-b5f4-47e4-9505-249669f515a0";16863;"SC";"Moncks Corner";9;6;2012;0;18;"20120618"
"96.236.133.97";"US";-79.995900;40.440600;"AS701 MCI Communications Services, Inc. d/b/a Verizon Business";"mlab2-dfw01";0.056552;344462.266316;"0.004012999";"linux2";"38.107.216.31";"speedtest";1340013071;113440.565682;0.090148;"002bd52f-5f9d-42eb-9ce6-e310c9db525a";701;"PA";"Pittsburgh";9;6;2012;0;18;"20120618"
"69.249.238.83";"US";-75.163800;39.952300;"AS7922 Comcast Cable Communications, Inc.";"mlab2-dfw01";0.300220;992152.300593;"0.004012999";"win32";"38.107.216.31";"speedtest";1340013357;46914.477982;0.257330;"a49b9e19-6f47-4dc7-8196-0fc4dbc9e641";7922;"PA";"Philadelphia";9;6;2012;0;18;"20120618"
"132.161.219.98";"US";-92.717600;41.721700;"AS22949 Grinnell College";"mlab2-dfw01";0.055047;2999504.411800;"0.004012999";"win32";"38.107.216.31";"speedtest";1340014406;710040.007910;0.054934;"de23301c-c09c-4e47-aa2b-90a625720856";22949;"IA";"Grinnell";10;6;2012;0;18;"20120618"
"207.231.92.41";"US";-121.370600;38.784300;"AS14051 Roseville Telephone Company";"mlab2-dfw01";0.048522;3507765.955349;"0.004012999";"win32";"38.107.216.31";"bittorrent";1340014485;2647942.758542;-1.000000;"cb121e1a-4701-4c5a-91b5-29c9df2b10c0";14051;"CA";"Roseville";10;6;2012;0;18;"20120618"
"70.122.243.11";"US";-97.015000;32.954600;"AS11427 Time Warner Cable Internet LLC";"mlab2-dfw01";0.020002;3714438.453900;"0.004012999";"win32";"38.107.216.31";"speedtest";1340014794;500080.013454;0.021297;"bab8f612-1f34-46c2-a83e-fbaa7a2f8fa7";11427;"TX";"Coppell";10;6;2012;0;18;"20120618"
"173.160.133.65";"US";-122.449200;47.151100;"AS7922 Comcast Cable Communications, Inc.";"mlab2-dfw01";0.062015;450566.158868;"0.004012999";"win32";"38.107.216.31";"speedtest";1340014813;498984.468364;0.064361;"cd29f4ce-ebe9-47c8-8b18-9406a9618ac1";7922;"WA";"Tacoma";10;6;2012;0;18;"20120618"
"24.2.64.100";"US";-112.008200;40.477400;"AS7922 Comcast Cable Communications, Inc.";"mlab2-dfw01";0.077384;914094.042591;"0.004012999";"win32";"38.107.216.31";"bittorrent";1340014984;137514.327823;-1.000000;"9a8766b6-803d-48fa-b02a-2091ff6f496e";7922;"UT";"Riverton";10;6;2012;0;18;"20120618"
"67.168.66.115";"US";-122.630500;48.321800;"AS7922 Comcast Cable Communications, Inc.";"mlab2-dfw01";0.058533;2272778.938810;"0.004012999";"win32";"38.107.216.31";"speedtest";1340019881;535551.657155;0.060663;"3ee99b5a-2c05-4823-a555-34b90b697de5";7922;"WA";"Oak Harbor";11;6;2012;0;18;"20120618"
"71.204.91.144";"US";-84.447700;34.119000;"AS7922 Comcast Cable Communications, Inc.";"mlab2-dfw01";0.046005;1769527.713690;"0.004012999";"darwin";"38.107.216.31";"speedtest";1340020020;516811.054698;0.036631;"4b4fa0bc-987b-4105-9a0b-83e736a6503c";7922;"GA";"Woodstock";11;6;2012;0;18;"20120618"
"71.118.241.200";"US";-118.880000;34.213300;"AS701 MCI Communications Services, Inc. d/b/a Verizon Business";"mlab2-dfw01";0.050199;3162329.423151;"0.004012999";"darwin";"38.107.216.31";"bittorrent";1340020052;2649514.922361;-1.000000;"6240ede4-4770-4ab9-a1a5-5df49c84c463";701;"CA";"Thousand Oaks";11;6;2012;0;18;"20120618"
"132.161.219.98";"US";-92.717600;41.721700;"AS22949 Grinnell College";"mlab2-dfw01";0.064122;2678940.635690;"0.004012999";"win32";"38.107.216.31";"speedtest";1340020091;609738.710373;0.056384;"de23301c-c09c-4e47-aa2b-90a625720856";22949;"IA";"Grinnell";11;6;2012;0;18;"20120618"
"70.122.243.11";"US";-97.015000;32.954600;"AS11427 Time Warner Cable Internet LLC";"mlab2-dfw01";0.019948;3705623.910730;"0.004012999";"win32";"38.107.216.31";"speedtest";1340020856;503764.988959;0.020526;"bab8f612-1f34-46c2-a83e-fbaa7a2f8fa7";11427;"TX";"Coppell";12;6;2012;0;18;"20120618"
"66.66.21.182";"US";-77.602400;43.185800;"AS11351 Time Warner Cable Internet LLC";"mlab2-dfw01";0.068134;2964707.865680;"0.004012999";"win32";"38.107.216.31";"speedtest";1340021217;544465.494156;0.072526;"b4fb3816-21d6-43b3-91fc-aabe40980e90";11351;"NY";"Rochester";12;6;2012;0;18;"20120618"
"65.32.77.45";"US";-97.000000;38.000000;"AS33363 BRIGHT HOUSE NETWORKS, LLC";"mlab2-dfw01";0.038662;1307165.772560;"0.004012999";"win32";"38.107.216.31";"speedtest";1340021849;228511.677635;0.040514;"29daca95-9628-479f-b4be-ee35e322c612";33363;"";"";12;6;2012;0;18;"20120618"
"98.243.192.146";"US";-84.594100;42.860200;"AS7922 Comcast Cable Communications, Inc.";"mlab2-dfw01";0.069254;880362.922896;"0.004012999";"darwin";"38.107.216.31";"speedtest";1340021981;469184.057871;0.070813;"69a61dac-c7ac-4b16-b86b-4bd2f3990f62";7922;"MI";"Dewitt";12;6;2012;0;18;"20120618"
"24.22.135.177";"US";-122.332100;47.606200;"AS7922 Comcast Cable Communications, Inc.";"mlab2-dfw01";0.055987;2733075.861052;"0.004012999";"linux2";"38.107.216.31";"bittorrent";1340022385;451863.647496;-1.000000;"04cea472-6610-42db-acd2-c644a3d4447f";7922;"WA";"Seattle";12;6;2012;0;18;"20120618"
"71.190.171.206";"US";-73.525400;40.767000;"AS701 MCI Communications Services, Inc. d/b/a Verizon Business";"mlab2-dfw01";0.053056;3789458.971933;"0.004012999";"linux2";"38.107.216.31";"bittorrent";1340022829;2305758.664543;-1.000000;"dfd87da2-1968-48ac-9bd2-5469644e29e4";701;"NY";"Hicksville";12;6;2012;0;18;"20120618"
"74.93.119.149";"US";-77.460300;37.553800;"AS7922 Comcast Cable Communications, Inc.";"mlab2-dfw01";0.051465;4614431.415388;"0.004012999";"win32";"38.107.216.31";"bittorrent";1340024063;606879.669078;-1.000000;"89137afb-b348-4f18-88b5-80cee829292f";7922;"VA";"Richmond";12;6;2012;0;18;"20120618"
"71.204.91.144";"US";-84.447700;34.119000;"AS7922 Comcast Cable Communications, Inc.";"mlab2-dfw01";0.032214;2202001.228977;"0.004012999";"darwin";"38.107.216.31";"bittorrent";1340024488;514142.743948;-1.000000;"4b4fa0bc-987b-4105-9a0b-83e736a6503c";7922;"GA";"Woodstock";13;6;2012;0;18;"20120618"
"67.168.66.115";"US";-122.630500;48.321800;"AS7922 Comcast Cable Communications, Inc.";"mlab2-dfw01";0.058133;3059287.191157;"0.004012999";"win32";"38.107.216.31";"bittorrent";1340024535;732082.632860;-1.000000;"3ee99b5a-2c05-4823-a555-34b90b697de5";7922;"WA";"Oak Harbor";13;6;2012;0;18;"20120618"
"74.103.162.36";"US";-75.114700;40.427800;"AS701 MCI Communications Services, Inc. d/b/a Verizon Business";"mlab2-dfw01";0.047196;1912240.709646;"0.004012999";"darwin";"38.107.216.31";"bittorrent";1340024705;667389.583819;-1.000000;"4eec0d76-fa70-4b4c-91f9-8cb1b74b0682";701;"PA";"Pipersville";13;6;2012;0;18;"20120618"
"108.58.78.250";"US";-73.587600;40.755700;"AS6128 Cablevision Systems Corp.";"mlab2-dfw01";0.083299;4438557.282020;"0.004011999";"win32";"38.107.216.31";"speedtest";1340024836;639320.452159;0.171854;"63a2819d-1e01-4d29-9601-39befed63efa";6128;"NY";"Westbury";13;6;2012;0;18;"20120618"
"71.204.91.144";"US";-84.447700;34.119000;"AS7922 Comcast Cable Communications, Inc.";"mlab2-dfw01";0.032033;1020986.486510;"0.004012999";"darwin";"38.107.216.31";"speedtest";1340025976;514407.252295;0.035739;"4b4fa0bc-987b-4105-9a0b-83e736a6503c";7922;"GA";"Woodstock";13;6;2012;0;18;"20120618"
"75.127.236.122";"US";-97.000000;38.000000;"AS6128 Cablevision Systems Corp.";"mlab2-dfw01";0.047985;1275044.722965;"0.004012999";"win32";"38.107.216.31";"bittorrent";1340026127;531366.867734;-1.000000;"560c097a-1dfa-4e05-9893-bdc56e35afc3";6128;"";"";13;6;2012;0;18;"20120618"
"76.24.39.72";"US";-71.691300;42.413600;"AS7922 Comcast Cable Communications, Inc.";"mlab2-dfw01";0.069787;706661.956183;"0.004012999";"win32";"38.107.216.31";"speedtest";1340027209;356458.092354;0.072719;"d7fbbeb1-8f79-4feb-9ab1-01beb7b970aa";7922;"MA";"Clinton";13;6;2012;0;18;"20120618"
"96.236.133.97";"US";-79.995900;40.440600;"AS701 MCI Communications Services, Inc. d/b/a Verizon Business";"mlab2-dfw01";0.062277;146076.256618;"0.004012999";"linux2";"38.107.216.31";"speedtest";1340027406;336149.889441;0.063769;"002bd52f-5f9d-42eb-9ce6-e310c9db525a";701;"PA";"Pittsburgh";13;6;2012;0;18;"20120618"
"75.127.236.122";"US";-97.000000;38.000000;"AS6128 Cablevision Systems Corp.";"mlab2-dfw01";0.052761;920246.397068;"0.004012999";"win32";"38.107.216.31";"speedtest";1340027527;583805.091776;0.051174;"560c097a-1dfa-4e05-9893-bdc56e35afc3";6128;"";"";13;6;2012;0;18;"20120618"
"71.192.154.157";"US";-71.051200;42.406300;"AS7922 Comcast Cable Communications, Inc.";"mlab2-dfw01";0.069745;509218.104432;"0.004012999";"darwin";"38.107.216.31";"bittorrent";1340028043;435343.223287;-1.000000;"65fb0ed5-8aab-4ca3-973b-6f6abd2e24d4";7922;"MA";"Everett";14;6;2012;0;18;"20120618"
"98.207.87.80";"US";-122.299100;37.409600;"AS7922 Comcast Cable Communications, Inc.";"mlab2-dfw01";0.074686;3132003.121587;"0.004012999";"darwin";"38.107.216.31";"bittorrent";1340028212;255367.563727;-1.000000;"0f7d671c-779f-4f63-8f54-ca28fcc35fd6";7922;"CA";"Redwood City";14;6;2012;0;18;"20120618"
"98.203.140.223";"US";-122.304300;47.610200;"AS7922 Comcast Cable Communications, Inc.";"mlab2-dfw01";0.057924;2301045.137430;"0.004012999";"linux2";"38.107.216.31";"speedtest";1340029118;426218.679186;0.064757;"4bf1068a-cabe-4254-a52f-c2914db03ade";7922;"WA";"Seattle";14;6;2012;0;18;"20120618"
"74.103.162.36";"US";-75.114700;40.427800;"AS701 MCI Communications Services, Inc. d/b/a Verizon Business";"mlab2-dfw01";0.048755;1778736.731780;"0.004012999";"darwin";"38.107.216.31";"speedtest";1340029540;650911.074142;0.049113;"4eec0d76-fa70-4b4c-91f9-8cb1b74b0682";701;"PA";"Pipersville";14;6;2012;0;18;"20120618"
"72.181.251.247";"US";-96.771500;32.833900;"AS11427 Time Warner Cable Internet LLC";"mlab2-dfw01";0.024261;2479103.299248;"0.004012999";"darwin";"38.107.216.31";"bittorrent";1340029921;225096.109870;-1.000000;"ec56ca67-ca5b-4ee7-a615-8743ebac3e8a";11427;"TX";"Dallas";14;6;2012;0;18;"20120618"
"96.236.133.97";"US";-79.995900;40.440600;"AS701 MCI Communications Services, Inc. d/b/a Verizon Business";"mlab2-dfw01";0.055202;75067.168986;"0.004012999";"linux2";"38.107.216.31";"speedtest";1340030280;291545.786269;0.064699;"002bd52f-5f9d-42eb-9ce6-e310c9db525a";701;"PA";"Pittsburgh";14;6;2012;0;18;"20120618"
"67.168.66.115";"US";-122.630500;48.321800;"AS7922 Comcast Cable Communications, Inc.";"mlab2-dfw01";0.059083;2013631.290650;"0.004012999";"win32";"38.107.216.31";"speedtest";1340032284;453005.780072;0.060196;"3ee99b5a-2c05-4823-a555-34b90b697de5";7922;"WA";"Oak Harbor";15;6;2012;0;18;"20120618"
"98.203.140.223";"US";-122.304300;47.610200;"AS7922 Comcast Cable Communications, Inc.";"mlab2-dfw01";0.064251;2397423.085920;"0.004012999";"linux2";"38.107.216.31";"speedtest";1340032017;364861.982101;0.086790;"4bf1068a-cabe-4254-a52f-c2914db03ade";7922;"WA";"Seattle";15;6;2012;0;18;"20120618"
"66.142.7.6";"US";-101.831300;35.222000;"AS2386 AT&T Data Communications Services";"mlab2-dfw01";0.137436;11711.168442;"0.004012999";"linux2";"38.107.216.31";"bittorrent";1340032397;34254.024321;-1.000000;"e629a5ed-292e-4c20-860f-40ebe4624851";2386;"TX";"Amarillo";15;6;2012;0;18;"20120618"
"76.168.80.127";"US";-118.243700;34.052200;"AS20001 Time Warner Cable Internet LLC";"mlab2-dfw01";0.054622;920088.483993;"0.004012999";"darwin";"38.107.216.31";"bittorrent";1340032901;121193.545346;-1.000000;"90d62fdd-a880-469e-bb3b-4bf575cfed10";20001;"CA";"Los Angeles";15;6;2012;0;18;"20120618"
"67.168.59.54";"US";-122.668000;48.185500;"AS7922 Comcast Cable Communications, Inc.";"mlab2-dfw01";0.057999;2081655.773010;"0.004012999";"win32";"38.107.216.31";"speedtest";1340032920;640453.654866;0.061091;"ea22d474-846e-407d-9ebe-cd03ff0d64f4";7922;"WA";"Coupeville";15;6;2012;0;18;"20120618"
"98.243.192.146";"US";-84.594100;42.860200;"AS7922 Comcast Cable Communications, Inc.";"mlab2-dfw01";0.064391;954855.498908;"0.004012999";"darwin";"38.107.216.31";"bittorrent";1340032931;455097.712945;-1.000000;"69a61dac-c7ac-4b16-b86b-4bd2f3990f62";7922;"MI";"Dewitt";15;6;2012;0;18;"20120618"
"206.255.246.41";"US";-94.740500;32.500700;"AS53508 Cablelynx";"mlab2-dfw01";0.013823;1385189.372504;"0.004012999";"win32";"38.107.216.31";"bittorrent";1340033065;177786.295452;-1.000000;"3a5b4ca4-0887-432d-a115-9f646a867cdb";53508;"TX";"Longview";15;6;2012;0;18;"20120618"
"71.190.171.206";"US";-73.525400;40.767000;"AS701 MCI Communications Services, Inc. d/b/a Verizon Business";"mlab2-dfw01";0.049301;3038352.830850;"0.004012999";"linux2";"38.107.216.31";"speedtest";1340033265;1760924.316810;0.052320;"dfd87da2-1968-48ac-9bd2-5469644e29e4";701;"NY";"Hicksville";15;6;2012;0;18;"20120618"
"50.83.240.108";"US";-95.977900;45.232200;"AS30036 Mediacom Communications Corp";"mlab2-dfw01";0.044316;1425653.794830;"0.004012999";"darwin";"38.107.216.31";"speedtest";1340034255;320106.152033;0.046096;"43af2f72-3dc4-4824-9ff7-faa06a3cb206";30036;"MN";"Appleton";15;6;2012;0;18;"20120618"
"108.6.12.54";"US";-73.936100;40.740000;"AS701 MCI Communications Services, Inc. d/b/a Verizon Business";"mlab2-dfw01";0.057878;3015154.879933;"0.004011999";"darwin";"38.107.216.31";"bittorrent";1340035644;772989.657622;-1.000000;"2e291570-e5e9-434c-8fc4-9496c5d43b52";701;"NY";"Long Island City";16;6;2012;0;18;"20120618"
"99.104.57.129";"US";-87.701600;41.975900;"AS7018 AT&T Services, Inc.";"mlab2-dfw01";0.034130;311047.014481;"0.004012999";"darwin";"38.107.216.31";"speedtest";1340035709;51533.163579;0.045869;"d6f10baf-3b6d-47fb-999c-6d4188d2d4b2";7018;"IL";"Chicago";16;6;2012;0;18;"20120618"
"74.103.162.36";"US";-75.114700;40.427800;"AS701 MCI Communications Services, Inc. d/b/a Verizon Business";"mlab2-dfw01";0.046310;1522165.470330;"0.004012999";"darwin";"38.107.216.31";"speedtest";1340035986;646619.796024;0.050619;"4eec0d76-fa70-4b4c-91f9-8cb1b74b0682";701;"PA";"Pipersville";16;6;2012;0;18;"20120618"
"98.243.192.146";"US";-84.594100;42.860200;"AS7922 Comcast Cable Communications, Inc.";"mlab2-dfw01";0.064587;953488.509901;"0.004012999";"darwin";"38.107.216.31";"bittorrent";1340036055;465788.566015;-1.000000;"69a61dac-c7ac-4b16-b86b-4bd2f3990f62";7922;"MI";"Dewitt";16;6;2012;0;18;"20120618"
"173.246.102.187";"US";-76.612200;39.290400;"AS29169 Gandi SAS";"mlab2-dfw01";0.033900;2673130.479300;"0.004011999";"linux2";"38.107.216.31";"speedtest";1340036603;678640.955162;0.035975;"a57cd6aa-6b9a-40e3-ae4c-0685546dd104";29169;"MD";"Baltimore";16;6;2012;0;18;"20120618"
"71.192.154.157";"US";-71.051200;42.406300;"AS7922 Comcast Cable Communications, Inc.";"mlab2-dfw01";0.066979;258870.084836;"0.004012999";"darwin";"38.107.216.31";"bittorrent";1340037131;370248.045349;-1.000000;"65fb0ed5-8aab-4ca3-973b-6f6abd2e24d4";7922;"MA";"Everett";16;6;2012;0;18;"20120618"
"75.127.236.122";"US";-97.000000;38.000000;"AS6128 Cablevision Systems Corp.";"mlab2-dfw01";0.049819;1244663.698659;"0.004012999";"win32";"38.107.216.31";"bittorrent";1340037312;528094.933535;-1.000000;"560c097a-1dfa-4e05-9893-bdc56e35afc3";6128;"";"";16;6;2012;0;18;"20120618"
"96.236.133.97";"US";-79.995900;40.440600;"AS701 MCI Communications Services, Inc. d/b/a Verizon Business";"mlab2-dfw01";0.063057;113381.060538;"0.004012999";"linux2";"38.107.216.31";"bittorrent";1340037494;205380.672511;-1.000000;"002bd52f-5f9d-42eb-9ce6-e310c9db525a";701;"PA";"Pittsburgh";16;6;2012;0;18;"20120618"
"207.231.92.41";"US";-121.370600;38.784300;"AS14051 Roseville Telephone Company";"mlab2-dfw01";0.048154;3428776.268582;"0.004012999";"win32";"38.107.216.31";"bittorrent";1340037582;2316071.487176;-1.000000;"cb121e1a-4701-4c5a-91b5-29c9df2b10c0";14051;"CA";"Roseville";16;6;2012;0;18;"20120618"
"76.169.71.176";"US";-118.273400;33.963800;"AS20001 Time Warner Cable Internet LLC";"mlab2-dfw01";0.060395;1783912.106690;"0.004011999";"win32";"38.107.216.31";"speedtest";1340037879;120861.518888;0.057948;"2f0c137b-7982-4d9c-b50a-c362f2d810e0";20001;"CA";"Los Angeles";16;6;2012;0;18;"20120618"
"71.118.241.200";"US";-118.880000;34.213300;"AS701 MCI Communications Services, Inc. d/b/a Verizon Business";"mlab2-dfw01";0.050406;2877831.686380;"0.004012999";"darwin";"38.107.216.31";"speedtest";1340037944;2659176.065660;0.049288;"6240ede4-4770-4ab9-a1a5-5df49c84c463";701;"CA";"Thousand Oaks";16;6;2012;0;18;"20120618"
"64.81.87.32";"US";-117.865300;34.020300;"AS18566 MegaPath Corporation";"mlab2-dfw01";0.045384;789844.503550;"0.004011999";"win32";"38.107.216.31";"speedtest";1340038182;108375.153835;0.048575;"e94d5238-1b8c-4a39-ae43-035af5b62fa1";18566;"CA";"Walnut";16;6;2012;0;18;"20120618"
"50.46.199.114";"US";-122.342600;47.739600;"AS5650 Frontier Communications of America, Inc.";"mlab2-dfw01";0.080378;663698.459119;"0.004012999";"darwin";"38.107.216.31";"speedtest";1340039167;647208.073717;0.081438;"9c3f8949-43af-4678-be97-2082a5c82606";5650;"WA";"Seattle";17;6;2012;0;18;"20120618"
"184.177.72.227";"US";-97.000000;38.000000;"AS22773 Cox Communications Inc.";"mlab2-dfw01";0.071781;648708.831075;"0.004012999";"win32";"38.107.216.31";"speedtest";1340039252;608922.216089;0.072949;"e9aa2936-1c50-4b9d-89e4-2daad232b753";22773;"";"";17;6;2012;0;18;"20120618"
"76.10.12.242";"US";-88.242600;40.112500;"AS46925 PAVLOV MEDIA INC";"mlab2-dfw01";0.033938;1548975.679510;"0.004012999";"win32";"38.107.216.31";"speedtest";1340039778;1688363.381880;0.036548;"b2c93218-2fa2-4a04-be8b-f4553cb22e1a";46925;"IL";"Champaign";17;6;2012;0;18;"20120618"
"98.124.100.208";"US";-80.038400;33.118000;"AS16863 Home Telephone Company, Inc.";"mlab2-dfw01";0.061299;1173143.445244;"0.004012999";"linux2";"38.107.216.31";"bittorrent";1340040085;204295.178293;-1.000000;"adcd5d0f-b5f4-47e4-9505-249669f515a0";16863;"SC";"Moncks Corner";17;6;2012;0;18;"20120618"
"24.61.63.89";"US";-71.031600;42.399700;"AS7922 Comcast Cable Communications, Inc.";"mlab2-dfw01";0.075762;872720.970322;"0.004012999";"win32";"38.107.216.31";"speedtest";1340041571;476744.847416;0.067762;"641fcec9-64c6-4ec1-a213-90d958a6f9a1";7922;"MA";"Chelsea";17;6;2012;0;18;"20120618"
"68.40.185.45";"US";-83.740900;42.277600;"AS7922 Comcast Cable Communications, Inc.";"mlab2-dfw01";0.059532;401201.036225;"0.004012999";"darwin";"38.107.216.31";"bittorrent";1340042255;739463.958710;-1.000000;"f77a7853-1ba8-4219-aa2c-2157b5e89023";7922;"MI";"Ann Arbor";17;6;2012;0;18;"20120618"
"199.254.238.206";"US";-97.000000;38.000000;"AS16652 Riseup Networks";"mlab2-dfw01";0.186617;114993.150961;"0.004012999";"linux2";"38.107.216.31";"speedtest";1340042785;39096.536542;0.184809;"e2181bc2-ad47-4da8-9301-b0a516313463";16652;"";"";18;6;2012;0;18;"20120618"
"76.168.80.127";"US";-118.243700;34.052200;"AS20001 Time Warner Cable Internet LLC";"mlab2-dfw01";0.054883;1948615.465710;"0.004012999";"darwin";"38.107.216.31";"speedtest";1340043787;120536.596329;0.060529;"90d62fdd-a880-469e-bb3b-4bf575cfed10";20001;"CA";"Los Angeles";18;6;2012;0;18;"20120618"
"184.177.72.227";"US";-97.000000;38.000000;"AS22773 Cox Communications Inc.";"mlab2-dfw01";0.071504;476605.877171;"0.004012999";"win32";"38.107.216.31";"bittorrent";1340043759;768199.168865;-1.000000;"e9aa2936-1c50-4b9d-89e4-2daad232b753";22773;"";"";18;6;2012;0;18;"20120618"
"67.172.130.152";"US";-104.821400;38.833900;"AS7922 Comcast Cable Communications, Inc.";"mlab2-dfw01";0.031145;3159742.734348;"0.004012999";"darwin";"38.107.216.31";"bittorrent";1340045243;465936.052842;-1.000000;"e83583f7-4c54-4291-a929-2fd12fd286f5";7922;"CO";"Colorado Springs";18;6;2012;0;18;"20120618"
"96.2.48.78";"US";-96.983300;42.836900;"AS11232 Midcontinent Media, Inc.";"mlab2-dfw01";0.059792;3918476.649381;"0.004012999";"win32";"38.107.216.31";"bittorrent";1340045333;628722.035354;-1.000000;"d4959228-fa29-4292-8c76-7ca9985284c9";11232;"SD";"Vermillion";18;6;2012;0;18;"20120618"
"67.130.216.230";"US";-105.937800;35.687000;"AS209 NOVARTIS-DMZ-US";"mlab2-dfw01";0.082559;136064.549187;"0.004012999";"win32";"38.107.216.31";"bittorrent";1340045497;77419.865592;-1.000000;"ee8fe911-f84d-4ab8-b486-dda4c138f932";209;"NM";"Santa Fe";18;6;2012;0;18;"20120618"
"24.111.85.175";"US";-97.440500;42.935900;"AS11232 Midcontinent Media, Inc.";"mlab2-dfw01";0.063764;239754.512844;"0.004011999";"win32";"38.107.216.31";"bittorrent";1340045631;491816.048449;-1.000000;"d8e6a54b-6231-4d06-a9c1-bf3a10f484b1";11232;"SD";"Yankton";18;6;2012;0;18;"20120618"
"98.206.101.228";"US";-87.655100;41.937300;"AS7922 Comcast Cable Communications, Inc.";"mlab2-dfw01";0.042690;3038187.428264;"0.004012999";"win32";"38.107.216.31";"bittorrent";1340045873;518449.132967;-1.000000;"1b8a7968-95b4-4827-8260-84d7e02b3d53";7922;"IL";"Chicago";18;6;2012;0;18;"20120618"
"199.254.238.206";"US";-97.000000;38.000000;"AS16652 Riseup Networks";"mlab2-dfw01";0.176383;47173.684162;"0.004012999";"linux2";"38.107.216.31";"speedtest";1340046069;44648.500228;0.191456;"e2181bc2-ad47-4da8-9301-b0a516313463";16652;"";"";19;6;2012;0;18;"20120618"
"173.160.133.65";"US";-122.449200;47.151100;"AS7922 Comcast Cable Communications, Inc.";"mlab2-dfw01";0.060944;490243.040448;"0.004012999";"win32";"38.107.216.31";"bittorrent";1340046076;443058.450947;-1.000000;"cd29f4ce-ebe9-47c8-8b18-9406a9618ac1";7922;"WA";"Tacoma";19;6;2012;0;18;"20120618"
"99.130.96.199";"US";-117.490800;33.932900;"AS7018 AT&T Services, Inc.";"mlab2-dfw01";0.061280;1300858.340410;"0.004012999";"linux2";"38.107.216.31";"speedtest";1340046160;178302.752218;0.062487;"0a3b2944-23c0-4116-a068-0d5627c0dec9";7018;"CA";"Riverside";19;6;2012;0;18;"20120618"
"50.78.87.177";"US";-106.097500;39.574400;"AS7922 Comcast Cable Communications, Inc.";"mlab2-dfw01";0.063171;1192873.671480;"0.004012999";"win32";"38.107.216.31";"speedtest";1340046401;509172.503218;0.049536;"c4393561-5207-49e8-879a-bbb805c9188f";7922;"CO";"Frisco";19;6;2012;0;18;"20120618"
"98.124.100.208";"US";-80.038400;33.118000;"AS16863 Home Telephone Company, Inc.";"mlab2-dfw01";0.061603;1168319.876147;"0.004012999";"linux2";"38.107.216.31";"bittorrent";1340046420;196013.290937;-1.000000;"adcd5d0f-b5f4-47e4-9505-249669f515a0";16863;"SC";"Moncks Corner";19;6;2012;0;18;"20120618"
"68.41.24.217";"US";-83.036000;42.724500;"AS7922 Comcast Cable Communications, Inc.";"mlab2-dfw01";0.073911;1659876.369830;"0.004012999";"win32";"38.107.216.31";"speedtest";1340047044;508044.848529;0.057708;"7acc5903-5884-4564-add3-0be49e9fa576";7922;"MI";"Washington";19;6;2012;0;18;"20120618"
"98.22.138.166";"US";-95.790800;36.052600;"AS7029 Windstream Communications Inc";"mlab2-dfw01";0.093085;113385.529719;"0.004012999";"win32";"38.107.216.31";"bittorrent";1340047159;81134.256432;-1.000000;"eb27082c-e25b-4239-869e-8ba23d438a17";7029;"OK";"Broken Arrow";19;6;2012;0;18;"20120618"
"65.32.77.45";"US";-97.000000;38.000000;"AS33363 BRIGHT HOUSE NETWORKS, LLC";"mlab2-dfw01";0.037302;2458410.620700;"0.004012999";"win32";"38.107.216.31";"speedtest";1340047379;159268.281588;0.040147;"29daca95-9628-479f-b4be-ee35e322c612";33363;"";"";19;6;2012;0;18;"20120618"
"68.48.221.17";"US";-76.837500;39.174900;"AS7922 Comcast Cable Communications, Inc.";"mlab2-dfw01";0.045618;981836.642980;"0.004012999";"darwin";"38.107.216.31";"speedtest";1340047531;699147.390895;0.169273;"4162ce8a-78ab-4a68-9407-13618360662f";7922;"MD";"Columbia";19;6;2012;0;18;"20120618"
"70.114.2.130";"US";-98.399400;29.583400;"AS11427 Time Warner Cable Internet LLC";"mlab2-dfw01";0.020111;2817487.863478;"0.004012999";"linux2";"38.107.216.31";"bittorrent";1340047694;244086.136515;-1.000000;"eef1d069-de63-4f80-84c8-860f065b1f10";11427;"TX";"San Antonio";19;6;2012;0;18;"20120618"
"68.40.93.208";"US";-82.582300;42.637600;"AS7922 Comcast Cable Communications, Inc.";"mlab2-dfw01";0.066304;1072360.087480;"0.004011999";"win32";"38.107.216.31";"speedtest";1340048106;436547.192576;0.065962;"5ddd06da-64ad-444c-b2c0-525541d4d177";7922;"MI";"Algonac";19;6;2012;0;18;"20120618"
"66.80.217.179";"US";-105.002200;39.545700;"AS4565 MegaPath Networks Inc.";"mlab2-dfw01";0.023942;596198.853995;"0.004012999";"darwin";"38.107.216.31";"speedtest";1340048576;705252.495885;0.029566;"fd8f8cbf-53ff-44fa-8e9f-da47c60b3fce";4565;"CO";"Littleton";19;6;2012;0;18;"20120618"
"68.48.221.17";"US";-76.837500;39.174900;"AS7922 Comcast Cable Communications, Inc.";"mlab2-dfw01";0.046772;1335769.105847;"0.004012999";"darwin";"38.107.216.31";"bittorrent";1340048955;711130.671159;-1.000000;"4162ce8a-78ab-4a68-9407-13618360662f";7922;"MD";"Columbia";19;6;2012;0;18;"20120618"
"76.10.12.242";"US";-88.242600;40.112500;"AS46925 PAVLOV MEDIA INC";"mlab2-dfw01";0.035400;1599154.506130;"0.004012999";"win32";"38.107.216.31";"speedtest";1340049212;1385826.940790;0.035932;"b2c93218-2fa2-4a04-be8b-f4553cb22e1a";46925;"IL";"Champaign";19;6;2012;0;18;"20120618"
"67.168.59.54";"US";-122.668000;48.185500;"AS7922 Comcast Cable Communications, Inc.";"mlab2-dfw01";0.059035;1952002.938833;"0.004012999";"win32";"38.107.216.31";"bittorrent";1340049502;708734.571408;-1.000000;"ea22d474-846e-407d-9ebe-cd03ff0d64f4";7922;"WA";"Coupeville";19;6;2012;0;18;"20120618"
"68.188.90.154";"US";-90.197900;38.627300;"AS20115 Charter Communications";"mlab2-dfw01";0.042097;132547.469209;"0.004012999";"darwin";"38.107.216.31";"speedtest";1340049682;510156.894956;0.044890;"10349cfe-4a13-405a-99be-aabdb52920f3";20115;"MO";"Saint Louis";20;6;2012;0;18;"20120618"
"67.130.216.230";"US";-105.937800;35.687000;"AS209 NOVARTIS-DMZ-US";"mlab2-dfw01";0.104397;149681.101704;"0.004012999";"win32";"38.107.216.31";"speedtest";1340050006;60896.710225;0.093959;"ee8fe911-f84d-4ab8-b486-dda4c138f932";209;"NM";"Santa Fe";20;6;2012;0;18;"20120618"
"71.190.171.206";"US";-73.525400;40.767000;"AS701 MCI Communications Services, Inc. d/b/a Verizon Business";"mlab2-dfw01";0.049417;3187066.664850;"0.004012999";"linux2";"38.107.216.31";"speedtest";1340051410;1720080.949850;0.052369;"dfd87da2-1968-48ac-9bd2-5469644e29e4";701;"NY";"Hicksville";20;6;2012;0;18;"20120618"
"66.80.217.179";"US";-105.002200;39.545700;"AS4565 MegaPath Networks Inc.";"mlab2-dfw01";0.027101;599044.123623;"0.004012999";"darwin";"38.107.216.31";"speedtest";1340051597;705962.501173;0.027460;"fd8f8cbf-53ff-44fa-8e9f-da47c60b3fce";4565;"CO";"Littleton";20;6;2012;0;18;"20120618"
"68.48.221.17";"US";-76.837500;39.174900;"AS7922 Comcast Cable Communications, Inc.";"mlab2-dfw01";0.046806;1285228.675091;"0.004012999";"darwin";"38.107.216.31";"bittorrent";1340051789;707223.477923;-1.000000;"4162ce8a-78ab-4a68-9407-13618360662f";7922;"MD";"Columbia";20;6;2012;0;18;"20120618"
"173.20.36.131";"US";-91.455800;40.452000;"AS30036 Mediacom Communications Corp";"mlab2-dfw01";0.056852;118386.256409;"0.004012999";"win32";"38.107.216.31";"bittorrent";1340051802;178548.477619;-1.000000;"6b87ac46-1206-4d9c-afa5-d5cab4a872d6";30036;"IA";"Keokuk";20;6;2012;0;18;"20120618"
"108.0.16.252";"US";-118.142300;33.771100;"AS701 MCI Communications Services, Inc. d/b/a Verizon Business";"mlab2-dfw01";1.080952;920022.871208;"0.004012999";"darwin";"38.107.216.31";"bittorrent";1340051863;682957.876668;-1.000000;"b13eed9c-7499-4364-89ba-e85068191268";701;"CA";"Long Beach";20;6;2012;0;18;"20120618"
"24.130.152.60";"US";-122.088500;37.709000;"AS7922 Comcast Cable Communications, Inc.";"mlab2-dfw01";0.062202;2293723.509370;"0.004012999";"darwin";"38.107.216.31";"speedtest";1340052355;749915.783277;0.063048;"92ef1dc6-e5b9-40c8-800b-cc909779319d";7922;"CA";"Castro Valley";20;6;2012;0;18;"20120618"
"97.65.115.51";"US";-122.393300;37.769700;"AS4323 tw telecom holdings, inc.";"mlab2-dfw01";0.049637;931222.553433;"0.004012999";"win32";"38.107.216.31";"bittorrent";1340052755;713211.556106;-1.000000;"e54bd867-c3d4-475c-aa3f-d513bac1c0f1";4323;"CA";"San Francisco";20;6;2012;0;18;"20120618"
"174.130.159.236";"US";-84.120400;32.341000;"AS7029 Windstream Communications Inc";"mlab2-dfw01";0.123397;112614.488201;"0.004011999";"win32";"38.107.216.31";"bittorrent";1340053866;77441.555719;-1.000000;"de6fbf44-b9c6-4959-9089-5bd76562acd2";7029;"GA";"Oglethorpe";21;6;2012;0;18;"20120618"
"68.58.125.60";"US";-86.158000;39.768400;"AS7922 Comcast Cable Communications, Inc.";"mlab2-dfw01";0.056770;1488843.760730;"0.004012999";"darwin";"38.107.216.31";"speedtest";1340054176;506917.863133;0.058566;"9ad7184c-eb25-4754-a40f-91e4262a9d35";7922;"IN";"Indianapolis";21;6;2012;0;18;"20120618"
"64.81.87.32";"US";-117.865300;34.020300;"AS18566 MegaPath Corporation";"mlab2-dfw01";0.046164;842023.390505;"0.004011999";"win32";"38.107.216.31";"bittorrent";1340054194;80384.524484;-1.000000;"e94d5238-1b8c-4a39-ae43-035af5b62fa1";18566;"CA";"Walnut";21;6;2012;0;18;"20120618"
"173.246.102.187";"US";-76.612200;39.290400;"AS29169 Gandi SAS";"mlab2-dfw01";0.040899;2472433.192723;"0.004011999";"linux2";"38.107.216.31";"bittorrent";1340054211;669917.932702;-1.000000;"a57cd6aa-6b9a-40e3-ae4c-0685546dd104";29169;"MD";"Baltimore";21;6;2012;0;18;"20120618"
"68.58.125.60";"US";-86.158000;39.768400;"AS7922 Comcast Cable Communications, Inc.";"mlab2-dfw01";0.100757;1658759.829623;"0.004012999";"darwin";"38.107.216.31";"bittorrent";1340055808;514726.527455;-1.000000;"9ad7184c-eb25-4754-a40f-91e4262a9d35";7922;"IN";"Indianapolis";21;6;2012;0;18;"20120618"
"96.2.48.78";"US";-96.983300;42.836900;"AS11232 Midcontinent Media, Inc.";"mlab2-dfw01";0.060175;937563.434805;"0.004011999";"win32";"38.107.216.31";"speedtest";1340055816;516302.437391;0.061922;"a7ed429a-44c3-4195-a0e5-7eac41680125";11232;"SD";"Vermillion";21;6;2012;0;18;"20120618"
"70.114.2.130";"US";-98.399400;29.583400;"AS11427 Time Warner Cable Internet LLC";"mlab2-dfw01";0.022343;3007815.743515;"0.004012999";"linux2";"38.107.216.31";"bittorrent";1340056164;243455.003127;-1.000000;"eef1d069-de63-4f80-84c8-860f065b1f10";11427;"TX";"San Antonio";21;6;2012;0;18;"20120618"
"209.155.86.74";"US";-77.426000;43.100500;"AS1785 PaeTec Communications, Inc.";"mlab2-dfw01";0.051352;237965.888515;"0.004012999";"win32";"38.107.216.31";"speedtest";1340056183;57000.995408;0.066092;"4841c017-4566-4afc-a805-ba458ccb2be1";1785;"NY";"Fairport";21;6;2012;0;18;"20120618"
"76.169.71.176";"US";-118.273400;33.963800;"AS20001 Time Warner Cable Internet LLC";"mlab2-dfw01";0.072863;73064.173328;"0.004011999";"win32";"38.107.216.31";"speedtest";1340057647;40755.783908;0.058061;"2f0c137b-7982-4d9c-b50a-c362f2d810e0";20001;"CA";"Los Angeles";22;6;2012;0;18;"20120618"
"205.178.18.107";"US";-87.623800;41.884900;"AS6079 RCN";"mlab2-dfw01";0.028452;430530.267375;"0.004011999";"win32";"38.107.216.31";"bittorrent";1340057735;137105.148383;-1.000000;"e98788b3-c49f-4266-b003-f95ea1c0e2a0";6079;"IL";"Chicago";22;6;2012;0;18;"20120618"
"66.66.21.182";"US";-77.602400;43.185800;"AS11351 Time Warner Cable Internet LLC";"mlab2-dfw01";0.070671;3651058.271042;"0.004012999";"win32";"38.107.216.31";"bittorrent";1340058390;591167.551749;-1.000000;"b4fb3816-21d6-43b3-91fc-aabe40980e90";11351;"NY";"Rochester";22;6;2012;0;18;"20120618"
"71.192.154.157";"US";-71.051200;42.406300;"AS7922 Comcast Cable Communications, Inc.";"mlab2-dfw01";0.103540;56775.421195;"0.004012999";"darwin";"38.107.216.31";"bittorrent";1340058463;326280.909284;-1.000000;"65fb0ed5-8aab-4ca3-973b-6f6abd2e24d4";7922;"MA";"Everett";22;6;2012;0;18;"20120618"
"76.169.71.176";"US";-118.273400;33.963800;"AS20001 Time Warner Cable Internet LLC";"mlab2-dfw01";0.054263;78883.716576;"0.004011999";"win32";"38.107.216.31";"speedtest";1340060503;25638.376376;0.056922;"2f0c137b-7982-4d9c-b50a-c362f2d810e0";20001;"CA";"Los Angeles";23;6;2012;0;18;"20120618"
"98.203.140.223";"US";-122.304300;47.610200;"AS7922 Comcast Cable Communications, Inc.";"mlab2-dfw01";0.063653;2366047.956480;"0.004012999";"linux2";"38.107.216.31";"speedtest";1340060995;353958.063986;0.067849;"4bf1068a-cabe-4254-a52f-c2914db03ade";7922;"WA";"Seattle";23;6;2012;0;18;"20120618"
"108.6.12.54";"US";-73.936100;40.740000;"AS701 MCI Communications Services, Inc. d/b/a Verizon Business";"mlab2-dfw01";0.052586;2358261.161810;"0.004011999";"darwin";"38.107.216.31";"speedtest";1340061441;728751.586669;0.056617;"2e291570-e5e9-434c-8fc4-9496c5d43b52";701;"NY";"Long Island City";23;6;2012;0;18;"20120618"
"68.58.165.186";"US";-80.107000;32.841300;"AS7922 Comcast Cable Communications, Inc.";"mlab2-dfw01";0.055285;883201.972316;"0.004012999";"linux2";"38.107.216.31";"speedtest";1340061454;868681.749281;0.056185;"564f666b-3c55-40d4-a5f8-92064e970a5f";7922;"SC";"Charleston";23;6;2012;0;18;"20120618"
"71.58.226.44";"US";-75.961500;41.249000;"AS7922 Comcast Cable Communications, Inc.";"mlab2-dfw01";0.066801;2161809.558480;"0.004012999";"win32";"38.107.216.31";"speedtest";1340061757;694214.344118;0.069320;"fb6cc5ca-37c3-44c5-8176-4a40a17f217a";7922;"PA";"Plymouth";23;6;2012;0;18;"20120618"
"69.251.194.209";"US";-77.177000;39.175200;"AS7922 Comcast Cable Communications, Inc.";"mlab2-dfw01";0.067999;2758021.572180;"0.004011999";"win32";"38.107.216.31";"speedtest";1340063573;490915.261125;0.063751;"5ab805cf-b023-4309-9496-d8b22873a074";7922;"MD";"Montgomery Village";23;6;2012;0;18;"20120618"
"173.246.102.187";"US";-76.612200;39.290400;"AS29169 Gandi SAS";"mlab2-dfw01";0.033561;3244363.420429;"0.004011999";"linux2";"38.107.216.31";"bittorrent";1340063756;677456.116111;-1.000000;"a57cd6aa-6b9a-40e3-ae4c-0685546dd104";29169;"MD";"Baltimore";23;6;2012;0;18;"20120618"
"82.171.145.6";"NL";5.750000;52.500000;"AS5615 Koninklijke KPN N.V.";"mlab3-ams01";0.022440;667508.339640;"0.004012999";"darwin";"213.244.128.171";"speedtest";1339979756;108679.088811;0.023766;"c890f61d-5863-4538-b423-e697d00771f8";5615;"";"";2;6;2012;0;18;"20120618"
"83.160.172.95";"NL";4.707000;52.022600;"AS3265 XS4ALL Internet BV";"mlab3-ams01";0.066999;308589.988763;"0.004012999";"win32";"213.244.128.171";"speedtest";1339981948;15404.827702;0.058840;"e078e51a-f032-4f30-83ee-a782f83c2cc3";3265;"11";"Gouda";3;6;2012;0;18;"20120618"
"83.143.188.187";"NL";5.750000;52.500000;"AS31673 Uniserver Internet B.V.";"mlab3-ams01";0.012678;3226007.692883;"0.004012999";"win32";"213.244.128.171";"bittorrent";1339982431;724379.294100;-1.000000;"997a283e-d807-4fe9-922a-5a17954a752b";31673;"";"";3;6;2012;0;18;"20120618"
"82.139.117.216";"NL";5.750000;52.500000;"AS41887 Prolocation AS";"mlab3-ams01";0.012365;1852643.084938;"0.004012999";"darwin";"213.244.128.171";"bittorrent";1339982551;5517091.157818;-1.000000;"44eae906-042b-4aa3-b1a8-1c349c1ff293";41887;"";"";3;6;2012;0;18;"20120618"
"83.160.172.95";"NL";4.707000;52.022600;"AS3265 XS4ALL Internet BV";"mlab3-ams01";0.031299;333202.655411;"0.004012999";"win32";"213.244.128.171";"bittorrent";1339983506;23954.679872;-1.000000;"e078e51a-f032-4f30-83ee-a782f83c2cc3";3265;"11";"Gouda";3;6;2012;0;18;"20120618"
"82.72.97.219";"NL";5.750000;52.500000;"AS9143 Ziggo B.V.";"mlab3-ams01";0.030582;3891117.876805;"0.004012999";"darwin";"213.244.128.171";"bittorrent";1339984277;1148375.125296;-1.000000;"c33b4d6e-bcfc-499d-91e0-0ce4ccfa16cd";9143;"";"";3;6;2012;0;18;"20120618"
"83.160.172.95";"NL";4.707000;52.022600;"AS3265 XS4ALL Internet BV";"mlab3-ams01";0.044831;278369.125131;"0.004012999";"win32";"213.244.128.171";"speedtest";1339985058;18928.760796;0.038149;"e078e51a-f032-4f30-83ee-a782f83c2cc3";3265;"11";"Gouda";4;6;2012;0;18;"20120618"
"82.139.117.216";"NL";5.750000;52.500000;"AS41887 Prolocation AS";"mlab3-ams01";0.012505;2423209.118611;"0.004012999";"darwin";"213.244.128.171";"bittorrent";1339985542;3459146.325709;-1.000000;"44eae906-042b-4aa3-b1a8-1c349c1ff293";41887;"";"";4;6;2012;0;18;"20120618"
"82.72.97.219";"NL";5.750000;52.500000;"AS9143 Ziggo B.V.";"mlab3-ams01";0.013069;3707404.041490;"0.004012999";"darwin";"213.244.128.171";"speedtest";1339985765;970237.066762;0.023392;"c33b4d6e-bcfc-499d-91e0-0ce4ccfa16cd";9143;"";"";4;6;2012;0;18;"20120618"
"82.171.145.6";"NL";5.750000;52.500000;"AS5615 Koninklijke KPN N.V.";"mlab3-ams01";0.022001;669692.759442;"0.004012999";"darwin";"213.244.128.171";"speedtest";1339985835;105542.072469;0.024488;"c890f61d-5863-4538-b423-e697d00771f8";5615;"";"";4;6;2012;0;18;"20120618"
"83.160.172.95";"NL";4.707000;52.022600;"AS3265 XS4ALL Internet BV";"mlab3-ams01";0.047071;333464.956208;"0.004012999";"win32";"213.244.128.171";"bittorrent";1339986635;17344.990920;-1.000000;"e078e51a-f032-4f30-83ee-a782f83c2cc3";3265;"11";"Gouda";4;6;2012;0;18;"20120618"
"83.160.172.95";"NL";4.707000;52.022600;"AS3265 XS4ALL Internet BV";"mlab3-ams01";0.056713;224305.311323;"0.004012999";"win32";"213.244.128.171";"bittorrent";1339989773;13295.588877;-1.000000;"e078e51a-f032-4f30-83ee-a782f83c2cc3";3265;"11";"Gouda";5;6;2012;0;18;"20120618"
"82.139.117.216";"NL";5.750000;52.500000;"AS41887 Prolocation AS";"mlab3-ams01";0.013713;2526514.819150;"0.004012999";"darwin";"213.244.128.171";"speedtest";1339990033;5497014.503540;0.012894;"44eae906-042b-4aa3-b1a8-1c349c1ff293";41887;"";"";5;6;2012;0;18;"20120618"
"83.160.172.95";"NL";4.707000;52.022600;"AS3265 XS4ALL Internet BV";"mlab3-ams01";0.036633;245102.615790;"0.004012999";"win32";"213.244.128.171";"speedtest";1339991320;16981.062285;0.053613;"e078e51a-f032-4f30-83ee-a782f83c2cc3";3265;"11";"Gouda";5;6;2012;0;18;"20120618"
"83.143.188.187";"NL";5.750000;52.500000;"AS31673 Uniserver Internet B.V.";"mlab3-ams01";0.014090;3915431.438211;"0.004012999";"win32";"213.244.128.171";"bittorrent";1339994014;870395.361581;-1.000000;"997a283e-d807-4fe9-922a-5a17954a752b";31673;"";"";6;6;2012;0;18;"20120618"
"82.72.97.219";"NL";5.750000;52.500000;"AS9143 Ziggo B.V.";"mlab3-ams01";0.016865;3539631.954170;"0.004012999";"darwin";"213.244.128.171";"speedtest";1339994712;1062200.776020;0.038334;"c33b4d6e-bcfc-499d-91e0-0ce4ccfa16cd";9143;"";"";6;6;2012;0;18;"20120618"
"83.160.172.95";"NL";4.707000;52.022600;"AS3265 XS4ALL Internet BV";"mlab3-ams01";0.017284;422490.013053;"0.004012999";"win32";"213.244.128.171";"bittorrent";1339995969;97534.453902;-1.000000;"e078e51a-f032-4f30-83ee-a782f83c2cc3";3265;"11";"Gouda";7;6;2012;0;18;"20120618"
"82.72.97.219";"NL";5.750000;52.500000;"AS9143 Ziggo B.V.";"mlab3-ams01";0.031253;3821521.845073;"0.004012999";"darwin";"213.244.128.171";"bittorrent";1339999175;1076284.779766;-1.000000;"c33b4d6e-bcfc-499d-91e0-0ce4ccfa16cd";9143;"";"";7;6;2012;0;18;"20120618"
"82.72.97.219";"NL";5.750000;52.500000;"AS9143 Ziggo B.V.";"mlab3-ams01";0.047427;2134328.945517;"0.004012999";"darwin";"213.244.128.171";"bittorrent";1340002159;741370.556479;-1.000000;"c33b4d6e-bcfc-499d-91e0-0ce4ccfa16cd";9143;"";"";8;6;2012;0;18;"20120618"
"82.139.117.216";"NL";5.750000;52.500000;"AS41887 Prolocation AS";"mlab3-ams01";0.011874;2698149.412950;"0.004012999";"darwin";"213.244.128.171";"speedtest";1340004983;3636054.965790;0.013258;"44eae906-042b-4aa3-b1a8-1c349c1ff293";41887;"";"";9;6;2012;0;18;"20120618"
"82.72.97.219";"NL";5.750000;52.500000;"AS9143 Ziggo B.V.";"mlab3-ams01";0.014487;4242798.177484;"0.004012999";"darwin";"213.244.128.171";"bittorrent";1340005134;1059623.605190;-1.000000;"c33b4d6e-bcfc-499d-91e0-0ce4ccfa16cd";9143;"";"";9;6;2012;0;18;"20120618"
"82.72.97.219";"NL";5.750000;52.500000;"AS9143 Ziggo B.V.";"mlab3-ams01";0.025101;1544899.904880;"0.004012999";"darwin";"213.244.128.171";"speedtest";1340006630;589757.025342;0.029489;"c33b4d6e-bcfc-499d-91e0-0ce4ccfa16cd";9143;"";"";10;6;2012;0;18;"20120618"
"188.121.234.93";"FR";2.333300;48.866700;"AS44530 Ajova Network";"mlab3-ams01";0.053156;536699.063262;"0.004012999";"darwin";"213.244.128.171";"speedtest";1340007502;223757.790316;0.058070;"affdd276-d617-457c-bd9f-185d039ca24f";44530;"A8";"Paris";10;6;2012;0;18;"20120618"
"82.139.117.216";"NL";5.750000;52.500000;"AS41887 Prolocation AS";"mlab3-ams01";0.011935;2841296.649520;"0.004012999";"darwin";"213.244.128.171";"speedtest";1340007974;5440275.667950;0.013388;"44eae906-042b-4aa3-b1a8-1c349c1ff293";41887;"";"";10;6;2012;0;18;"20120618"
"82.72.97.219";"NL";5.750000;52.500000;"AS9143 Ziggo B.V.";"mlab3-ams01";0.034901;1754049.606245;"0.004012999";"darwin";"213.244.128.171";"bittorrent";1340008129;728779.530701;-1.000000;"c33b4d6e-bcfc-499d-91e0-0ce4ccfa16cd";9143;"";"";10;6;2012;0;18;"20120618"
"188.121.234.93";"FR";2.333300;48.866700;"AS44530 Ajova Network";"mlab3-ams01";1.016119;386354.318984;"0.004012999";"darwin";"213.244.128.171";"speedtest";1340010731;232087.485596;0.058213;"affdd276-d617-457c-bd9f-185d039ca24f";44530;"A8";"Paris";11;6;2012;0;18;"20120618"
"83.160.172.95";"NL";4.707000;52.022600;"AS3265 XS4ALL Internet BV";"mlab3-ams01";0.017122;440092.979983;"0.004012999";"win32";"213.244.128.171";"bittorrent";1340011623;109064.198772;-1.000000;"e078e51a-f032-4f30-83ee-a782f83c2cc3";3265;"11";"Gouda";11;6;2012;0;18;"20120618"
"82.72.97.219";"NL";5.750000;52.500000;"AS9143 Ziggo B.V.";"mlab3-ams01";0.042685;3292836.960510;"0.004012999";"darwin";"213.244.128.171";"speedtest";1340012589;745530.586968;0.051869;"c33b4d6e-bcfc-499d-91e0-0ce4ccfa16cd";9143;"";"";11;6;2012;0;18;"20120618"
"83.160.172.95";"NL";4.707000;52.022600;"AS3265 XS4ALL Internet BV";"mlab3-ams01";0.452593;107233.668836;"0.004012999";"win32";"213.244.128.171";"speedtest";1340013204;31482.087603;0.428658;"e078e51a-f032-4f30-83ee-a782f83c2cc3";3265;"11";"Gouda";11;6;2012;0;18;"20120618"
"82.72.97.219";"NL";5.750000;52.500000;"AS9143 Ziggo B.V.";"mlab3-ams01";0.012818;1680795.580222;"0.004012999";"darwin";"213.244.128.171";"bittorrent";1340014076;861286.839879;-1.000000;"c33b4d6e-bcfc-499d-91e0-0ce4ccfa16cd";9143;"";"";12;6;2012;0;18;"20120618"
"83.143.188.187";"NL";5.750000;52.500000;"AS31673 Uniserver Internet B.V.";"mlab3-ams01";0.014083;1913968.249430;"0.004012999";"win32";"213.244.128.171";"speedtest";1340016761;871807.535952;0.015297;"997a283e-d807-4fe9-922a-5a17954a752b";31673;"";"";12;6;2012;0;18;"20120618"
"83.143.188.187";"NL";5.750000;52.500000;"AS31673 Uniserver Internet B.V.";"mlab3-ams01";0.013355;2821331.592282;"0.004012999";"win32";"213.244.128.171";"bittorrent";1340017193;882423.706828;-1.000000;"997a283e-d807-4fe9-922a-5a17954a752b";31673;"";"";12;6;2012;0;18;"20120618"
"82.139.117.216";"NL";5.750000;52.500000;"AS41887 Prolocation AS";"mlab3-ams01";0.013762;1529749.641954;"0.004012999";"darwin";"213.244.128.171";"bittorrent";1340018457;5555468.597064;-1.000000;"44eae906-042b-4aa3-b1a8-1c349c1ff293";41887;"";"";13;6;2012;0;18;"20120618"
"82.72.97.219";"NL";5.750000;52.500000;"AS9143 Ziggo B.V.";"mlab3-ams01";0.076047;1877230.899560;"0.004012999";"darwin";"213.244.128.171";"bittorrent";1340020044;617889.141811;-1.000000;"c33b4d6e-bcfc-499d-91e0-0ce4ccfa16cd";9143;"";"";13;6;2012;0;18;"20120618"
"83.143.188.187";"NL";5.750000;52.500000;"AS31673 Uniserver Internet B.V.";"mlab3-ams01";0.032067;1288032.873830;"0.004012999";"win32";"213.244.128.171";"speedtest";1340022558;886646.301060;0.016667;"997a283e-d807-4fe9-922a-5a17954a752b";31673;"";"";14;6;2012;0;18;"20120618"
"62.69.181.5";"NL";5.750000;52.500000;"AS23148 Terremark";"mlab3-ams01";0.014050;157784.982686;"0.004012999";"darwin";"213.244.128.171";"speedtest";1340022315;331272.139114;0.069511;"c890f61d-5863-4538-b423-e697d00771f8";23148;"";"";14;6;2012;0;18;"20120618"
"83.160.172.95";"NL";4.707000;52.022600;"AS3265 XS4ALL Internet BV";"mlab3-ams01";0.282723;116530.162938;"0.004012999";"win32";"213.244.128.171";"speedtest";1340022587;69619.437219;0.226943;"e078e51a-f032-4f30-83ee-a782f83c2cc3";3265;"11";"Gouda";14;6;2012;0;18;"20120618"
"82.72.97.219";"NL";5.750000;52.500000;"AS9143 Ziggo B.V.";"mlab3-ams01";0.026576;2032627.126904;"0.004012999";"darwin";"213.244.128.171";"bittorrent";1340023019;739927.798972;-1.000000;"c33b4d6e-bcfc-499d-91e0-0ce4ccfa16cd";9143;"";"";14;6;2012;0;18;"20120618"
"188.121.234.93";"FR";2.333300;48.866700;"AS44530 Ajova Network";"mlab3-ams01";0.956250;458470.163985;"0.004012999";"darwin";"213.244.128.171";"speedtest";1340023657;220427.577430;0.059841;"affdd276-d617-457c-bd9f-185d039ca24f";44530;"A8";"Paris";14;6;2012;0;18;"20120618"
"62.69.181.5";"NL";5.750000;52.500000;"AS23148 Terremark";"mlab3-ams01";0.003794;9291325.206977;"0.004012999";"darwin";"213.244.128.171";"bittorrent";1340023840;8810650.936697;-1.000000;"c890f61d-5863-4538-b423-e697d00771f8";23148;"";"";14;6;2012;0;18;"20120618"
"82.139.117.216";"NL";5.750000;52.500000;"AS41887 Prolocation AS";"mlab3-ams01";0.012292;2790432.591920;"0.004012999";"darwin";"213.244.128.171";"speedtest";1340025932;5482651.567610;0.013275;"44eae906-042b-4aa3-b1a8-1c349c1ff293";41887;"";"";15;6;2012;0;18;"20120618"
"83.143.188.187";"NL";5.750000;52.500000;"AS31673 Uniserver Internet B.V.";"mlab3-ams01";0.012517;1755509.247803;"0.004012999";"win32";"213.244.128.171";"bittorrent";1340028784;841549.958164;-1.000000;"997a283e-d807-4fe9-922a-5a17954a752b";31673;"";"";16;6;2012;0;18;"20120618"
"83.143.188.187";"NL";5.750000;52.500000;"AS31673 Uniserver Internet B.V.";"mlab3-ams01";0.014772;1589960.514240;"0.004012999";"win32";"213.244.128.171";"speedtest";1340031248;845275.071310;0.017461;"997a283e-d807-4fe9-922a-5a17954a752b";31673;"";"";16;6;2012;0;18;"20120618"
"83.143.188.187";"NL";5.750000;52.500000;"AS31673 Uniserver Internet B.V.";"mlab3-ams01";0.012674;2464205.568360;"0.004012999";"win32";"213.244.128.171";"bittorrent";1340031686;816949.712085;-1.000000;"997a283e-d807-4fe9-922a-5a17954a752b";31673;"";"";17;6;2012;0;18;"20120618"
"82.139.117.216";"NL";5.750000;52.500000;"AS41887 Prolocation AS";"mlab3-ams01";0.012163;1735005.330305;"0.004012999";"darwin";"213.244.128.171";"bittorrent";1340033411;5357846.239521;-1.000000;"44eae906-042b-4aa3-b1a8-1c349c1ff293";41887;"";"";17;6;2012;0;18;"20120618"
"82.72.97.219";"NL";5.750000;52.500000;"AS9143 Ziggo B.V.";"mlab3-ams01";0.044560;4759282.159930;"0.004012999";"darwin";"213.244.128.171";"bittorrent";1340037923;1043495.057245;-1.000000;"c33b4d6e-bcfc-499d-91e0-0ce4ccfa16cd";9143;"";"";18;6;2012;0;18;"20120618"
"188.121.234.93";"FR";2.333300;48.866700;"AS44530 Ajova Network";"mlab3-ams01";0.056744;198780.087538;"0.004012999";"darwin";"213.244.128.171";"speedtest";1340039953;115376.072355;0.143989;"affdd276-d617-457c-bd9f-185d039ca24f";44530;"A8";"Paris";19;6;2012;0;18;"20120618"
"82.72.97.219";"NL";5.750000;52.500000;"AS9143 Ziggo B.V.";"mlab3-ams01";0.058448;3031407.421821;"0.004012999";"darwin";"213.244.128.171";"bittorrent";1340043882;980532.101458;-1.000000;"c33b4d6e-bcfc-499d-91e0-0ce4ccfa16cd";9143;"";"";20;6;2012;0;18;"20120618"
"188.121.234.93";"FR";2.333300;48.866700;"AS44530 Ajova Network";"mlab3-ams01";0.054455;142367.970479;"0.004012999";"darwin";"213.244.128.171";"bittorrent";1340044830;61026.126621;-1.000000;"affdd276-d617-457c-bd9f-185d039ca24f";44530;"A8";"Paris";20;6;2012;0;18;"20120618"
"83.160.172.95";"NL";4.707000;52.022600;"AS3265 XS4ALL Internet BV";"mlab3-ams01";0.016763;357663.277490;"0.004012999";"win32";"213.244.128.171";"bittorrent";1340045930;95317.803183;-1.000000;"e078e51a-f032-4f30-83ee-a782f83c2cc3";3265;"11";"Gouda";20;6;2012;0;18;"20120618"
"188.121.234.93";"FR";2.333300;48.866700;"AS44530 Ajova Network";"mlab3-ams01";0.058011;197245.364844;"0.004012999";"darwin";"213.244.128.171";"bittorrent";1340048061;40389.572892;-1.000000;"affdd276-d617-457c-bd9f-185d039ca24f";44530;"A8";"Paris";21;6;2012;0;18;"20120618"
"82.139.117.216";"NL";5.750000;52.500000;"AS41887 Prolocation AS";"mlab3-ams01";0.011945;2777917.027710;"0.004012999";"darwin";"213.244.128.171";"speedtest";1340049872;5387467.247540;0.013308;"44eae906-042b-4aa3-b1a8-1c349c1ff293";41887;"";"";22;6;2012;0;18;"20120618"
"83.143.188.187";"NL";5.750000;52.500000;"AS31673 Uniserver Internet B.V.";"mlab3-ams01";0.014327;2513566.778878;"0.004012999";"win32";"213.244.128.171";"bittorrent";1340051268;855788.889977;-1.000000;"997a283e-d807-4fe9-922a-5a17954a752b";31673;"";"";22;6;2012;0;18;"20120618"
"188.121.234.93";"FR";2.333300;48.866700;"AS44530 Ajova Network";"mlab3-ams01";0.058846;271042.417498;"0.004012999";"darwin";"213.244.128.171";"bittorrent";1340051315;71473.626774;-1.000000;"affdd276-d617-457c-bd9f-185d039ca24f";44530;"A8";"Paris";22;6;2012;0;18;"20120618"
"95.97.136.81";"NL";4.916700;52.350000;"AS6830 Liberty Global Operations B.V.";"mlab3-ams01";0.045148;4690134.800377;"0.004012999";"darwin";"213.244.128.171";"bittorrent";1340052330;402547.614723;-1.000000;"93c1e509-d968-431a-a16e-f1f8386faaf0";6830;"07";"Amsterdam";22;6;2012;0;18;"20120618"
"82.139.117.216";"NL";5.750000;52.500000;"AS41887 Prolocation AS";"mlab3-ams01";0.014630;1667645.587140;"0.004012999";"darwin";"213.244.128.171";"speedtest";1340052868;5546939.602680;0.052263;"44eae906-042b-4aa3-b1a8-1c349c1ff293";41887;"";"";22;6;2012;0;18;"20120618"
"82.139.117.216";"NL";5.750000;52.500000;"AS41887 Prolocation AS";"mlab3-ams01";0.014025;1768470.730775;"0.004012999";"darwin";"213.244.128.171";"bittorrent";1340054365;5570710.901907;-1.000000;"44eae906-042b-4aa3-b1a8-1c349c1ff293";41887;"";"";23;6;2012;0;18;"20120618"
"82.72.97.219";"NL";5.750000;52.500000;"AS9143 Ziggo B.V.";"mlab3-ams01";0.110295;2471024.623728;"0.004012999";"darwin";"213.244.128.171";"bittorrent";1340059258;807234.641261;-1.000000;"c33b4d6e-bcfc-499d-91e0-0ce4ccfa16cd";9143;"";"";0;6;2012;1;19;"20120618"
"83.160.172.95";"NL";4.707000;52.022600;"AS3265 XS4ALL Internet BV";"mlab3-ams01";0.020249;191957.930601;"0.004012999";"win32";"213.244.128.171";"speedtest";1340059973;20647.344553;0.061970;"e078e51a-f032-4f30-83ee-a782f83c2cc3";3265;"11";"Gouda";0;6;2012;1;19;"20120618"
"82.139.117.216";"NL";5.750000;52.500000;"AS41887 Prolocation AS";"mlab3-ams01";0.011818;2293441.686310;"0.004012999";"darwin";"213.244.128.171";"speedtest";1340061857;3229117.211630;0.013436;"44eae906-042b-4aa3-b1a8-1c349c1ff293";41887;"";"";1;6;2012;1;19;"20120618"
"82.72.97.219";"NL";5.750000;52.500000;"AS9143 Ziggo B.V.";"mlab3-ams01";0.021795;3203087.964942;"0.004012999";"darwin";"213.244.128.171";"bittorrent";1340062403;963435.888705;-1.000000;"c33b4d6e-bcfc-499d-91e0-0ce4ccfa16cd";9143;"";"";1;6;2012;1;19;"20120618"
"77.3.209.121";"DE";9.000000;51.000000;"AS6805 Telefonica Germany GmbH & Co.OHG";"mlab3-ham01";0.036351;1510346.941710;"0.004012999";"darwin";"80.239.142.238";"speedtest";1339977661;120181.129350;0.040521;"7f6dfa2b-14ff-4d0d-8b49-2d9db3f1749a";6805;"";"";2;6;2012;0;18;"20120618"
"87.142.186.36";"DE";10.000000;53.550000;"AS3320 Deutsche Telekom AG";"mlab3-ham01";0.021338;782640.550445;"0.004012999";"darwin";"80.239.142.238";"bittorrent";1339977800;120385.667732;-1.000000;"4b7f2ce0-70b7-4a89-ab11-52e3eb5a4189";3320;"04";"Hamburg";2;6;2012;0;18;"20120618"
"79.226.18.10";"DE";13.400000;52.516700;"AS3320 Deutsche Telekom AG";"mlab3-ham01";0.015339;1354971.100410;"0.004012999";"linux2";"80.239.142.238";"speedtest";1339977986;124807.415178;0.017285;"758cc354-ac16-4a47-90b8-16db3465444a";3320;"16";"Berlin";2;6;2012;0;18;"20120618"
"62.158.225.109";"DE";11.216700;47.650000;"AS3320 Deutsche Telekom AG";"mlab3-ham01";0.026006;1330244.918180;"0.004012999";"darwin";"80.239.142.238";"speedtest";1339978369;88855.605620;0.079757;"0445411f-1a91-486e-aa99-34aa63e4af95";3320;"02";"Weichs";2;6;2012;0;18;"20120618"
"46.223.18.206";"DE";8.385800;49.004700;"AS29562 Kabel BW GmbH";"mlab3-ham01";0.041732;1853418.869187;"0.004011999";"win32";"80.239.142.238";"bittorrent";1339978374;313996.354683;-1.000000;"62a0c3ba-8531-44c5-b8a3-ca82d00981cd";29562;"01";"Karlsruhe";2;6;2012;0;18;"20120618"
"84.62.49.179";"DE";7.083300;51.183300;"AS3209 Vodafone GmbH";"mlab3-ham01";0.015047;425453.031703;"0.004012999";"win32";"80.239.142.238";"bittorrent";1339978475;56755.469918;-1.000000;"ced6b13f-4229-47ba-9400-c4b8931d7c7c";3209;"07";"Solingen";2;6;2012;0;18;"20120618"
"84.180.237.48";"DE";9.500000;54.733300;"AS3320 Deutsche Telekom AG";"mlab3-ham01";0.011332;1482389.016914;"0.004012999";"win32";"80.239.142.238";"bittorrent";1339978505;77949.073628;-1.000000;"71ef70e0-ac7c-408a-99b6-991bcb0563bb";3320;"10";"Freienwill";2;6;2012;0;18;"20120618"
"77.3.209.121";"DE";9.000000;51.000000;"AS6805 Telefonica Germany GmbH & Co.OHG";"mlab3-ham01";0.035805;1437750.151829;"0.004012999";"darwin";"80.239.142.238";"bittorrent";1339979219;120248.426436;-1.000000;"7f6dfa2b-14ff-4d0d-8b49-2d9db3f1749a";6805;"";"";2;6;2012;0;18;"20120618"
"87.178.105.210";"DE";11.833300;48.083300;"AS3320 Deutsche Telekom AG";"mlab3-ham01";0.057543;654812.456621;"0.004012999";"darwin";"80.239.142.238";"speedtest";1339979439;66232.185874;0.060219;"f3523021-8b10-4afd-9dda-2ac916ad4c9a";3320;"02";"Zorneding";2;6;2012;0;18;"20120618"
"87.179.66.249";"DE";11.033300;50.983300;"AS3320 Deutsche Telekom AG";"mlab3-ham01";0.015909;1745357.714044;"0.004011999";"linux2";"80.239.142.238";"bittorrent";1339979503;121600.007348;-1.000000;"0575caf1-8a3d-4ae0-8b6e-5caaddb74121";3320;"15";"Erfurt";2;6;2012;0;18;"20120618"
"79.226.17.230";"DE";13.400000;52.333300;"AS3320 Deutsche Telekom AG";"mlab3-ham01";0.013214;1458575.109712;"0.004012999";"linux2";"80.239.142.238";"bittorrent";1339979525;117109.805990;-1.000000;"758cc354-ac16-4a47-90b8-16db3465444a";3320;"11";"Blankenfelde";2;6;2012;0;18;"20120618"
"94.223.142.4";"DE";9.000000;51.000000;"AS3209 Vodafone GmbH";"mlab3-ham01";0.080074;59145.730978;"0.004012999";"darwin";"80.239.142.238";"bittorrent";1339979696;33459.545218;-1.000000;"8c617ade-4e04-4778-8fa7-097ed11532d7";3209;"";"";2;6;2012;0;18;"20120618"
"77.0.88.201";"DE";9.936100;49.787800;"AS6805 Telefonica Germany GmbH & Co.OHG";"mlab3-ham01";0.047806;565745.085905;"0.004012999";"linux2";"80.239.142.238";"bittorrent";1339979749;75364.577229;-1.000000;"8e521e13-eb3c-4a65-b6f8-cc0353a8e0d9";6805;"02";"Würzburg";2;6;2012;0;18;"20120618"
"178.13.177.34";"DE";9.000000;51.000000;"AS3209 Vodafone GmbH";"mlab3-ham01";0.066785;891836.600773;"0.004005999";"linux2";"80.239.142.238";"bittorrent";1339979817;102044.863653;-1.000000;"d80ec3cc-e940-4362-bb5a-c2bf17a6fd0d";3209;"";"";2;6;2012;0;18;"20120618"
"84.180.237.48";"DE";9.500000;54.733300;"AS3320 Deutsche Telekom AG";"mlab3-ham01";0.011060;1498309.994450;"0.004012999";"win32";"80.239.142.238";"speedtest";1339980038;65051.750552;0.015498;"71ef70e0-ac7c-408a-99b6-991bcb0563bb";3320;"10";"Freienwill";2;6;2012;0;18;"20120618"
"77.23.61.29";"DE";9.000000;51.000000;"AS31334 Kabel Deutschland Vertrieb und Service GmbH";"mlab3-ham01";0.022934;2433293.439355;"0.004012999";"win32";"80.239.142.238";"bittorrent";1339980078;52525.549256;-1.000000;"898e2e06-ef2e-44fb-aafd-ae145f8e32af";31334;"";"";2;6;2012;0;18;"20120618"
"93.206.233.146";"DE";8.283300;53.400000;"AS3320 Deutsche Telekom AG";"mlab3-ham01";0.024052;5647862.881300;"0.004011999";"win32";"80.239.142.238";"speedtest";1339980256;1140899.846740;0.031121;"540af2e6-2c0b-4173-a8ac-fd971d1b6fcb";3320;"06";"Jade";2;6;2012;0;18;"20120618"
"82.83.43.166";"DE";9.000000;51.000000;"AS3209 Vodafone GmbH";"mlab3-ham01";0.019529;1141762.151070;"0.004012999";"linux2";"80.239.142.238";"speedtest";1339980827;113127.984486;0.022355;"e7b78883-6949-44d7-bffa-646118b01e16";3209;"";"";2;6;2012;0;18;"20120618"
"77.12.195.251";"DE";13.400000;52.516700;"AS6805 Telefonica Germany GmbH & Co.OHG";"mlab3-ham01";0.057082;1096159.899502;"0.004012999";"darwin";"80.239.142.238";"bittorrent";1339981047;90668.429357;-1.000000;"58702c42-fe45-49c2-94a4-4df8118774bb";6805;"16";"Berlin";2;6;2012;0;18;"20120618"
"46.223.18.206";"DE";8.385800;49.004700;"AS29562 Kabel BW GmbH";"mlab3-ham01";0.042837;1851735.451059;"0.004011999";"win32";"80.239.142.238";"bittorrent";1339981196;313684.215935;-1.000000;"62a0c3ba-8531-44c5-b8a3-ca82d00981cd";29562;"01";"Karlsruhe";2;6;2012;0;18;"20120618"
"95.89.147.151";"DE";7.364900;49.249000;"AS31334 Kabel Deutschland Vertrieb und Service GmbH";"mlab3-ham01";0.031517;8122504.875355;"0.004012999";"win32";"80.239.142.238";"bittorrent";1339981650;749103.298376;-1.000000;"6016980c-587e-4542-a75f-35eac912aa21";31334;"08";"Zweibrücken";3;6;2012;0;18;"20120618"
"93.219.83.124";"DE";13.066700;52.400000;"AS3320 Deutsche Telekom AG";"mlab3-ham01";0.021645;5611449.259890;"0.004012999";"linux2";"80.239.142.238";"speedtest";1339981903;1025528.821690;0.021607;"2522fb79-4e59-4c68-b014-2c4570739a62";3320;"11";"Potsdam";3;6;2012;0;18;"20120618"
"46.115.25.230";"DE";9.000000;51.000000;"AS12638 E-Plus Mobilfunk GmbH & Co. KG";"mlab3-ham01";0.136668;251640.655738;"0.004012999";"darwin";"80.239.142.238";"speedtest";1339981947;41613.348532;0.191575;"4baef5fd-7f85-41c9-b289-0d4d24e485da";12638;"";"";3;6;2012;0;18;"20120618"
"92.77.246.228";"DE";10.000000;53.550000;"AS3209 Vodafone GmbH";"mlab3-ham01";0.027914;1749813.300912;"0.004012999";"win32";"80.239.142.238";"bittorrent";1339982112;94958.700998;-1.000000;"35cb00ec-8dd5-4c10-b6d8-af0ca91cadc2";3209;"04";"Hamburg";3;6;2012;0;18;"20120618"
"77.3.209.121";"DE";9.000000;51.000000;"AS6805 Telefonica Germany GmbH & Co.OHG";"mlab3-ham01";0.037412;1568368.502007;"0.004012999";"darwin";"80.239.142.238";"bittorrent";1339982332;120846.418713;-1.000000;"7f6dfa2b-14ff-4d0d-8b49-2d9db3f1749a";6805;"";"";3;6;2012;0;18;"20120618"
"77.23.61.29";"DE";9.000000;51.000000;"AS31334 Kabel Deutschland Vertrieb und Service GmbH";"mlab3-ham01";0.024033;2334856.057310;"0.004012999";"win32";"80.239.142.238";"speedtest";1339982819;56910.574798;0.035350;"898e2e06-ef2e-44fb-aafd-ae145f8e32af";31334;"";"";3;6;2012;0;18;"20120618"
"92.195.22.43";"DE";9.000000;51.000000;"AS20676 QSC AG";"mlab3-ham01";4.531083;873.636189;"0.004012999";"darwin";"80.239.142.238";"speedtest";1339982860;1553.379855;4.598296;"81014317-071d-48ad-b6b8-adca554fbdf6";20676;"";"";3;6;2012;0;18;"20120618"
"94.223.142.4";"DE";9.000000;51.000000;"AS3209 Vodafone GmbH";"mlab3-ham01";0.025923;711813.917421;"0.004012999";"darwin";"80.239.142.238";"bittorrent";1339982911;76921.364712;-1.000000;"8c617ade-4e04-4778-8fa7-097ed11532d7";3209;"";"";3;6;2012;0;18;"20120618"
"87.178.105.210";"DE";11.833300;48.083300;"AS3320 Deutsche Telekom AG";"mlab3-ham01";0.056906;702696.707013;"0.004012999";"darwin";"80.239.142.238";"bittorrent";1339983959;65306.175285;-1.000000;"f3523021-8b10-4afd-9dda-2ac916ad4c9a";3320;"02";"Zorneding";3;6;2012;0;18;"20120618"
"77.12.195.251";"DE";13.400000;52.516700;"AS6805 Telefonica Germany GmbH & Co.OHG";"mlab3-ham01";0.490627;341631.470209;"0.004012999";"darwin";"80.239.142.238";"bittorrent";1339984067;79168.925140;-1.000000;"58702c42-fe45-49c2-94a4-4df8118774bb";6805;"16";"Berlin";3;6;2012;0;18;"20120618"
"79.226.17.230";"DE";13.400000;52.333300;"AS3320 Deutsche Telekom AG";"mlab3-ham01";0.013971;1253322.403210;"0.004012999";"linux2";"80.239.142.238";"speedtest";1339984136;124812.167447;0.016297;"758cc354-ac16-4a47-90b8-16db3465444a";3320;"11";"Blankenfelde";3;6;2012;0;18;"20120618"
"87.169.239.50";"DE";13.400000;52.516700;"AS3320 Deutsche Telekom AG";"mlab3-ham01";0.025404;3153015.148183;"0.004012999";"darwin";"80.239.142.238";"bittorrent";1339984416;1049316.818228;-1.000000;"f7e74337-5111-4d6a-a11a-2ef4a0c4db50";3320;"16";"Berlin";3;6;2012;0;18;"20120618"
"217.235.97.15";"DE";11.068300;49.447800;"AS3320 Deutsche Telekom AG";"mlab3-ham01";0.065489;344114.632456;"0.004012999";"win32";"80.239.142.238";"speedtest";1339984957;33342.725726;0.069826;"25329937-558d-46a5-ad71-2b2adc1d8807";3320;"02";"Nürnberg";4;6;2012;0;18;"20120618"
"93.219.83.124";"DE";13.066700;52.400000;"AS3320 Deutsche Telekom AG";"mlab3-ham01";0.022236;5586972.733490;"0.004012999";"linux2";"80.239.142.238";"speedtest";1339985077;1036749.761250;0.022431;"2522fb79-4e59-4c68-b014-2c4570739a62";3320;"11";"Potsdam";4;6;2012;0;18;"20120618"
"92.77.246.228";"DE";10.000000;53.550000;"AS3209 Vodafone GmbH";"mlab3-ham01";0.026598;1764746.749359;"0.004012999";"win32";"80.239.142.238";"bittorrent";1339985232;95085.765120;-1.000000;"35cb00ec-8dd5-4c10-b6d8-af0ca91cadc2";3209;"04";"Hamburg";4;6;2012;0;18;"20120618"
"46.223.18.206";"DE";8.385800;49.004700;"AS29562 Kabel BW GmbH";"mlab3-ham01";0.042635;1755550.586560;"0.004011999";"win32";"80.239.142.238";"speedtest";1339985421;311768.441017;0.034096;"62a0c3ba-8531-44c5-b8a3-ca82d00981cd";29562;"01";"Karlsruhe";4;6;2012;0;18;"20120618"
"77.3.209.121";"DE";9.000000;51.000000;"AS6805 Telefonica Germany GmbH & Co.OHG";"mlab3-ham01";0.036829;1572407.684495;"0.004012999";"darwin";"80.239.142.238";"bittorrent";1339985445;120684.505345;-1.000000;"7f6dfa2b-14ff-4d0d-8b49-2d9db3f1749a";6805;"";"";4;6;2012;0;18;"20120618"
"95.89.147.151";"DE";7.364900;49.249000;"AS31334 Kabel Deutschland Vertrieb und Service GmbH";"mlab3-ham01";0.028881;8887732.181430;"0.004012999";"win32";"80.239.142.238";"speedtest";1339985923;674245.277495;0.030819;"6016980c-587e-4542-a75f-35eac912aa21";31334;"08";"Zweibrücken";4;6;2012;0;18;"20120618"
"87.169.239.50";"DE";13.400000;52.516700;"AS3320 Deutsche Telekom AG";"mlab3-ham01";0.024474;5839453.074854;"0.004012999";"darwin";"80.239.142.238";"bittorrent";1339987268;1043627.892308;-1.000000;"f7e74337-5111-4d6a-a11a-2ef4a0c4db50";3320;"16";"Berlin";4;6;2012;0;18;"20120618"
"77.23.61.29";"DE";9.000000;51.000000;"AS31334 Kabel Deutschland Vertrieb und Service GmbH";"mlab3-ham01";0.024995;2498260.418201;"0.004012999";"win32";"80.239.142.238";"bittorrent";1339987284;56103.910943;-1.000000;"898e2e06-ef2e-44fb-aafd-ae145f8e32af";31334;"";"";4;6;2012;0;18;"20120618"
"91.35.33.88";"DE";9.433300;54.783300;"AS3320 Deutsche Telekom AG";"mlab3-ham01";0.011528;1491465.526513;"0.004012999";"win32";"80.239.142.238";"bittorrent";1339987818;78193.660014;-1.000000;"71ef70e0-ac7c-408a-99b6-991bcb0563bb";3320;"10";"Flensburg";4;6;2012;0;18;"20120618"
"87.178.105.210";"DE";11.833300;48.083300;"AS3320 Deutsche Telekom AG";"mlab3-ham01";0.057579;660027.758013;"0.004012999";"darwin";"80.239.142.238";"speedtest";1339988475;66217.485750;0.060193;"f3523021-8b10-4afd-9dda-2ac916ad4c9a";3320;"02";"Zorneding";5;6;2012;0;18;"20120618"
"77.12.195.251";"DE";13.400000;52.516700;"AS6805 Telefonica Germany GmbH & Co.OHG";"mlab3-ham01";0.068617;994443.875080;"0.004012999";"darwin";"80.239.142.238";"speedtest";1339988565;93050.509831;0.071184;"58702c42-fe45-49c2-94a4-4df8118774bb";6805;"16";"Berlin";5;6;2012;0;18;"20120618"
"95.89.147.151";"DE";7.364900;49.249000;"AS31334 Kabel Deutschland Vertrieb und Service GmbH";"mlab3-ham01";0.032081;150001.387273;"0.004012999";"win32";"80.239.142.238";"speedtest";1339989058;678782.251296;0.033323;"6016980c-587e-4542-a75f-35eac912aa21";31334;"08";"Zweibrücken";5;6;2012;0;18;"20120618"
"88.73.250.177";"DE";11.033300;50.983300;"AS3209 Vodafone GmbH";"mlab3-ham01";0.014921;730115.310794;"0.004010999";"win32";"80.239.142.238";"bittorrent";1339989214;51807.131086;-1.000000;"737c65f9-12e2-47a9-9e14-942857e0d0b6";3209;"15";"Erfurt";5;6;2012;0;18;"20120618"
"91.35.33.88";"DE";9.433300;54.783300;"AS3320 Deutsche Telekom AG";"mlab3-ham01";0.011736;1502556.917270;"0.004012999";"win32";"80.239.142.238";"speedtest";1339989350;78193.834557;0.015425;"71ef70e0-ac7c-408a-99b6-991bcb0563bb";3320;"10";"Flensburg";5;6;2012;0;18;"20120618"
"94.219.178.130";"DE";8.647500;49.955300;"AS3209 Vodafone GmbH";"mlab3-ham01";0.015631;1328880.236226;"0.004012999";"darwin";"80.239.142.238";"bittorrent";1339989553;113198.728600;-1.000000;"81629ab0-96cf-48a2-bdd6-429233ae5325";3209;"05";"Erzhausen";5;6;2012;0;18;"20120618"
"217.235.97.15";"DE";11.068300;49.447800;"AS3320 Deutsche Telekom AG";"mlab3-ham01";0.069811;351034.234994;"0.004012999";"win32";"80.239.142.238";"bittorrent";1339989712;45223.568408;-1.000000;"25329937-558d-46a5-ad71-2b2adc1d8807";3320;"02";"Nürnberg";5;6;2012;0;18;"20120618"
"178.13.177.34";"DE";9.000000;51.000000;"AS3209 Vodafone GmbH";"mlab3-ham01";0.084706;649532.599555;"0.004005999";"linux2";"80.239.142.238";"speedtest";1339989756;147388.331098;0.074946;"d80ec3cc-e940-4362-bb5a-c2bf17a6fd0d";3209;"";"";5;6;2012;0;18;"20120618"
"93.219.83.124";"DE";13.066700;52.400000;"AS3320 Deutsche Telekom AG";"mlab3-ham01";0.022341;5789106.202992;"0.004012999";"linux2";"80.239.142.238";"bittorrent";1339989841;1050981.533189;-1.000000;"2522fb79-4e59-4c68-b014-2c4570739a62";3320;"11";"Potsdam";5;6;2012;0;18;"20120618"
"77.0.88.201";"DE";9.936100;49.787800;"AS6805 Telefonica Germany GmbH & Co.OHG";"mlab3-ham01";0.044404;530602.514086;"0.004012999";"linux2";"80.239.142.238";"speedtest";1339989869;94124.428800;0.047363;"8e521e13-eb3c-4a65-b6f8-cc0353a8e0d9";6805;"02";"Würzburg";5;6;2012;0;18;"20120618"
"87.169.239.50";"DE";13.400000;52.516700;"AS3320 Deutsche Telekom AG";"mlab3-ham01";0.025124;5755879.427893;"0.004012999";"darwin";"80.239.142.238";"bittorrent";1339990117;1049384.523564;-1.000000;"f7e74337-5111-4d6a-a11a-2ef4a0c4db50";3320;"16";"Berlin";5;6;2012;0;18;"20120618"
"77.23.61.29";"DE";9.000000;51.000000;"AS31334 Kabel Deutschland Vertrieb und Service GmbH";"mlab3-ham01";0.024227;2498959.525503;"0.004012999";"win32";"80.239.142.238";"bittorrent";1339990239;53729.870869;-1.000000;"898e2e06-ef2e-44fb-aafd-ae145f8e32af";31334;"";"";5;6;2012;0;18;"20120618"
"82.83.62.103";"DE";9.000000;51.000000;"AS3209 Vodafone GmbH";"mlab3-ham01";0.019970;1676021.638230;"0.004012999";"linux2";"80.239.142.238";"speedtest";1339990364;112342.563776;0.022241;"e7b78883-6949-44d7-bffa-646118b01e16";3209;"";"";5;6;2012;0;18;"20120618"
"93.206.233.146";"DE";8.283300;53.400000;"AS3320 Deutsche Telekom AG";"mlab3-ham01";0.037675;5861564.454446;"0.004011999";"win32";"80.239.142.238";"bittorrent";1339990495;1162842.591024;-1.000000;"540af2e6-2c0b-4173-a8ac-fd971d1b6fcb";3320;"06";"Jade";5;6;2012;0;18;"20120618"
"91.35.33.88";"DE";9.433300;54.783300;"AS3320 Deutsche Telekom AG";"mlab3-ham01";0.011835;1525915.496275;"0.004012999";"win32";"80.239.142.238";"bittorrent";1339990922;76120.580084;-1.000000;"71ef70e0-ac7c-408a-99b6-991bcb0563bb";3320;"10";"Flensburg";5;6;2012;0;18;"20120618"
"94.219.178.130";"DE";8.647500;49.955300;"AS3209 Vodafone GmbH";"mlab3-ham01";0.015550;1428773.961550;"0.004012999";"darwin";"80.239.142.238";"speedtest";1339990964;97535.987530;0.019086;"81629ab0-96cf-48a2-bdd6-429233ae5325";3209;"05";"Erzhausen";5;6;2012;0;18;"20120618"
"46.223.18.206";"DE";8.385800;49.004700;"AS29562 Kabel BW GmbH";"mlab3-ham01";0.029762;1832037.818350;"0.004011999";"win32";"80.239.142.238";"speedtest";1339991065;310667.801497;0.032299;"62a0c3ba-8531-44c5-b8a3-ca82d00981cd";29562;"01";"Karlsruhe";5;6;2012;0;18;"20120618"
"178.13.177.34";"DE";9.000000;51.000000;"AS3209 Vodafone GmbH";"mlab3-ham01";0.062044;711953.247057;"0.004005999";"linux2";"80.239.142.238";"bittorrent";1339991179;106403.344376;-1.000000;"d80ec3cc-e940-4362-bb5a-c2bf17a6fd0d";3209;"";"";5;6;2012;0;18;"20120618"
"84.62.53.79";"DE";6.766700;51.216700;"AS3209 Vodafone GmbH";"mlab3-ham01";0.014986;464028.403705;"0.004012999";"win32";"80.239.142.238";"bittorrent";1339991473;65848.819603;-1.000000;"ced6b13f-4229-47ba-9400-c4b8931d7c7c";3209;"07";"Düsseldorf";5;6;2012;0;18;"20120618"
"87.169.239.50";"DE";13.400000;52.516700;"AS3320 Deutsche Telekom AG";"mlab3-ham01";0.022826;5484790.601740;"0.004012999";"darwin";"80.239.142.238";"speedtest";1339991541;1035972.122390;0.023907;"f7e74337-5111-4d6a-a11a-2ef4a0c4db50";3320;"16";"Berlin";5;6;2012;0;18;"20120618"
"77.12.203.52";"DE";13.400000;52.516700;"AS6805 Telefonica Germany GmbH & Co.OHG";"mlab3-ham01";0.058784;1015689.769150;"0.004012999";"darwin";"80.239.142.238";"speedtest";1339991563;92895.865846;0.061982;"58702c42-fe45-49c2-94a4-4df8118774bb";6805;"16";"Berlin";5;6;2012;0;18;"20120618"
"82.83.62.103";"DE";9.000000;51.000000;"AS3209 Vodafone GmbH";"mlab3-ham01";0.027101;409517.668956;"0.004012999";"linux2";"80.239.142.238";"bittorrent";1339991977;66246.733491;-1.000000;"e7b78883-6949-44d7-bffa-646118b01e16";3209;"";"";5;6;2012;0;18;"20120618"
"88.73.250.177";"DE";11.033300;50.983300;"AS3209 Vodafone GmbH";"mlab3-ham01";0.020454;739163.196559;"0.004010999";"win32";"80.239.142.238";"bittorrent";1339992084;76646.539038;-1.000000;"737c65f9-12e2-47a9-9e14-942857e0d0b6";3209;"15";"Erfurt";6;6;2012;0;18;"20120618"
"178.13.177.34";"DE";9.000000;51.000000;"AS3209 Vodafone GmbH";"mlab3-ham01";0.081787;630926.215068;"0.004005999";"linux2";"80.239.142.238";"speedtest";1339992598;145722.646017;0.072852;"d80ec3cc-e940-4362-bb5a-c2bf17a6fd0d";3209;"";"";6;6;2012;0;18;"20120618"
"62.158.225.109";"DE";11.216700;47.650000;"AS3320 Deutsche Telekom AG";"mlab3-ham01";0.025389;1375015.170700;"0.004012999";"darwin";"80.239.142.238";"bittorrent";1339992632;65902.744556;-1.000000;"0445411f-1a91-486e-aa99-34aa63e4af95";3320;"02";"Weichs";6;6;2012;0;18;"20120618"
"91.61.73.174";"DE";13.400000;52.516700;"AS3320 Deutsche Telekom AG";"mlab3-ham01";0.024970;1637618.095464;"0.004012999";"darwin";"80.239.142.238";"bittorrent";1339992800;988674.585041;-1.000000;"f3adc558-a824-40b0-b105-5a7c00397169";3320;"16";"Berlin";6;6;2012;0;18;"20120618"
"31.18.1.84";"DE";9.879400;53.565800;"AS31334 Kabel Deutschland Vertrieb und Service GmbH";"mlab3-ham01";0.016120;2982093.088798;"0.004012999";"darwin";"80.239.142.238";"bittorrent";1339992826;739508.779397;-1.000000;"d94c5607-e6a9-4d76-8431-ea85b9fd52dc";31334;"04";"Hamburg";6;6;2012;0;18;"20120618"
"93.219.83.124";"DE";13.066700;52.400000;"AS3320 Deutsche Telekom AG";"mlab3-ham01";0.022415;5802686.037664;"0.004012999";"linux2";"80.239.142.238";"bittorrent";1339993014;1050039.066924;-1.000000;"2522fb79-4e59-4c68-b014-2c4570739a62";3320;"11";"Potsdam";6;6;2012;0;18;"20120618"
"88.73.250.177";"DE";11.033300;50.983300;"AS3209 Vodafone GmbH";"mlab3-ham01";0.015361;728774.780272;"0.004010999";"win32";"80.239.142.238";"speedtest";1339993507;76775.651524;0.018379;"737c65f9-12e2-47a9-9e14-942857e0d0b6";3209;"15";"Erfurt";6;6;2012;0;18;"20120618"
"46.223.18.206";"DE";8.385800;49.004700;"AS29562 Kabel BW GmbH";"mlab3-ham01";0.040668;1758864.119600;"0.004011999";"win32";"80.239.142.238";"speedtest";1339993888;312095.749561;0.031961;"62a0c3ba-8531-44c5-b8a3-ca82d00981cd";29562;"01";"Karlsruhe";6;6;2012;0;18;"20120618"
"91.35.33.88";"DE";9.433300;54.783300;"AS3320 Deutsche Telekom AG";"mlab3-ham01";0.011129;1514970.737025;"0.004012999";"win32";"80.239.142.238";"bittorrent";1339994027;73596.997615;-1.000000;"71ef70e0-ac7c-408a-99b6-991bcb0563bb";3320;"10";"Flensburg";6;6;2012;0;18;"20120618"
"77.181.150.192";"DE";7.016700;51.450000;"AS6805 Telefonica Germany GmbH & Co.OHG";"mlab3-ham01";0.041836;867911.203055;"0.004012999";"linux2";"80.239.142.238";"speedtest";1339994632;119302.371718;0.044503;"7795b227-a577-4d12-98de-e1f745bbdf1f";6805;"07";"Essen";6;6;2012;0;18;"20120618"
"77.23.61.29";"DE";9.000000;51.000000;"AS31334 Kabel Deutschland Vertrieb und Service GmbH";"mlab3-ham01";0.022865;2359499.356600;"0.004012999";"win32";"80.239.142.238";"speedtest";1339994645;57524.466907;0.025545;"898e2e06-ef2e-44fb-aafd-ae145f8e32af";31334;"";"";6;6;2012;0;18;"20120618"
"95.89.147.151";"DE";7.364900;49.249000;"AS31334 Kabel Deutschland Vertrieb und Service GmbH";"mlab3-ham01";0.028020;8768124.323000;"0.004012999";"win32";"80.239.142.238";"speedtest";1339994747;673777.341853;0.030382;"6016980c-587e-4542-a75f-35eac912aa21";31334;"08";"Zweibrücken";6;6;2012;0;18;"20120618"
"77.3.250.96";"DE";8.833300;47.766700;"AS6805 Telefonica Germany GmbH & Co.OHG";"mlab3-ham01";0.036707;1572826.731423;"0.004012999";"darwin";"80.239.142.238";"bittorrent";1339994789;96219.062241;-1.000000;"7f6dfa2b-14ff-4d0d-8b49-2d9db3f1749a";6805;"01";"Singen";6;6;2012;0;18;"20120618"
"93.206.233.146";"DE";8.283300;53.400000;"AS3320 Deutsche Telekom AG";"mlab3-ham01";0.022123;5593778.356710;"0.004011999";"win32";"80.239.142.238";"speedtest";1339994884;1137361.693410;0.021149;"540af2e6-2c0b-4173-a8ac-fd971d1b6fcb";3320;"06";"Jade";6;6;2012;0;18;"20120618"
"88.73.250.177";"DE";11.033300;50.983300;"AS3209 Vodafone GmbH";"mlab3-ham01";0.015232;739452.458583;"0.004010999";"win32";"80.239.142.238";"bittorrent";1339994939;76267.398236;-1.000000;"737c65f9-12e2-47a9-9e14-942857e0d0b6";3209;"15";"Erfurt";6;6;2012;0;18;"20120618"
"87.179.66.249";"DE";11.033300;50.983300;"AS3320 Deutsche Telekom AG";"mlab3-ham01";0.017543;1731001.324000;"0.004011999";"linux2";"80.239.142.238";"speedtest";1339995227;121307.068274;0.019680;"0575caf1-8a3d-4ae0-8b6e-5caaddb74121";3320;"15";"Erfurt";6;6;2012;0;18;"20120618"
"46.223.18.206";"DE";8.385800;49.004700;"AS29562 Kabel BW GmbH";"mlab3-ham01";0.043228;1847902.959811;"0.004011999";"win32";"80.239.142.238";"bittorrent";1339995307;312005.584859;-1.000000;"62a0c3ba-8531-44c5-b8a3-ca82d00981cd";29562;"01";"Karlsruhe";6;6;2012;0;18;"20120618"
"93.206.233.146";"DE";8.283300;53.400000;"AS3320 Deutsche Telekom AG";"mlab3-ham01";0.031490;5849510.130121;"0.004011999";"win32";"80.239.142.238";"bittorrent";1339996348;1161199.383713;-1.000000;"540af2e6-2c0b-4173-a8ac-fd971d1b6fcb";3320;"06";"Jade";7;6;2012;0;18;"20120618"
"87.179.66.249";"DE";11.033300;50.983300;"AS3320 Deutsche Telekom AG";"mlab3-ham01";0.016360;1767359.872699;"0.004011999";"linux2";"80.239.142.238";"bittorrent";1339996671;121468.061787;-1.000000;"0575caf1-8a3d-4ae0-8b6e-5caaddb74121";3320;"15";"Erfurt";7;6;2012;0;18;"20120618"
"178.13.177.34";"DE";9.000000;51.000000;"AS3209 Vodafone GmbH";"mlab3-ham01";0.081073;869321.942477;"0.004005999";"linux2";"80.239.142.238";"bittorrent";1339996857;97558.439043;-1.000000;"d80ec3cc-e940-4362-bb5a-c2bf17a6fd0d";3209;"";"";7;6;2012;0;18;"20120618"
"77.0.88.201";"DE";9.936100;49.787800;"AS6805 Telefonica Germany GmbH & Co.OHG";"mlab3-ham01";0.043795;530519.457340;"0.004012999";"linux2";"80.239.142.238";"bittorrent";1339997104;76470.952169;-1.000000;"8e521e13-eb3c-4a65-b6f8-cc0353a8e0d9";6805;"02";"Würzburg";7;6;2012;0;18;"20120618"
"92.195.115.156";"DE";11.033300;50.983300;"AS20676 QSC AG";"mlab3-ham01";0.063948;226401.294049;"0.004012999";"darwin";"80.239.142.238";"speedtest";1339997116;45534.851605;0.071381;"81014317-071d-48ad-b6b8-adca554fbdf6";20676;"15";"Erfurt";7;6;2012;0;18;"20120618"
"62.158.225.109";"DE";11.216700;47.650000;"AS3320 Deutsche Telekom AG";"mlab3-ham01";0.025220;1330602.213360;"0.004012999";"darwin";"80.239.142.238";"speedtest";1339997380;67006.622532;0.027840;"0445411f-1a91-486e-aa99-34aa63e4af95";3320;"02";"Weichs";7;6;2012;0;18;"20120618"
"87.178.105.210";"DE";11.833300;48.083300;"AS3320 Deutsche Telekom AG";"mlab3-ham01";0.057992;662801.277385;"0.004012999";"darwin";"80.239.142.238";"speedtest";1339997513;66376.094436;0.060671;"f3523021-8b10-4afd-9dda-2ac916ad4c9a";3320;"02";"Zorneding";7;6;2012;0;18;"20120618"
"217.224.79.156";"DE";9.450000;53.300000;"AS3320 Deutsche Telekom AG";"mlab3-ham01";0.052855;685477.443085;"0.004009999";"win32";"80.239.142.238";"bittorrent";1339997716;65340.895421;-1.000000;"6a700626-ba72-4d85-a42a-358de2cb9f5b";3320;"06";"Klein Meckelsen";7;6;2012;0;18;"20120618"
"93.206.233.146";"DE";8.283300;53.400000;"AS3320 Deutsche Telekom AG";"mlab3-ham01";0.022040;5616501.015590;"0.004011999";"win32";"80.239.142.238";"speedtest";1339997809;1140888.940750;0.022095;"540af2e6-2c0b-4173-a8ac-fd971d1b6fcb";3320;"06";"Jade";7;6;2012;0;18;"20120618"
"46.115.25.230";"DE";9.000000;51.000000;"AS12638 E-Plus Mobilfunk GmbH & Co. KG";"mlab3-ham01";0.148776;154757.251254;"0.004012999";"darwin";"80.239.142.238";"speedtest";1339998333;32918.905758;0.192551;"4baef5fd-7f85-41c9-b289-0d4d24e485da";12638;"";"";7;6;2012;0;18;"20120618"
"92.195.115.156";"DE";11.033300;50.983300;"AS20676 QSC AG";"mlab3-ham01";0.063793;239672.128845;"0.004012999";"darwin";"80.239.142.238";"bittorrent";1339998606;44318.032540;-1.000000;"81014317-071d-48ad-b6b8-adca554fbdf6";20676;"15";"Erfurt";7;6;2012;0;18;"20120618"
"87.169.239.50";"DE";13.400000;52.516700;"AS3320 Deutsche Telekom AG";"mlab3-ham01";0.025109;5688294.947302;"0.004012999";"darwin";"80.239.142.238";"bittorrent";1339998667;1049393.775446;-1.000000;"f7e74337-5111-4d6a-a11a-2ef4a0c4db50";3320;"16";"Berlin";7;6;2012;0;18;"20120618"
"79.203.86.53";"DE";11.583300;48.150000;"AS3320 Deutsche Telekom AG";"mlab3-ham01";0.024981;1375232.020167;"0.004012999";"darwin";"80.239.142.238";"bittorrent";1339998978;34002.241455;-1.000000;"0445411f-1a91-486e-aa99-34aa63e4af95";3320;"02";"Munich";7;6;2012;0;18;"20120618"
"95.89.147.151";"DE";7.364900;49.249000;"AS31334 Kabel Deutschland Vertrieb und Service GmbH";"mlab3-ham01";0.035957;391730.886501;"0.004012999";"win32";"80.239.142.238";"bittorrent";1339999151;744935.709141;-1.000000;"6016980c-587e-4542-a75f-35eac912aa21";31334;"08";"Zweibrücken";7;6;2012;0;18;"20120618"
"109.91.66.24";"DE";9.000000;51.000000;"AS20825 Unitymedia NRW GmbH";"mlab3-ham01";0.022985;1903013.676380;"0.004012999";"darwin";"80.239.142.238";"speedtest";1339999213;242135.560374;0.026896;"d24c6cd0-970f-43da-b704-169ffc4c3edd";20825;"";"";8;6;2012;0;18;"20120618"
"92.77.246.228";"DE";10.000000;53.550000;"AS3209 Vodafone GmbH";"mlab3-ham01";0.028845;1715997.970890;"0.004012999";"win32";"80.239.142.238";"speedtest";1339999928;96277.496791;0.020210;"35cb00ec-8dd5-4c10-b6d8-af0ca91cadc2";3209;"04";"Hamburg";8;6;2012;0;18;"20120618"
"77.3.250.96";"DE";8.833300;47.766700;"AS6805 Telefonica Germany GmbH & Co.OHG";"mlab3-ham01";0.037026;1476829.149830;"0.004012999";"darwin";"80.239.142.238";"speedtest";1339999461;115200.228431;0.040112;"7f6dfa2b-14ff-4d0d-8b49-2d9db3f1749a";6805;"01";"Singen";8;6;2012;0;18;"20120618"
"188.193.244.188";"DE";9.000000;51.000000;"AS31334 Kabel Deutschland Vertrieb und Service GmbH";"mlab3-ham01";0.026909;8357487.995251;"0.004011999";"linux2";"80.239.142.238";"bittorrent";1339999461;746163.418371;-1.000000;"9f89ee34-a114-46cb-a58c-d520d561108c";31334;"";"";8;6;2012;0;18;"20120618"
"87.179.66.249";"DE";11.033300;50.983300;"AS3320 Deutsche Telekom AG";"mlab3-ham01";0.017268;1771467.690738;"0.004011999";"linux2";"80.239.142.238";"bittorrent";1339999531;121659.888052;-1.000000;"0575caf1-8a3d-4ae0-8b6e-5caaddb74121";3320;"15";"Erfurt";8;6;2012;0;18;"20120618"
"178.13.177.34";"DE";9.000000;51.000000;"AS3209 Vodafone GmbH";"mlab3-ham01";0.066778;905923.977035;"0.004005999";"linux2";"80.239.142.238";"bittorrent";1339999695;126474.336821;-1.000000;"d80ec3cc-e940-4362-bb5a-c2bf17a6fd0d";3209;"";"";8;6;2012;0;18;"20120618"
"46.115.25.230";"DE";9.000000;51.000000;"AS12638 E-Plus Mobilfunk GmbH & Co. KG";"mlab3-ham01";0.527647;80279.178780;"0.004012999";"darwin";"80.239.142.238";"bittorrent";1339999763;38480.989068;-1.000000;"4baef5fd-7f85-41c9-b289-0d4d24e485da";12638;"";"";8;6;2012;0;18;"20120618"
"31.18.97.148";"DE";10.000000;53.550000;"AS31334 Kabel Deutschland Vertrieb und Service GmbH";"mlab3-ham01";0.016129;4043964.730624;"0.004012999";"darwin";"80.239.142.238";"bittorrent";1339999847;756156.940529;-1.000000;"a2d0b7d4-117a-4def-85bc-80f5d527088d";31334;"04";"Hamburg";8;6;2012;0;18;"20120618"
"82.83.62.103";"DE";9.000000;51.000000;"AS3209 Vodafone GmbH";"mlab3-ham01";0.019880;1647559.139910;"0.004012999";"linux2";"80.239.142.238";"speedtest";1339999918;115003.463274;0.022269;"e7b78883-6949-44d7-bffa-646118b01e16";3209;"";"";8;6;2012;0;18;"20120618"
"87.178.105.210";"DE";11.833300;48.083300;"AS3320 Deutsche Telekom AG";"mlab3-ham01";0.056938;663302.177405;"0.004012999";"darwin";"80.239.142.238";"speedtest";1340000525;66381.536142;0.060146;"f3523021-8b10-4afd-9dda-2ac916ad4c9a";3320;"02";"Zorneding";8;6;2012;0;18;"20120618"
"87.143.27.82";"DE";11.350000;50.850000;"AS3320 Deutsche Telekom AG";"mlab3-ham01";0.032135;1218091.934990;"0.004012999";"darwin";"80.239.142.238";"speedtest";1340000686;92745.813158;0.035005;"95120f16-54c4-4444-b2d8-e87391844949";3320;"15";"Blankenhain";8;6;2012;0;18;"20120618"
"93.206.233.146";"DE";8.283300;53.400000;"AS3320 Deutsche Telekom AG";"mlab3-ham01";0.022940;5653553.222340;"0.004011999";"win32";"80.239.142.238";"speedtest";1340000734;1141320.005970;0.021096;"540af2e6-2c0b-4173-a8ac-fd971d1b6fcb";3320;"06";"Jade";8;6;2012;0;18;"20120618"
"87.169.239.50";"DE";13.400000;52.516700;"AS3320 Deutsche Telekom AG";"mlab3-ham01";0.024079;5673430.293840;"0.004012999";"darwin";"80.239.142.238";"bittorrent";1340001516;1037600.380719;-1.000000;"f7e74337-5111-4d6a-a11a-2ef4a0c4db50";3320;"16";"Berlin";8;6;2012;0;18;"20120618"
"82.83.62.103";"DE";9.000000;51.000000;"AS3209 Vodafone GmbH";"mlab3-ham01";0.047999;385202.420770;"0.004012999";"linux2";"80.239.142.238";"bittorrent";1340001517;78381.250065;-1.000000;"e7b78883-6949-44d7-bffa-646118b01e16";3209;"";"";8;6;2012;0;18;"20120618"
"92.195.115.156";"DE";11.033300;50.983300;"AS20676 QSC AG";"mlab3-ham01";0.063128;239559.159467;"0.004012999";"darwin";"80.239.142.238";"bittorrent";1340001587;33922.210959;-1.000000;"81014317-071d-48ad-b6b8-adca554fbdf6";20676;"15";"Erfurt";8;6;2012;0;18;"20120618"
"95.89.147.151";"DE";7.364900;49.249000;"AS31334 Kabel Deutschland Vertrieb und Service GmbH";"mlab3-ham01";0.031186;85639.848689;"0.004012999";"win32";"80.239.142.238";"bittorrent";1340002012;740084.715953;-1.000000;"6016980c-587e-4542-a75f-35eac912aa21";31334;"08";"Zweibrücken";8;6;2012;0;18;"20120618"
"87.178.105.210";"DE";11.833300;48.083300;"AS3320 Deutsche Telekom AG";"mlab3-ham01";0.056755;700359.140011;"0.004012999";"darwin";"80.239.142.238";"bittorrent";1340002033;65302.072347;-1.000000;"f3523021-8b10-4afd-9dda-2ac916ad4c9a";3320;"02";"Zorneding";8;6;2012;0;18;"20120618"
"77.23.61.29";"DE";9.000000;51.000000;"AS31334 Kabel Deutschland Vertrieb und Service GmbH";"mlab3-ham01";0.025474;2494540.847567;"0.004012999";"win32";"80.239.142.238";"bittorrent";1340002054;56322.969924;-1.000000;"898e2e06-ef2e-44fb-aafd-ae145f8e32af";31334;"";"";8;6;2012;0;18;"20120618"
"88.73.250.177";"DE";11.033300;50.983300;"AS3209 Vodafone GmbH";"mlab3-ham01";0.016119;707700.425665;"0.004010999";"win32";"80.239.142.238";"speedtest";1340002078;68300.013610;0.018651;"737c65f9-12e2-47a9-9e14-942857e0d0b6";3209;"15";"Erfurt";8;6;2012;0;18;"20120618"
"92.77.246.228";"DE";10.000000;53.550000;"AS3209 Vodafone GmbH";"mlab3-ham01";0.031211;1622466.583600;"0.004012999";"win32";"80.239.142.238";"speedtest";1340003048;90842.963323;0.019713;"35cb00ec-8dd5-4c10-b6d8-af0ca91cadc2";3209;"04";"Hamburg";9;6;2012;0;18;"20120618"
"178.13.177.34";"DE";9.000000;51.000000;"AS3209 Vodafone GmbH";"mlab3-ham01";0.076103;851133.623373;"0.004005999";"linux2";"80.239.142.238";"bittorrent";1340002536;113106.899388;-1.000000;"d80ec3cc-e940-4362-bb5a-c2bf17a6fd0d";3209;"";"";8;6;2012;0;18;"20120618"
"93.219.83.124";"DE";13.066700;52.400000;"AS3320 Deutsche Telekom AG";"mlab3-ham01";0.021765;5081358.469860;"0.004012999";"linux2";"80.239.142.238";"bittorrent";1340002538;1030746.297430;-1.000000;"2522fb79-4e59-4c68-b014-2c4570739a62";3320;"11";"Potsdam";8;6;2012;0;18;"20120618"
"46.115.25.230";"DE";9.000000;51.000000;"AS12638 E-Plus Mobilfunk GmbH & Co. KG";"mlab3-ham01";0.176829;98678.933503;"0.004012999";"darwin";"80.239.142.238";"bittorrent";1340002618;11828.765420;-1.000000;"4baef5fd-7f85-41c9-b289-0d4d24e485da";12638;"";"";8;6;2012;0;18;"20120618"
"87.169.239.50";"DE";13.400000;52.516700;"AS3320 Deutsche Telekom AG";"mlab3-ham01";0.024255;5531264.560160;"0.004012999";"darwin";"80.239.142.238";"speedtest";1340002940;1035438.665900;0.025071;"f7e74337-5111-4d6a-a11a-2ef4a0c4db50";3320;"16";"Berlin";9;6;2012;0;18;"20120618"
"92.195.115.156";"DE";11.033300;50.983300;"AS20676 QSC AG";"mlab3-ham01";2.804945;27691.622011;"0.004012999";"darwin";"80.239.142.238";"speedtest";1340003168;11540.720873;2.879433;"81014317-071d-48ad-b6b8-adca554fbdf6";20676;"15";"Erfurt";9;6;2012;0;18;"20120618"
"91.35.33.88";"DE";9.433300;54.783300;"AS3320 Deutsche Telekom AG";"mlab3-ham01";0.011309;1439334.305834;"0.004012999";"win32";"80.239.142.238";"bittorrent";1340003339;76206.497246;-1.000000;"71ef70e0-ac7c-408a-99b6-991bcb0563bb";3320;"10";"Flensburg";9;6;2012;0;18;"20120618"
"77.23.61.29";"DE";9.000000;51.000000;"AS31334 Kabel Deutschland Vertrieb und Service GmbH";"mlab3-ham01";0.023670;1312350.340170;"0.004012999";"win32";"80.239.142.238";"speedtest";1340003510;58936.900658;0.025012;"898e2e06-ef2e-44fb-aafd-ae145f8e32af";31334;"";"";9;6;2012;0;18;"20120618"
"87.178.105.210";"DE";11.833300;48.083300;"AS3320 Deutsche Telekom AG";"mlab3-ham01";0.057673;661087.795210;"0.004012999";"darwin";"80.239.142.238";"speedtest";1340003537;66400.176137;0.060723;"f3523021-8b10-4afd-9dda-2ac916ad4c9a";3320;"02";"Zorneding";9;6;2012;0;18;"20120618"
"46.223.18.206";"DE";8.385800;49.004700;"AS29562 Kabel BW GmbH";"mlab3-ham01";0.042371;1821098.897283;"0.004011999";"win32";"80.239.142.238";"bittorrent";1340003777;313439.927782;-1.000000;"62a0c3ba-8531-44c5-b8a3-ca82d00981cd";29562;"01";"Karlsruhe";9;6;2012;0;18;"20120618"
"178.13.177.34";"DE";9.000000;51.000000;"AS3209 Vodafone GmbH";"mlab3-ham01";0.087712;800058.560739;"0.004005999";"linux2";"80.239.142.238";"speedtest";1340003955;146226.203843;0.077968;"d80ec3cc-e940-4362-bb5a-c2bf17a6fd0d";3209;"";"";9;6;2012;0;18;"20120618"
"46.115.25.230";"DE";9.000000;51.000000;"AS12638 E-Plus Mobilfunk GmbH & Co. KG";"mlab3-ham01";0.148698;136955.462982;"0.004012999";"darwin";"80.239.142.238";"speedtest";1340004029;17981.232940;0.192512;"4baef5fd-7f85-41c9-b289-0d4d24e485da";12638;"";"";9;6;2012;0;18;"20120618"
"87.79.35.60";"DE";9.000000;51.000000;"AS8422 NetCologne GmbH";"mlab3-ham01";0.011898;1769356.361420;"0.004012999";"linux2";"80.239.142.238";"speedtest";1340004130;819609.826671;0.012883;"13446eb4-e4e6-422f-b8d8-566f1064957c";8422;"";"";9;6;2012;0;18;"20120618"
"87.169.239.50";"DE";13.400000;52.516700;"AS3320 Deutsche Telekom AG";"mlab3-ham01";0.024871;2754336.878107;"0.004012999";"darwin";"80.239.142.238";"bittorrent";1340004371;1040544.428138;-1.000000;"f7e74337-5111-4d6a-a11a-2ef4a0c4db50";3320;"16";"Berlin";9;6;2012;0;18;"20120618"
"91.35.33.88";"DE";9.433300;54.783300;"AS3320 Deutsche Telekom AG";"mlab3-ham01";0.011220;1499309.042540;"0.004012999";"win32";"80.239.142.238";"speedtest";1340004870;78151.614241;0.015603;"71ef70e0-ac7c-408a-99b6-991bcb0563bb";3320;"10";"Flensburg";9;6;2012;0;18;"20120618"
"87.178.105.210";"DE";11.833300;48.083300;"AS3320 Deutsche Telekom AG";"mlab3-ham01";0.057257;612359.753338;"0.004012999";"darwin";"80.239.142.238";"bittorrent";1340005046;65319.263158;-1.000000;"f3523021-8b10-4afd-9dda-2ac916ad4c9a";3320;"02";"Zorneding";9;6;2012;0;18;"20120618"
"93.219.83.124";"DE";13.066700;52.400000;"AS3320 Deutsche Telekom AG";"mlab3-ham01";0.021574;5763986.963178;"0.004012999";"linux2";"80.239.142.238";"bittorrent";1340005711;1034615.912330;-1.000000;"2522fb79-4e59-4c68-b014-2c4570739a62";3320;"11";"Potsdam";9;6;2012;0;18;"20120618"
"87.169.239.50";"DE";13.400000;52.516700;"AS3320 Deutsche Telekom AG";"mlab3-ham01";0.023301;3435891.436210;"0.004012999";"darwin";"80.239.142.238";"speedtest";1340005798;1009020.630500;0.024258;"f7e74337-5111-4d6a-a11a-2ef4a0c4db50";3320;"16";"Berlin";9;6;2012;0;18;"20120618"
"82.83.62.103";"DE";9.000000;51.000000;"AS3209 Vodafone GmbH";"mlab3-ham01";0.019795;1662690.475110;"0.004012999";"linux2";"80.239.142.238";"speedtest";1340006274;115534.543564;0.022331;"e7b78883-6949-44d7-bffa-646118b01e16";3209;"";"";9;6;2012;0;18;"20120618"
"88.73.250.177";"DE";11.033300;50.983300;"AS3209 Vodafone GmbH";"mlab3-ham01";0.014924;739480.591589;"0.004010999";"win32";"80.239.142.238";"bittorrent";1340006366;76338.197042;-1.000000;"737c65f9-12e2-47a9-9e14-942857e0d0b6";3209;"15";"Erfurt";9;6;2012;0;18;"20120618"
"87.79.35.60";"DE";9.000000;51.000000;"AS8422 NetCologne GmbH";"mlab3-ham01";0.012751;2112521.242610;"0.004012999";"linux2";"80.239.142.238";"speedtest";1340006959;792335.337727;0.012408;"13446eb4-e4e6-422f-b8d8-566f1064957c";8422;"";"";10;6;2012;0;18;"20120618"
"109.91.66.24";"DE";9.000000;51.000000;"AS20825 Unitymedia NRW GmbH";"mlab3-ham01";0.021673;1680281.421441;"0.004012999";"darwin";"80.239.142.238";"bittorrent";1340007210;231511.489006;-1.000000;"d24c6cd0-970f-43da-b704-169ffc4c3edd";20825;"";"";10;6;2012;0;18;"20120618"
"217.16.163.156";"DE";12.000000;51.366700;"AS35515 EVH GmbH";"mlab3-ham01";0.034964;296811.300822;"0.004012999";"linux2";"80.239.142.238";"bittorrent";1340007511;176861.803937;-1.000000;"5f387d5d-8687-4aab-81d1-a234c3553052";35515;"14";"Merseburg";10;6;2012;0;18;"20120618"
"82.83.62.103";"DE";9.000000;51.000000;"AS3209 Vodafone GmbH";"mlab3-ham01";0.039476;809155.810414;"0.004012999";"linux2";"80.239.142.238";"bittorrent";1340007865;47063.724514;-1.000000;"e7b78883-6949-44d7-bffa-646118b01e16";3209;"";"";10;6;2012;0;18;"20120618"
"87.143.27.82";"DE";11.350000;50.850000;"AS3320 Deutsche Telekom AG";"mlab3-ham01";0.032545;1122876.998135;"0.004012999";"darwin";"80.239.142.238";"bittorrent";1340007913;92909.416290;-1.000000;"95120f16-54c4-4444-b2d8-e87391844949";3320;"15";"Blankenhain";10;6;2012;0;18;"20120618"
"91.35.33.88";"DE";9.433300;54.783300;"AS3320 Deutsche Telekom AG";"mlab3-ham01";0.012139;1503423.218190;"0.004012999";"win32";"80.239.142.238";"speedtest";1340007973;77581.070286;0.015580;"71ef70e0-ac7c-408a-99b6-991bcb0563bb";3320;"10";"Flensburg";10;6;2012;0;18;"20120618"
"78.42.142.50";"DE";8.477600;49.000200;"AS29562 Kabel BW GmbH";"mlab3-ham01";0.027884;5069941.179010;"0.004012999";"win32";"80.239.142.238";"speedtest";1340008065;307083.955580;0.028928;"4478790f-f737-46d6-9142-b0246b441592";29562;"01";"Karlsruhe";10;6;2012;0;18;"20120618"
"87.178.105.210";"DE";11.833300;48.083300;"AS3320 Deutsche Telekom AG";"mlab3-ham01";0.057188;640393.684791;"0.004012999";"darwin";"80.239.142.238";"bittorrent";1340008059;62916.609457;-1.000000;"f3523021-8b10-4afd-9dda-2ac916ad4c9a";3320;"02";"Zorneding";10;6;2012;0;18;"20120618"
"79.203.86.53";"DE";11.583300;48.150000;"AS3320 Deutsche Telekom AG";"mlab3-ham01";0.024886;1375271.765400;"0.004012999";"darwin";"80.239.142.238";"bittorrent";1340008486;115953.433329;-1.000000;"0445411f-1a91-486e-aa99-34aa63e4af95";3320;"02";"Munich";10;6;2012;0;18;"20120618"
"93.203.195.87";"DE";11.583300;48.150000;"AS3320 Deutsche Telekom AG";"mlab3-ham01";0.046564;2089843.741817;"0.004011999";"win32";"80.239.142.238";"bittorrent";1340008645;1012638.589337;-1.000000;"627b8c63-1d61-4f22-9e44-28d71cc70e2e";3320;"02";"Munich";10;6;2012;0;18;"20120618"
"109.91.66.24";"DE";9.000000;51.000000;"AS20825 Unitymedia NRW GmbH";"mlab3-ham01";0.021463;1890829.817410;"0.004012999";"darwin";"80.239.142.238";"speedtest";1340008838;242247.096214;0.026011;"d24c6cd0-970f-43da-b704-169ffc4c3edd";20825;"";"";10;6;2012;0;18;"20120618"
"95.89.147.151";"DE";7.364900;49.249000;"AS31334 Kabel Deutschland Vertrieb und Service GmbH";"mlab3-ham01";0.040996;5494438.894570;"0.004012999";"win32";"80.239.142.238";"speedtest";1340009206;719403.016225;0.029519;"6016980c-587e-4542-a75f-35eac912aa21";31334;"08";"Zweibrücken";10;6;2012;0;18;"20120618"
"92.195.115.156";"DE";11.033300;50.983300;"AS20676 QSC AG";"mlab3-ham01";2.090655;7079.947652;"0.004012999";"darwin";"80.239.142.238";"speedtest";1340009270;8976.888808;2.159849;"81014317-071d-48ad-b6b8-adca554fbdf6";20676;"15";"Erfurt";10;6;2012;0;18;"20120618"
"94.219.178.130";"DE";8.647500;49.955300;"AS3209 Vodafone GmbH";"mlab3-ham01";0.015168;1434786.846936;"0.004012999";"darwin";"80.239.142.238";"bittorrent";1340009344;113895.985318;-1.000000;"81629ab0-96cf-48a2-bdd6-429233ae5325";3209;"05";"Erzhausen";10;6;2012;0;18;"20120618"
"46.223.18.206";"DE";8.385800;49.004700;"AS29562 Kabel BW GmbH";"mlab3-ham01";0.086822;1971195.889114;"0.004011999";"win32";"80.239.142.238";"bittorrent";1340009424;312359.534833;-1.000000;"62a0c3ba-8531-44c5-b8a3-ca82d00981cd";29562;"01";"Karlsruhe";10;6;2012;0;18;"20120618"
"91.35.33.88";"DE";9.433300;54.783300;"AS3320 Deutsche Telekom AG";"mlab3-ham01";0.011421;1528780.406494;"0.004012999";"win32";"80.239.142.238";"bittorrent";1340009547;76322.709750;-1.000000;"71ef70e0-ac7c-408a-99b6-991bcb0563bb";3320;"10";"Flensburg";10;6;2012;0;18;"20120618"
"46.115.25.230";"DE";9.000000;51.000000;"AS12638 E-Plus Mobilfunk GmbH & Co. KG";"mlab3-ham01";0.163883;157922.134066;"0.004012999";"darwin";"80.239.142.238";"speedtest";1340009767;25096.989834;0.349891;"4baef5fd-7f85-41c9-b289-0d4d24e485da";12638;"";"";10;6;2012;0;18;"20120618"
"87.79.35.60";"DE";9.000000;51.000000;"AS8422 NetCologne GmbH";"mlab3-ham01";0.011657;1779487.867320;"0.004012999";"linux2";"80.239.142.238";"speedtest";1340009788;803521.491244;0.013038;"13446eb4-e4e6-422f-b8d8-566f1064957c";8422;"";"";10;6;2012;0;18;"20120618"
"77.22.67.251";"DE";10.650000;52.250000;"AS31334 Kabel Deutschland Vertrieb und Service GmbH";"mlab3-ham01";0.030677;1966629.229240;"0.004012999";"win32";"80.239.142.238";"speedtest";1340009924;758362.433552;0.030667;"c1c874f5-0b6d-404d-8ecb-238232884c73";31334;"06";"Cremlingen";10;6;2012;0;18;"20120618"
"93.220.49.47";"DE";13.400000;52.516700;"AS3320 Deutsche Telekom AG";"mlab3-ham01";0.032602;2117275.748111;"0.004012999";"win32";"80.239.142.238";"bittorrent";1340010121;584681.502516;-1.000000;"8ac1e576-29fc-4381-9927-cecba6229ca7";3320;"16";"Berlin";11;6;2012;0;18;"20120618"
"141.89.226.149";"DE";13.066700;52.400000;"AS680 Verein zur Foerderung eines Deutschen Forschungsnetzes e.V.";"mlab3-ham01";0.013363;2917503.939560;"0.004012999";"linux2";"80.239.142.238";"speedtest";1340010222;2175935.908260;0.010321;"853327e0-d084-49a5-a5df-81d9281ed740";680;"11";"Potsdam";11;6;2012;0;18;"20120618"
"77.21.138.42";"DE";9.715300;52.342500;"AS31334 Kabel Deutschland Vertrieb und Service GmbH";"mlab3-ham01";0.023628;2165317.394924;"0.004012999";"darwin";"80.239.142.238";"bittorrent";1340010525;731413.994216;-1.000000;"e28849dc-5e1b-4b79-a681-712c312f5816";31334;"06";"Hanover";11;6;2012;0;18;"20120618"
"87.143.27.82";"DE";11.350000;50.850000;"AS3320 Deutsche Telekom AG";"mlab3-ham01";0.032293;1300234.988172;"0.004012999";"darwin";"80.239.142.238";"bittorrent";1340010801;93202.771212;-1.000000;"95120f16-54c4-4444-b2d8-e87391844949";3320;"15";"Blankenhain";11;6;2012;0;18;"20120618"
"77.23.61.29";"DE";9.000000;51.000000;"AS31334 Kabel Deutschland Vertrieb und Service GmbH";"mlab3-ham01";0.023032;2507897.824170;"0.004012999";"win32";"80.239.142.238";"bittorrent";1340010936;54007.017719;-1.000000;"898e2e06-ef2e-44fb-aafd-ae145f8e32af";31334;"";"";11;6;2012;0;18;"20120618"
"87.179.66.249";"DE";11.033300;50.983300;"AS3320 Deutsche Telekom AG";"mlab3-ham01";0.015193;1583205.128831;"0.004011999";"linux2";"80.239.142.238";"bittorrent";1340010977;117196.391987;-1.000000;"0575caf1-8a3d-4ae0-8b6e-5caaddb74121";3320;"15";"Erfurt";11;6;2012;0;18;"20120618"
"93.206.233.146";"DE";8.283300;53.400000;"AS3320 Deutsche Telekom AG";"mlab3-ham01";0.042212;5205108.634367;"0.004011999";"win32";"80.239.142.238";"bittorrent";1340010980;1153529.973058;-1.000000;"540af2e6-2c0b-4173-a8ac-fd971d1b6fcb";3320;"06";"Jade";11;6;2012;0;18;"20120618"
"91.61.73.174";"DE";13.400000;52.516700;"AS3320 Deutsche Telekom AG";"mlab3-ham01";0.025405;2028041.044989;"0.004012999";"darwin";"80.239.142.238";"bittorrent";1340011121;1010563.355395;-1.000000;"f3adc558-a824-40b0-b105-5a7c00397169";3320;"16";"Berlin";11;6;2012;0;18;"20120618"
"87.79.35.60";"DE";9.000000;51.000000;"AS8422 NetCologne GmbH";"mlab3-ham01";0.061239;1934759.397500;"0.004012999";"linux2";"80.239.142.238";"bittorrent";1340011202;1068679.530550;-1.000000;"13446eb4-e4e6-422f-b8d8-566f1064957c";8422;"";"";11;6;2012;0;18;"20120618"
"62.156.232.10";"DE";9.000000;51.000000;"AS3320 Deutsche Telekom AG";"mlab3-ham01";0.016245;507555.910438;"0.004012999";"win32";"80.239.142.238";"speedtest";1340011475;511965.053924;0.017237;"83f9ba8d-8067-4f2a-8263-4ffb47c33144";3320;"";"";11;6;2012;0;18;"20120618"
"93.220.49.47";"DE";13.400000;52.516700;"AS3320 Deutsche Telekom AG";"mlab3-ham01";0.060627;1694310.327990;"0.004012999";"win32";"80.239.142.238";"speedtest";1340011595;513356.653439;0.032670;"8ac1e576-29fc-4381-9927-cecba6229ca7";3320;"16";"Berlin";11;6;2012;0;18;"20120618"
"217.225.248.89";"DE";13.400000;52.516700;"AS3320 Deutsche Telekom AG";"mlab3-ham01";0.064703;1794132.695400;"0.004012999";"darwin";"80.239.142.238";"speedtest";1340011867;124160.835822;0.016876;"b2df2747-03e6-4404-a510-841b2f7a2b4f";3320;"16";"Berlin";11;6;2012;0;18;"20120618"
"88.73.250.177";"DE";11.033300;50.983300;"AS3209 Vodafone GmbH";"mlab3-ham01";0.014536;733338.624882;"0.004010999";"win32";"80.239.142.238";"bittorrent";1340012080;75929.407300;-1.000000;"737c65f9-12e2-47a9-9e14-942857e0d0b6";3209;"15";"Erfurt";11;6;2012;0;18;"20120618"
"87.143.27.82";"DE";11.350000;50.850000;"AS3320 Deutsche Telekom AG";"mlab3-ham01";0.032286;1248383.292930;"0.004012999";"darwin";"80.239.142.238";"speedtest";1340012245;92764.318516;0.035098;"95120f16-54c4-4444-b2d8-e87391844949";3320;"15";"Blankenhain";11;6;2012;0;18;"20120618"
"91.66.87.178";"DE";13.400000;52.516700;"AS31334 Kabel Deutschland Vertrieb und Service GmbH";"mlab3-ham01";0.016478;7520058.072292;"0.004012999";"darwin";"80.239.142.238";"bittorrent";1340012456;755579.616995;-1.000000;"d03b38da-49e8-4c70-9004-63c1ff3bdde1";31334;"16";"Berlin";11;6;2012;0;18;"20120618"
"188.107.5.72";"DE";8.450000;50.133300;"AS3209 Vodafone GmbH";"mlab3-ham01";0.023547;111725.947261;"0.004012999";"win32";"80.239.142.238";"speedtest";1340012610;14886.603472;0.038575;"8d185344-90ee-417c-b236-5d9f35178efb";3209;"05";"Kelkheim";11;6;2012;0;18;"20120618"
"91.61.73.174";"DE";13.400000;52.516700;"AS3320 Deutsche Telekom AG";"mlab3-ham01";0.024458;2443739.798500;"0.004012999";"darwin";"80.239.142.238";"speedtest";1340012682;1003810.506260;0.027448;"f3adc558-a824-40b0-b105-5a7c00397169";3320;"16";"Berlin";11;6;2012;0;18;"20120618"
"46.223.18.206";"DE";8.385800;49.004700;"AS29562 Kabel BW GmbH";"mlab3-ham01";0.040925;1979194.247570;"0.004012999";"win32";"80.239.142.238";"speedtest";1340012755;312128.091684;0.034942;"62a0c3ba-8531-44c5-b8a3-ca82d00981cd";29562;"01";"Karlsruhe";11;6;2012;0;18;"20120618"
"93.220.49.47";"DE";13.400000;52.516700;"AS3320 Deutsche Telekom AG";"mlab3-ham01";0.036651;2134624.542686;"0.004012999";"win32";"80.239.142.238";"bittorrent";1340013063;602562.565266;-1.000000;"8ac1e576-29fc-4381-9927-cecba6229ca7";3320;"16";"Berlin";11;6;2012;0;18;"20120618"
"217.16.163.156";"DE";12.000000;51.366700;"AS35515 EVH GmbH";"mlab3-ham01";0.035700;284449.267444;"0.004012999";"linux2";"80.239.142.238";"bittorrent";1340013444;175849.781538;-1.000000;"5f387d5d-8687-4aab-81d1-a234c3553052";35515;"14";"Merseburg";11;6;2012;0;18;"20120618"
"77.21.138.42";"DE";9.715300;52.342500;"AS31334 Kabel Deutschland Vertrieb und Service GmbH";"mlab3-ham01";0.024768;2379335.236039;"0.004012999";"darwin";"80.239.142.238";"bittorrent";1340013485;735079.193548;-1.000000;"e28849dc-5e1b-4b79-a681-712c312f5816";31334;"06";"Hanover";11;6;2012;0;18;"20120618"
"94.219.178.130";"DE";8.647500;49.955300;"AS3209 Vodafone GmbH";"mlab3-ham01";0.016147;1374172.946750;"0.004012999";"darwin";"80.239.142.238";"speedtest";1340013583;97365.188795;0.019224;"81629ab0-96cf-48a2-bdd6-429233ae5325";3209;"05";"Erzhausen";11;6;2012;0;18;"20120618"
"77.87.48.248";"DE";9.000000;51.000000;"AS44194 Foerderverein Freie Netzwerke e.V.";"mlab3-ham01";0.405382;167835.336343;"0.004012999";"linux2";"80.239.142.238";"bittorrent";1340013639;274403.838113;-1.000000;"758cc354-ac16-4a47-90b8-16db3465444a";44194;"";"";12;6;2012;0;18;"20120618"
"87.179.66.249";"DE";11.033300;50.983300;"AS3320 Deutsche Telekom AG";"mlab3-ham01";0.016255;1665237.289573;"0.004011999";"linux2";"80.239.142.238";"bittorrent";1340013838;118978.895681;-1.000000;"0575caf1-8a3d-4ae0-8b6e-5caaddb74121";3320;"15";"Erfurt";12;6;2012;0;18;"20120618"
"87.79.35.60";"DE";9.000000;51.000000;"AS8422 NetCologne GmbH";"mlab3-ham01";0.012150;1180271.793197;"0.004012999";"linux2";"80.239.142.238";"bittorrent";1340014036;1101510.831599;-1.000000;"13446eb4-e4e6-422f-b8d8-566f1064957c";8422;"";"";12;6;2012;0;18;"20120618"
"77.12.203.52";"DE";13.400000;52.516700;"AS6805 Telefonica Germany GmbH & Co.OHG";"mlab3-ham01";0.059078;1095220.587116;"0.004012999";"darwin";"80.239.142.238";"bittorrent";1340014082;93340.727085;-1.000000;"58702c42-fe45-49c2-94a4-4df8118774bb";6805;"16";"Berlin";12;6;2012;0;18;"20120618"
"46.223.18.206";"DE";8.385800;49.004700;"AS29562 Kabel BW GmbH";"mlab3-ham01";0.042161;1484550.302702;"0.004012999";"win32";"80.239.142.238";"bittorrent";1340014165;308533.465043;-1.000000;"62a0c3ba-8531-44c5-b8a3-ca82d00981cd";29562;"01";"Karlsruhe";12;6;2012;0;18;"20120618"
"92.224.186.239";"DE";7.450000;51.516700;"AS13184 Telefonica Germany GmbH & Co.OHG";"mlab3-ham01";0.049348;993827.939011;"0.004012999";"linux2";"80.239.142.238";"bittorrent";1340014257;114138.927564;-1.000000;"4461622b-002e-4033-b06e-34562c12f1f2";13184;"07";"Dortmund";12;6;2012;0;18;"20120618"
"217.252.108.118";"DE";8.550000;48.083300;"AS3320 Deutsche Telekom AG";"mlab3-ham01";0.061701;366495.374478;"0.004012999";"win32";"80.239.142.238";"bittorrent";1340014402;31440.534600;-1.000000;"13c4b97b-dd9b-4d0d-9ae7-2eff4b187e28";3320;"01";"Dauchingen";12;6;2012;0;18;"20120618"
"62.156.232.10";"DE";9.000000;51.000000;"AS3320 Deutsche Telekom AG";"mlab3-ham01";0.062321;467344.312127;"0.004012999";"win32";"80.239.142.238";"speedtest";1340014503;453450.472538;0.019324;"83f9ba8d-8067-4f2a-8263-4ffb47c33144";3320;"";"";12;6;2012;0;18;"20120618"
"77.3.250.96";"DE";8.833300;47.766700;"AS6805 Telefonica Germany GmbH & Co.OHG";"mlab3-ham01";0.037697;1284587.547420;"0.004012999";"darwin";"80.239.142.238";"speedtest";1340015031;118380.546460;0.040685;"7f6dfa2b-14ff-4d0d-8b49-2d9db3f1749a";6805;"01";"Singen";12;6;2012;0;18;"20120618"
"109.91.66.24";"DE";9.000000;51.000000;"AS20825 Unitymedia NRW GmbH";"mlab3-ham01";0.020572;1926757.709940;"0.004012999";"darwin";"80.239.142.238";"speedtest";1340015350;243009.234664;0.025709;"d24c6cd0-970f-43da-b704-169ffc4c3edd";20825;"";"";12;6;2012;0;18;"20120618"
"92.195.115.156";"DE";11.033300;50.983300;"AS20676 QSC AG";"mlab3-ham01";2.825974;1162.895252;"0.004012999";"darwin";"80.239.142.238";"speedtest";1340015500;3300.473111;2.850335;"81014317-071d-48ad-b6b8-adca554fbdf6";20676;"15";"Erfurt";12;6;2012;0;18;"20120618"
"188.107.5.72";"DE";8.450000;50.133300;"AS3209 Vodafone GmbH";"mlab3-ham01";0.152681;37422.541820;"0.004012999";"win32";"80.239.142.238";"speedtest";1340015556;12775.443498;0.115792;"8d185344-90ee-417c-b236-5d9f35178efb";3209;"05";"Kelkheim";12;6;2012;0;18;"20120618"
"46.223.18.206";"DE";8.385800;49.004700;"AS29562 Kabel BW GmbH";"mlab3-ham01";0.041981;1848984.139120;"0.004012999";"win32";"80.239.142.238";"speedtest";1340015555;311974.074095;0.032732;"62a0c3ba-8531-44c5-b8a3-ca82d00981cd";29562;"01";"Karlsruhe";12;6;2012;0;18;"20120618"
"77.12.203.52";"DE";13.400000;52.516700;"AS6805 Telefonica Germany GmbH & Co.OHG";"mlab3-ham01";0.090883;865213.547711;"0.004012999";"darwin";"80.239.142.238";"speedtest";1340015585;43322.748301;0.078883;"58702c42-fe45-49c2-94a4-4df8118774bb";6805;"16";"Berlin";12;6;2012;0;18;"20120618"
"87.178.105.210";"DE";11.833300;48.083300;"AS3320 Deutsche Telekom AG";"mlab3-ham01";0.058228;657163.808939;"0.004012999";"darwin";"80.239.142.238";"speedtest";1340015588;66228.802607;0.060654;"f3523021-8b10-4afd-9dda-2ac916ad4c9a";3320;"02";"Zorneding";12;6;2012;0;18;"20120618"
"91.35.33.88";"DE";9.433300;54.783300;"AS3320 Deutsche Telekom AG";"mlab3-ham01";0.011226;1526262.156736;"0.004012999";"win32";"80.239.142.238";"bittorrent";1340015755;78034.620177;-1.000000;"71ef70e0-ac7c-408a-99b6-991bcb0563bb";3320;"10";"Flensburg";12;6;2012;0;18;"20120618"
"82.83.62.103";"DE";9.000000;51.000000;"AS3209 Vodafone GmbH";"mlab3-ham01";0.035546;365212.972218;"0.004012999";"linux2";"80.239.142.238";"speedtest";1340015793;89979.788338;0.046757;"e7b78883-6949-44d7-bffa-646118b01e16";3209;"";"";12;6;2012;0;18;"20120618"
"91.61.73.174";"DE";13.400000;52.516700;"AS3320 Deutsche Telekom AG";"mlab3-ham01";0.025325;2318685.091580;"0.004012999";"darwin";"80.239.142.238";"speedtest";1340015809;1048910.898970;0.027713;"f3adc558-a824-40b0-b105-5a7c00397169";3320;"16";"Berlin";12;6;2012;0;18;"20120618"
"93.220.49.47";"DE";13.400000;52.516700;"AS3320 Deutsche Telekom AG";"mlab3-ham01";0.036775;2291970.139199;"0.004012999";"win32";"80.239.142.238";"bittorrent";1340016003;809789.368822;-1.000000;"8ac1e576-29fc-4381-9927-cecba6229ca7";3320;"16";"Berlin";12;6;2012;0;18;"20120618"
"62.156.232.10";"DE";9.000000;51.000000;"AS3320 Deutsche Telekom AG";"mlab3-ham01";0.014436;490598.126222;"0.004012999";"win32";"80.239.142.238";"bittorrent";1340016017;509123.962008;-1.000000;"83f9ba8d-8067-4f2a-8263-4ffb47c33144";3320;"";"";12;6;2012;0;18;"20120618"
"95.89.147.151";"DE";7.364900;49.249000;"AS31334 Kabel Deutschland Vertrieb und Service GmbH";"mlab3-ham01";0.027379;8027202.844784;"0.004012999";"win32";"80.239.142.238";"bittorrent";1340016297;745266.389014;-1.000000;"6016980c-587e-4542-a75f-35eac912aa21";31334;"08";"Zweibrücken";12;6;2012;0;18;"20120618"
"79.203.86.53";"DE";11.583300;48.150000;"AS3320 Deutsche Telekom AG";"mlab3-ham01";0.024850;1330758.481800;"0.004012999";"darwin";"80.239.142.238";"speedtest";1340016405;102073.261907;0.054225;"0445411f-1a91-486e-aa99-34aa63e4af95";3320;"02";"Munich";12;6;2012;0;18;"20120618"
"77.22.67.251";"DE";10.650000;52.250000;"AS31334 Kabel Deutschland Vertrieb und Service GmbH";"mlab3-ham01";0.029618;1504565.120270;"0.004012999";"win32";"80.239.142.238";"speedtest";1340016418;640424.287535;0.032625;"c1c874f5-0b6d-404d-8ecb-238232884c73";31334;"06";"Cremlingen";12;6;2012;0;18;"20120618"
"93.219.83.124";"DE";13.066700;52.400000;"AS3320 Deutsche Telekom AG";"mlab3-ham01";0.022892;5526773.861870;"0.004012999";"linux2";"80.239.142.238";"speedtest";1340016812;1040099.075330;0.023409;"2522fb79-4e59-4c68-b014-2c4570739a62";3320;"11";"Potsdam";12;6;2012;0;18;"20120618"
"93.206.233.146";"DE";8.283300;53.400000;"AS3320 Deutsche Telekom AG";"mlab3-ham01";0.033483;5839160.896695;"0.004011999";"win32";"80.239.142.238";"bittorrent";1340016827;1153696.142440;-1.000000;"540af2e6-2c0b-4173-a8ac-fd971d1b6fcb";3320;"06";"Jade";12;6;2012;0;18;"20120618"
"91.66.87.178";"DE";13.400000;52.516700;"AS31334 Kabel Deutschland Vertrieb und Service GmbH";"mlab3-ham01";0.016272;11129159.063700;"0.004012999";"darwin";"80.239.142.238";"speedtest";1340016851;755212.243706;0.020103;"d03b38da-49e8-4c70-9004-63c1ff3bdde1";31334;"16";"Berlin";12;6;2012;0;18;"20120618"
"188.107.5.72";"DE";8.450000;50.133300;"AS3209 Vodafone GmbH";"mlab3-ham01";0.023038;130759.343243;"0.004012999";"win32";"80.239.142.238";"bittorrent";1340017035;9657.097621;-1.000000;"8d185344-90ee-417c-b236-5d9f35178efb";3209;"05";"Kelkheim";12;6;2012;0;18;"20120618"
"91.35.33.88";"DE";9.433300;54.783300;"AS3320 Deutsche Telekom AG";"mlab3-ham01";0.011970;1500407.733530;"0.004012999";"win32";"80.239.142.238";"speedtest";1340017285;66904.604914;0.015977;"71ef70e0-ac7c-408a-99b6-991bcb0563bb";3320;"10";"Flensburg";13;6;2012;0;18;"20120618"
"82.83.62.103";"DE";9.000000;51.000000;"AS3209 Vodafone GmbH";"mlab3-ham01";0.019683;1137140.253575;"0.004012999";"linux2";"80.239.142.238";"bittorrent";1340017381;114984.126726;-1.000000;"e7b78883-6949-44d7-bffa-646118b01e16";3209;"";"";13;6;2012;0;18;"20120618"
"93.220.49.47";"DE";13.400000;52.516700;"AS3320 Deutsche Telekom AG";"mlab3-ham01";0.034968;2115783.143700;"0.004012999";"win32";"80.239.142.238";"speedtest";1340017474;677258.508860;0.031486;"8ac1e576-29fc-4381-9927-cecba6229ca7";3320;"16";"Berlin";13;6;2012;0;18;"20120618"
"62.156.232.10";"DE";9.000000;51.000000;"AS3320 Deutsche Telekom AG";"mlab3-ham01";0.022016;502358.782364;"0.004012999";"win32";"80.239.142.238";"speedtest";1340017529;511037.274592;0.017743;"83f9ba8d-8067-4f2a-8263-4ffb47c33144";3320;"";"";13;6;2012;0;18;"20120618"
"94.219.178.130";"DE";8.647500;49.955300;"AS3209 Vodafone GmbH";"mlab3-ham01";0.015050;1452071.204758;"0.004012999";"darwin";"80.239.142.238";"bittorrent";1340017827;114625.136065;-1.000000;"81629ab0-96cf-48a2-bdd6-429233ae5325";3209;"05";"Erzhausen";13;6;2012;0;18;"20120618"
"84.158.46.111";"DE";8.416700;48.433300;"AS3320 Deutsche Telekom AG";"mlab3-ham01";0.059494;648828.805900;"0.004012999";"darwin";"80.239.142.238";"speedtest";1340018000;66621.650742;0.062997;"72dec868-fef9-4d06-9cad-b6b2dff41285";3320;"01";"Freudenstadt";13;6;2012;0;18;"20120618"
"87.143.16.198";"DE";11.100000;51.150000;"AS3320 Deutsche Telekom AG";"mlab3-ham01";0.033668;1183215.483060;"0.004012999";"darwin";"80.239.142.238";"speedtest";1340018025;92730.956992;0.036367;"95120f16-54c4-4444-b2d8-e87391844949";3320;"15";"Sömmerda";13;6;2012;0;18;"20120618"
"178.13.177.34";"DE";9.000000;51.000000;"AS3209 Vodafone GmbH";"mlab3-ham01";0.085063;814244.205536;"0.004005999";"linux2";"80.239.142.238";"speedtest";1340018154;116467.708939;0.076405;"d80ec3cc-e940-4362-bb5a-c2bf17a6fd0d";3209;"";"";13;6;2012;0;18;"20120618"
"46.115.25.230";"DE";9.000000;51.000000;"AS12638 E-Plus Mobilfunk GmbH & Co. KG";"mlab3-ham01";0.148987;40499.391710;"0.004012999";"darwin";"80.239.142.238";"speedtest";1340018317;13080.816945;0.542285;"4baef5fd-7f85-41c9-b289-0d4d24e485da";12638;"";"";13;6;2012;0;18;"20120618"
"91.66.87.178";"DE";13.400000;52.516700;"AS31334 Kabel Deutschland Vertrieb und Service GmbH";"mlab3-ham01";0.016086;7474788.783497;"0.004012999";"darwin";"80.239.142.238";"bittorrent";1340018320;755806.500824;-1.000000;"d03b38da-49e8-4c70-9004-63c1ff3bdde1";31334;"16";"Berlin";13;6;2012;0;18;"20120618"
"87.178.105.210";"DE";11.833300;48.083300;"AS3320 Deutsche Telekom AG";"mlab3-ham01";0.058251;660018.035319;"0.004012999";"darwin";"80.239.142.238";"speedtest";1340018599;66374.252572;0.061781;"f3523021-8b10-4afd-9dda-2ac916ad4c9a";3320;"02";"Zorneding";13;6;2012;0;18;"20120618"
"109.91.66.24";"DE";9.000000;51.000000;"AS20825 Unitymedia NRW GmbH";"mlab3-ham01";0.021845;1895972.494130;"0.004012999";"darwin";"80.239.142.238";"speedtest";1340018607;242673.196620;0.026279;"d24c6cd0-970f-43da-b704-169ffc4c3edd";20825;"";"";13;6;2012;0;18;"20120618"
"87.169.239.50";"DE";13.400000;52.516700;"AS3320 Deutsche Telekom AG";"mlab3-ham01";0.024163;5119724.418705;"0.004012999";"darwin";"80.239.142.238";"bittorrent";1340018621;1041486.807051;-1.000000;"f7e74337-5111-4d6a-a11a-2ef4a0c4db50";3320;"16";"Berlin";13;6;2012;0;18;"20120618"
"92.200.7.193";"DE";9.700900;48.694400;"AS20676 QSC AG";"mlab3-ham01";0.040368;993320.275436;"0.004012999";"darwin";"80.239.142.238";"bittorrent";1340018905;101022.380927;-1.000000;"2ae1a06d-85e1-4e7e-9214-10e08a3a30ab";20676;"01";"Eislingen";13;6;2012;0;18;"20120618"
"93.203.195.87";"DE";11.583300;48.150000;"AS3320 Deutsche Telekom AG";"mlab3-ham01";0.046069;4822129.375310;"0.004011999";"win32";"80.239.142.238";"speedtest";1340018938;987624.444446;0.036716;"627b8c63-1d61-4f22-9e44-28d71cc70e2e";3320;"02";"Munich";13;6;2012;0;18;"20120618"
"82.83.62.103";"DE";9.000000;51.000000;"AS3209 Vodafone GmbH";"mlab3-ham01";0.032780;224171.537329;"0.004012999";"linux2";"80.239.142.238";"speedtest";1340018966;85847.501802;0.038827;"e7b78883-6949-44d7-bffa-646118b01e16";3209;"";"";13;6;2012;0;18;"20120618"
"88.73.250.177";"DE";11.033300;50.983300;"AS3209 Vodafone GmbH";"mlab3-ham01";0.014861;720345.448373;"0.004010999";"win32";"80.239.142.238";"speedtest";1340019219;76701.802226;0.018626;"737c65f9-12e2-47a9-9e14-942857e0d0b6";3209;"15";"Erfurt";13;6;2012;0;18;"20120618"
"77.21.138.42";"DE";9.715300;52.342500;"AS31334 Kabel Deutschland Vertrieb und Service GmbH";"mlab3-ham01";0.017648;2709574.742805;"0.004012999";"darwin";"80.239.142.238";"bittorrent";1340019402;743711.244501;-1.000000;"e28849dc-5e1b-4b79-a681-712c312f5816";31334;"06";"Hanover";13;6;2012;0;18;"20120618"
"87.143.16.198";"DE";11.100000;51.150000;"AS3320 Deutsche Telekom AG";"mlab3-ham01";0.034085;1305594.746024;"0.004012999";"darwin";"80.239.142.238";"bittorrent";1340019471;93176.573165;-1.000000;"95120f16-54c4-4444-b2d8-e87391844949";3320;"15";"Sömmerda";13;6;2012;0;18;"20120618"
"77.87.48.248";"DE";9.000000;51.000000;"AS44194 Foerderverein Freie Netzwerke e.V.";"mlab3-ham01";0.031061;1217854.836630;"0.004012999";"linux2";"80.239.142.238";"speedtest";1340019503;1042775.437930;0.031763;"758cc354-ac16-4a47-90b8-16db3465444a";44194;"";"";13;6;2012;0;18;"20120618"
"84.158.46.111";"DE";8.416700;48.433300;"AS3320 Deutsche Telekom AG";"mlab3-ham01";0.056727;705058.786931;"0.004012999";"darwin";"80.239.142.238";"bittorrent";1340019547;65400.684302;-1.000000;"72dec868-fef9-4d06-9cad-b6b2dff41285";3320;"01";"Freudenstadt";13;6;2012;0;18;"20120618"
"87.79.35.60";"DE";9.000000;51.000000;"AS8422 NetCologne GmbH";"mlab3-ham01";0.012593;1877339.902928;"0.004012999";"linux2";"80.239.142.238";"bittorrent";1340019692;1011233.227724;-1.000000;"13446eb4-e4e6-422f-b8d8-566f1064957c";8422;"";"";13;6;2012;0;18;"20120618"
"77.3.250.96";"DE";8.833300;47.766700;"AS6805 Telefonica Germany GmbH & Co.OHG";"mlab3-ham01";0.036819;1505513.521642;"0.004012999";"darwin";"80.239.142.238";"bittorrent";1340019703;114949.159874;-1.000000;"7f6dfa2b-14ff-4d0d-8b49-2d9db3f1749a";6805;"01";"Singen";13;6;2012;0;18;"20120618"
"77.23.61.29";"DE";9.000000;51.000000;"AS31334 Kabel Deutschland Vertrieb und Service GmbH";"mlab3-ham01";0.023277;2221076.090688;"0.004012999";"win32";"80.239.142.238";"bittorrent";1340019795;54245.513509;-1.000000;"898e2e06-ef2e-44fb-aafd-ae145f8e32af";31334;"";"";13;6;2012;0;18;"20120618"
"188.107.5.72";"DE";8.450000;50.133300;"AS3209 Vodafone GmbH";"mlab3-ham01";0.043398;128203.380555;"0.004012999";"win32";"80.239.142.238";"bittorrent";1340019989;10829.856824;-1.000000;"8d185344-90ee-417c-b236-5d9f35178efb";3209;"05";"Kelkheim";13;6;2012;0;18;"20120618"
"92.195.115.156";"DE";11.033300;50.983300;"AS20676 QSC AG";"mlab3-ham01";1.669770;30471.669890;"0.004012999";"darwin";"80.239.142.238";"bittorrent";1340020121;18341.688856;-1.000000;"81014317-071d-48ad-b6b8-adca554fbdf6";20676;"15";"Erfurt";13;6;2012;0;18;"20120618"
"109.91.66.24";"DE";9.000000;51.000000;"AS20825 Unitymedia NRW GmbH";"mlab3-ham01";0.020394;1960117.795294;"0.004012999";"darwin";"80.239.142.238";"bittorrent";1340020236;239393.991085;-1.000000;"d24c6cd0-970f-43da-b704-169ffc4c3edd";20825;"";"";13;6;2012;0;18;"20120618"
"93.220.49.47";"DE";13.400000;52.516700;"AS3320 Deutsche Telekom AG";"mlab3-ham01";0.024019;1665210.295170;"0.004012999";"win32";"80.239.142.238";"speedtest";1340020424;438839.281908;0.032059;"8ac1e576-29fc-4381-9927-cecba6229ca7";3320;"16";"Berlin";13;6;2012;0;18;"20120618"
"82.83.62.103";"DE";9.000000;51.000000;"AS3209 Vodafone GmbH";"mlab3-ham01";0.019568;1700676.217934;"0.004012999";"linux2";"80.239.142.238";"bittorrent";1340020549;109880.675838;-1.000000;"e7b78883-6949-44d7-bffa-646118b01e16";3209;"";"";13;6;2012;0;18;"20120618"
"62.156.232.10";"DE";9.000000;51.000000;"AS3320 Deutsche Telekom AG";"mlab3-ham01";0.014296;199687.691404;"0.004012999";"win32";"80.239.142.238";"speedtest";1340020564;511640.123526;0.018562;"83f9ba8d-8067-4f2a-8263-4ffb47c33144";3320;"";"";13;6;2012;0;18;"20120618"
"77.21.138.42";"DE";9.715300;52.342500;"AS31334 Kabel Deutschland Vertrieb und Service GmbH";"mlab3-ham01";0.021763;2084674.732410;"0.004012999";"darwin";"80.239.142.238";"speedtest";1340020881;711543.801739;0.021340;"e28849dc-5e1b-4b79-a681-712c312f5816";31334;"06";"Hanover";14;6;2012;0;18;"20120618"
"87.179.66.249";"DE";11.033300;50.983300;"AS3320 Deutsche Telekom AG";"mlab3-ham01";0.016947;1697624.677800;"0.004011999";"linux2";"80.239.142.238";"speedtest";1340020988;120247.756135;0.020476;"0575caf1-8a3d-4ae0-8b6e-5caaddb74121";3320;"15";"Erfurt";14;6;2012;0;18;"20120618"
"84.158.46.111";"DE";8.416700;48.433300;"AS3320 Deutsche Telekom AG";"mlab3-ham01";0.059430;652128.034113;"0.004012999";"darwin";"80.239.142.238";"speedtest";1340021091;66617.498801;0.062849;"72dec868-fef9-4d06-9cad-b6b2dff41285";3320;"01";"Freudenstadt";14;6;2012;0;18;"20120618"
"92.77.246.228";"DE";10.000000;53.550000;"AS3209 Vodafone GmbH";"mlab3-ham01";0.029555;1636836.332580;"0.004012999";"win32";"80.239.142.238";"speedtest";1340021743;80441.181039;0.020610;"35cb00ec-8dd5-4c10-b6d8-af0ca91cadc2";3209;"04";"Hamburg";14;6;2012;0;18;"20120618"
"79.203.86.53";"DE";11.583300;48.150000;"AS3320 Deutsche Telekom AG";"mlab3-ham01";0.025969;1374053.632488;"0.004012999";"darwin";"80.239.142.238";"bittorrent";1340021155;117312.156532;-1.000000;"0445411f-1a91-486e-aa99-34aa63e4af95";3320;"02";"Munich";14;6;2012;0;18;"20120618"
"46.115.25.230";"DE";9.000000;51.000000;"AS12638 E-Plus Mobilfunk GmbH & Co. KG";"mlab3-ham01";0.188567;220568.635292;"0.004012999";"darwin";"80.239.142.238";"speedtest";1340021163;20570.479620;0.433280;"4baef5fd-7f85-41c9-b289-0d4d24e485da";12638;"";"";14;6;2012;0;18;"20120618"
"46.223.18.206";"DE";8.385800;49.004700;"AS29562 Kabel BW GmbH";"mlab3-ham01";0.031435;1229231.037140;"0.004012999";"win32";"80.239.142.238";"speedtest";1340021164;311497.521890;0.043410;"62a0c3ba-8531-44c5-b8a3-ca82d00981cd";29562;"01";"Karlsruhe";14;6;2012;0;18;"20120618"
"77.3.250.96";"DE";8.833300;47.766700;"AS6805 Telefonica Germany GmbH & Co.OHG";"mlab3-ham01";0.036954;1480649.148820;"0.004012999";"darwin";"80.239.142.238";"speedtest";1340021259;114396.335689;0.040671;"7f6dfa2b-14ff-4d0d-8b49-2d9db3f1749a";6805;"01";"Singen";14;6;2012;0;18;"20120618"
"78.54.81.245";"DE";9.935300;53.550300;"AS13184 Telefonica Germany GmbH & Co.OHG";"mlab3-ham01";0.025811;634801.030663;"0.004012999";"darwin";"80.239.142.238";"speedtest";1340021437;79074.676671;0.029490;"6875689a-fe8f-4f49-a0c9-e1f77ed45792";13184;"04";"Hamburg";14;6;2012;0;18;"20120618"
"141.23.78.212";"DE";13.400000;52.516700;"AS680 Verein zur Foerderung eines Deutschen Forschungsnetzes e.V.";"mlab3-ham01";0.011252;2053932.009610;"0.004012999";"win32";"80.239.142.238";"bittorrent";1340021559;1993433.348719;-1.000000;"e41d9ff4-7130-4221-98c3-80b15c14f890";680;"16";"Berlin";14;6;2012;0;18;"20120618"
"92.195.115.156";"DE";11.033300;50.983300;"AS20676 QSC AG";"mlab3-ham01";0.293875;11170.092610;"0.004012999";"darwin";"80.239.142.238";"speedtest";1340021615;37850.334138;0.325396;"81014317-071d-48ad-b6b8-adca554fbdf6";20676;"15";"Erfurt";14;6;2012;0;18;"20120618"
"93.203.195.87";"DE";11.583300;48.150000;"AS3320 Deutsche Telekom AG";"mlab3-ham01";0.045444;4391234.888080;"0.004011999";"win32";"80.239.142.238";"speedtest";1340021880;983825.144589;0.036202;"627b8c63-1d61-4f22-9e44-28d71cc70e2e";3320;"02";"Munich";14;6;2012;0;18;"20120618"
"92.224.186.239";"DE";7.450000;51.516700;"AS13184 Telefonica Germany GmbH & Co.OHG";"mlab3-ham01";0.053272;895861.149226;"0.004012999";"linux2";"80.239.142.238";"speedtest";1340021890;115470.806606;0.055120;"4461622b-002e-4033-b06e-34562c12f1f2";13184;"07";"Dortmund";14;6;2012;0;18;"20120618"
"188.106.104.255";"DE";13.400000;52.516700;"AS3209 Vodafone GmbH";"mlab3-ham01";0.026963;699672.498877;"0.004012999";"linux2";"80.239.142.238";"bittorrent";1340021983;74124.345659;-1.000000;"4e602ea1-9da3-4e76-b31a-2792cc73d69c";3209;"16";"Berlin";14;6;2012;0;18;"20120618"
"62.156.232.10";"DE";9.000000;51.000000;"AS3320 Deutsche Telekom AG";"mlab3-ham01";0.018794;508794.070593;"0.004012999";"win32";"80.239.142.238";"bittorrent";1340022078;510801.656237;-1.000000;"83f9ba8d-8067-4f2a-8263-4ffb47c33144";3320;"";"";14;6;2012;0;18;"20120618"
"82.83.62.103";"DE";9.000000;51.000000;"AS3209 Vodafone GmbH";"mlab3-ham01";0.019627;1070883.337290;"0.004012999";"linux2";"80.239.142.238";"speedtest";1340022134;80041.607283;0.022412;"e7b78883-6949-44d7-bffa-646118b01e16";3209;"";"";14;6;2012;0;18;"20120618"
"188.101.90.244";"DE";7.439400;51.380100;"AS3209 Vodafone GmbH";"mlab3-ham01";0.018162;514306.584101;"0.004012999";"linux2";"80.239.142.238";"bittorrent";1340022270;76764.104372;-1.000000;"1ff4cb94-d263-4238-8a05-89a9dd938d1c";3209;"07";"Hagen";14;6;2012;0;18;"20120618"
"87.143.16.198";"DE";11.100000;51.150000;"AS3320 Deutsche Telekom AG";"mlab3-ham01";0.032429;1329180.223076;"0.004012999";"darwin";"80.239.142.238";"bittorrent";1340022361;93369.011121;-1.000000;"95120f16-54c4-4444-b2d8-e87391844949";3320;"15";"Sömmerda";14;6;2012;0;18;"20120618"
"92.77.246.228";"DE";10.000000;53.550000;"AS3209 Vodafone GmbH";"mlab3-ham01";0.027544;1749441.568298;"0.004012999";"win32";"80.239.142.238";"bittorrent";1340022522;95405.742553;-1.000000;"35cb00ec-8dd5-4c10-b6d8-af0ca91cadc2";3209;"04";"Hamburg";14;6;2012;0;18;"20120618"
"46.223.18.206";"DE";8.385800;49.004700;"AS29562 Kabel BW GmbH";"mlab3-ham01";0.032247;1336430.251336;"0.004012999";"win32";"80.239.142.238";"bittorrent";1340022566;314109.427149;-1.000000;"62a0c3ba-8531-44c5-b8a3-ca82d00981cd";29562;"01";"Karlsruhe";14;6;2012;0;18;"20120618"
"46.115.25.230";"DE";9.000000;51.000000;"AS12638 E-Plus Mobilfunk GmbH & Co. KG";"mlab3-ham01";0.332710;192058.085354;"0.004012999";"darwin";"80.239.142.238";"bittorrent";1340022600;43358.608348;-1.000000;"4baef5fd-7f85-41c9-b289-0d4d24e485da";12638;"";"";14;6;2012;0;18;"20120618"
"93.206.233.146";"DE";8.283300;53.400000;"AS3320 Deutsche Telekom AG";"mlab3-ham01";0.030413;5579653.959495;"0.004011999";"win32";"80.239.142.238";"bittorrent";1340022679;1162938.220603;-1.000000;"540af2e6-2c0b-4173-a8ac-fd971d1b6fcb";3320;"06";"Jade";14;6;2012;0;18;"20120618"
"87.178.168.159";"DE";8.250000;48.750000;"AS3320 Deutsche Telekom AG";"mlab3-ham01";0.070508;125515.280865;"0.004006999";"linux2";"80.239.142.238";"bittorrent";1340022683;16728.478258;-1.000000;"9d4a5d58-7055-46b1-9654-2de83fb0932f";3320;"01";"Baden-baden";14;6;2012;0;18;"20120618"
"188.107.5.72";"DE";8.450000;50.133300;"AS3209 Vodafone GmbH";"mlab3-ham01";0.022978;128345.276973;"0.004012999";"win32";"80.239.142.238";"bittorrent";1340022934;14657.753563;-1.000000;"8d185344-90ee-417c-b236-5d9f35178efb";3209;"05";"Kelkheim";14;6;2012;0;18;"20120618"
"87.178.105.210";"DE";11.833300;48.083300;"AS3320 Deutsche Telekom AG";"mlab3-ham01";0.057769;700071.406626;"0.004012999";"darwin";"80.239.142.238";"bittorrent";1340023123;65254.118655;-1.000000;"f3523021-8b10-4afd-9dda-2ac916ad4c9a";3320;"02";"Zorneding";14;6;2012;0;18;"20120618"
"217.225.248.89";"DE";13.400000;52.516700;"AS3320 Deutsche Telekom AG";"mlab3-ham01";0.012879;1744297.916819;"0.004012999";"darwin";"80.239.142.238";"bittorrent";1340023173;124435.515267;-1.000000;"b2df2747-03e6-4404-a510-841b2f7a2b4f";3320;"16";"Berlin";14;6;2012;0;18;"20120618"
"134.147.162.194";"DE";7.216700;51.483300;"AS29484 Ruhr-Universitaet Bochum";"mlab3-ham01";0.007414;30498445.758400;"0.004012999";"darwin";"80.239.142.238";"speedtest";1340023250;16904231.709800;0.009087;"ec6cb0ee-2f10-446c-8f6c-d529280e7e5d";29484;"07";"Bochum";14;6;2012;0;18;"20120618"
"93.203.195.87";"DE";11.583300;48.150000;"AS3320 Deutsche Telekom AG";"mlab3-ham01";0.042990;5237261.701191;"0.004011999";"win32";"80.239.142.238";"bittorrent";1340023348;1005045.586279;-1.000000;"627b8c63-1d61-4f22-9e44-28d71cc70e2e";3320;"02";"Munich";14;6;2012;0;18;"20120618"
"93.220.49.47";"DE";13.400000;52.516700;"AS3320 Deutsche Telekom AG";"mlab3-ham01";0.035797;1676447.732680;"0.004012999";"win32";"80.239.142.238";"speedtest";1340023369;713547.944865;0.031239;"8ac1e576-29fc-4381-9927-cecba6229ca7";3320;"16";"Berlin";14;6;2012;0;18;"20120618"
"95.89.147.151";"DE";7.364900;49.249000;"AS31334 Kabel Deutschland Vertrieb und Service GmbH";"mlab3-ham01";0.031012;8896029.140190;"0.004012999";"win32";"80.239.142.238";"speedtest";1340023444;750579.403469;0.029672;"6016980c-587e-4542-a75f-35eac912aa21";31334;"08";"Zweibrücken";14;6;2012;0;18;"20120618"
"94.219.178.130";"DE";8.647500;49.955300;"AS3209 Vodafone GmbH";"mlab3-ham01";0.015874;1310839.805338;"0.004012999";"darwin";"80.239.142.238";"bittorrent";1340023482;113828.359474;-1.000000;"81629ab0-96cf-48a2-bdd6-429233ae5325";3209;"05";"Erzhausen";14;6;2012;0;18;"20120618"
"91.35.33.88";"DE";9.433300;54.783300;"AS3320 Deutsche Telekom AG";"mlab3-ham01";0.012299;1492394.080590;"0.004012999";"win32";"80.239.142.238";"speedtest";1340023493;78128.783521;0.016068;"71ef70e0-ac7c-408a-99b6-991bcb0563bb";3320;"10";"Flensburg";14;6;2012;0;18;"20120618"
"92.200.7.193";"DE";9.700900;48.694400;"AS20676 QSC AG";"mlab3-ham01";0.037788;1069268.592920;"0.004012999";"darwin";"80.239.142.238";"speedtest";1340023572;94929.720798;0.043052;"2ae1a06d-85e1-4e7e-9214-10e08a3a30ab";20676;"01";"Eislingen";14;6;2012;0;18;"20120618"
"62.156.232.10";"DE";9.000000;51.000000;"AS3320 Deutsche Telekom AG";"mlab3-ham01";0.013664;473343.651592;"0.004012999";"win32";"80.239.142.238";"speedtest";1340023592;483066.659204;0.022571;"83f9ba8d-8067-4f2a-8263-4ffb47c33144";3320;"";"";14;6;2012;0;18;"20120618"
"82.83.62.103";"DE";9.000000;51.000000;"AS3209 Vodafone GmbH";"mlab3-ham01";0.027587;1546959.631058;"0.004012999";"linux2";"80.239.142.238";"bittorrent";1340023722;115942.067529;-1.000000;"e7b78883-6949-44d7-bffa-646118b01e16";3209;"";"";14;6;2012;0;18;"20120618"
"87.79.35.60";"DE";9.000000;51.000000;"AS8422 NetCologne GmbH";"mlab3-ham01";0.012291;2283813.791360;"0.004012999";"linux2";"80.239.142.238";"speedtest";1340023936;794289.225761;0.012925;"13446eb4-e4e6-422f-b8d8-566f1064957c";8422;"";"";14;6;2012;0;18;"20120618"
"93.206.233.146";"DE";8.283300;53.400000;"AS3320 Deutsche Telekom AG";"mlab3-ham01";0.021064;5649647.944080;"0.004011999";"win32";"80.239.142.238";"speedtest";1340024139;1143678.249530;0.021572;"540af2e6-2c0b-4173-a8ac-fd971d1b6fcb";3320;"06";"Jade";14;6;2012;0;18;"20120618"
"87.178.168.159";"DE";8.250000;48.750000;"AS3320 Deutsche Telekom AG";"mlab3-ham01";0.071963;103025.612407;"0.004006999";"linux2";"80.239.142.238";"speedtest";1340024308;14540.358875;0.083171;"9d4a5d58-7055-46b1-9654-2de83fb0932f";3320;"01";"Baden-baden";14;6;2012;0;18;"20120618"
"141.23.78.212";"DE";13.400000;52.516700;"AS680 Verein zur Foerderung eines Deutschen Forschungsnetzes e.V.";"mlab3-ham01";0.008907;2449989.851188;"0.004012999";"win32";"80.239.142.238";"bittorrent";1340024362;2490907.848815;-1.000000;"e41d9ff4-7130-4221-98c3-80b15c14f890";680;"16";"Berlin";14;6;2012;0;18;"20120618"
"77.3.250.96";"DE";8.833300;47.766700;"AS6805 Telefonica Germany GmbH & Co.OHG";"mlab3-ham01";0.036419;1334494.245660;"0.004012999";"darwin";"80.239.142.238";"speedtest";1340024376;114789.098005;0.039552;"7f6dfa2b-14ff-4d0d-8b49-2d9db3f1749a";6805;"01";"Singen";14;6;2012;0;18;"20120618"
"188.107.5.72";"DE";8.450000;50.133300;"AS3209 Vodafone GmbH";"mlab3-ham01";0.022682;121327.724474;"0.004012999";"win32";"80.239.142.238";"speedtest";1340024393;14917.843755;0.038316;"8d185344-90ee-417c-b236-5d9f35178efb";3209;"05";"Kelkheim";14;6;2012;0;18;"20120618"
"217.225.248.89";"DE";13.400000;52.516700;"AS3320 Deutsche Telekom AG";"mlab3-ham01";0.033404;1590724.380480;"0.004012999";"darwin";"80.239.142.238";"speedtest";1340024783;123909.801868;0.018354;"b2df2747-03e6-4404-a510-841b2f7a2b4f";3320;"16";"Berlin";15;6;2012;0;18;"20120618"
"94.219.178.130";"DE";8.647500;49.955300;"AS3209 Vodafone GmbH";"mlab3-ham01";0.015275;1396384.494280;"0.004012999";"darwin";"80.239.142.238";"speedtest";1340024894;97531.510061;0.018721;"81629ab0-96cf-48a2-bdd6-429233ae5325";3209;"05";"Erzhausen";15;6;2012;0;18;"20120618"
"188.106.104.255";"DE";13.400000;52.516700;"AS3209 Vodafone GmbH";"mlab3-ham01";0.028954;730699.311938;"0.004012999";"linux2";"80.239.142.238";"bittorrent";1340024985;73953.585151;-1.000000;"4e602ea1-9da3-4e76-b31a-2792cc73d69c";3209;"16";"Berlin";15;6;2012;0;18;"20120618"
"91.35.33.88";"DE";9.433300;54.783300;"AS3320 Deutsche Telekom AG";"mlab3-ham01";0.011525;1509231.122237;"0.004012999";"win32";"80.239.142.238";"bittorrent";1340025068;77765.271647;-1.000000;"71ef70e0-ac7c-408a-99b6-991bcb0563bb";3320;"10";"Flensburg";15;6;2012;0;18;"20120618"
"92.200.7.193";"DE";9.700900;48.694400;"AS20676 QSC AG";"mlab3-ham01";0.040258;1218259.087610;"0.004012999";"darwin";"80.239.142.238";"bittorrent";1340025126;104865.335069;-1.000000;"2ae1a06d-85e1-4e7e-9214-10e08a3a30ab";20676;"01";"Eislingen";15;6;2012;0;18;"20120618"
"87.143.16.198";"DE";11.100000;51.150000;"AS3320 Deutsche Telekom AG";"mlab3-ham01";0.033101;1099852.646958;"0.004012999";"darwin";"80.239.142.238";"bittorrent";1340025252;91817.590429;-1.000000;"95120f16-54c4-4444-b2d8-e87391844949";3320;"15";"Sömmerda";15;6;2012;0;18;"20120618"
"178.13.177.34";"DE";9.000000;51.000000;"AS3209 Vodafone GmbH";"mlab3-ham01";0.066786;823238.244133;"0.004005999";"linux2";"80.239.142.238";"bittorrent";1340025255;106018.574704;-1.000000;"d80ec3cc-e940-4362-bb5a-c2bf17a6fd0d";3209;"";"";15;6;2012;0;18;"20120618"
"87.179.66.249";"DE";11.033300;50.983300;"AS3320 Deutsche Telekom AG";"mlab3-ham01";0.016855;1652322.313907;"0.004011999";"linux2";"80.239.142.238";"bittorrent";1340025296;120887.693828;-1.000000;"0575caf1-8a3d-4ae0-8b6e-5caaddb74121";3320;"15";"Erfurt";15;6;2012;0;18;"20120618"
"77.21.138.42";"DE";9.715300;52.342500;"AS31334 Kabel Deutschland Vertrieb und Service GmbH";"mlab3-ham01";0.018393;2179321.067305;"0.004012999";"darwin";"80.239.142.238";"bittorrent";1340025325;510790.523699;-1.000000;"e28849dc-5e1b-4b79-a681-712c312f5816";31334;"06";"Hanover";15;6;2012;0;18;"20120618"
"46.115.25.230";"DE";9.000000;51.000000;"AS12638 E-Plus Mobilfunk GmbH & Co. KG";"mlab3-ham01";0.275452;123988.657387;"0.004012999";"darwin";"80.239.142.238";"bittorrent";1340025451;37904.233578;-1.000000;"4baef5fd-7f85-41c9-b289-0d4d24e485da";12638;"";"";15;6;2012;0;18;"20120618"
"188.101.90.244";"DE";7.439400;51.380100;"AS3209 Vodafone GmbH";"mlab3-ham01";0.023288;188985.489678;"0.004012999";"linux2";"80.239.142.238";"bittorrent";1340025526;76975.106328;-1.000000;"1ff4cb94-d263-4238-8a05-89a9dd938d1c";3209;"07";"Hagen";15;6;2012;0;18;"20120618"
"93.206.233.146";"DE";8.283300;53.400000;"AS3320 Deutsche Telekom AG";"mlab3-ham01";0.069053;5772866.137854;"0.004011999";"win32";"80.239.142.238";"bittorrent";1340025604;1153999.345710;-1.000000;"540af2e6-2c0b-4173-a8ac-fd971d1b6fcb";3320;"06";"Jade";15;6;2012;0;18;"20120618"
"141.89.226.149";"DE";13.066700;52.400000;"AS680 Verein zur Foerderung eines Deutschen Forschungsnetzes e.V.";"mlab3-ham01";0.007396;2617657.058185;"0.004012999";"linux2";"80.239.142.238";"bittorrent";1340025690;2799323.919160;-1.000000;"853327e0-d084-49a5-a5df-81d9281ed740";680;"11";"Potsdam";15;6;2012;0;18;"20120618"
"188.107.5.72";"DE";8.450000;50.133300;"AS3209 Vodafone GmbH";"mlab3-ham01";0.023316;130764.854858;"0.004012999";"win32";"80.239.142.238";"bittorrent";1340025867;7457.184556;-1.000000;"8d185344-90ee-417c-b236-5d9f35178efb";3209;"05";"Kelkheim";15;6;2012;0;18;"20120618"
"79.203.86.53";"DE";11.583300;48.150000;"AS3320 Deutsche Telekom AG";"mlab3-ham01";0.025034;1330481.636480;"0.004012999";"darwin";"80.239.142.238";"speedtest";1340025902;119452.590445;0.027665;"0445411f-1a91-486e-aa99-34aa63e4af95";3320;"02";"Munich";15;6;2012;0;18;"20120618"
"77.12.203.52";"DE";13.400000;52.516700;"AS6805 Telefonica Germany GmbH & Co.OHG";"mlab3-ham01";0.456959;339759.112133;"0.004012999";"darwin";"80.239.142.238";"bittorrent";1340026106;66438.686337;-1.000000;"58702c42-fe45-49c2-94a4-4df8118774bb";6805;"16";"Berlin";15;6;2012;0;18;"20120618"
"188.106.104.255";"DE";13.400000;52.516700;"AS3209 Vodafone GmbH";"mlab3-ham01";0.028479;704797.490573;"0.004012999";"linux2";"80.239.142.238";"speedtest";1340026486;62285.804502;0.031390;"4e602ea1-9da3-4e76-b31a-2792cc73d69c";3209;"16";"Berlin";15;6;2012;0;18;"20120618"
"91.35.33.88";"DE";9.433300;54.783300;"AS3320 Deutsche Telekom AG";"mlab3-ham01";0.012280;1377340.806900;"0.004012999";"win32";"80.239.142.238";"speedtest";1340026597;77728.804888;0.016065;"71ef70e0-ac7c-408a-99b6-991bcb0563bb";3320;"10";"Flensburg";15;6;2012;0;18;"20120618"
"46.223.18.206";"DE";8.385800;49.004700;"AS29562 Kabel BW GmbH";"mlab3-ham01";0.032021;1708888.609790;"0.004012999";"win32";"80.239.142.238";"speedtest";1340026762;310908.844844;0.034251;"62a0c3ba-8531-44c5-b8a3-ca82d00981cd";29562;"01";"Karlsruhe";15;6;2012;0;18;"20120618"
"82.83.62.103";"DE";9.000000;51.000000;"AS3209 Vodafone GmbH";"mlab3-ham01";0.032487;609667.205473;"0.004012999";"linux2";"80.239.142.238";"bittorrent";1340026898;110614.640979;-1.000000;"e7b78883-6949-44d7-bffa-646118b01e16";3209;"";"";15;6;2012;0;18;"20120618"
"93.206.233.146";"DE";8.283300;53.400000;"AS3320 Deutsche Telekom AG";"mlab3-ham01";0.022267;5647048.134600;"0.004011999";"win32";"80.239.142.238";"speedtest";1340027066;1143380.308370;0.027096;"540af2e6-2c0b-4173-a8ac-fd971d1b6fcb";3320;"06";"Jade";15;6;2012;0;18;"20120618"
"87.169.236.230";"DE";13.400000;52.516700;"AS3320 Deutsche Telekom AG";"mlab3-ham01";0.024782;5552909.218027;"0.004012999";"darwin";"80.239.142.238";"bittorrent";1340027167;1048425.976798;-1.000000;"f7e74337-5111-4d6a-a11a-2ef4a0c4db50";3320;"16";"Berlin";15;6;2012;0;18;"20120618"
"141.89.226.149";"DE";13.066700;52.400000;"AS680 Verein zur Foerderung eines Deutschen Forschungsnetzes e.V.";"mlab3-ham01";0.007369;2454524.279350;"0.004012999";"linux2";"80.239.142.238";"speedtest";1340027213;2863744.797400;0.008608;"853327e0-d084-49a5-a5df-81d9281ed740";680;"11";"Potsdam";15;6;2012;0;18;"20120618"
"84.151.239.50";"DE";6.950000;50.933300;"AS3320 Deutsche Telekom AG";"mlab3-ham01";0.029152;4220354.678930;"0.004012999";"win32";"80.239.142.238";"speedtest";1340027484;1153624.667280;0.029809;"9eff3e01-317a-4ea6-9b53-70ceaef409e3";3320;"07";"Köln";15;6;2012;0;18;"20120618"
"79.203.86.53";"DE";11.583300;48.150000;"AS3320 Deutsche Telekom AG";"mlab3-ham01";0.025195;1374348.018501;"0.004012999";"darwin";"80.239.142.238";"bittorrent";1340027486;122738.247055;-1.000000;"0445411f-1a91-486e-aa99-34aa63e4af95";3320;"02";"Munich";15;6;2012;0;18;"20120618"
"95.89.147.151";"DE";7.364900;49.249000;"AS31334 Kabel Deutschland Vertrieb und Service GmbH";"mlab3-ham01";0.027174;6256946.373191;"0.004012999";"win32";"80.239.142.238";"bittorrent";1340027699;733367.881868;-1.000000;"6016980c-587e-4542-a75f-35eac912aa21";31334;"08";"Zweibrücken";15;6;2012;0;18;"20120618"
"94.219.178.130";"DE";8.647500;49.955300;"AS3209 Vodafone GmbH";"mlab3-ham01";0.015640;1380952.952800;"0.004012999";"darwin";"80.239.142.238";"speedtest";1340027722;97547.903332;0.019072;"81629ab0-96cf-48a2-bdd6-429233ae5325";3209;"05";"Erzhausen";15;6;2012;0;18;"20120618"
"87.143.16.198";"DE";11.100000;51.150000;"AS3320 Deutsche Telekom AG";"mlab3-ham01";0.033855;1253953.200038;"0.004012999";"darwin";"80.239.142.238";"bittorrent";1340028140;93397.944705;-1.000000;"95120f16-54c4-4444-b2d8-e87391844949";3320;"15";"Sömmerda";16;6;2012;0;18;"20120618"
"92.77.246.228";"DE";10.000000;53.550000;"AS3209 Vodafone GmbH";"mlab3-ham01";0.027251;1378687.392852;"0.004012999";"win32";"80.239.142.238";"bittorrent";1340028159;95133.755366;-1.000000;"35cb00ec-8dd5-4c10-b6d8-af0ca91cadc2";3209;"04";"Hamburg";16;6;2012;0;18;"20120618"
"46.115.25.230";"DE";9.000000;51.000000;"AS12638 E-Plus Mobilfunk GmbH & Co. KG";"mlab3-ham01";0.438355;61067.912281;"0.004012999";"darwin";"80.239.142.238";"bittorrent";1340028293;42086.915961;-1.000000;"4baef5fd-7f85-41c9-b289-0d4d24e485da";12638;"";"";16;6;2012;0;18;"20120618"
"134.147.162.194";"DE";7.216700;51.483300;"AS29484 Ruhr-Universitaet Bochum";"mlab3-ham01";0.007557;49446695.099384;"0.004012999";"darwin";"80.239.142.238";"bittorrent";1340028348;17238180.178775;-1.000000;"ec6cb0ee-2f10-446c-8f6c-d529280e7e5d";29484;"07";"Bochum";16;6;2012;0;18;"20120618"
"82.83.62.103";"DE";9.000000;51.000000;"AS3209 Vodafone GmbH";"mlab3-ham01";0.020048;1481226.950060;"0.004012999";"linux2";"80.239.142.238";"speedtest";1340028479;110913.022661;0.022407;"e7b78883-6949-44d7-bffa-646118b01e16";3209;"";"";16;6;2012;0;18;"20120618"
"77.23.61.29";"DE";9.000000;51.000000;"AS31334 Kabel Deutschland Vertrieb und Service GmbH";"mlab3-ham01";0.024902;2212538.612343;"0.004012999";"win32";"80.239.142.238";"bittorrent";1340028657;55086.217395;-1.000000;"898e2e06-ef2e-44fb-aafd-ae145f8e32af";31334;"";"";16;6;2012;0;18;"20120618"
"141.23.78.212";"DE";13.400000;52.516700;"AS680 Verein zur Foerderung eines Deutschen Forschungsnetzes e.V.";"mlab3-ham01";0.027147;705771.251828;"0.004012999";"win32";"80.239.142.238";"speedtest";1340028755;1126764.149820;0.027613;"e41d9ff4-7130-4221-98c3-80b15c14f890";680;"16";"Berlin";16;6;2012;0;18;"20120618"
"188.107.5.72";"DE";8.450000;50.133300;"AS3209 Vodafone GmbH";"mlab3-ham01";0.024390;127732.148187;"0.004012999";"win32";"80.239.142.238";"bittorrent";1340028798;5249.304644;-1.000000;"8d185344-90ee-417c-b236-5d9f35178efb";3209;"05";"Kelkheim";16;6;2012;0;18;"20120618"
"77.3.250.96";"DE";8.833300;47.766700;"AS6805 Telefonica Germany GmbH & Co.OHG";"mlab3-ham01";0.035925;1572963.709237;"0.004012999";"darwin";"80.239.142.238";"bittorrent";1340029093;120549.139961;-1.000000;"7f6dfa2b-14ff-4d0d-8b49-2d9db3f1749a";6805;"01";"Singen";16;6;2012;0;18;"20120618"
"95.89.147.151";"DE";7.364900;49.249000;"AS31334 Kabel Deutschland Vertrieb und Service GmbH";"mlab3-ham01";0.028305;8173444.625560;"0.004012999";"win32";"80.239.142.238";"speedtest";1340029126;636309.093189;0.029834;"6016980c-587e-4542-a75f-35eac912aa21";31334;"08";"Zweibrücken";16;6;2012;0;18;"20120618"
"93.203.195.87";"DE";11.583300;48.150000;"AS3320 Deutsche Telekom AG";"mlab3-ham01";0.045147;4306811.768354;"0.004011999";"win32";"80.239.142.238";"bittorrent";1340029233;982135.962398;-1.000000;"627b8c63-1d61-4f22-9e44-28d71cc70e2e";3320;"02";"Munich";16;6;2012;0;18;"20120618"
"93.220.49.47";"DE";13.400000;52.516700;"AS3320 Deutsche Telekom AG";"mlab3-ham01";0.024032;2643681.293520;"0.004012999";"win32";"80.239.142.238";"speedtest";1340029247;1138783.384800;0.025145;"8ac1e576-29fc-4381-9927-cecba6229ca7";3320;"16";"Berlin";16;6;2012;0;18;"20120618"
"79.242.208.61";"DE";9.000000;51.000000;"AS3320 Deutsche Telekom AG";"mlab3-ham01";0.023352;1341040.430756;"0.004012999";"win32";"80.239.142.238";"bittorrent";1340029497;117570.958177;-1.000000;"5d339a24-8369-4b94-9c59-021adecef5a6";3320;"";"";16;6;2012;0;18;"20120618"
"178.13.177.34";"DE";9.000000;51.000000;"AS3209 Vodafone GmbH";"mlab3-ham01";0.094823;795439.295957;"0.004005999";"linux2";"80.239.142.238";"speedtest";1340029513;129985.235414;0.076990;"d80ec3cc-e940-4362-bb5a-c2bf17a6fd0d";3209;"";"";16;6;2012;0;18;"20120618"
"92.224.186.239";"DE";7.450000;51.516700;"AS13184 Telefonica Germany GmbH & Co.OHG";"mlab3-ham01";0.052419;991730.471704;"0.004012999";"linux2";"80.239.142.238";"bittorrent";1340029520;112802.986439;-1.000000;"4461622b-002e-4033-b06e-34562c12f1f2";13184;"07";"Dortmund";16;6;2012;0;18;"20120618"
"46.223.18.206";"DE";8.385800;49.004700;"AS29562 Kabel BW GmbH";"mlab3-ham01";0.031925;1744265.235660;"0.004012999";"win32";"80.239.142.238";"speedtest";1340029562;311874.750132;0.034342;"62a0c3ba-8531-44c5-b8a3-ca82d00981cd";29562;"01";"Karlsruhe";16;6;2012;0;18;"20120618"
"92.77.246.228";"DE";10.000000;53.550000;"AS3209 Vodafone GmbH";"mlab3-ham01";0.028314;1662748.497250;"0.004012999";"win32";"80.239.142.238";"speedtest";1340030214;96309.501132;0.020006;"35cb00ec-8dd5-4c10-b6d8-af0ca91cadc2";3209;"04";"Hamburg";16;6;2012;0;18;"20120618"
"87.143.16.198";"DE";11.100000;51.150000;"AS3320 Deutsche Telekom AG";"mlab3-ham01";0.033822;1288205.883250;"0.004012999";"darwin";"80.239.142.238";"speedtest";1340029583;92742.538165;0.036271;"95120f16-54c4-4444-b2d8-e87391844949";3320;"15";"Sömmerda";16;6;2012;0;18;"20120618"
"87.179.66.249";"DE";11.033300;50.983300;"AS3320 Deutsche Telekom AG";"mlab3-ham01";0.017076;1727769.869860;"0.004011999";"linux2";"80.239.142.238";"speedtest";1340029587;121181.264992;0.020130;"0575caf1-8a3d-4ae0-8b6e-5caaddb74121";3320;"15";"Erfurt";16;6;2012;0;18;"20120618"
"91.35.33.88";"DE";9.433300;54.783300;"AS3320 Deutsche Telekom AG";"mlab3-ham01";0.011904;1364052.760270;"0.004012999";"win32";"80.239.142.238";"speedtest";1340029701;77270.398341;0.015738;"71ef70e0-ac7c-408a-99b6-991bcb0563bb";3320;"10";"Flensburg";16;6;2012;0;18;"20120618"
"217.16.163.156";"DE";12.000000;51.366700;"AS35515 EVH GmbH";"mlab3-ham01";0.034258;228552.477418;"0.004012999";"linux2";"80.239.142.238";"speedtest";1340029758;152819.642342;0.035886;"5f387d5d-8687-4aab-81d1-a234c3553052";35515;"14";"Merseburg";16;6;2012;0;18;"20120618"
"77.21.138.42";"DE";9.715300;52.342500;"AS31334 Kabel Deutschland Vertrieb und Service GmbH";"mlab3-ham01";0.018444;2198608.934430;"0.004012999";"darwin";"80.239.142.238";"speedtest";1340029761;746460.716714;0.023358;"e28849dc-5e1b-4b79-a681-712c312f5816";31334;"06";"Hanover";16;6;2012;0;18;"20120618"
"87.234.208.19";"DE";9.000000;51.000000;"AS20676 QSC AG";"mlab3-ham01";0.035801;307317.829669;"0.004012999";"linux2";"80.239.142.238";"bittorrent";1340030024;206213.445375;-1.000000;"758cc354-ac16-4a47-90b8-16db3465444a";20676;"";"";16;6;2012;0;18;"20120618"
"77.23.61.29";"DE";9.000000;51.000000;"AS31334 Kabel Deutschland Vertrieb und Service GmbH";"mlab3-ham01";0.025140;2401734.412310;"0.004012999";"win32";"80.239.142.238";"speedtest";1340030109;58066.780417;0.025774;"898e2e06-ef2e-44fb-aafd-ae145f8e32af";31334;"";"";16;6;2012;0;18;"20120618"
"188.107.5.72";"DE";8.450000;50.133300;"AS3209 Vodafone GmbH";"mlab3-ham01";0.022776;117834.184027;"0.004012999";"win32";"80.239.142.238";"speedtest";1340030257;14579.366929;0.037835;"8d185344-90ee-417c-b236-5d9f35178efb";3209;"05";"Kelkheim";16;6;2012;0;18;"20120618"
"84.158.46.111";"DE";8.416700;48.433300;"AS3320 Deutsche Telekom AG";"mlab3-ham01";0.062351;311745.851035;"0.004012999";"darwin";"80.239.142.238";"speedtest";1340030379;58028.368907;0.066596;"72dec868-fef9-4d06-9cad-b6b2dff41285";3320;"01";"Freudenstadt";16;6;2012;0;18;"20120618"
"95.89.147.151";"DE";7.364900;49.249000;"AS31334 Kabel Deutschland Vertrieb und Service GmbH";"mlab3-ham01";0.027238;8155372.925076;"0.004012999";"win32";"80.239.142.238";"bittorrent";1340030538;746944.387075;-1.000000;"6016980c-587e-4542-a75f-35eac912aa21";31334;"08";"Zweibrücken";16;6;2012;0;18;"20120618"
"77.12.203.52";"DE";13.400000;52.516700;"AS6805 Telefonica Germany GmbH & Co.OHG";"mlab3-ham01";0.058415;1018988.383020;"0.004012999";"darwin";"80.239.142.238";"speedtest";1340030603;94241.452716;0.061157;"58702c42-fe45-49c2-94a4-4df8118774bb";6805;"16";"Berlin";16;6;2012;0;18;"20120618"
"91.61.73.174";"DE";13.400000;52.516700;"AS3320 Deutsche Telekom AG";"mlab3-ham01";0.032973;1693255.769209;"0.004012999";"darwin";"80.239.142.238";"bittorrent";1340030603;932450.268145;-1.000000;"f3adc558-a824-40b0-b105-5a7c00397169";3320;"16";"Berlin";16;6;2012;0;18;"20120618"
"84.151.239.50";"DE";6.950000;50.933300;"AS3320 Deutsche Telekom AG";"mlab3-ham01";0.029529;3738250.374900;"0.004012999";"win32";"80.239.142.238";"speedtest";1340030632;1134434.199720;0.029932;"9eff3e01-317a-4ea6-9b53-70ceaef409e3";3320;"07";"Köln";16;6;2012;0;18;"20120618"
"87.178.105.210";"DE";11.833300;48.083300;"AS3320 Deutsche Telekom AG";"mlab3-ham01";0.057013;661514.912873;"0.004012999";"darwin";"80.239.142.238";"speedtest";1340030649;66408.205616;0.059610;"f3523021-8b10-4afd-9dda-2ac916ad4c9a";3320;"02";"Zorneding";16;6;2012;0;18;"20120618"
"77.3.250.96";"DE";8.833300;47.766700;"AS6805 Telefonica Germany GmbH & Co.OHG";"mlab3-ham01";0.037323;1196028.367920;"0.004012999";"darwin";"80.239.142.238";"speedtest";1340030651;120005.450983;0.067486;"7f6dfa2b-14ff-4d0d-8b49-2d9db3f1749a";6805;"01";"Singen";16;6;2012;0;18;"20120618"
"79.203.86.53";"DE";11.583300;48.150000;"AS3320 Deutsche Telekom AG";"mlab3-ham01";0.024364;1212142.493739;"0.004012999";"darwin";"80.239.142.238";"bittorrent";1340030652;112098.193420;-1.000000;"0445411f-1a91-486e-aa99-34aa63e4af95";3320;"02";"Munich";16;6;2012;0;18;"20120618"
"93.220.49.47";"DE";13.400000;52.516700;"AS3320 Deutsche Telekom AG";"mlab3-ham01";0.023155;2829144.834161;"0.004012999";"win32";"80.239.142.238";"bittorrent";1340030714;1156511.011718;-1.000000;"8ac1e576-29fc-4381-9927-cecba6229ca7";3320;"16";"Berlin";16;6;2012;0;18;"20120618"
"188.106.104.255";"DE";13.400000;52.516700;"AS3209 Vodafone GmbH";"mlab3-ham01";0.027833;733013.942362;"0.004012999";"linux2";"80.239.142.238";"bittorrent";1340030993;73904.852670;-1.000000;"4e602ea1-9da3-4e76-b31a-2792cc73d69c";3209;"16";"Berlin";16;6;2012;0;18;"20120618"
"87.143.16.198";"DE";11.100000;51.150000;"AS3320 Deutsche Telekom AG";"mlab3-ham01";0.032331;1274708.461423;"0.004012999";"darwin";"80.239.142.238";"bittorrent";1340031029;92922.812248;-1.000000;"95120f16-54c4-4444-b2d8-e87391844949";3320;"15";"Sömmerda";16;6;2012;0;18;"20120618"
"92.224.186.239";"DE";7.450000;51.516700;"AS13184 Telefonica Germany GmbH & Co.OHG";"mlab3-ham01";0.053815;913209.610408;"0.004012999";"linux2";"80.239.142.238";"speedtest";1340031044;114160.223594;0.055349;"4461622b-002e-4033-b06e-34562c12f1f2";13184;"07";"Dortmund";16;6;2012;0;18;"20120618"
"217.16.163.156";"DE";12.000000;51.366700;"AS35515 EVH GmbH";"mlab3-ham01";0.035002;255869.017589;"0.004012999";"linux2";"80.239.142.238";"bittorrent";1340031240;175938.984313;-1.000000;"5f387d5d-8687-4aab-81d1-a234c3553052";35515;"14";"Merseburg";16;6;2012;0;18;"20120618"
"91.35.33.88";"DE";9.433300;54.783300;"AS3320 Deutsche Telekom AG";"mlab3-ham01";0.011571;1468696.426982;"0.004012999";"win32";"80.239.142.238";"bittorrent";1340031277;72890.963750;-1.000000;"71ef70e0-ac7c-408a-99b6-991bcb0563bb";3320;"10";"Flensburg";16;6;2012;0;18;"20120618"
"134.147.162.194";"DE";7.216700;51.483300;"AS29484 Ruhr-Universitaet Bochum";"mlab3-ham01";0.007635;8621086.888992;"0.004012999";"darwin";"80.239.142.238";"bittorrent";1340031372;8676652.927056;-1.000000;"ec6cb0ee-2f10-446c-8f6c-d529280e7e5d";29484;"07";"Bochum";16;6;2012;0;18;"20120618"
"141.23.78.212";"DE";13.400000;52.516700;"AS680 Verein zur Foerderung eines Deutschen Forschungsnetzes e.V.";"mlab3-ham01";0.011826;762318.254922;"0.004012999";"win32";"80.239.142.238";"speedtest";1340031570;2018394.388110;0.013338;"e41d9ff4-7130-4221-98c3-80b15c14f890";680;"16";"Berlin";16;6;2012;0;18;"20120618"
"77.23.61.29";"DE";9.000000;51.000000;"AS31334 Kabel Deutschland Vertrieb und Service GmbH";"mlab3-ham01";0.024615;2492705.638426;"0.004012999";"win32";"80.239.142.238";"bittorrent";1340031610;53233.105452;-1.000000;"898e2e06-ef2e-44fb-aafd-ae145f8e32af";31334;"";"";17;6;2012;0;18;"20120618"
"77.181.150.192";"DE";7.016700;51.450000;"AS6805 Telefonica Germany GmbH & Co.OHG";"mlab3-ham01";0.038854;744454.324504;"0.004012999";"linux2";"80.239.142.238";"bittorrent";1340031739;115805.205624;-1.000000;"7795b227-a577-4d12-98de-e1f745bbdf1f";6805;"07";"Essen";17;6;2012;0;18;"20120618"
"188.101.90.244";"DE";7.439400;51.380100;"AS3209 Vodafone GmbH";"mlab3-ham01";0.018219;431654.050182;"0.004012999";"linux2";"80.239.142.238";"bittorrent";1340032035;76874.691340;-1.000000;"1ff4cb94-d263-4238-8a05-89a9dd938d1c";3209;"07";"Hagen";17;6;2012;0;18;"20120618"
"77.3.250.96";"DE";8.833300;47.766700;"AS6805 Telefonica Germany GmbH & Co.OHG";"mlab3-ham01";0.036499;1526833.966479;"0.004012999";"darwin";"80.239.142.238";"bittorrent";1340032209;120783.571568;-1.000000;"7f6dfa2b-14ff-4d0d-8b49-2d9db3f1749a";6805;"01";"Singen";17;6;2012;0;18;"20120618"
"92.77.246.228";"DE";10.000000;53.550000;"AS3209 Vodafone GmbH";"mlab3-ham01";0.028701;1740493.125290;"0.004012999";"win32";"80.239.142.238";"speedtest";1340033036;96457.786616;0.019960;"35cb00ec-8dd5-4c10-b6d8-af0ca91cadc2";3209;"04";"Hamburg";17;6;2012;0;18;"20120618"
"87.179.66.249";"DE";11.033300;50.983300;"AS3320 Deutsche Telekom AG";"mlab3-ham01";0.016740;1737241.092710;"0.004011999";"linux2";"80.239.142.238";"speedtest";1340032444;121244.010657;0.019864;"0575caf1-8a3d-4ae0-8b6e-5caaddb74121";3320;"15";"Erfurt";17;6;2012;0;18;"20120618"
"77.185.86.33";"DE";14.066700;52.366700;"AS6805 Telefonica Germany GmbH & Co.OHG";"mlab3-ham01";0.073662;239797.178970;"0.004012999";"linux2";"80.239.142.238";"speedtest";1340032471;17004.618347;0.079371;"853327e0-d084-49a5-a5df-81d9281ed740";6805;"11";"Fürstenwalde";17;6;2012;0;18;"20120618"
"94.223.142.4";"DE";9.000000;51.000000;"AS3209 Vodafone GmbH";"mlab3-ham01";0.028089;695073.029180;"0.004012999";"darwin";"80.239.142.238";"speedtest";1340032867;76542.078137;0.029593;"8c617ade-4e04-4778-8fa7-097ed11532d7";3209;"";"";17;6;2012;0;18;"20120618"
"134.147.162.194";"DE";7.216700;51.483300;"AS29484 Ruhr-Universitaet Bochum";"mlab3-ham01";0.007590;20448098.370100;"0.004012999";"darwin";"80.239.142.238";"speedtest";1340032868;17055267.566100;0.008922;"ec6cb0ee-2f10-446c-8f6c-d529280e7e5d";29484;"07";"Bochum";17;6;2012;0;18;"20120618"
"109.104.46.141";"DE";9.000000;51.000000;"AS16097 HL komm Telekommunikations GmbH";"mlab3-ham01";0.031347;4454011.462200;"0.004012999";"win32";"80.239.142.238";"speedtest";1340033102;1411072.976010;0.032178;"e03ed480-f318-416a-a657-1747a4d50f9e";16097;"";"";17;6;2012;0;18;"20120618"
"188.107.5.72";"DE";8.450000;50.133300;"AS3209 Vodafone GmbH";"mlab3-ham01";0.023117;119010.677664;"0.004012999";"win32";"80.239.142.238";"speedtest";1340033196;12569.119975;0.041893;"8d185344-90ee-417c-b236-5d9f35178efb";3209;"05";"Kelkheim";17;6;2012;0;18;"20120618"
"95.208.134.125";"DE";8.083300;48.533300;"AS29562 Kabel BW GmbH";"mlab3-ham01";0.033774;728145.628702;"0.004012999";"linux2";"80.239.142.238";"speedtest";1340033226;48783.327838;0.035674;"34f905d6-2b61-4a5e-a665-d1f8a3f2d041";29562;"01";"Oberkirch";17;6;2012;0;18;"20120618"
"77.181.150.192";"DE";7.016700;51.450000;"AS6805 Telefonica Germany GmbH & Co.OHG";"mlab3-ham01";0.042621;837614.046297;"0.004012999";"linux2";"80.239.142.238";"speedtest";1340033246;115578.306130;0.042764;"7795b227-a577-4d12-98de-e1f745bbdf1f";6805;"07";"Essen";17;6;2012;0;18;"20120618"
"94.219.178.130";"DE";8.647500;49.955300;"AS3209 Vodafone GmbH";"mlab3-ham01";0.016166;1395595.837460;"0.004012999";"darwin";"80.239.142.238";"speedtest";1340033378;97682.902056;0.019152;"81629ab0-96cf-48a2-bdd6-429233ae5325";3209;"05";"Erzhausen";17;6;2012;0;18;"20120618"
"84.158.46.111";"DE";8.416700;48.433300;"AS3320 Deutsche Telekom AG";"mlab3-ham01";0.067178;325580.852966;"0.004012999";"darwin";"80.239.142.238";"speedtest";1340033481;64856.312213;0.066221;"72dec868-fef9-4d06-9cad-b6b2dff41285";3320;"01";"Freudenstadt";17;6;2012;0;18;"20120618"
"88.73.250.177";"DE";11.033300;50.983300;"AS3209 Vodafone GmbH";"mlab3-ham01";0.014928;729343.549149;"0.004010999";"win32";"80.239.142.238";"speedtest";1340033504;76586.696357;0.018493;"737c65f9-12e2-47a9-9e14-942857e0d0b6";3209;"15";"Erfurt";17;6;2012;0;18;"20120618"
"92.195.115.156";"DE";11.033300;50.983300;"AS20676 QSC AG";"mlab3-ham01";0.063417;166193.349687;"0.004012999";"darwin";"80.239.142.238";"speedtest";1340033665;45537.661385;0.069597;"81014317-071d-48ad-b6b8-adca554fbdf6";20676;"15";"Erfurt";17;6;2012;0;18;"20120618"
"93.220.49.47";"DE";13.400000;52.516700;"AS3320 Deutsche Telekom AG";"mlab3-ham01";0.038239;391980.318597;"0.004012999";"win32";"80.239.142.238";"bittorrent";1340033687;958500.954966;-1.000000;"8ac1e576-29fc-4381-9927-cecba6229ca7";3320;"16";"Berlin";17;6;2012;0;18;"20120618"
"178.13.177.34";"DE";9.000000;51.000000;"AS3209 Vodafone GmbH";"mlab3-ham01";0.068451;829634.510244;"0.004005999";"linux2";"80.239.142.238";"bittorrent";1340033780;129349.239403;-1.000000;"d80ec3cc-e940-4362-bb5a-c2bf17a6fd0d";3209;"";"";17;6;2012;0;18;"20120618"
"87.179.66.249";"DE";11.033300;50.983300;"AS3320 Deutsche Telekom AG";"mlab3-ham01";0.016559;1623432.286614;"0.004011999";"linux2";"80.239.142.238";"bittorrent";1340033883;116314.499549;-1.000000;"0575caf1-8a3d-4ae0-8b6e-5caaddb74121";3320;"15";"Erfurt";17;6;2012;0;18;"20120618"
"92.200.7.193";"DE";9.700900;48.694400;"AS20676 QSC AG";"mlab3-ham01";0.042388;1220296.184510;"0.004012999";"darwin";"80.239.142.238";"speedtest";1340034013;99977.844489;0.046265;"2ae1a06d-85e1-4e7e-9214-10e08a3a30ab";20676;"01";"Eislingen";17;6;2012;0;18;"20120618"
"92.224.186.239";"DE";7.450000;51.516700;"AS13184 Telefonica Germany GmbH & Co.OHG";"mlab3-ham01";0.064405;896146.331933;"0.004012999";"linux2";"80.239.142.238";"speedtest";1340034094;114308.594178;0.055882;"4461622b-002e-4033-b06e-34562c12f1f2";13184;"07";"Dortmund";17;6;2012;0;18;"20120618"
"217.16.163.156";"DE";12.000000;51.366700;"AS35515 EVH GmbH";"mlab3-ham01";0.035716;269842.227728;"0.004012999";"linux2";"80.239.142.238";"bittorrent";1340034205;173089.533989;-1.000000;"5f387d5d-8687-4aab-81d1-a234c3553052";35515;"14";"Merseburg";17;6;2012;0;18;"20120618"
"78.54.81.245";"DE";9.935300;53.550300;"AS13184 Telefonica Germany GmbH & Co.OHG";"mlab3-ham01";0.029115;632060.807820;"0.004012999";"darwin";"80.239.142.238";"speedtest";1340034230;78925.245092;0.033350;"6875689a-fe8f-4f49-a0c9-e1f77ed45792";13184;"04";"Hamburg";17;6;2012;0;18;"20120618"
"217.252.108.118";"DE";8.550000;48.083300;"AS3320 Deutsche Telekom AG";"mlab3-ham01";0.066025;363857.198773;"0.004012999";"win32";"80.239.142.238";"bittorrent";1340034314;45767.271311;-1.000000;"13c4b97b-dd9b-4d0d-9ae7-2eff4b187e28";3320;"01";"Dauchingen";17;6;2012;0;18;"20120618"
"93.206.233.146";"DE";8.283300;53.400000;"AS3320 Deutsche Telekom AG";"mlab3-ham01";0.034974;5688027.526207;"0.004011999";"win32";"80.239.142.238";"bittorrent";1340034381;1128566.646693;-1.000000;"540af2e6-2c0b-4173-a8ac-fd971d1b6fcb";3320;"06";"Jade";17;6;2012;0;18;"20120618"
"94.223.142.4";"DE";9.000000;51.000000;"AS3209 Vodafone GmbH";"mlab3-ham01";0.028501;719453.778259;"0.004012999";"darwin";"80.239.142.238";"bittorrent";1340034458;76667.125986;-1.000000;"8c617ade-4e04-4778-8fa7-097ed11532d7";3209;"";"";17;6;2012;0;18;"20120618"
"77.23.61.29";"DE";9.000000;51.000000;"AS31334 Kabel Deutschland Vertrieb und Service GmbH";"mlab3-ham01";0.025133;2253845.686150;"0.004012999";"win32";"80.239.142.238";"bittorrent";1340034565;52391.654702;-1.000000;"898e2e06-ef2e-44fb-aafd-ae145f8e32af";31334;"";"";17;6;2012;0;18;"20120618"
"188.107.5.72";"DE";8.450000;50.133300;"AS3209 Vodafone GmbH";"mlab3-ham01";0.021459;127641.491681;"0.004012999";"win32";"80.239.142.238";"bittorrent";1340034689;13074.504723;-1.000000;"8d185344-90ee-417c-b236-5d9f35178efb";3209;"05";"Kelkheim";17;6;2012;0;18;"20120618"
"84.158.46.111";"DE";8.416700;48.433300;"AS3320 Deutsche Telekom AG";"mlab3-ham01";0.057039;343062.712853;"0.004012999";"darwin";"80.239.142.238";"bittorrent";1340035050;67111.795896;-1.000000;"72dec868-fef9-4d06-9cad-b6b2dff41285";3320;"01";"Freudenstadt";17;6;2012;0;18;"20120618"
"93.203.195.87";"DE";11.583300;48.150000;"AS3320 Deutsche Telekom AG";"mlab3-ham01";0.045505;4364588.538506;"0.004011999";"win32";"80.239.142.238";"bittorrent";1340035113;1020364.846260;-1.000000;"627b8c63-1d61-4f22-9e44-28d71cc70e2e";3320;"02";"Munich";17;6;2012;0;18;"20120618"
"178.13.177.34";"DE";9.000000;51.000000;"AS3209 Vodafone GmbH";"mlab3-ham01";0.088545;824096.558995;"0.004005999";"linux2";"80.239.142.238";"speedtest";1340035198;146436.568933;0.076140;"d80ec3cc-e940-4362-bb5a-c2bf17a6fd0d";3209;"";"";17;6;2012;0;18;"20120618"
"77.3.250.96";"DE";8.833300;47.766700;"AS6805 Telefonica Germany GmbH & Co.OHG";"mlab3-ham01";0.126720;1514518.375120;"0.004012999";"darwin";"80.239.142.238";"bittorrent";1340035324;103420.757431;-1.000000;"7f6dfa2b-14ff-4d0d-8b49-2d9db3f1749a";6805;"01";"Singen";18;6;2012;0;18;"20120618"
"46.115.25.230";"DE";9.000000;51.000000;"AS12638 E-Plus Mobilfunk GmbH & Co. KG";"mlab3-ham01";0.142009;189458.624316;"0.004012999";"darwin";"80.239.142.238";"speedtest";1340035402;14628.098479;0.188514;"4baef5fd-7f85-41c9-b289-0d4d24e485da";12638;"";"";18;6;2012;0;18;"20120618"
"79.242.208.61";"DE";9.000000;51.000000;"AS3320 Deutsche Telekom AG";"mlab3-ham01";0.050840;1440189.316267;"0.004012999";"win32";"80.239.142.238";"bittorrent";1340035495;74981.862960;-1.000000;"5d339a24-8369-4b94-9c59-021adecef5a6";3320;"";"";18;6;2012;0;18;"20120618"
"92.224.186.239";"DE";7.450000;51.516700;"AS13184 Telefonica Germany GmbH & Co.OHG";"mlab3-ham01";0.053355;958559.410646;"0.004012999";"linux2";"80.239.142.238";"bittorrent";1340035622;116557.435857;-1.000000;"4461622b-002e-4033-b06e-34562c12f1f2";13184;"07";"Dortmund";18;6;2012;0;18;"20120618"
"217.16.163.156";"DE";12.000000;51.366700;"AS35515 EVH GmbH";"mlab3-ham01";0.034477;174915.982684;"0.004012999";"linux2";"80.239.142.238";"speedtest";1340035685;158386.675357;0.035497;"5f387d5d-8687-4aab-81d1-a234c3553052";35515;"14";"Merseburg";18;6;2012;0;18;"20120618"
"87.169.236.230";"DE";13.400000;52.516700;"AS3320 Deutsche Telekom AG";"mlab3-ham01";0.025203;5271996.300039;"0.004012999";"darwin";"80.239.142.238";"bittorrent";1340035714;1049188.094069;-1.000000;"f7e74337-5111-4d6a-a11a-2ef4a0c4db50";3320;"16";"Berlin";18;6;2012;0;18;"20120618"
"87.178.168.159";"DE";8.250000;48.750000;"AS3320 Deutsche Telekom AG";"mlab3-ham01";0.068628;125597.043682;"0.004006999";"linux2";"80.239.142.238";"bittorrent";1340035790;16493.069357;-1.000000;"9d4a5d58-7055-46b1-9654-2de83fb0932f";3320;"01";"Baden-baden";18;6;2012;0;18;"20120618"
"78.54.81.245";"DE";9.935300;53.550300;"AS13184 Telefonica Germany GmbH & Co.OHG";"mlab3-ham01";0.028811;645106.068324;"0.004012999";"darwin";"80.239.142.238";"bittorrent";1340035829;78739.740023;-1.000000;"6875689a-fe8f-4f49-a0c9-e1f77ed45792";13184;"04";"Hamburg";18;6;2012;0;18;"20120618"
"93.219.83.124";"DE";13.066700;52.400000;"AS3320 Deutsche Telekom AG";"mlab3-ham01";0.023193;5456161.408920;"0.004012999";"linux2";"80.239.142.238";"speedtest";1340035874;990771.106935;0.022635;"2522fb79-4e59-4c68-b014-2c4570739a62";3320;"11";"Potsdam";18;6;2012;0;18;"20120618"
"46.223.18.206";"DE";8.385800;49.004700;"AS29562 Kabel BW GmbH";"mlab3-ham01";0.031118;1877111.178543;"0.004012999";"win32";"80.239.142.238";"bittorrent";1340036560;313341.942669;-1.000000;"62a0c3ba-8531-44c5-b8a3-ca82d00981cd";29562;"01";"Karlsruhe";18;6;2012;0;18;"20120618"
"77.12.203.52";"DE";13.400000;52.516700;"AS6805 Telefonica Germany GmbH & Co.OHG";"mlab3-ham01";0.057382;947794.616222;"0.004012999";"darwin";"80.239.142.238";"speedtest";1340036616;94142.605913;0.061347;"58702c42-fe45-49c2-94a4-4df8118774bb";6805;"16";"Berlin";18;6;2012;0;18;"20120618"
"87.143.16.198";"DE";11.100000;51.150000;"AS3320 Deutsche Telekom AG";"mlab3-ham01";0.033190;1275242.784940;"0.004012999";"darwin";"80.239.142.238";"bittorrent";1340036809;93164.406893;-1.000000;"95120f16-54c4-4444-b2d8-e87391844949";3320;"15";"Sömmerda";18;6;2012;0;18;"20120618"
"79.242.208.61";"DE";9.000000;51.000000;"AS3320 Deutsche Telekom AG";"mlab3-ham01";0.024294;1314043.735710;"0.004012999";"win32";"80.239.142.238";"speedtest";1340036992;108285.199018;0.026980;"5d339a24-8369-4b94-9c59-021adecef5a6";3320;"";"";18;6;2012;0;18;"20120618"
"217.235.122.86";"DE";11.025600;49.329200;"AS3320 Deutsche Telekom AG";"mlab3-ham01";0.066064;346913.457164;"0.004012999";"win32";"80.239.142.238";"speedtest";1340037081;33529.056225;0.065207;"25329937-558d-46a5-ad71-2b2adc1d8807";3320;"02";"Schwabach";18;6;2012;0;18;"20120618"
"92.200.7.193";"DE";9.700900;48.694400;"AS20676 QSC AG";"mlab3-ham01";0.037603;1180399.158200;"0.004012999";"darwin";"80.239.142.238";"speedtest";1340037125;101634.715148;0.043051;"2ae1a06d-85e1-4e7e-9214-10e08a3a30ab";20676;"01";"Eislingen";18;6;2012;0;18;"20120618"
"217.252.108.118";"DE";8.550000;48.083300;"AS3320 Deutsche Telekom AG";"mlab3-ham01";0.075635;366067.686647;"0.004012999";"win32";"80.239.142.238";"bittorrent";1340037144;45305.064502;-1.000000;"13c4b97b-dd9b-4d0d-9ae7-2eff4b187e28";3320;"01";"Dauchingen";18;6;2012;0;18;"20120618"
"31.18.97.148";"DE";10.000000;53.550000;"AS31334 Kabel Deutschland Vertrieb und Service GmbH";"mlab3-ham01";0.223291;1300816.100320;"0.004012999";"darwin";"80.239.142.238";"speedtest";1340037298;730966.331846;0.042374;"a2d0b7d4-117a-4def-85bc-80f5d527088d";31334;"04";"Hamburg";18;6;2012;0;18;"20120618"
"62.156.232.10";"DE";9.000000;51.000000;"AS3320 Deutsche Telekom AG";"mlab3-ham01";0.112804;515251.595643;"0.004012999";"win32";"80.239.142.238";"bittorrent";1340037337;180680.417635;-1.000000;"83f9ba8d-8067-4f2a-8263-4ffb47c33144";3320;"";"";18;6;2012;0;18;"20120618"
"87.182.222.244";"DE";10.750000;49.833300;"AS3320 Deutsche Telekom AG";"mlab3-ham01";1.975795;229485.251068;"0.004012999";"darwin";"80.239.142.238";"speedtest";1340037363;43380.437882;0.065939;"27feb7e1-567e-48fa-9471-cf5dc8c62356";3320;"02";"Burgebrach";18;6;2012;0;18;"20120618"
"78.54.81.245";"DE";9.935300;53.550300;"AS13184 Telefonica Germany GmbH & Co.OHG";"mlab3-ham01";0.028808;632888.353961;"0.004012999";"darwin";"80.239.142.238";"speedtest";1340037424;79022.092367;0.032723;"6875689a-fe8f-4f49-a0c9-e1f77ed45792";13184;"04";"Hamburg";18;6;2012;0;18;"20120618"
"93.219.83.124";"DE";13.066700;52.400000;"AS3320 Deutsche Telekom AG";"mlab3-ham01";0.022056;5704408.381500;"0.004012999";"linux2";"80.239.142.238";"bittorrent";1340037466;1024233.995758;-1.000000;"2522fb79-4e59-4c68-b014-2c4570739a62";3320;"11";"Potsdam";18;6;2012;0;18;"20120618"
"77.23.61.29";"DE";9.000000;51.000000;"AS31334 Kabel Deutschland Vertrieb und Service GmbH";"mlab3-ham01";0.024801;2451527.330999;"0.004012999";"win32";"80.239.142.238";"bittorrent";1340037518;55312.921555;-1.000000;"898e2e06-ef2e-44fb-aafd-ae145f8e32af";31334;"";"";18;6;2012;0;18;"20120618"
"109.104.46.141";"DE";9.000000;51.000000;"AS16097 HL komm Telekommunikations GmbH";"mlab3-ham01";0.032136;7540720.279332;"0.004012999";"win32";"80.239.142.238";"bittorrent";1340037585;1365465.994284;-1.000000;"e03ed480-f318-416a-a657-1747a4d50f9e";16097;"";"";18;6;2012;0;18;"20120618"
"94.219.178.130";"DE";8.647500;49.955300;"AS3209 Vodafone GmbH";"mlab3-ham01";0.015828;1449588.645162;"0.004012999";"darwin";"80.239.142.238";"bittorrent";1340037621;113580.631533;-1.000000;"81629ab0-96cf-48a2-bdd6-429233ae5325";3209;"05";"Erzhausen";18;6;2012;0;18;"20120618"
"94.223.142.4";"DE";9.000000;51.000000;"AS3209 Vodafone GmbH";"mlab3-ham01";0.029357;686633.319944;"0.004012999";"darwin";"80.239.142.238";"bittorrent";1340037647;75985.950311;-1.000000;"8c617ade-4e04-4778-8fa7-097ed11532d7";3209;"";"";18;6;2012;0;18;"20120618"
"188.107.5.72";"DE";8.450000;50.133300;"AS3209 Vodafone GmbH";"mlab3-ham01";0.022796;121426.518997;"0.004012999";"win32";"80.239.142.238";"bittorrent";1340037673;11598.492811;-1.000000;"8d185344-90ee-417c-b236-5d9f35178efb";3209;"05";"Kelkheim";18;6;2012;0;18;"20120618"
"77.181.150.192";"DE";7.016700;51.450000;"AS6805 Telefonica Germany GmbH & Co.OHG";"mlab3-ham01";0.043927;875915.840288;"0.004012999";"linux2";"80.239.142.238";"bittorrent";1340037772;109907.951453;-1.000000;"7795b227-a577-4d12-98de-e1f745bbdf1f";6805;"07";"Essen";18;6;2012;0;18;"20120618"
"217.238.87.147";"DE";8.850000;48.283300;"AS3320 Deutsche Telekom AG";"mlab3-ham01";0.047760;820319.969996;"0.004012999";"darwin";"80.239.142.238";"bittorrent";1340037788;66921.952886;-1.000000;"9c68b0e6-01ea-450f-a537-a94ee7a39856";3320;"01";"Balingen";18;6;2012;0;18;"20120618"
"95.208.134.125";"DE";8.083300;48.533300;"AS29562 Kabel BW GmbH";"mlab3-ham01";0.033682;715505.809120;"0.004012999";"linux2";"80.239.142.238";"bittorrent";1340038009;48846.380811;-1.000000;"34f905d6-2b61-4a5e-a665-d1f8a3f2d041";29562;"01";"Oberkirch";18;6;2012;0;18;"20120618"
"93.203.195.87";"DE";11.583300;48.150000;"AS3320 Deutsche Telekom AG";"mlab3-ham01";0.064336;5393860.979457;"0.004011999";"win32";"80.239.142.238";"bittorrent";1340038056;907963.865666;-1.000000;"627b8c63-1d61-4f22-9e44-28d71cc70e2e";3320;"02";"Munich";18;6;2012;0;18;"20120618"
"87.142.175.167";"DE";10.094400;53.706700;"AS3320 Deutsche Telekom AG";"mlab3-ham01";0.021795;703985.663072;"0.004012999";"darwin";"80.239.142.238";"speedtest";1340038061;115497.635216;0.024696;"4b7f2ce0-70b7-4a89-ab11-52e3eb5a4189";3320;"04";"Hamburg";18;6;2012;0;18;"20120618"
"93.220.49.47";"DE";13.400000;52.516700;"AS3320 Deutsche Telekom AG";"mlab3-ham01";0.023720;2012812.944580;"0.004012999";"win32";"80.239.142.238";"speedtest";1340038110;723429.759755;0.049084;"8ac1e576-29fc-4381-9927-cecba6229ca7";3320;"16";"Berlin";18;6;2012;0;18;"20120618"
"91.61.73.174";"DE";13.400000;52.516700;"AS3320 Deutsche Telekom AG";"mlab3-ham01";0.029877;1832940.481799;"0.004012999";"darwin";"80.239.142.238";"bittorrent";1340038166;549374.981511;-1.000000;"f3adc558-a824-40b0-b105-5a7c00397169";3320;"16";"Berlin";18;6;2012;0;18;"20120618"
"79.242.208.61";"DE";9.000000;51.000000;"AS3320 Deutsche Telekom AG";"mlab3-ham01";0.023945;1336053.965049;"0.004012999";"win32";"80.239.142.238";"bittorrent";1340038496;72076.030000;-1.000000;"5d339a24-8369-4b94-9c59-021adecef5a6";3320;"";"";18;6;2012;0;18;"20120618"
"92.200.7.193";"DE";9.700900;48.694400;"AS20676 QSC AG";"mlab3-ham01";0.043152;1046737.783985;"0.004012999";"darwin";"80.239.142.238";"bittorrent";1340038683;100088.371006;-1.000000;"2ae1a06d-85e1-4e7e-9214-10e08a3a30ab";20676;"01";"Eislingen";18;6;2012;0;18;"20120618"
"87.182.222.244";"DE";10.750000;49.833300;"AS3320 Deutsche Telekom AG";"mlab3-ham01";0.255713;212514.045968;"0.004012999";"darwin";"80.239.142.238";"bittorrent";1340038776;38435.692893;-1.000000;"27feb7e1-567e-48fa-9471-cf5dc8c62356";3320;"02";"Burgebrach";18;6;2012;0;18;"20120618"
"88.73.250.177";"DE";11.033300;50.983300;"AS3209 Vodafone GmbH";"mlab3-ham01";0.015581;701749.630967;"0.004010999";"win32";"80.239.142.238";"speedtest";1340038800;76195.243099;0.022334;"737c65f9-12e2-47a9-9e14-942857e0d0b6";3209;"15";"Erfurt";19;6;2012;0;18;"20120618"
"78.54.81.245";"DE";9.935300;53.550300;"AS13184 Telefonica Germany GmbH & Co.OHG";"mlab3-ham01";0.026405;648636.002869;"0.004012999";"darwin";"80.239.142.238";"bittorrent";1340039023;78121.397202;-1.000000;"6875689a-fe8f-4f49-a0c9-e1f77ed45792";13184;"04";"Hamburg";19;6;2012;0;18;"20120618"
"91.35.33.88";"DE";9.433300;54.783300;"AS3320 Deutsche Telekom AG";"mlab3-ham01";0.012157;1241762.601920;"0.004012999";"win32";"80.239.142.238";"speedtest";1340039034;71706.488641;0.016622;"71ef70e0-ac7c-408a-99b6-991bcb0563bb";3320;"10";"Flensburg";19;6;2012;0;18;"20120618"
"93.219.83.124";"DE";13.066700;52.400000;"AS3320 Deutsche Telekom AG";"mlab3-ham01";1.022488;5216930.452330;"0.004012999";"linux2";"80.239.142.238";"speedtest";1340039049;984347.580803;0.023771;"2522fb79-4e59-4c68-b014-2c4570739a62";3320;"11";"Potsdam";19;6;2012;0;18;"20120618"
"87.178.168.159";"DE";8.250000;48.750000;"AS3320 Deutsche Telekom AG";"mlab3-ham01";0.069260;124321.326185;"0.004006999";"linux2";"80.239.142.238";"bittorrent";1340039064;16376.172377;-1.000000;"9d4a5d58-7055-46b1-9654-2de83fb0932f";3320;"01";"Baden-baden";19;6;2012;0;18;"20120618"
"109.104.46.141";"DE";9.000000;51.000000;"AS16097 HL komm Telekommunikations GmbH";"mlab3-ham01";0.032131;4345370.625540;"0.004012999";"win32";"80.239.142.238";"speedtest";1340039082;1501326.792200;0.032259;"e03ed480-f318-416a-a657-1747a4d50f9e";16097;"";"";19;6;2012;0;18;"20120618"
"31.18.1.84";"DE";9.879400;53.565800;"AS31334 Kabel Deutschland Vertrieb und Service GmbH";"mlab3-ham01";0.017202;3232491.175130;"0.004012999";"darwin";"80.239.142.238";"speedtest";1340039178;738435.365889;0.019785;"d94c5607-e6a9-4d76-8431-ea85b9fd52dc";31334;"04";"Hamburg";19;6;2012;0;18;"20120618"
"92.77.246.228";"DE";10.000000;53.550000;"AS3209 Vodafone GmbH";"mlab3-ham01";0.026684;1665821.618165;"0.004012999";"win32";"80.239.142.238";"bittorrent";1340039442;95149.049277;-1.000000;"35cb00ec-8dd5-4c10-b6d8-af0ca91cadc2";3209;"04";"Hamburg";19;6;2012;0;18;"20120618"
"91.66.80.187";"DE";13.426900;52.487300;"AS31334 Kabel Deutschland Vertrieb und Service GmbH";"mlab3-ham01";0.029955;2788196.128670;"0.004012999";"win32";"80.239.142.238";"speedtest";1340039520;158084.754250;0.022330;"d7f48b63-cb3b-4cb1-9641-64a4a394afcb";31334;"16";"Berlin";19;6;2012;0;18;"20120618"
"93.203.195.87";"DE";11.583300;48.150000;"AS3320 Deutsche Telekom AG";"mlab3-ham01";0.045399;4873095.121590;"0.004011999";"win32";"80.239.142.238";"speedtest";1340039526;1002652.703890;0.036198;"627b8c63-1d61-4f22-9e44-28d71cc70e2e";3320;"02";"Munich";19;6;2012;0;18;"20120618"
"95.208.134.125";"DE";8.083300;48.533300;"AS29562 Kabel BW GmbH";"mlab3-ham01";0.032887;729966.555088;"0.004012999";"linux2";"80.239.142.238";"speedtest";1340039601;48584.100758;0.035233;"34f905d6-2b61-4a5e-a665-d1f8a3f2d041";29562;"01";"Oberkirch";19;6;2012;0;18;"20120618"
"82.83.62.103";"DE";9.000000;51.000000;"AS3209 Vodafone GmbH";"mlab3-ham01";0.037658;449775.458782;"0.004012999";"linux2";"80.239.142.238";"bittorrent";1340039602;61666.594084;-1.000000;"e7b78883-6949-44d7-bffa-646118b01e16";3209;"";"";19;6;2012;0;18;"20120618"
"141.23.78.212";"DE";13.400000;52.516700;"AS680 Verein zur Foerderung eines Deutschen Forschungsnetzes e.V.";"mlab3-ham01";0.009128;4915178.319997;"0.004012999";"win32";"80.239.142.238";"bittorrent";1340039606;5562535.407391;-1.000000;"e41d9ff4-7130-4221-98c3-80b15c14f890";680;"16";"Berlin";19;6;2012;0;18;"20120618"
"87.179.66.249";"DE";11.033300;50.983300;"AS3320 Deutsche Telekom AG";"mlab3-ham01";0.016441;1757777.685511;"0.004011999";"linux2";"80.239.142.238";"bittorrent";1340039624;121414.850054;-1.000000;"0575caf1-8a3d-4ae0-8b6e-5caaddb74121";3320;"15";"Erfurt";19;6;2012;0;18;"20120618"
"91.61.73.174";"DE";13.400000;52.516700;"AS3320 Deutsche Telekom AG";"mlab3-ham01";0.024338;2319470.966410;"0.004012999";"darwin";"80.239.142.238";"speedtest";1340039725;1108972.737160;0.026731;"f3adc558-a824-40b0-b105-5a7c00397169";3320;"16";"Berlin";19;6;2012;0;18;"20120618"
"78.42.142.50";"DE";8.477600;49.000200;"AS29562 Kabel BW GmbH";"mlab3-ham01";0.027722;5030422.978869;"0.004012999";"win32";"80.239.142.238";"bittorrent";1340039795;315025.501230;-1.000000;"4478790f-f737-46d6-9142-b0246b441592";29562;"01";"Karlsruhe";19;6;2012;0;18;"20120618"
"217.224.80.167";"DE";9.016700;53.033300;"AS3320 Deutsche Telekom AG";"mlab3-ham01";0.105058;658317.052060;"0.004009999";"win32";"80.239.142.238";"bittorrent";1340039914;39607.181135;-1.000000;"6a700626-ba72-4d85-a42a-358de2cb9f5b";3320;"06";"Achim";19;6;2012;0;18;"20120618"
"77.3.250.96";"DE";8.833300;47.766700;"AS6805 Telefonica Germany GmbH & Co.OHG";"mlab3-ham01";0.041785;1408167.233580;"0.004012999";"darwin";"80.239.142.238";"speedtest";1340039992;120001.711626;0.039188;"7f6dfa2b-14ff-4d0d-8b49-2d9db3f1749a";6805;"01";"Singen";19;6;2012;0;18;"20120618"
"217.252.108.118";"DE";8.550000;48.083300;"AS3320 Deutsche Telekom AG";"mlab3-ham01";0.215078;245046.103389;"0.004012999";"win32";"80.239.142.238";"bittorrent";1340039995;25391.206735;-1.000000;"13c4b97b-dd9b-4d0d-9ae7-2eff4b187e28";3320;"01";"Dauchingen";19;6;2012;0;18;"20120618"
"31.18.97.148";"DE";10.000000;53.550000;"AS31334 Kabel Deutschland Vertrieb und Service GmbH";"mlab3-ham01";0.027829;2053611.969680;"0.004012999";"darwin";"80.239.142.238";"speedtest";1340040117;746325.052057;0.023442;"a2d0b7d4-117a-4def-85bc-80f5d527088d";31334;"04";"Hamburg";19;6;2012;0;18;"20120618"
"93.206.233.146";"DE";8.283300;53.400000;"AS3320 Deutsche Telekom AG";"mlab3-ham01";0.065010;5842001.909860;"0.004011999";"win32";"80.239.142.238";"bittorrent";1340040235;1154257.442132;-1.000000;"540af2e6-2c0b-4173-a8ac-fd971d1b6fcb";3320;"06";"Jade";19;6;2012;0;18;"20120618"
"92.200.7.193";"DE";9.700900;48.694400;"AS20676 QSC AG";"mlab3-ham01";0.039047;1143452.935350;"0.004012999";"darwin";"80.239.142.238";"speedtest";1340040236;99500.702048;0.044988;"2ae1a06d-85e1-4e7e-9214-10e08a3a30ab";20676;"01";"Eislingen";19;6;2012;0;18;"20120618"
"217.235.122.86";"DE";11.025600;49.329200;"AS3320 Deutsche Telekom AG";"mlab3-ham01";0.068942;346962.860441;"0.004012999";"win32";"80.239.142.238";"speedtest";1340040246;33538.461297;0.065620;"25329937-558d-46a5-ad71-2b2adc1d8807";3320;"02";"Schwabach";19;6;2012;0;18;"20120618"
"109.104.46.141";"DE";9.000000;51.000000;"AS16097 HL komm Telekommunikations GmbH";"mlab3-ham01";0.032121;7701046.421026;"0.004012999";"win32";"80.239.142.238";"bittorrent";1340040575;1320711.590075;-1.000000;"e03ed480-f318-416a-a657-1747a4d50f9e";16097;"";"";19;6;2012;0;18;"20120618"
"78.54.81.245";"DE";9.935300;53.550300;"AS13184 Telefonica Germany GmbH & Co.OHG";"mlab3-ham01";0.053560;385151.685531;"0.004012999";"darwin";"80.239.142.238";"speedtest";1340040623;58294.676973;0.074168;"6875689a-fe8f-4f49-a0c9-e1f77ed45792";13184;"04";"Hamburg";19;6;2012;0;18;"20120618"
"46.223.18.206";"DE";8.385800;49.004700;"AS29562 Kabel BW GmbH";"mlab3-ham01";0.030438;1815004.850900;"0.004012999";"win32";"80.239.142.238";"speedtest";1340040758;312375.935410;0.034179;"62a0c3ba-8531-44c5-b8a3-ca82d00981cd";29562;"01";"Karlsruhe";19;6;2012;0;18;"20120618"
"178.13.177.34";"DE";9.000000;51.000000;"AS3209 Vodafone GmbH";"mlab3-ham01";0.082461;788851.952855;"0.004005999";"linux2";"80.239.142.238";"speedtest";1340040878;152819.689896;0.077826;"d80ec3cc-e940-4362-bb5a-c2bf17a6fd0d";3209;"";"";19;6;2012;0;18;"20120618"
"91.66.80.187";"DE";13.426900;52.487300;"AS31334 Kabel Deutschland Vertrieb und Service GmbH";"mlab3-ham01";0.015194;1721477.425370;"0.004012999";"win32";"80.239.142.238";"bittorrent";1340040952;107033.811496;-1.000000;"d7f48b63-cb3b-4cb1-9641-64a4a394afcb";31334;"16";"Berlin";19;6;2012;0;18;"20120618"
"188.97.236.10";"DE";7.600000;49.200000;"AS3209 Vodafone GmbH";"mlab3-ham01";0.032011;182650.528112;"0.004012999";"darwin";"80.239.142.238";"bittorrent";1340040972;3822.231958;-1.000000;"8ae768f5-6156-48c3-92d2-a8896fb2e0e9";3209;"08";"Pirmasens";19;6;2012;0;18;"20120618"
"87.179.66.249";"DE";11.033300;50.983300;"AS3320 Deutsche Telekom AG";"mlab3-ham01";0.016686;1728585.726630;"0.004011999";"linux2";"80.239.142.238";"speedtest";1340041038;121319.044306;0.021899;"0575caf1-8a3d-4ae0-8b6e-5caaddb74121";3320;"15";"Erfurt";19;6;2012;0;18;"20120618"
"92.195.115.156";"DE";11.033300;50.983300;"AS20676 QSC AG";"mlab3-ham01";0.062909;239558.896269;"0.004012999";"darwin";"80.239.142.238";"bittorrent";1340041109;44917.647687;-1.000000;"81014317-071d-48ad-b6b8-adca554fbdf6";20676;"15";"Erfurt";19;6;2012;0;18;"20120618"
"46.115.25.230";"DE";9.000000;51.000000;"AS12638 E-Plus Mobilfunk GmbH & Co. KG";"mlab3-ham01";0.160865;148991.201118;"0.004012999";"darwin";"80.239.142.238";"speedtest";1340041123;10251.531830;0.239881;"4baef5fd-7f85-41c9-b289-0d4d24e485da";12638;"";"";19;6;2012;0;18;"20120618"
"87.178.105.210";"DE";11.833300;48.083300;"AS3320 Deutsche Telekom AG";"mlab3-ham01";0.057274;695477.919213;"0.004012999";"darwin";"80.239.142.238";"bittorrent";1340041195;65145.788109;-1.000000;"f3523021-8b10-4afd-9dda-2ac916ad4c9a";3320;"02";"Zorneding";19;6;2012;0;18;"20120618"
"95.208.134.125";"DE";8.083300;48.533300;"AS29562 Kabel BW GmbH";"mlab3-ham01";0.034975;750830.841300;"0.004012999";"linux2";"80.239.142.238";"bittorrent";1340041198;48804.233706;-1.000000;"34f905d6-2b61-4a5e-a665-d1f8a3f2d041";29562;"01";"Oberkirch";19;6;2012;0;18;"20120618"
"78.42.142.50";"DE";8.477600;49.000200;"AS29562 Kabel BW GmbH";"mlab3-ham01";0.026427;5828126.956640;"0.004012999";"win32";"80.239.142.238";"speedtest";1340041281;313478.733523;0.027383;"4478790f-f737-46d6-9142-b0246b441592";29562;"01";"Karlsruhe";19;6;2012;0;18;"20120618"
"77.3.250.96";"DE";8.833300;47.766700;"AS6805 Telefonica Germany GmbH & Co.OHG";"mlab3-ham01";0.035483;1400711.250073;"0.004012999";"darwin";"80.239.142.238";"bittorrent";1340041552;110383.968315;-1.000000;"7f6dfa2b-14ff-4d0d-8b49-2d9db3f1749a";6805;"01";"Singen";19;6;2012;0;18;"20120618"
"31.18.1.84";"DE";9.879400;53.565800;"AS31334 Kabel Deutschland Vertrieb und Service GmbH";"mlab3-ham01";0.017288;156888.708000;"0.004012999";"darwin";"80.239.142.238";"bittorrent";1340041627;736721.648180;-1.000000;"d94c5607-e6a9-4d76-8431-ea85b9fd52dc";31334;"04";"Hamburg";19;6;2012;0;18;"20120618"
"93.206.233.146";"DE";8.283300;53.400000;"AS3320 Deutsche Telekom AG";"mlab3-ham01";0.020809;5638543.332410;"0.004011999";"win32";"80.239.142.238";"speedtest";1340041697;1143335.856500;0.020432;"540af2e6-2c0b-4173-a8ac-fd971d1b6fcb";3320;"06";"Jade";19;6;2012;0;18;"20120618"
"77.23.61.29";"DE";9.000000;51.000000;"AS31334 Kabel Deutschland Vertrieb und Service GmbH";"mlab3-ham01";0.029195;2310578.875260;"0.004012999";"win32";"80.239.142.238";"speedtest";1340041929;56087.804478;0.030480;"898e2e06-ef2e-44fb-aafd-ae145f8e32af";31334;"";"";19;6;2012;0;18;"20120618"
"188.107.5.72";"DE";8.450000;50.133300;"AS3209 Vodafone GmbH";"mlab3-ham01";0.020975;116491.756770;"0.004012999";"win32";"80.239.142.238";"speedtest";1340042122;13373.094973;0.038028;"8d185344-90ee-417c-b236-5d9f35178efb";3209;"05";"Kelkheim";19;6;2012;0;18;"20120618"
"78.54.81.245";"DE";9.935300;53.550300;"AS13184 Telefonica Germany GmbH & Co.OHG";"mlab3-ham01";0.025993;648420.697121;"0.004012999";"darwin";"80.239.142.238";"bittorrent";1340042222;78468.435121;-1.000000;"6875689a-fe8f-4f49-a0c9-e1f77ed45792";13184;"04";"Hamburg";19;6;2012;0;18;"20120618"
"178.13.177.34";"DE";9.000000;51.000000;"AS3209 Vodafone GmbH";"mlab3-ham01";0.068415;854128.413697;"0.004005999";"linux2";"80.239.142.238";"bittorrent";1340042298;131227.567740;-1.000000;"d80ec3cc-e940-4362-bb5a-c2bf17a6fd0d";3209;"";"";19;6;2012;0;18;"20120618"
"87.178.168.159";"DE";8.250000;48.750000;"AS3320 Deutsche Telekom AG";"mlab3-ham01";0.070595;125434.010451;"0.004006999";"linux2";"80.239.142.238";"bittorrent";1340042364;18471.913424;-1.000000;"9d4a5d58-7055-46b1-9654-2de83fb0932f";3320;"01";"Baden-baden";19;6;2012;0;18;"20120618"
"93.203.195.87";"DE";11.583300;48.150000;"AS3320 Deutsche Telekom AG";"mlab3-ham01";0.044478;4524232.728160;"0.004011999";"win32";"80.239.142.238";"speedtest";1340042474;995339.018518;0.035010;"627b8c63-1d61-4f22-9e44-28d71cc70e2e";3320;"02";"Munich";20;6;2012;0;18;"20120618"
"87.143.16.198";"DE";11.100000;51.150000;"AS3320 Deutsche Telekom AG";"mlab3-ham01";0.032192;1337490.489768;"0.004012999";"darwin";"80.239.142.238";"bittorrent";1340042589;75832.137726;-1.000000;"95120f16-54c4-4444-b2d8-e87391844949";3320;"15";"Sömmerda";20;6;2012;0;18;"20120618"
"92.195.115.156";"DE";11.033300;50.983300;"AS20676 QSC AG";"mlab3-ham01";0.064195;225582.182316;"0.004012999";"darwin";"80.239.142.238";"speedtest";1340042593;45345.945907;0.075264;"81014317-071d-48ad-b6b8-adca554fbdf6";20676;"15";"Erfurt";20;6;2012;0;18;"20120618"
"46.115.25.230";"DE";9.000000;51.000000;"AS12638 E-Plus Mobilfunk GmbH & Co. KG";"mlab3-ham01";0.180394;97869.568290;"0.004012999";"darwin";"80.239.142.238";"bittorrent";1340042594;40769.555279;-1.000000;"4baef5fd-7f85-41c9-b289-0d4d24e485da";12638;"";"";20;6;2012;0;18;"20120618"
"188.108.103.6";"DE";10.133300;54.333300;"AS3209 Vodafone GmbH";"mlab3-ham01";0.017939;1700725.523010;"0.004012999";"win32";"80.239.142.238";"speedtest";1340042740;106622.113599;0.020243;"90b4ab67-12f0-4448-b7b6-4f7333e84971";3209;"10";"Kiel";20;6;2012;0;18;"20120618"
"217.224.80.167";"DE";9.016700;53.033300;"AS3320 Deutsche Telekom AG";"mlab3-ham01";0.105871;650259.976856;"0.004009999";"win32";"80.239.142.238";"bittorrent";1340042913;35629.303484;-1.000000;"6a700626-ba72-4d85-a42a-358de2cb9f5b";3320;"06";"Achim";20;6;2012;0;18;"20120618"
"88.73.250.177";"DE";11.033300;50.983300;"AS3209 Vodafone GmbH";"mlab3-ham01";0.014888;697907.888623;"0.004010999";"win32";"80.239.142.238";"bittorrent";1340042998;74583.157205;-1.000000;"737c65f9-12e2-47a9-9e14-942857e0d0b6";3209;"15";"Erfurt";20;6;2012;0;18;"20120618"
"93.206.233.146";"DE";8.283300;53.400000;"AS3320 Deutsche Telekom AG";"mlab3-ham01";0.019888;5822108.644617;"0.004011999";"win32";"80.239.142.238";"bittorrent";1340043162;1146308.264723;-1.000000;"540af2e6-2c0b-4173-a8ac-fd971d1b6fcb";3320;"06";"Jade";20;6;2012;0;18;"20120618"
"79.203.86.53";"DE";11.583300;48.150000;"AS3320 Deutsche Telekom AG";"mlab3-ham01";0.023867;1188561.147845;"0.004012999";"darwin";"80.239.142.238";"bittorrent";1340043315;118004.584875;-1.000000;"0445411f-1a91-486e-aa99-34aa63e4af95";3320;"02";"Munich";20;6;2012;0;18;"20120618"
"46.223.18.206";"DE";8.385800;49.004700;"AS29562 Kabel BW GmbH";"mlab3-ham01";0.060665;1257061.923300;"0.004012999";"win32";"80.239.142.238";"speedtest";1340043559;311949.741966;0.033081;"62a0c3ba-8531-44c5-b8a3-ca82d00981cd";29562;"01";"Karlsruhe";20;6;2012;0;18;"20120618"
"109.104.46.141";"DE";9.000000;51.000000;"AS16097 HL komm Telekommunikations GmbH";"mlab3-ham01";0.031710;7863308.345491;"0.004012999";"win32";"80.239.142.238";"bittorrent";1340043564;1392396.620625;-1.000000;"e03ed480-f318-416a-a657-1747a4d50f9e";16097;"";"";20;6;2012;0;18;"20120618"
"88.217.69.131";"DE";10.883300;48.366700;"AS8767 M-net Telekommunikations GmbH, Germany";"mlab3-ham01";0.059339;989448.516238;"0.004012999";"win32";"80.239.142.238";"bittorrent";1340043850;129209.918775;-1.000000;"1ccde378-8b74-4c88-bb1e-35d1b840d68d";8767;"02";"Augsburg";20;6;2012;0;18;"20120618"
"87.179.66.249";"DE";11.033300;50.983300;"AS3320 Deutsche Telekom AG";"mlab3-ham01";0.017173;1725005.475050;"0.004011999";"linux2";"80.239.142.238";"speedtest";1340043899;121276.249847;0.020079;"0575caf1-8a3d-4ae0-8b6e-5caaddb74121";3320;"15";"Erfurt";20;6;2012;0;18;"20120618"
"87.178.168.159";"DE";8.250000;48.750000;"AS3320 Deutsche Telekom AG";"mlab3-ham01";0.069341;103445.166427;"0.004006999";"linux2";"80.239.142.238";"speedtest";1340043989;15378.383412;0.082176;"9d4a5d58-7055-46b1-9654-2de83fb0932f";3320;"01";"Baden-baden";20;6;2012;0;18;"20120618"
"46.115.25.230";"DE";9.000000;51.000000;"AS12638 E-Plus Mobilfunk GmbH & Co. KG";"mlab3-ham01";0.148376;54575.115861;"0.004012999";"darwin";"80.239.142.238";"speedtest";1340044014;10443.358315;0.218009;"4baef5fd-7f85-41c9-b289-0d4d24e485da";12638;"";"";20;6;2012;0;18;"20120618"
"87.143.16.198";"DE";11.100000;51.150000;"AS3320 Deutsche Telekom AG";"mlab3-ham01";0.033770;1101570.982170;"0.004012999";"darwin";"80.239.142.238";"speedtest";1340044032;92164.070280;0.045301;"95120f16-54c4-4444-b2d8-e87391844949";3320;"15";"Sömmerda";20;6;2012;0;18;"20120618"
"95.89.147.151";"DE";7.364900;49.249000;"AS31334 Kabel Deutschland Vertrieb und Service GmbH";"mlab3-ham01";0.025880;6210852.931760;"0.004012999";"win32";"80.239.142.238";"speedtest";1340044201;590981.431494;0.031678;"6016980c-587e-4542-a75f-35eac912aa21";31334;"08";"Zweibrücken";20;6;2012;0;18;"20120618"
"87.178.122.108";"DE";11.500000;48.716700;"AS3320 Deutsche Telekom AG";"mlab3-ham01";0.057402;699741.959565;"0.004012999";"darwin";"80.239.142.238";"bittorrent";1340044208;65316.839262;-1.000000;"f3523021-8b10-4afd-9dda-2ac916ad4c9a";3320;"02";"Manching";20;6;2012;0;18;"20120618"
"217.252.108.118";"DE";8.550000;48.083300;"AS3320 Deutsche Telekom AG";"mlab3-ham01";0.086980;148562.374064;"0.004012999";"win32";"80.239.142.238";"speedtest";1340044275;21257.261518;0.112689;"13c4b97b-dd9b-4d0d-9ae7-2eff4b187e28";3320;"01";"Dauchingen";20;6;2012;0;18;"20120618"
"82.83.62.103";"DE";9.000000;51.000000;"AS3209 Vodafone GmbH";"mlab3-ham01";0.026216;1289504.942110;"0.004012999";"linux2";"80.239.142.238";"speedtest";1340044358;115040.299593;0.025497;"e7b78883-6949-44d7-bffa-646118b01e16";3209;"";"";20;6;2012;0;18;"20120618"
"95.208.134.125";"DE";8.083300;48.533300;"AS29562 Kabel BW GmbH";"mlab3-ham01";0.035036;751004.866628;"0.004012999";"linux2";"80.239.142.238";"bittorrent";1340044385;48804.926390;-1.000000;"34f905d6-2b61-4a5e-a665-d1f8a3f2d041";29562;"01";"Oberkirch";20;6;2012;0;18;"20120618"
"91.61.73.174";"DE";13.400000;52.516700;"AS3320 Deutsche Telekom AG";"mlab3-ham01";0.024444;2299338.382233;"0.004012999";"darwin";"80.239.142.238";"bittorrent";1340044426;1067343.347093;-1.000000;"f3adc558-a824-40b0-b105-5a7c00397169";3320;"16";"Berlin";20;6;2012;0;18;"20120618"
"91.50.121.99";"DE";6.333300;51.400000;"AS3320 Deutsche Telekom AG";"mlab3-ham01";0.021716;5640536.062910;"0.004011999";"win32";"80.239.142.238";"speedtest";1340044622;1141802.137060;0.021200;"540af2e6-2c0b-4173-a8ac-fd971d1b6fcb";3320;"07";"Wachtendonk";20;6;2012;0;18;"20120618"
"77.3.250.96";"DE";8.833300;47.766700;"AS6805 Telefonica Germany GmbH & Co.OHG";"mlab3-ham01";0.035928;1516066.221622;"0.004012999";"darwin";"80.239.142.238";"bittorrent";1340044666;116175.168157;-1.000000;"7f6dfa2b-14ff-4d0d-8b49-2d9db3f1749a";6805;"01";"Singen";20;6;2012;0;18;"20120618"
"94.219.178.130";"DE";8.647500;49.955300;"AS3209 Vodafone GmbH";"mlab3-ham01";0.015392;1369658.071880;"0.004012999";"darwin";"80.239.142.238";"speedtest";1340044687;97812.642010;0.018710;"81629ab0-96cf-48a2-bdd6-429233ae5325";3209;"05";"Erzhausen";20;6;2012;0;18;"20120618"
"79.203.86.53";"DE";11.583300;48.150000;"AS3320 Deutsche Telekom AG";"mlab3-ham01";0.023274;1335621.529270;"0.004012999";"darwin";"80.239.142.238";"speedtest";1340044896;120217.120100;0.026280;"0445411f-1a91-486e-aa99-34aa63e4af95";3320;"02";"Munich";20;6;2012;0;18;"20120618"
"92.200.7.193";"DE";9.700900;48.694400;"AS20676 QSC AG";"mlab3-ham01";0.039782;1202540.564878;"0.004012999";"darwin";"80.239.142.238";"bittorrent";1340044906;100550.442321;-1.000000;"2ae1a06d-85e1-4e7e-9214-10e08a3a30ab";20676;"01";"Eislingen";20;6;2012;0;18;"20120618"
"217.235.122.86";"DE";11.025600;49.329200;"AS3320 Deutsche Telekom AG";"mlab3-ham01";0.066272;369232.598361;"0.004012999";"win32";"80.239.142.238";"bittorrent";1340045003;46746.337950;-1.000000;"25329937-558d-46a5-ad71-2b2adc1d8807";3320;"02";"Schwabach";20;6;2012;0;18;"20120618"
"178.6.125.245";"DE";7.311000;51.474500;"AS3209 Vodafone GmbH";"mlab3-ham01";0.024390;1038890.767660;"0.004012999";"darwin";"80.239.142.238";"speedtest";1340045022;116863.612916;0.026279;"ec6cb0ee-2f10-446c-8f6c-d529280e7e5d";3209;"07";"Bochum";20;6;2012;0;18;"20120618"
"109.104.46.141";"DE";9.000000;51.000000;"AS16097 HL komm Telekommunikations GmbH";"mlab3-ham01";0.032171;4547085.522110;"0.004012999";"win32";"80.239.142.238";"speedtest";1340045063;1277549.438640;0.032254;"e03ed480-f318-416a-a657-1747a4d50f9e";16097;"";"";20;6;2012;0;18;"20120618"
"92.77.246.228";"DE";10.000000;53.550000;"AS3209 Vodafone GmbH";"mlab3-ham01";0.029620;942520.650991;"0.004012999";"win32";"80.239.142.238";"bittorrent";1340045085;90887.682967;-1.000000;"35cb00ec-8dd5-4c10-b6d8-af0ca91cadc2";3209;"04";"Hamburg";20;6;2012;0;18;"20120618"
"158.181.74.53";"DE";13.400000;52.516700;"AS20880 Tele Columbus GmbH";"mlab3-ham01";0.015929;1961266.371930;"0.004009999";"win32";"80.239.142.238";"speedtest";1340045251;4153.538712;0.289343;"37c3071a-d3f4-42e5-8392-d7afffaf5e6c";20880;"16";"Berlin";20;6;2012;0;18;"20120618"
"88.217.69.131";"DE";10.883300;48.366700;"AS8767 M-net Telekommunikations GmbH, Germany";"mlab3-ham01";0.057757;944959.326485;"0.004012999";"win32";"80.239.142.238";"speedtest";1340045353;129864.844166;0.054154;"1ccde378-8b74-4c88-bb1e-35d1b840d68d";8767;"02";"Augsburg";20;6;2012;0;18;"20120618"
"93.219.83.124";"DE";13.066700;52.400000;"AS3320 Deutsche Telekom AG";"mlab3-ham01";1.020147;5471392.787200;"0.004012999";"linux2";"80.239.142.238";"speedtest";1340045400;991450.749553;0.023504;"2522fb79-4e59-4c68-b014-2c4570739a62";3320;"11";"Potsdam";20;6;2012;0;18;"20120618"
"46.115.25.230";"DE";9.000000;51.000000;"AS12638 E-Plus Mobilfunk GmbH & Co. KG";"mlab3-ham01";0.169871;100499.246073;"0.004012999";"darwin";"80.239.142.238";"bittorrent";1340045441;41513.464066;-1.000000;"4baef5fd-7f85-41c9-b289-0d4d24e485da";12638;"";"";20;6;2012;0;18;"20120618"
"84.62.8.234";"DE";6.683300;51.200000;"AS3209 Vodafone GmbH";"mlab3-ham01";0.016482;218447.013148;"0.004012999";"win32";"80.239.142.238";"bittorrent";1340045529;57976.205849;-1.000000;"ced6b13f-4229-47ba-9400-c4b8931d7c7c";3209;"07";"Neuss";20;6;2012;0;18;"20120618"
"92.195.115.156";"DE";11.033300;50.983300;"AS20676 QSC AG";"mlab3-ham01";0.062744;121662.819823;"0.004012999";"darwin";"80.239.142.238";"speedtest";1340045576;38180.774543;0.217102;"81014317-071d-48ad-b6b8-adca554fbdf6";20676;"15";"Erfurt";20;6;2012;0;18;"20120618"
"87.178.168.159";"DE";8.250000;48.750000;"AS3320 Deutsche Telekom AG";"mlab3-ham01";0.072958;125558.687256;"0.004006999";"linux2";"80.239.142.238";"bittorrent";1340045640;16745.002893;-1.000000;"9d4a5d58-7055-46b1-9654-2de83fb0932f";3320;"01";"Baden-baden";20;6;2012;0;18;"20120618"
"91.50.121.99";"DE";6.333300;51.400000;"AS3320 Deutsche Telekom AG";"mlab3-ham01";0.058244;5863932.003698;"0.004011999";"win32";"80.239.142.238";"bittorrent";1340046087;1153960.742517;-1.000000;"540af2e6-2c0b-4173-a8ac-fd971d1b6fcb";3320;"07";"Wachtendonk";21;6;2012;0;18;"20120618"
"94.219.178.130";"DE";8.647500;49.955300;"AS3209 Vodafone GmbH";"mlab3-ham01";0.015765;1152409.214210;"0.004012999";"darwin";"80.239.142.238";"bittorrent";1340046103;97777.083773;-1.000000;"81629ab0-96cf-48a2-bdd6-429233ae5325";3209;"05";"Erzhausen";21;6;2012;0;18;"20120618"
"84.191.150.215";"DE";13.400000;52.516700;"AS3320 Deutsche Telekom AG";"mlab3-ham01";0.047668;696633.248682;"0.004012999";"darwin";"80.239.142.238";"speedtest";1340046361;66662.383186;0.052217;"41659353-89e4-438f-ad1a-7233c23d7d4e";3320;"16";"Berlin";21;6;2012;0;18;"20120618"
"77.23.61.29";"DE";9.000000;51.000000;"AS31334 Kabel Deutschland Vertrieb und Service GmbH";"mlab3-ham01";0.027633;836807.916416;"0.004012999";"win32";"80.239.142.238";"bittorrent";1340046400;46307.921783;-1.000000;"898e2e06-ef2e-44fb-aafd-ae145f8e32af";31334;"";"";21;6;2012;0;18;"20120618"
"92.200.7.193";"DE";9.700900;48.694400;"AS20676 QSC AG";"mlab3-ham01";0.037213;1193479.893150;"0.004012999";"darwin";"80.239.142.238";"speedtest";1340046456;103219.607719;0.040822;"2ae1a06d-85e1-4e7e-9214-10e08a3a30ab";20676;"01";"Eislingen";21;6;2012;0;18;"20120618"
"79.203.86.53";"DE";11.583300;48.150000;"AS3320 Deutsche Telekom AG";"mlab3-ham01";0.026201;1373858.368858;"0.004012999";"darwin";"80.239.142.238";"bittorrent";1340046481;119597.057894;-1.000000;"0445411f-1a91-486e-aa99-34aa63e4af95";3320;"02";"Munich";21;6;2012;0;18;"20120618"
"178.6.125.245";"DE";7.311000;51.474500;"AS3209 Vodafone GmbH";"mlab3-ham01";0.023865;1149843.995166;"0.004012999";"darwin";"80.239.142.238";"bittorrent";1340046496;106809.263035;-1.000000;"ec6cb0ee-2f10-446c-8f6c-d529280e7e5d";3209;"07";"Bochum";21;6;2012;0;18;"20120618"
"109.104.46.141";"DE";9.000000;51.000000;"AS16097 HL komm Telekommunikations GmbH";"mlab3-ham01";0.031352;4551228.150709;"0.004012999";"win32";"80.239.142.238";"bittorrent";1340046569;1280857.002398;-1.000000;"e03ed480-f318-416a-a657-1747a4d50f9e";16097;"";"";21;6;2012;0;18;"20120618"
"217.235.122.86";"DE";11.025600;49.329200;"AS3320 Deutsche Telekom AG";"mlab3-ham01";0.049855;347140.541959;"0.004012999";"win32";"80.239.142.238";"speedtest";1340046585;26795.751926;0.067412;"25329937-558d-46a5-ad71-2b2adc1d8807";3320;"02";"Schwabach";21;6;2012;0;18;"20120618"
"188.107.5.72";"DE";8.450000;50.133300;"AS3209 Vodafone GmbH";"mlab3-ham01";0.022239;116491.939539;"0.004012999";"win32";"80.239.142.238";"bittorrent";1340046620;12142.659856;-1.000000;"8d185344-90ee-417c-b236-5d9f35178efb";3209;"05";"Kelkheim";21;6;2012;0;18;"20120618"
"188.101.90.244";"DE";7.439400;51.380100;"AS3209 Vodafone GmbH";"mlab3-ham01";0.018399;334540.593659;"0.004012999";"linux2";"80.239.142.238";"speedtest";1340046756;77491.896390;0.023656;"1ff4cb94-d263-4238-8a05-89a9dd938d1c";3209;"07";"Hagen";21;6;2012;0;18;"20120618"
"85.182.40.72";"DE";7.450000;51.516700;"AS13184 Telefonica Germany GmbH & Co.OHG";"mlab3-ham01";0.053471;980234.809835;"0.004012999";"linux2";"80.239.142.238";"bittorrent";1340046716;107019.539837;-1.000000;"4461622b-002e-4033-b06e-34562c12f1f2";13184;"07";"Dortmund";21;6;2012;0;18;"20120618"
"87.179.66.249";"DE";11.033300;50.983300;"AS3320 Deutsche Telekom AG";"mlab3-ham01";0.016985;1729558.915260;"0.004011999";"linux2";"80.239.142.238";"speedtest";1340046760;121371.189077;0.020775;"0575caf1-8a3d-4ae0-8b6e-5caaddb74121";3320;"15";"Erfurt";21;6;2012;0;18;"20120618"
"87.143.16.198";"DE";11.100000;51.150000;"AS3320 Deutsche Telekom AG";"mlab3-ham01";0.032821;1211317.190230;"0.004012999";"darwin";"80.239.142.238";"speedtest";1340046920;92770.789400;0.036386;"95120f16-54c4-4444-b2d8-e87391844949";3320;"15";"Sömmerda";21;6;2012;0;18;"20120618"
"188.108.103.6";"DE";10.133300;54.333300;"AS3209 Vodafone GmbH";"mlab3-ham01";0.017363;1493256.023514;"0.004012999";"win32";"80.239.142.238";"bittorrent";1340046922;83717.954172;-1.000000;"90b4ab67-12f0-4448-b7b6-4f7333e84971";3209;"10";"Kiel";21;6;2012;0;18;"20120618"
"84.62.8.234";"DE";6.683300;51.200000;"AS3209 Vodafone GmbH";"mlab3-ham01";0.015872;409220.628357;"0.004012999";"win32";"80.239.142.238";"speedtest";1340046973;33885.273861;0.021248;"ced6b13f-4229-47ba-9400-c4b8931d7c7c";3209;"07";"Neuss";21;6;2012;0;18;"20120618"
"84.158.46.111";"DE";8.416700;48.433300;"AS3320 Deutsche Telekom AG";"mlab3-ham01";0.063072;417289.477610;"0.004012999";"darwin";"80.239.142.238";"speedtest";1340047050;57241.153177;0.150606;"72dec868-fef9-4d06-9cad-b6b2dff41285";3320;"01";"Freudenstadt";21;6;2012;0;18;"20120618"
"87.178.168.159";"DE";8.250000;48.750000;"AS3320 Deutsche Telekom AG";"mlab3-ham01";0.070792;119077.261589;"0.004006999";"linux2";"80.239.142.238";"speedtest";1340047262;16603.397616;0.081450;"9d4a5d58-7055-46b1-9654-2de83fb0932f";3320;"01";"Baden-baden";21;6;2012;0;18;"20120618"
"77.22.67.251";"DE";10.650000;52.250000;"AS31334 Kabel Deutschland Vertrieb und Service GmbH";"mlab3-ham01";0.030639;702325.778378;"0.004012999";"win32";"80.239.142.238";"speedtest";1340047521;754392.582857;0.031394;"c1c874f5-0b6d-404d-8ecb-238232884c73";31334;"06";"Cremlingen";21;6;2012;0;18;"20120618"
"82.83.62.103";"DE";9.000000;51.000000;"AS3209 Vodafone GmbH";"mlab3-ham01";0.023203;1650616.254450;"0.004012999";"linux2";"80.239.142.238";"speedtest";1340047542;112109.325164;0.024884;"e7b78883-6949-44d7-bffa-646118b01e16";3209;"";"";21;6;2012;0;18;"20120618"
"91.50.121.99";"DE";6.333300;51.400000;"AS3320 Deutsche Telekom AG";"mlab3-ham01";0.021589;5653896.254470;"0.004011999";"win32";"80.239.142.238";"speedtest";1340047547;1141184.351840;0.020464;"540af2e6-2c0b-4173-a8ac-fd971d1b6fcb";3320;"07";"Wachtendonk";21;6;2012;0;18;"20120618"
"95.208.134.125";"DE";8.083300;48.533300;"AS29562 Kabel BW GmbH";"mlab3-ham01";0.032850;752208.149756;"0.004012999";"linux2";"80.239.142.238";"bittorrent";1340047572;48815.786214;-1.000000;"34f905d6-2b61-4a5e-a665-d1f8a3f2d041";29562;"01";"Oberkirch";21;6;2012;0;18;"20120618"
"77.23.61.29";"DE";9.000000;51.000000;"AS31334 Kabel Deutschland Vertrieb und Service GmbH";"mlab3-ham01";0.023821;1684562.003120;"0.004012999";"win32";"80.239.142.238";"speedtest";1340047849;56786.496769;0.049495;"898e2e06-ef2e-44fb-aafd-ae145f8e32af";31334;"";"";21;6;2012;0;18;"20120618"
"87.142.175.167";"DE";10.094400;53.706700;"AS3320 Deutsche Telekom AG";"mlab3-ham01";0.154953;1321340.144857;"0.004012999";"darwin";"80.239.142.238";"bittorrent";1340047900;118403.107334;-1.000000;"4b7f2ce0-70b7-4a89-ab11-52e3eb5a4189";3320;"04";"Hamburg";21;6;2012;0;18;"20120618"
"92.77.246.228";"DE";10.000000;53.550000;"AS3209 Vodafone GmbH";"mlab3-ham01";0.029898;1244078.760985;"0.004012999";"win32";"80.239.142.238";"bittorrent";1340047903;93063.498644;-1.000000;"35cb00ec-8dd5-4c10-b6d8-af0ca91cadc2";3209;"04";"Hamburg";21;6;2012;0;18;"20120618"
"84.191.150.215";"DE";13.400000;52.516700;"AS3320 Deutsche Telekom AG";"mlab3-ham01";0.049222;705982.450642;"0.004012999";"darwin";"80.239.142.238";"bittorrent";1340047927;62884.546940;-1.000000;"41659353-89e4-438f-ad1a-7233c23d7d4e";3320;"16";"Berlin";21;6;2012;0;18;"20120618"
"84.151.239.50";"DE";6.950000;50.933300;"AS3320 Deutsche Telekom AG";"mlab3-ham01";0.029132;5313283.874257;"0.004012999";"win32";"80.239.142.238";"bittorrent";1340047952;1139024.984783;-1.000000;"9eff3e01-317a-4ea6-9b53-70ceaef409e3";3320;"07";"Köln";21;6;2012;0;18;"20120618"
"178.6.125.245";"DE";7.311000;51.474500;"AS3209 Vodafone GmbH";"mlab3-ham01";0.025658;1114664.910030;"0.004012999";"darwin";"80.239.142.238";"speedtest";1340047967;108791.643895;0.026279;"ec6cb0ee-2f10-446c-8f6c-d529280e7e5d";3209;"07";"Bochum";21;6;2012;0;18;"20120618"
"178.13.177.34";"DE";9.000000;51.000000;"AS3209 Vodafone GmbH";"mlab3-ham01";0.063428;841716.951194;"0.004005999";"linux2";"80.239.142.238";"bittorrent";1340047978;145912.789426;-1.000000;"d80ec3cc-e940-4362-bb5a-c2bf17a6fd0d";3209;"";"";21;6;2012;0;18;"20120618"
"92.200.7.193";"DE";9.700900;48.694400;"AS20676 QSC AG";"mlab3-ham01";0.038540;1195846.554128;"0.004012999";"darwin";"80.239.142.238";"bittorrent";1340048013;97357.125137;-1.000000;"2ae1a06d-85e1-4e7e-9214-10e08a3a30ab";20676;"01";"Eislingen";21;6;2012;0;18;"20120618"
"217.235.122.86";"DE";11.025600;49.329200;"AS3320 Deutsche Telekom AG";"mlab3-ham01";0.065218;368497.408951;"0.004012999";"win32";"80.239.142.238";"bittorrent";1340048176;46676.048607;-1.000000;"25329937-558d-46a5-ad71-2b2adc1d8807";3320;"02";"Schwabach";21;6;2012;0;18;"20120618"
"46.115.25.230";"DE";9.000000;51.000000;"AS12638 E-Plus Mobilfunk GmbH & Co. KG";"mlab3-ham01";0.433558;59524.020917;"0.004012999";"darwin";"80.239.142.238";"bittorrent";1340048314;38258.176261;-1.000000;"4baef5fd-7f85-41c9-b289-0d4d24e485da";12638;"";"";21;6;2012;0;18;"20120618"
"87.143.16.198";"DE";11.100000;51.150000;"AS3320 Deutsche Telekom AG";"mlab3-ham01";0.033825;1289693.018400;"0.004012999";"darwin";"80.239.142.238";"bittorrent";1340048367;93182.621065;-1.000000;"95120f16-54c4-4444-b2d8-e87391844949";3320;"15";"Sömmerda";21;6;2012;0;18;"20120618"
"93.220.49.47";"DE";13.400000;52.516700;"AS3320 Deutsche Telekom AG";"mlab3-ham01";0.025105;2197721.691113;"0.004012999";"win32";"80.239.142.238";"bittorrent";1340048410;656252.142218;-1.000000;"8ac1e576-29fc-4381-9927-cecba6229ca7";3320;"16";"Berlin";21;6;2012;0;18;"20120618"
"84.62.44.105";"DE";6.785500;51.246500;"AS3209 Vodafone GmbH";"mlab3-ham01";0.016947;319643.602050;"0.004012999";"win32";"80.239.142.238";"bittorrent";1340048429;51544.960607;-1.000000;"ced6b13f-4229-47ba-9400-c4b8931d7c7c";3209;"07";"Düsseldorf";21;6;2012;0;18;"20120618"
"93.219.83.124";"DE";13.066700;52.400000;"AS3320 Deutsche Telekom AG";"mlab3-ham01";0.022692;5565371.360810;"0.004012999";"linux2";"80.239.142.238";"speedtest";1340048572;1033033.154630;0.022679;"2522fb79-4e59-4c68-b014-2c4570739a62";3320;"11";"Potsdam";21;6;2012;0;18;"20120618"
"217.252.108.118";"DE";8.550000;48.083300;"AS3320 Deutsche Telekom AG";"mlab3-ham01";0.123408;206894.965089;"0.004012999";"win32";"80.239.142.238";"bittorrent";1340048578;34031.986705;-1.000000;"13c4b97b-dd9b-4d0d-9ae7-2eff4b187e28";3320;"01";"Dauchingen";21;6;2012;0;18;"20120618"
"78.54.81.245";"DE";9.935300;53.550300;"AS13184 Telefonica Germany GmbH & Co.OHG";"mlab3-ham01";0.030038;647482.167173;"0.004012999";"darwin";"80.239.142.238";"bittorrent";1340048606;78137.766379;-1.000000;"6875689a-fe8f-4f49-a0c9-e1f77ed45792";13184;"04";"Hamburg";21;6;2012;0;18;"20120618"
"217.238.87.147";"DE";8.850000;48.283300;"AS3320 Deutsche Telekom AG";"mlab3-ham01";0.027390;1572509.131250;"0.004012999";"darwin";"80.239.142.238";"speedtest";1340048789;68728.825273;0.031678;"9c68b0e6-01ea-450f-a537-a94ee7a39856";3320;"01";"Balingen";21;6;2012;0;18;"20120618"
"93.130.235.157";"DE";6.550000;51.266700;"AS6805 Telefonica Germany GmbH & Co.OHG";"mlab3-ham01";0.038698;339110.852510;"0.004012999";"linux2";"80.239.142.238";"speedtest";1340049069;44324.472601;0.042778;"77658477-f823-4da0-9751-57a2251a55c9";6805;"07";"Willich";21;6;2012;0;18;"20120618"
"141.23.78.212";"DE";13.400000;52.516700;"AS680 Verein zur Foerderung eines Deutschen Forschungsnetzes e.V.";"mlab3-ham01";0.204197;7901638.944730;"0.004012999";"win32";"80.239.142.238";"speedtest";1340049247;8120868.791280;0.010233;"e41d9ff4-7130-4221-98c3-80b15c14f890";680;"16";"Berlin";21;6;2012;0;18;"20120618"
"188.108.103.6";"DE";10.133300;54.333300;"AS3209 Vodafone GmbH";"mlab3-ham01";0.017764;1579672.352251;"0.004012999";"win32";"80.239.142.238";"bittorrent";1340049704;83718.766743;-1.000000;"90b4ab67-12f0-4448-b7b6-4f7333e84971";3209;"10";"Kiel";22;6;2012;0;18;"20120618"
"85.182.40.72";"DE";7.450000;51.516700;"AS13184 Telefonica Germany GmbH & Co.OHG";"mlab3-ham01";0.055524;929853.373676;"0.004012999";"linux2";"80.239.142.238";"bittorrent";1340049768;85010.930152;-1.000000;"4461622b-002e-4033-b06e-34562c12f1f2";13184;"07";"Dortmund";22;6;2012;0;18;"20120618"
"87.143.16.198";"DE";11.100000;51.150000;"AS3320 Deutsche Telekom AG";"mlab3-ham01";0.032027;1263274.907840;"0.004012999";"darwin";"80.239.142.238";"speedtest";1340049810;92764.531153;0.035527;"95120f16-54c4-4444-b2d8-e87391844949";3320;"15";"Sömmerda";22;6;2012;0;18;"20120618"
"217.252.108.118";"DE";8.550000;48.083300;"AS3320 Deutsche Telekom AG";"mlab3-ham01";0.091847;198888.785834;"0.004012999";"win32";"80.239.142.238";"speedtest";1340049996;41999.982835;0.151086;"13c4b97b-dd9b-4d0d-9ae7-2eff4b187e28";3320;"01";"Dauchingen";22;6;2012;0;18;"20120618"
"188.193.244.188";"DE";9.000000;51.000000;"AS31334 Kabel Deutschland Vertrieb und Service GmbH";"mlab3-ham01";0.030237;2169121.124630;"0.004011999";"linux2";"80.239.142.238";"speedtest";1340050045;743235.885860;0.030504;"9f89ee34-a114-46cb-a58c-d520d561108c";31334;"";"";22;6;2012;0;18;"20120618"
"93.130.189.86";"DE";6.795700;51.421600;"AS6805 Telefonica Germany GmbH & Co.OHG";"mlab3-ham01";0.040687;734082.514511;"0.004012999";"linux2";"80.239.142.238";"bittorrent";1340050074;114508.697884;-1.000000;"7795b227-a577-4d12-98de-e1f745bbdf1f";6805;"07";"Duisburg";22;6;2012;0;18;"20120618"
"158.181.74.53";"DE";13.400000;52.516700;"AS20880 Tele Columbus GmbH";"mlab3-ham01";0.121074;193740.759592;"0.004009999";"win32";"80.239.142.238";"speedtest";1340050182;48086.432891;0.276965;"37c3071a-d3f4-42e5-8392-d7afffaf5e6c";20880;"16";"Berlin";22;6;2012;0;18;"20120618"
"78.54.81.245";"DE";9.935300;53.550300;"AS13184 Telefonica Germany GmbH & Co.OHG";"mlab3-ham01";0.025277;634972.801148;"0.004012999";"darwin";"80.239.142.238";"speedtest";1340050200;79172.212266;0.030263;"6875689a-fe8f-4f49-a0c9-e1f77ed45792";13184;"04";"Hamburg";22;6;2012;0;18;"20120618"
"217.238.87.147";"DE";8.850000;48.283300;"AS3320 Deutsche Telekom AG";"mlab3-ham01";0.027820;1615882.124422;"0.004012999";"darwin";"80.239.142.238";"bittorrent";1340050361;68854.925291;-1.000000;"9c68b0e6-01ea-450f-a537-a94ee7a39856";3320;"01";"Balingen";22;6;2012;0;18;"20120618"
"94.219.178.130";"DE";8.647500;49.955300;"AS3209 Vodafone GmbH";"mlab3-ham01";0.699503;192197.313604;"0.004012999";"darwin";"80.239.142.238";"speedtest";1340050407;50854.630113;0.373922;"81629ab0-96cf-48a2-bdd6-429233ae5325";3209;"05";"Erzhausen";22;6;2012;0;18;"20120618"
"95.89.147.151";"DE";7.364900;49.249000;"AS31334 Kabel Deutschland Vertrieb und Service GmbH";"mlab3-ham01";0.031629;8042312.954070;"0.004012999";"win32";"80.239.142.238";"speedtest";1340050459;660801.257821;0.029959;"6016980c-587e-4542-a75f-35eac912aa21";31334;"08";"Zweibrücken";22;6;2012;0;18;"20120618"
"91.50.121.99";"DE";6.333300;51.400000;"AS3320 Deutsche Telekom AG";"mlab3-ham01";0.021136;5629314.043980;"0.004011999";"win32";"80.239.142.238";"speedtest";1340050474;1142133.384610;0.021631;"540af2e6-2c0b-4173-a8ac-fd971d1b6fcb";3320;"07";"Wachtendonk";22;6;2012;0;18;"20120618"
"91.64.126.99";"DE";13.400000;52.516700;"AS31334 Kabel Deutschland Vertrieb und Service GmbH";"mlab3-ham01";0.016684;1302806.720060;"0.004012999";"win32";"80.239.142.238";"speedtest";1340050558;227358.593353;0.018806;"6b7b73d2-41df-4e04-a873-c90a2e3d55a4";31334;"16";"Berlin";22;6;2012;0;18;"20120618"
"92.77.246.228";"DE";10.000000;53.550000;"AS3209 Vodafone GmbH";"mlab3-ham01";0.030040;1373842.439758;"0.004012999";"win32";"80.239.142.238";"bittorrent";1340050727;95024.197491;-1.000000;"35cb00ec-8dd5-4c10-b6d8-af0ca91cadc2";3209;"04";"Hamburg";22;6;2012;0;18;"20120618"
"77.23.61.29";"DE";9.000000;51.000000;"AS31334 Kabel Deutschland Vertrieb und Service GmbH";"mlab3-ham01";0.025156;1980802.507280;"0.004012999";"win32";"80.239.142.238";"speedtest";1340050800;56472.539511;0.031206;"898e2e06-ef2e-44fb-aafd-ae145f8e32af";31334;"";"";22;6;2012;0;18;"20120618"
"77.3.250.96";"DE";8.833300;47.766700;"AS6805 Telefonica Germany GmbH & Co.OHG";"mlab3-ham01";0.037513;1534621.839059;"0.004012999";"darwin";"80.239.142.238";"bittorrent";1340050893;120766.148079;-1.000000;"7f6dfa2b-14ff-4d0d-8b49-2d9db3f1749a";6805;"01";"Singen";22;6;2012;0;18;"20120618"
"91.66.80.187";"DE";13.426900;52.487300;"AS31334 Kabel Deutschland Vertrieb und Service GmbH";"mlab3-ham01";0.019831;3035459.668330;"0.004012999";"win32";"80.239.142.238";"speedtest";1340050947;209779.660997;0.020845;"d7f48b63-cb3b-4cb1-9641-64a4a394afcb";31334;"16";"Berlin";22;6;2012;0;18;"20120618"
"87.179.66.249";"DE";11.033300;50.983300;"AS3320 Deutsche Telekom AG";"mlab3-ham01";0.016456;1770404.864477;"0.004011999";"linux2";"80.239.142.238";"bittorrent";1340051069;121671.862353;-1.000000;"0575caf1-8a3d-4ae0-8b6e-5caaddb74121";3320;"15";"Erfurt";22;6;2012;0;18;"20120618"
"79.203.86.53";"DE";11.583300;48.150000;"AS3320 Deutsche Telekom AG";"mlab3-ham01";0.024375;1331304.776230;"0.004012999";"darwin";"80.239.142.238";"speedtest";1340051229;102315.125773;0.027112;"0445411f-1a91-486e-aa99-34aa63e4af95";3320;"02";"Munich";22;6;2012;0;18;"20120618"
"84.62.44.105";"DE";6.785500;51.246500;"AS3209 Vodafone GmbH";"mlab3-ham01";0.016225;361342.711968;"0.004012999";"win32";"80.239.142.238";"bittorrent";1340051315;64681.332657;-1.000000;"ced6b13f-4229-47ba-9400-c4b8931d7c7c";3209;"07";"Düsseldorf";22;6;2012;0;18;"20120618"
"88.73.250.177";"DE";11.033300;50.983300;"AS3209 Vodafone GmbH";"mlab3-ham01";0.017180;631951.108336;"0.004010999";"win32";"80.239.142.238";"bittorrent";1340051373;76148.458600;-1.000000;"737c65f9-12e2-47a9-9e14-942857e0d0b6";3209;"15";"Erfurt";22;6;2012;0;18;"20120618"
"217.252.108.118";"DE";8.550000;48.083300;"AS3320 Deutsche Telekom AG";"mlab3-ham01";0.223697;324761.925756;"0.004012999";"win32";"80.239.142.238";"bittorrent";1340051415;18091.252257;-1.000000;"13c4b97b-dd9b-4d0d-9ae7-2eff4b187e28";3320;"01";"Dauchingen";22;6;2012;0;18;"20120618"
"91.35.33.88";"DE";9.433300;54.783300;"AS3320 Deutsche Telekom AG";"mlab3-ham01";0.012387;1492738.850750;"0.004012999";"win32";"80.239.142.238";"speedtest";1340051451;66440.587278;0.015873;"71ef70e0-ac7c-408a-99b6-991bcb0563bb";3320;"10";"Flensburg";22;6;2012;0;18;"20120618"
"188.101.90.244";"DE";7.439400;51.380100;"AS3209 Vodafone GmbH";"mlab3-ham01";0.019214;433388.268102;"0.004012999";"linux2";"80.239.142.238";"bittorrent";1340051541;76862.523664;-1.000000;"1ff4cb94-d263-4238-8a05-89a9dd938d1c";3209;"07";"Hagen";22;6;2012;0;18;"20120618"
"93.130.189.86";"DE";6.795700;51.421600;"AS6805 Telefonica Germany GmbH & Co.OHG";"mlab3-ham01";0.042055;698989.174731;"0.004012999";"linux2";"80.239.142.238";"speedtest";1340051581;113565.433829;0.044015;"7795b227-a577-4d12-98de-e1f745bbdf1f";6805;"07";"Duisburg";22;6;2012;0;18;"20120618"
"217.238.87.147";"DE";8.850000;48.283300;"AS3320 Deutsche Telekom AG";"mlab3-ham01";0.027119;1572857.274580;"0.004012999";"darwin";"80.239.142.238";"speedtest";1340051931;70362.919649;0.031380;"9c68b0e6-01ea-450f-a537-a94ee7a39856";3320;"01";"Balingen";22;6;2012;0;18;"20120618"
"46.223.18.206";"DE";8.385800;49.004700;"AS29562 Kabel BW GmbH";"mlab3-ham01";0.033230;1690366.683750;"0.004012999";"win32";"80.239.142.238";"speedtest";1340051962;310958.855649;0.034330;"62a0c3ba-8531-44c5-b8a3-ca82d00981cd";29562;"01";"Karlsruhe";22;6;2012;0;18;"20120618"
"79.242.208.61";"DE";9.000000;51.000000;"AS3320 Deutsche Telekom AG";"mlab3-ham01";0.023513;1289489.461000;"0.004012999";"win32";"80.239.142.238";"speedtest";1340051978;124442.717593;0.026719;"5d339a24-8369-4b94-9c59-021adecef5a6";3320;"";"";22;6;2012;0;18;"20120618"
"178.13.177.34";"DE";9.000000;51.000000;"AS3209 Vodafone GmbH";"mlab3-ham01";0.092065;627191.656212;"0.004005999";"linux2";"80.239.142.238";"speedtest";1340052237;133390.299931;0.075322;"d80ec3cc-e940-4362-bb5a-c2bf17a6fd0d";3209;"";"";22;6;2012;0;18;"20120618"
"77.22.67.251";"DE";10.650000;52.250000;"AS31334 Kabel Deutschland Vertrieb und Service GmbH";"mlab3-ham01";0.027865;1645410.948759;"0.004012999";"win32";"80.239.142.238";"bittorrent";1340052289;758953.701927;-1.000000;"c1c874f5-0b6d-404d-8ecb-238232884c73";31334;"06";"Cremlingen";22;6;2012;0;18;"20120618"
"77.23.61.29";"DE";9.000000;51.000000;"AS31334 Kabel Deutschland Vertrieb und Service GmbH";"mlab3-ham01";0.024764;2519355.097538;"0.004012999";"win32";"80.239.142.238";"bittorrent";1340052304;52632.431087;-1.000000;"898e2e06-ef2e-44fb-aafd-ae145f8e32af";31334;"";"";22;6;2012;0;18;"20120618"
"91.66.80.187";"DE";13.426900;52.487300;"AS31334 Kabel Deutschland Vertrieb und Service GmbH";"mlab3-ham01";0.015924;2556972.324492;"0.004012999";"win32";"80.239.142.238";"bittorrent";1340052376;189517.603072;-1.000000;"d7f48b63-cb3b-4cb1-9641-64a4a394afcb";31334;"16";"Berlin";22;6;2012;0;18;"20120618"
"178.6.125.245";"DE";7.311000;51.474500;"AS3209 Vodafone GmbH";"mlab3-ham01";0.023943;1064767.395387;"0.004012999";"darwin";"80.239.142.238";"bittorrent";1340052387;118692.810833;-1.000000;"ec6cb0ee-2f10-446c-8f6c-d529280e7e5d";3209;"07";"Bochum";22;6;2012;0;18;"20120618"
"77.3.250.96";"DE";8.833300;47.766700;"AS6805 Telefonica Germany GmbH & Co.OHG";"mlab3-ham01";0.036207;1378823.954470;"0.004012999";"darwin";"80.239.142.238";"speedtest";1340052447;112963.745166;0.039111;"7f6dfa2b-14ff-4d0d-8b49-2d9db3f1749a";6805;"01";"Singen";22;6;2012;0;18;"20120618"
"188.108.103.6";"DE";10.133300;54.333300;"AS3209 Vodafone GmbH";"mlab3-ham01";0.018254;1645002.815356;"0.004012999";"win32";"80.239.142.238";"bittorrent";1340052486;118534.142473;-1.000000;"90b4ab67-12f0-4448-b7b6-4f7333e84971";3209;"10";"Kiel";22;6;2012;0;18;"20120618"
"188.107.5.72";"DE";8.450000;50.133300;"AS3209 Vodafone GmbH";"mlab3-ham01";0.023897;129300.419378;"0.004012999";"win32";"80.239.142.238";"bittorrent";1340052501;13650.141517;-1.000000;"8d185344-90ee-417c-b236-5d9f35178efb";3209;"05";"Kelkheim";22;6;2012;0;18;"20120618"
"84.151.239.50";"DE";6.950000;50.933300;"AS3320 Deutsche Telekom AG";"mlab3-ham01";0.028144;4993614.049630;"0.004012999";"win32";"80.239.142.238";"speedtest";1340052670;1114724.166300;0.028632;"9eff3e01-317a-4ea6-9b53-70ceaef409e3";3320;"07";"Köln";22;6;2012;0;18;"20120618"
"87.143.16.198";"DE";11.100000;51.150000;"AS3320 Deutsche Telekom AG";"mlab3-ham01";0.032393;1295967.495100;"0.004012999";"darwin";"80.239.142.238";"speedtest";1340052699;92700.527670;0.035449;"95120f16-54c4-4444-b2d8-e87391844949";3320;"15";"Sömmerda";22;6;2012;0;18;"20120618"
"217.86.136.234";"DE";9.000000;51.000000;"AS3320 Deutsche Telekom AG";"mlab3-ham01";0.042579;5660112.886616;"0.004011999";"win32";"80.239.142.238";"bittorrent";1340052763;1018767.169638;-1.000000;"627b8c63-1d61-4f22-9e44-28d71cc70e2e";3320;"";"";22;6;2012;0;18;"20120618"
"217.252.108.118";"DE";8.550000;48.083300;"AS3320 Deutsche Telekom AG";"mlab3-ham01";0.068241;247199.914847;"0.004012999";"win32";"80.239.142.238";"speedtest";1340052829;38249.038002;0.070182;"13c4b97b-dd9b-4d0d-9ae7-2eff4b187e28";3320;"01";"Dauchingen";22;6;2012;0;18;"20120618"
"134.3.108.253";"DE";8.655900;49.548100;"AS29562 Kabel BW GmbH";"mlab3-ham01";0.051296;970789.121424;"0.004012999";"win32";"80.239.142.238";"speedtest";1340052985;17627.035256;0.042863;"b19b7ad5-78b3-4536-a644-3d3027bc00ab";29562;"01";"Weinheim";22;6;2012;0;18;"20120618"
"92.195.115.156";"DE";11.033300;50.983300;"AS20676 QSC AG";"mlab3-ham01";0.156527;186504.546680;"0.004012999";"darwin";"80.239.142.238";"bittorrent";1340053047;41872.969516;-1.000000;"81014317-071d-48ad-b6b8-adca554fbdf6";20676;"15";"Erfurt";22;6;2012;0;18;"20120618"
"188.101.90.244";"DE";7.439400;51.380100;"AS3209 Vodafone GmbH";"mlab3-ham01";0.019021;339536.353632;"0.004012999";"linux2";"80.239.142.238";"speedtest";1340053254;77483.686034;0.044112;"1ff4cb94-d263-4238-8a05-89a9dd938d1c";3209;"07";"Hagen";23;6;2012;0;18;"20120618"
"188.193.244.188";"DE";9.000000;51.000000;"AS31334 Kabel Deutschland Vertrieb und Service GmbH";"mlab3-ham01";0.028848;2346988.450620;"0.004011999";"linux2";"80.239.142.238";"speedtest";1340053186;679437.417770;0.031844;"9f89ee34-a114-46cb-a58c-d520d561108c";31334;"";"";22;6;2012;0;18;"20120618"
"93.219.83.124";"DE";13.066700;52.400000;"AS3320 Deutsche Telekom AG";"mlab3-ham01";0.022190;5398813.012797;"0.004012999";"linux2";"80.239.142.238";"bittorrent";1340053341;974590.163131;-1.000000;"2522fb79-4e59-4c68-b014-2c4570739a62";3320;"11";"Potsdam";23;6;2012;0;18;"20120618"
"87.142.175.167";"DE";10.094400;53.706700;"AS3320 Deutsche Telekom AG";"mlab3-ham01";0.021353;1254775.198473;"0.004012999";"darwin";"80.239.142.238";"bittorrent";1340053528;111087.291278;-1.000000;"4b7f2ce0-70b7-4a89-ab11-52e3eb5a4189";3320;"04";"Hamburg";23;6;2012;0;18;"20120618"
"95.89.147.151";"DE";7.364900;49.249000;"AS31334 Kabel Deutschland Vertrieb und Service GmbH";"mlab3-ham01";0.027456;8135960.152450;"0.004012999";"win32";"80.239.142.238";"speedtest";1340053589;576972.021261;0.029778;"6016980c-587e-4542-a75f-35eac912aa21";31334;"08";"Zweibrücken";23;6;2012;0;18;"20120618"
"91.64.126.99";"DE";13.400000;52.516700;"AS31334 Kabel Deutschland Vertrieb und Service GmbH";"mlab3-ham01";0.026483;1449538.298060;"0.004012999";"win32";"80.239.142.238";"speedtest";1340053621;222324.724682;0.018467;"6b7b73d2-41df-4e04-a873-c90a2e3d55a4";31334;"16";"Berlin";23;6;2012;0;18;"20120618"
"141.23.78.212";"DE";13.400000;52.516700;"AS680 Verein zur Foerderung eines Deutschen Forschungsnetzes e.V.";"mlab3-ham01";0.008735;8748879.451791;"0.004012999";"win32";"80.239.142.238";"bittorrent";1340053816;7307091.930251;-1.000000;"e41d9ff4-7130-4221-98c3-80b15c14f890";680;"16";"Berlin";23;6;2012;0;18;"20120618"
"84.62.44.105";"DE";6.785500;51.246500;"AS3209 Vodafone GmbH";"mlab3-ham01";0.015516;384586.660935;"0.004012999";"win32";"80.239.142.238";"bittorrent";1340054211;30220.885600;-1.000000;"ced6b13f-4229-47ba-9400-c4b8931d7c7c";3209;"07";"Düsseldorf";23;6;2012;0;18;"20120618"
"87.169.236.230";"DE";13.400000;52.516700;"AS3320 Deutsche Telekom AG";"mlab3-ham01";0.024880;5212744.806250;"0.004012999";"darwin";"80.239.142.238";"speedtest";1340054232;1033285.104660;0.025460;"f7e74337-5111-4d6a-a11a-2ef4a0c4db50";3320;"16";"Berlin";23;6;2012;0;18;"20120618"
"217.252.108.118";"DE";8.550000;48.083300;"AS3320 Deutsche Telekom AG";"mlab3-ham01";0.259261;146412.736203;"0.004012999";"win32";"80.239.142.238";"bittorrent";1340054267;32940.872243;-1.000000;"13c4b97b-dd9b-4d0d-9ae7-2eff4b187e28";3320;"01";"Dauchingen";23;6;2012;0;18;"20120618"
"79.203.86.53";"DE";11.583300;48.150000;"AS3320 Deutsche Telekom AG";"mlab3-ham01";0.023636;1320363.201130;"0.004012999";"darwin";"80.239.142.238";"speedtest";1340054398;68189.543906;0.027076;"0445411f-1a91-486e-aa99-34aa63e4af95";3320;"02";"Munich";23;6;2012;0;18;"20120618"
"92.195.115.156";"DE";11.033300;50.983300;"AS20676 QSC AG";"mlab3-ham01";0.064196;235363.674271;"0.004012999";"darwin";"80.239.142.238";"speedtest";1340054536;45484.481275;0.069171;"81014317-071d-48ad-b6b8-adca554fbdf6";20676;"15";"Erfurt";23;6;2012;0;18;"20120618"
"194.29.236.67";"DE";13.400000;52.516700;"AS20647 IPB Internet Provider in Berlin GmbH";"mlab3-ham01";0.032636;195443.270361;"0.004012999";"linux2";"80.239.142.238";"bittorrent";1340054626;475888.979314;-1.000000;"758cc354-ac16-4a47-90b8-16db3465444a";20647;"16";"Berlin";23;6;2012;0;18;"20120618"
"77.12.203.52";"DE";13.400000;52.516700;"AS6805 Telefonica Germany GmbH & Co.OHG";"mlab3-ham01";0.061417;841995.292254;"0.004012999";"darwin";"80.239.142.238";"speedtest";1340054629;86893.526694;0.070254;"58702c42-fe45-49c2-94a4-4df8118774bb";6805;"16";"Berlin";23;6;2012;0;18;"20120618"
"188.101.90.244";"DE";7.439400;51.380100;"AS3209 Vodafone GmbH";"mlab3-ham01";0.018796;439261.242698;"0.004012999";"linux2";"80.239.142.238";"bittorrent";1340054789;76600.491389;-1.000000;"1ff4cb94-d263-4238-8a05-89a9dd938d1c";3209;"07";"Hagen";23;6;2012;0;18;"20120618"
"78.54.81.245";"DE";9.935300;53.550300;"AS13184 Telefonica Germany GmbH & Co.OHG";"mlab3-ham01";0.028644;648434.551490;"0.004012999";"darwin";"80.239.142.238";"bittorrent";1340054993;77833.177386;-1.000000;"6875689a-fe8f-4f49-a0c9-e1f77ed45792";13184;"04";"Hamburg";23;6;2012;0;18;"20120618"
"188.108.103.6";"DE";10.133300;54.333300;"AS3209 Vodafone GmbH";"mlab3-ham01";0.032601;304633.549811;"0.004012999";"win32";"80.239.142.238";"bittorrent";1340055319;59762.332036;-1.000000;"90b4ab67-12f0-4448-b7b6-4f7333e84971";3209;"10";"Kiel";23;6;2012;0;18;"20120618"
"178.6.125.245";"DE";7.311000;51.474500;"AS3209 Vodafone GmbH";"mlab3-ham01";0.024476;1069228.194798;"0.004012999";"darwin";"80.239.142.238";"bittorrent";1340055332;118720.413881;-1.000000;"ec6cb0ee-2f10-446c-8f6c-d529280e7e5d";3209;"07";"Bochum";23;6;2012;0;18;"20120618"
"46.115.25.230";"DE";9.000000;51.000000;"AS12638 E-Plus Mobilfunk GmbH & Co. KG";"mlab3-ham01";0.515152;57753.480073;"0.004012999";"darwin";"80.239.142.238";"speedtest";1340055411;10255.287951;0.219519;"4baef5fd-7f85-41c9-b289-0d4d24e485da";12638;"";"";23;6;2012;0;18;"20120618"
"82.83.62.103";"DE";9.000000;51.000000;"AS3209 Vodafone GmbH";"mlab3-ham01";0.019804;1708071.990771;"0.004012999";"linux2";"80.239.142.238";"bittorrent";1340055487;37100.618731;-1.000000;"e7b78883-6949-44d7-bffa-646118b01e16";3209;"";"";23;6;2012;0;18;"20120618"
"87.169.236.230";"DE";13.400000;52.516700;"AS3320 Deutsche Telekom AG";"mlab3-ham01";0.024788;5261328.966018;"0.004012999";"darwin";"80.239.142.238";"bittorrent";1340055658;1023053.824988;-1.000000;"f7e74337-5111-4d6a-a11a-2ef4a0c4db50";3320;"16";"Berlin";23;6;2012;0;18;"20120618"
"217.252.108.118";"DE";8.550000;48.083300;"AS3320 Deutsche Telekom AG";"mlab3-ham01";0.068597;161596.012034;"0.004012999";"win32";"80.239.142.238";"speedtest";1340055687;26778.635348;0.138302;"13c4b97b-dd9b-4d0d-9ae7-2eff4b187e28";3320;"01";"Dauchingen";23;6;2012;0;18;"20120618"
"93.220.49.47";"DE";13.400000;52.516700;"AS3320 Deutsche Telekom AG";"mlab3-ham01";0.024848;2580052.928620;"0.004012999";"win32";"80.239.142.238";"speedtest";1340055775;1033237.919890;0.025384;"8ac1e576-29fc-4381-9927-cecba6229ca7";3320;"16";"Berlin";23;6;2012;0;18;"20120618"
"88.217.69.131";"DE";10.883300;48.366700;"AS8767 M-net Telekommunikations GmbH, Germany";"mlab3-ham01";0.046542;1537729.416393;"0.004012999";"win32";"80.239.142.238";"bittorrent";1340055871;129266.764236;-1.000000;"1ccde378-8b74-4c88-bb1e-35d1b840d68d";8767;"02";"Augsburg";23;6;2012;0;18;"20120618"
"79.203.86.53";"DE";11.583300;48.150000;"AS3320 Deutsche Telekom AG";"mlab3-ham01";0.025788;1322197.976702;"0.004012999";"darwin";"80.239.142.238";"bittorrent";1340055984;82985.519515;-1.000000;"0445411f-1a91-486e-aa99-34aa63e4af95";3320;"02";"Munich";23;6;2012;0;18;"20120618"
"91.35.33.88";"DE";9.433300;54.783300;"AS3320 Deutsche Telekom AG";"mlab3-ham01";0.011345;1531270.251987;"0.004012999";"win32";"80.239.142.238";"bittorrent";1340056109;77716.612192;-1.000000;"71ef70e0-ac7c-408a-99b6-991bcb0563bb";3320;"10";"Flensburg";23;6;2012;0;18;"20120618"
"91.50.121.99";"DE";6.333300;51.400000;"AS3320 Deutsche Telekom AG";"mlab3-ham01";0.023054;5655685.656230;"0.004011999";"win32";"80.239.142.238";"speedtest";1340056324;1142994.904640;0.020518;"540af2e6-2c0b-4173-a8ac-fd971d1b6fcb";3320;"07";"Wachtendonk";23;6;2012;0;18;"20120618"
"87.142.175.167";"DE";10.094400;53.706700;"AS3320 Deutsche Telekom AG";"mlab3-ham01";0.026712;1361527.930830;"0.004012999";"darwin";"80.239.142.238";"bittorrent";1340056341;120967.569658;-1.000000;"4b7f2ce0-70b7-4a89-ab11-52e3eb5a4189";3320;"04";"Hamburg";23;6;2012;0;18;"20120618"
"217.238.87.147";"DE";8.850000;48.283300;"AS3320 Deutsche Telekom AG";"mlab3-ham01";0.028073;1619202.358022;"0.004012999";"darwin";"80.239.142.238";"bittorrent";1340056647;70252.813340;-1.000000;"9c68b0e6-01ea-450f-a537-a94ee7a39856";3320;"01";"Balingen";23;6;2012;0;18;"20120618"
"91.66.80.187";"DE";13.426900;52.487300;"AS31334 Kabel Deutschland Vertrieb und Service GmbH";"mlab3-ham01";0.015825;2430590.686430;"0.004012999";"win32";"80.239.142.238";"speedtest";1340056653;227286.331954;0.020088;"d7f48b63-cb3b-4cb1-9641-64a4a394afcb";31334;"16";"Berlin";23;6;2012;0;18;"20120618"
"95.89.147.151";"DE";7.364900;49.249000;"AS31334 Kabel Deutschland Vertrieb und Service GmbH";"mlab3-ham01";0.026723;8235148.599440;"0.004012999";"win32";"80.239.142.238";"speedtest";1340056719;646316.331036;0.030371;"6016980c-587e-4542-a75f-35eac912aa21";31334;"08";"Zweibrücken";23;6;2012;0;18;"20120618"
"77.23.61.29";"DE";9.000000;51.000000;"AS31334 Kabel Deutschland Vertrieb und Service GmbH";"mlab3-ham01";0.024140;2410025.939050;"0.004012999";"win32";"80.239.142.238";"speedtest";1340056707;58178.581754;0.025380;"898e2e06-ef2e-44fb-aafd-ae145f8e32af";31334;"";"";23;6;2012;0;18;"20120618"
"178.6.125.245";"DE";7.311000;51.474500;"AS3209 Vodafone GmbH";"mlab3-ham01";0.040722;347208.744664;"0.004012999";"darwin";"80.239.142.238";"speedtest";1340056817;65512.086675;0.045697;"ec6cb0ee-2f10-446c-8f6c-d529280e7e5d";3209;"07";"Bochum";0;6;2012;1;19;"20120618"
"217.252.108.118";"DE";8.550000;48.083300;"AS3320 Deutsche Telekom AG";"mlab3-ham01";0.087979;196270.086753;"0.004012999";"win32";"80.239.142.238";"bittorrent";1340057113;30502.260934;-1.000000;"13c4b97b-dd9b-4d0d-9ae7-2eff4b187e28";3320;"01";"Dauchingen";0;6;2012;1;19;"20120618"
"217.225.231.99";"DE";13.400000;52.516700;"AS3320 Deutsche Telekom AG";"mlab3-ham01";0.013660;732905.542817;"0.004012999";"darwin";"80.239.142.238";"bittorrent";1340057285;124453.805597;-1.000000;"b2df2747-03e6-4404-a510-841b2f7a2b4f";3320;"16";"Berlin";0;6;2012;1;19;"20120618"
"88.217.69.131";"DE";10.883300;48.366700;"AS8767 M-net Telekommunikations GmbH, Germany";"mlab3-ham01";0.046761;1420877.263830;"0.004012999";"win32";"80.239.142.238";"speedtest";1340057373;130616.153253;0.049448;"1ccde378-8b74-4c88-bb1e-35d1b840d68d";8767;"02";"Augsburg";0;6;2012;1;19;"20120618"
"77.12.203.52";"DE";13.400000;52.516700;"AS6805 Telefonica Germany GmbH & Co.OHG";"mlab3-ham01";0.084592;908080.103114;"0.004012999";"darwin";"80.239.142.238";"speedtest";1340057633;43175.869101;0.122087;"58702c42-fe45-49c2-94a4-4df8118774bb";6805;"16";"Berlin";0;6;2012;1;19;"20120618"
"194.29.236.67";"DE";13.400000;52.516700;"AS20647 IPB Internet Provider in Berlin GmbH";"mlab3-ham01";0.010227;140275.489736;"0.004012999";"linux2";"80.239.142.238";"bittorrent";1340057744;482426.562673;-1.000000;"758cc354-ac16-4a47-90b8-16db3465444a";20647;"16";"Berlin";0;6;2012;1;19;"20120618"
"93.130.235.157";"DE";6.550000;51.266700;"AS6805 Telefonica Germany GmbH & Co.OHG";"mlab3-ham01";0.039621;331612.785126;"0.004012999";"linux2";"80.239.142.238";"speedtest";1340057945;44280.082642;0.045022;"77658477-f823-4da0-9751-57a2251a55c9";6805;"07";"Willich";0;6;2012;1;19;"20120618"
"93.219.83.124";"DE";13.066700;52.400000;"AS3320 Deutsche Telekom AG";"mlab3-ham01";0.023283;3924228.990820;"0.004012999";"linux2";"80.239.142.238";"speedtest";1340058104;842741.950112;0.022658;"2522fb79-4e59-4c68-b014-2c4570739a62";3320;"11";"Potsdam";0;6;2012;1;19;"20120618"
"91.64.126.99";"DE";13.400000;52.516700;"AS31334 Kabel Deutschland Vertrieb und Service GmbH";"mlab3-ham01";0.016715;2411457.551504;"0.004012999";"win32";"80.239.142.238";"bittorrent";1340058200;226981.072731;-1.000000;"6b7b73d2-41df-4e04-a873-c90a2e3d55a4";31334;"16";"Berlin";0;6;2012;1;19;"20120618"
"85.180.184.118";"DE";8.683300;50.116700;"AS13184 Telefonica Germany GmbH & Co.OHG";"mlab3-ham01";0.019633;1424078.153270;"0.004012999";"darwin";"80.239.142.238";"speedtest";1340058206;114859.187520;0.027616;"4a7acde3-b2a8-410c-9408-67f722112ef1";13184;"05";"Frankfurt Am Main";0;6;2012;1;19;"20120618"
"77.23.61.29";"DE";9.000000;51.000000;"AS31334 Kabel Deutschland Vertrieb und Service GmbH";"mlab3-ham01";0.024329;2510443.426428;"0.004012999";"win32";"80.239.142.238";"bittorrent";1340058210;56126.446286;-1.000000;"898e2e06-ef2e-44fb-aafd-ae145f8e32af";31334;"";"";0;6;2012;1;19;"20120618"
"87.169.236.230";"DE";13.400000;52.516700;"AS3320 Deutsche Telekom AG";"mlab3-ham01";0.025747;5338969.579896;"0.004012999";"darwin";"80.239.142.238";"bittorrent";1340058507;1041826.841212;-1.000000;"f7e74337-5111-4d6a-a11a-2ef4a0c4db50";3320;"16";"Berlin";0;6;2012;1;19;"20120618"
"84.62.53.194";"DE";6.766700;51.216700;"AS3209 Vodafone GmbH";"mlab3-ham01";0.015185;433456.861808;"0.004012999";"win32";"80.239.142.238";"speedtest";1340058552;4083.165313;0.321651;"ced6b13f-4229-47ba-9400-c4b8931d7c7c";3209;"07";"Düsseldorf";0;6;2012;1;19;"20120618"
"178.27.166.176";"DE";9.000000;51.000000;"AS31334 Kabel Deutschland Vertrieb und Service GmbH";"mlab3-ham01";0.034015;1546548.155868;"0.004012999";"win32";"80.239.142.238";"bittorrent";1340058899;207669.606401;-1.000000;"d771b38f-8330-4a86-9b4b-32a67f184450";31334;"";"";0;6;2012;1;19;"20120618"
"92.195.115.156";"DE";11.033300;50.983300;"AS20676 QSC AG";"mlab3-ham01";0.743567;125264.197411;"0.004012999";"darwin";"80.239.142.238";"bittorrent";1340059024;22718.920961;-1.000000;"81014317-071d-48ad-b6b8-adca554fbdf6";20676;"15";"Erfurt";0;6;2012;1;19;"20120618"
"92.77.246.228";"DE";10.000000;53.550000;"AS3209 Vodafone GmbH";"mlab3-ham01";0.026975;1494270.589201;"0.004012999";"win32";"80.239.142.238";"bittorrent";1340059200;89316.044608;-1.000000;"35cb00ec-8dd5-4c10-b6d8-af0ca91cadc2";3209;"04";"Hamburg";0;6;2012;1;19;"20120618"
"91.50.121.99";"DE";6.333300;51.400000;"AS3320 Deutsche Telekom AG";"mlab3-ham01";0.019399;5642663.577560;"0.004011999";"win32";"80.239.142.238";"speedtest";1340059249;1050349.046060;0.020055;"540af2e6-2c0b-4173-a8ac-fd971d1b6fcb";3320;"07";"Wachtendonk";0;6;2012;1;19;"20120618"
"178.13.177.34";"DE";9.000000;51.000000;"AS3209 Vodafone GmbH";"mlab3-ham01";0.074289;856894.696401;"0.004005999";"linux2";"80.239.142.238";"bittorrent";1340059339;138896.490772;-1.000000;"d80ec3cc-e940-4362-bb5a-c2bf17a6fd0d";3209;"";"";0;6;2012;1;19;"20120618"
"188.193.244.188";"DE";9.000000;51.000000;"AS31334 Kabel Deutschland Vertrieb und Service GmbH";"mlab3-ham01";0.026863;1647040.523760;"0.004011999";"linux2";"80.239.142.238";"speedtest";1340059464;735786.914746;0.047012;"9f89ee34-a114-46cb-a58c-d520d561108c";31334;"";"";0;6;2012;1;19;"20120618"
"91.66.80.187";"DE";13.426900;52.487300;"AS31334 Kabel Deutschland Vertrieb und Service GmbH";"mlab3-ham01";0.014980;2531399.528210;"0.004012999";"win32";"80.239.142.238";"speedtest";1340059503;209044.842233;0.017877;"d7f48b63-cb3b-4cb1-9641-64a4a394afcb";31334;"16";"Berlin";0;6;2012;1;19;"20120618"
"188.108.123.171";"DE";10.133300;54.333300;"AS3209 Vodafone GmbH";"mlab3-ham01";0.029848;310414.499169;"0.004012999";"win32";"80.239.142.238";"speedtest";1340059511;65974.830974;0.055684;"90b4ab67-12f0-4448-b7b6-4f7333e84971";3209;"10";"Kiel";0;6;2012;1;19;"20120618"
"95.89.147.151";"DE";7.364900;49.249000;"AS31334 Kabel Deutschland Vertrieb und Service GmbH";"mlab3-ham01";0.025065;7959126.075680;"0.004012999";"win32";"80.239.142.238";"speedtest";1340059559;579746.801662;0.028992;"6016980c-587e-4542-a75f-35eac912aa21";31334;"08";"Zweibrücken";0;6;2012;1;19;"20120618"
"92.200.7.193";"DE";9.700900;48.694400;"AS20676 QSC AG";"mlab3-ham01";0.037479;513509.475855;"0.004012999";"darwin";"80.239.142.238";"speedtest";1340059681;85568.208301;0.041265;"2ae1a06d-85e1-4e7e-9214-10e08a3a30ab";20676;"01";"Eislingen";0;6;2012;1;19;"20120618"
"78.54.81.245";"DE";9.935300;53.550300;"AS13184 Telefonica Germany GmbH & Co.OHG";"mlab3-ham01";0.028580;632822.409065;"0.004012999";"darwin";"80.239.142.238";"speedtest";1340059781;78998.971518;0.032874;"6875689a-fe8f-4f49-a0c9-e1f77ed45792";13184;"04";"Hamburg";0;6;2012;1;19;"20120618"
"85.182.40.72";"DE";7.450000;51.516700;"AS13184 Telefonica Germany GmbH & Co.OHG";"mlab3-ham01";0.060205;973815.115531;"0.004012999";"linux2";"80.239.142.238";"bittorrent";1340059861;104874.025893;-1.000000;"4461622b-002e-4033-b06e-34562c12f1f2";13184;"07";"Dortmund";0;6;2012;1;19;"20120618"
"217.252.108.118";"DE";8.550000;48.083300;"AS3320 Deutsche Telekom AG";"mlab3-ham01";0.071776;280503.914607;"0.004012999";"win32";"80.239.142.238";"bittorrent";1340059954;24336.377378;-1.000000;"13c4b97b-dd9b-4d0d-9ae7-2eff4b187e28";3320;"01";"Dauchingen";0;6;2012;1;19;"20120618"
"84.62.53.194";"DE";6.766700;51.216700;"AS3209 Vodafone GmbH";"mlab3-ham01";0.015780;462298.069195;"0.004012999";"win32";"80.239.142.238";"bittorrent";1340059994;53355.546533;-1.000000;"ced6b13f-4229-47ba-9400-c4b8931d7c7c";3209;"07";"Düsseldorf";0;6;2012;1;19;"20120618"
"188.193.244.188";"DE";9.000000;51.000000;"AS31334 Kabel Deutschland Vertrieb und Service GmbH";"mlab3-ham01";0.028787;7138157.522690;"0.004012999";"linux2";"80.239.142.238";"speedtest";1340060231;753409.154693;0.037254;"9f89ee34-a114-46cb-a58c-d520d561108c";31334;"";"";0;6;2012;1;19;"20120618"
"82.83.62.103";"DE";9.000000;51.000000;"AS3209 Vodafone GmbH";"mlab3-ham01";0.019567;1316486.566630;"0.004012999";"linux2";"80.239.142.238";"speedtest";1340060251;93612.287309;0.026796;"e7b78883-6949-44d7-bffa-646118b01e16";3209;"";"";0;6;2012;1;19;"20120618"
"46.223.18.206";"DE";8.385800;49.004700;"AS29562 Kabel BW GmbH";"mlab3-ham01";0.032056;1925668.943430;"0.004012999";"win32";"80.239.142.238";"speedtest";1340060363;311345.609489;0.034805;"62a0c3ba-8531-44c5-b8a3-ca82d00981cd";29562;"01";"Karlsruhe";0;6;2012;1;19;"20120618"
"77.12.203.52";"DE";13.400000;52.516700;"AS6805 Telefonica Germany GmbH & Co.OHG";"mlab3-ham01";0.078761;864037.141895;"0.004012999";"darwin";"80.239.142.238";"speedtest";1340060630;52693.545483;0.158128;"58702c42-fe45-49c2-94a4-4df8118774bb";6805;"16";"Berlin";1;6;2012;1;19;"20120618"
"79.203.86.53";"DE";11.583300;48.150000;"AS3320 Deutsche Telekom AG";"mlab3-ham01";0.026174;1329563.243280;"0.004012999";"darwin";"80.239.142.238";"speedtest";1340060732;118154.970949;0.028954;"0445411f-1a91-486e-aa99-34aa63e4af95";3320;"02";"Munich";1;6;2012;1;19;"20120618"
"87.178.122.108";"DE";11.500000;48.716700;"AS3320 Deutsche Telekom AG";"mlab3-ham01";0.058808;655793.190268;"0.004012999";"darwin";"80.239.142.238";"speedtest";1340060774;66205.816061;0.061390;"f3523021-8b10-4afd-9dda-2ac916ad4c9a";3320;"02";"Manching";1;6;2012;1;19;"20120618"
"141.23.78.212";"DE";13.400000;52.516700;"AS680 Verein zur Foerderung eines Deutschen Forschungsnetzes e.V.";"mlab3-ham01";0.008565;9955854.567780;"0.004012999";"win32";"80.239.142.238";"speedtest";1340060931;9798629.479540;0.010468;"e41d9ff4-7130-4221-98c3-80b15c14f890";680;"16";"Berlin";1;6;2012;1;19;"20120618"
"91.64.126.99";"DE";13.400000;52.516700;"AS31334 Kabel Deutschland Vertrieb und Service GmbH";"mlab3-ham01";0.015795;3286561.511653;"0.004012999";"win32";"80.239.142.238";"bittorrent";1340061261;245896.065942;-1.000000;"6b7b73d2-41df-4e04-a873-c90a2e3d55a4";31334;"16";"Berlin";1;6;2012;1;19;"20120618"
"87.143.16.198";"DE";11.100000;51.150000;"AS3320 Deutsche Telekom AG";"mlab3-ham01";0.033283;1129507.443100;"0.004012999";"darwin";"80.239.142.238";"speedtest";1340061370;84550.535249;0.036363;"95120f16-54c4-4444-b2d8-e87391844949";3320;"15";"Sömmerda";1;6;2012;1;19;"20120618"
"217.252.108.118";"DE";8.550000;48.083300;"AS3320 Deutsche Telekom AG";"mlab3-ham01";0.066720;275636.666517;"0.004012999";"win32";"80.239.142.238";"speedtest";1340061373;28212.259424;0.146403;"13c4b97b-dd9b-4d0d-9ae7-2eff4b187e28";3320;"01";"Dauchingen";1;6;2012;1;19;"20120618"
"78.54.81.245";"DE";9.935300;53.550300;"AS13184 Telefonica Germany GmbH & Co.OHG";"mlab3-ham01";0.030121;648580.491706;"0.004012999";"darwin";"80.239.142.238";"bittorrent";1340061380;78322.281151;-1.000000;"6875689a-fe8f-4f49-a0c9-e1f77ed45792";13184;"04";"Hamburg";1;6;2012;1;19;"20120618"
"46.223.18.206";"DE";8.385800;49.004700;"AS29562 Kabel BW GmbH";"mlab3-ham01";0.031430;1892562.261084;"0.004012999";"win32";"80.239.142.238";"bittorrent";1340061763;314379.768700;-1.000000;"62a0c3ba-8531-44c5-b8a3-ca82d00981cd";29562;"01";"Karlsruhe";1;6;2012;1;19;"20120618"
"77.3.250.96";"DE";8.833300;47.766700;"AS6805 Telefonica Germany GmbH & Co.OHG";"mlab3-ham01";0.036596;1338049.136670;"0.004012999";"darwin";"80.239.142.238";"speedtest";1340061797;116499.072505;0.038939;"7f6dfa2b-14ff-4d0d-8b49-2d9db3f1749a";6805;"01";"Singen";1;6;2012;1;19;"20120618"
"82.83.62.103";"DE";9.000000;51.000000;"AS3209 Vodafone GmbH";"mlab3-ham01";0.020443;1711611.564714;"0.004012999";"linux2";"80.239.142.238";"bittorrent";1340061839;116048.272839;-1.000000;"e7b78883-6949-44d7-bffa-646118b01e16";3209;"";"";1;6;2012;1;19;"20120618"
"188.193.244.188";"DE";9.000000;51.000000;"AS31334 Kabel Deutschland Vertrieb und Service GmbH";"mlab3-ham01";0.033568;5979858.033275;"0.004012999";"linux2";"80.239.142.238";"bittorrent";1340061848;753203.099629;-1.000000;"9f89ee34-a114-46cb-a58c-d520d561108c";31334;"";"";1;6;2012;1;19;"20120618"
"88.217.69.131";"DE";10.883300;48.366700;"AS8767 M-net Telekommunikations GmbH, Germany";"mlab3-ham01";0.046196;1331796.913504;"0.004012999";"win32";"80.239.142.238";"bittorrent";1340061884;129129.647823;-1.000000;"1ccde378-8b74-4c88-bb1e-35d1b840d68d";8767;"02";"Augsburg";1;6;2012;1;19;"20120618"
"87.179.66.249";"DE";11.033300;50.983300;"AS3320 Deutsche Telekom AG";"mlab3-ham01";0.017947;1745332.087877;"0.004011999";"linux2";"80.239.142.238";"bittorrent";1340062521;121635.479900;-1.000000;"0575caf1-8a3d-4ae0-8b6e-5caaddb74121";3320;"15";"Erfurt";1;6;2012;1;19;"20120618"
"46.115.25.230";"DE";9.000000;51.000000;"AS12638 E-Plus Mobilfunk GmbH & Co. KG";"mlab3-ham01";0.154614;200749.614178;"0.004012999";"darwin";"80.239.142.238";"bittorrent";1340062559;41399.155573;-1.000000;"4baef5fd-7f85-41c9-b289-0d4d24e485da";12638;"";"";1;6;2012;1;19;"20120618"
"178.6.125.245";"DE";7.311000;51.474500;"AS3209 Vodafone GmbH";"mlab3-ham01";0.024124;1071583.525680;"0.004012999";"darwin";"80.239.142.238";"speedtest";1340062712;119293.660300;0.026325;"ec6cb0ee-2f10-446c-8f6c-d529280e7e5d";3209;"07";"Bochum";1;6;2012;1;19;"20120618"
"87.169.236.230";"DE";13.400000;52.516700;"AS3320 Deutsche Telekom AG";"mlab3-ham01";0.024986;4477089.681530;"0.004012999";"darwin";"80.239.142.238";"speedtest";1340062780;1035203.953480;0.024983;"f7e74337-5111-4d6a-a11a-2ef4a0c4db50";3320;"16";"Berlin";1;6;2012;1;19;"20120618"
"84.62.53.194";"DE";6.766700;51.216700;"AS3209 Vodafone GmbH";"mlab3-ham01";0.015669;275046.539896;"0.004012999";"win32";"80.239.142.238";"bittorrent";1340062881;52574.377878;-1.000000;"ced6b13f-4229-47ba-9400-c4b8931d7c7c";3209;"07";"Düsseldorf";1;6;2012;1;19;"20120618"
"93.219.83.124";"DE";13.066700;52.400000;"AS3320 Deutsche Telekom AG";"mlab3-ham01";0.022815;5059810.132989;"0.004012999";"linux2";"80.239.142.238";"bittorrent";1340062884;839039.976092;-1.000000;"2522fb79-4e59-4c68-b014-2c4570739a62";3320;"11";"Potsdam";1;6;2012;1;19;"20120618"
"78.54.81.245";"DE";9.935300;53.550300;"AS13184 Telefonica Germany GmbH & Co.OHG";"mlab3-ham01";0.029397;632844.749470;"0.004012999";"darwin";"80.239.142.238";"speedtest";1340062974;78985.852095;0.033017;"6875689a-fe8f-4f49-a0c9-e1f77ed45792";13184;"04";"Hamburg";1;6;2012;1;19;"20120618"
"94.219.178.130";"DE";8.647500;49.955300;"AS3209 Vodafone GmbH";"mlab3-ham01";0.015425;1265451.790499;"0.004012999";"darwin";"80.239.142.238";"bittorrent";1340063172;114370.967097;-1.000000;"81629ab0-96cf-48a2-bdd6-429233ae5325";3209;"05";"Erzhausen";1;6;2012;1;19;"20120618"
"188.193.244.188";"DE";9.000000;51.000000;"AS31334 Kabel Deutschland Vertrieb und Service GmbH";"mlab3-ham01";0.030006;7557550.810770;"0.004012999";"linux2";"80.239.142.238";"speedtest";1340063458;750194.935334;0.028838;"9f89ee34-a114-46cb-a58c-d520d561108c";31334;"";"";1;6;2012;1;19;"20120618"
"91.50.121.99";"DE";6.333300;51.400000;"AS3320 Deutsche Telekom AG";"mlab3-ham01";0.028705;5837490.165203;"0.004011999";"win32";"80.239.142.238";"bittorrent";1340063638;1146753.809781;-1.000000;"540af2e6-2c0b-4173-a8ac-fd971d1b6fcb";3320;"07";"Wachtendonk";1;6;2012;1;19;"20120618"
"188.108.178.112";"DE";10.133300;54.333300;"AS3209 Vodafone GmbH";"mlab3-ham01";0.018788;1132821.624735;"0.004012999";"win32";"80.239.142.238";"bittorrent";1340063703;116411.145181;-1.000000;"90b4ab67-12f0-4448-b7b6-4f7333e84971";3209;"10";"Kiel";1;6;2012;1;19;"20120618"
"62.57.164.27";"ES";2.174100;41.398400;"AS6739 Cableuropa - ONO";"mlab1-mad01";0.023560;2877559.318371;"0.004012999";"darwin";"213.200.103.147";"bittorrent";1339979644;629174.603234;-1.000000;"d819736b-5ed3-4984-b542-ae4ca3b45457";6739;"56";"Barcelona";0;6;2012;0;18;"20120618"
"62.57.164.27";"ES";2.174100;41.398400;"AS6739 Cableuropa - ONO";"mlab1-mad01";0.023554;2249550.297068;"0.004012999";"darwin";"213.200.103.147";"bittorrent";1339982497;626295.746803;-1.000000;"d819736b-5ed3-4984-b542-ae4ca3b45457";6739;"56";"Barcelona";1;6;2012;0;18;"20120618"
"109.69.8.72";"ES";2.174100;41.398400;"AS49835 Fundacio Privada per a la Xarxa Lliure, Oberta i Neutral, guifi.net";"mlab1-mad01";0.019368;977631.517154;"0.004012999";"linux2";"213.200.103.147";"speedtest";1339988663;838190.599956;0.022953;"71d22d52-7305-4391-9db4-e68d729b8d8e";49835;"56";"Barcelona";3;6;2012;0;18;"20120618"
"62.57.164.27";"ES";2.174100;41.398400;"AS6739 Cableuropa - ONO";"mlab1-mad01";0.026090;3080920.703777;"0.004012999";"darwin";"213.200.103.147";"bittorrent";1339991048;629335.609950;-1.000000;"d819736b-5ed3-4984-b542-ae4ca3b45457";6739;"56";"Barcelona";3;6;2012;0;18;"20120618"
"109.69.8.72";"ES";2.174100;41.398400;"AS49835 Fundacio Privada per a la Xarxa Lliure, Oberta i Neutral, guifi.net";"mlab1-mad01";0.019098;908067.729521;"0.004012999";"linux2";"213.200.103.147";"speedtest";1339991704;944902.751417;0.023944;"71d22d52-7305-4391-9db4-e68d729b8d8e";49835;"56";"Barcelona";3;6;2012;0;18;"20120618"
"62.57.164.27";"ES";2.174100;41.398400;"AS6739 Cableuropa - ONO";"mlab1-mad01";0.029057;2659926.929030;"0.004012999";"darwin";"213.200.103.147";"speedtest";1339992474;568689.328982;0.023356;"d819736b-5ed3-4984-b542-ae4ca3b45457";6739;"56";"Barcelona";4;6;2012;0;18;"20120618"
"109.69.8.72";"ES";2.174100;41.398400;"AS49835 Fundacio Privada per a la Xarxa Lliure, Oberta i Neutral, guifi.net";"mlab1-mad01";0.020843;904058.771431;"0.004012999";"linux2";"213.200.103.147";"bittorrent";1339993238;484459.659935;-1.000000;"71d22d52-7305-4391-9db4-e68d729b8d8e";49835;"56";"Barcelona";4;6;2012;0;18;"20120618"
"62.57.164.27";"ES";2.174100;41.398400;"AS6739 Cableuropa - ONO";"mlab1-mad01";0.022108;1997393.468493;"0.004012999";"darwin";"213.200.103.147";"bittorrent";1339993902;613555.344405;-1.000000;"d819736b-5ed3-4984-b542-ae4ca3b45457";6739;"56";"Barcelona";4;6;2012;0;18;"20120618"
"109.69.8.72";"ES";2.174100;41.398400;"AS49835 Fundacio Privada per a la Xarxa Lliure, Oberta i Neutral, guifi.net";"mlab1-mad01";0.020738;1038007.912210;"0.004012999";"linux2";"213.200.103.147";"speedtest";1339997804;571277.826062;0.024595;"71d22d52-7305-4391-9db4-e68d729b8d8e";49835;"56";"Barcelona";5;6;2012;0;18;"20120618"
"62.57.164.27";"ES";2.174100;41.398400;"AS6739 Cableuropa - ONO";"mlab1-mad01";0.024626;2463917.944610;"0.004012999";"darwin";"213.200.103.147";"speedtest";1339998177;552969.495014;0.023702;"d819736b-5ed3-4984-b542-ae4ca3b45457";6739;"56";"Barcelona";5;6;2012;0;18;"20120618"
"109.69.8.72";"ES";2.174100;41.398400;"AS49835 Fundacio Privada per a la Xarxa Lliure, Oberta i Neutral, guifi.net";"mlab1-mad01";0.026097;939036.500032;"0.004012999";"linux2";"213.200.103.147";"bittorrent";1339999330;722913.049381;-1.000000;"71d22d52-7305-4391-9db4-e68d729b8d8e";49835;"56";"Barcelona";6;6;2012;0;18;"20120618"
"62.57.164.27";"ES";2.174100;41.398400;"AS6739 Cableuropa - ONO";"mlab1-mad01";0.023454;2438508.926346;"0.004012999";"darwin";"213.200.103.147";"bittorrent";1339999604;628984.309221;-1.000000;"d819736b-5ed3-4984-b542-ae4ca3b45457";6739;"56";"Barcelona";6;6;2012;0;18;"20120618"
"62.57.164.27";"ES";2.174100;41.398400;"AS6739 Cableuropa - ONO";"mlab1-mad01";0.022286;3147888.088340;"0.004012999";"darwin";"213.200.103.147";"speedtest";1340001028;498489.745088;0.024976;"d819736b-5ed3-4984-b542-ae4ca3b45457";6739;"56";"Barcelona";6;6;2012;0;18;"20120618"
"109.69.8.72";"ES";2.174100;41.398400;"AS49835 Fundacio Privada per a la Xarxa Lliure, Oberta i Neutral, guifi.net";"mlab1-mad01";0.020989;1099662.920799;"0.004012999";"linux2";"213.200.103.147";"bittorrent";1340008454;1156407.522791;-1.000000;"71d22d52-7305-4391-9db4-e68d729b8d8e";49835;"56";"Barcelona";8;6;2012;0;18;"20120618"
"62.57.164.27";"ES";2.174100;41.398400;"AS6739 Cableuropa - ONO";"mlab1-mad01";0.144145;2209138.582460;"0.004012999";"darwin";"213.200.103.147";"speedtest";1340009586;557880.714339;0.136327;"d819736b-5ed3-4984-b542-ae4ca3b45457";6739;"56";"Barcelona";8;6;2012;0;18;"20120618"
"62.57.164.27";"ES";2.174100;41.398400;"AS6739 Cableuropa - ONO";"mlab1-mad01";0.026939;3124154.066175;"0.004012999";"darwin";"213.200.103.147";"bittorrent";1340013861;611264.309656;-1.000000;"d819736b-5ed3-4984-b542-ae4ca3b45457";6739;"56";"Barcelona";10;6;2012;0;18;"20120618"
"62.57.164.27";"ES";2.174100;41.398400;"AS6739 Cableuropa - ONO";"mlab1-mad01";0.038369;2338284.823330;"0.004012999";"darwin";"213.200.103.147";"speedtest";1340018141;585910.651136;0.026782;"d819736b-5ed3-4984-b542-ae4ca3b45457";6739;"56";"Barcelona";11;6;2012;0;18;"20120618"
"109.69.8.72";"ES";2.174100;41.398400;"AS49835 Fundacio Privada per a la Xarxa Lliure, Oberta i Neutral, guifi.net";"mlab1-mad01";0.025344;745615.518736;"0.004012999";"linux2";"213.200.103.147";"speedtest";1340019187;1155381.270980;0.055717;"71d22d52-7305-4391-9db4-e68d729b8d8e";49835;"56";"Barcelona";11;6;2012;0;18;"20120618"
"91.126.133.237";"ES";-4.000000;40.000000;"AS35699 Adamo Telecom Iberia S.A";"mlab1-mad01";0.015031;1586090.236514;"0.004011999";"win32";"213.200.103.147";"bittorrent";1340020293;830852.042164;-1.000000;"ca5ae8d4-9c43-48ee-a04a-b6da82b73b7d";35699;"";"";11;6;2012;0;18;"20120618"
"91.126.133.237";"ES";-4.000000;40.000000;"AS35699 Adamo Telecom Iberia S.A";"mlab1-mad01";0.022902;1683336.281625;"0.004011999";"win32";"213.200.103.147";"bittorrent";1340023292;826895.035825;-1.000000;"ca5ae8d4-9c43-48ee-a04a-b6da82b73b7d";35699;"";"";12;6;2012;0;18;"20120618"
"109.69.8.72";"ES";2.174100;41.398400;"AS49835 Fundacio Privada per a la Xarxa Lliure, Oberta i Neutral, guifi.net";"mlab1-mad01";0.022889;865285.150875;"0.004012999";"linux2";"213.200.103.147";"bittorrent";1340023763;907163.932905;-1.000000;"71d22d52-7305-4391-9db4-e68d729b8d8e";49835;"56";"Barcelona";12;6;2012;0;18;"20120618"
"62.57.164.27";"ES";2.174100;41.398400;"AS6739 Cableuropa - ONO";"mlab1-mad01";0.023266;2771807.337900;"0.004012999";"darwin";"213.200.103.147";"speedtest";1340023847;540315.169920;0.024782;"d819736b-5ed3-4984-b542-ae4ca3b45457";6739;"56";"Barcelona";12;6;2012;0;18;"20120618"
"91.126.133.237";"ES";-4.000000;40.000000;"AS35699 Adamo Telecom Iberia S.A";"mlab1-mad01";0.038487;1815470.776907;"0.004011999";"win32";"213.200.103.147";"bittorrent";1340026283;691073.394680;-1.000000;"ca5ae8d4-9c43-48ee-a04a-b6da82b73b7d";35699;"";"";13;6;2012;0;18;"20120618"
"91.126.133.237";"ES";-4.000000;40.000000;"AS35699 Adamo Telecom Iberia S.A";"mlab1-mad01";0.035228;1753974.660993;"0.004011999";"win32";"213.200.103.147";"bittorrent";1340029270;1014780.477556;-1.000000;"ca5ae8d4-9c43-48ee-a04a-b6da82b73b7d";35699;"";"";14;6;2012;0;18;"20120618"
"62.57.164.27";"ES";2.174100;41.398400;"AS6739 Cableuropa - ONO";"mlab1-mad01";0.030207;2473580.393012;"0.004012999";"darwin";"213.200.103.147";"bittorrent";1340030979;629655.049569;-1.000000;"d819736b-5ed3-4984-b542-ae4ca3b45457";6739;"56";"Barcelona";14;6;2012;0;18;"20120618"
"91.126.133.237";"ES";-4.000000;40.000000;"AS35699 Adamo Telecom Iberia S.A";"mlab1-mad01";0.013243;1806504.481127;"0.004011999";"win32";"213.200.103.147";"bittorrent";1340035248;1373811.395152;-1.000000;"ca5ae8d4-9c43-48ee-a04a-b6da82b73b7d";35699;"";"";16;6;2012;0;18;"20120618"
"109.69.8.72";"ES";2.174100;41.398400;"AS49835 Fundacio Privada per a la Xarxa Lliure, Oberta i Neutral, guifi.net";"mlab1-mad01";0.023553;664676.331469;"0.004012999";"linux2";"213.200.103.147";"bittorrent";1340035961;195115.289998;-1.000000;"71d22d52-7305-4391-9db4-e68d729b8d8e";49835;"56";"Barcelona";16;6;2012;0;18;"20120618"
"62.57.164.27";"ES";2.174100;41.398400;"AS6739 Cableuropa - ONO";"mlab1-mad01";0.035790;2481270.275885;"0.004012999";"darwin";"213.200.103.147";"bittorrent";1340036682;629677.682468;-1.000000;"d819736b-5ed3-4984-b542-ae4ca3b45457";6739;"56";"Barcelona";16;6;2012;0;18;"20120618"
"109.69.8.72";"ES";2.174100;41.398400;"AS49835 Fundacio Privada per a la Xarxa Lliure, Oberta i Neutral, guifi.net";"mlab1-mad01";0.026497;670729.732589;"0.004012999";"linux2";"213.200.103.147";"speedtest";1340037483;773751.224901;0.025418;"71d22d52-7305-4391-9db4-e68d729b8d8e";49835;"56";"Barcelona";16;6;2012;0;18;"20120618"
"91.126.133.237";"ES";-4.000000;40.000000;"AS35699 Adamo Telecom Iberia S.A";"mlab1-mad01";0.021630;1481572.221008;"0.004011999";"win32";"213.200.103.147";"bittorrent";1340038245;965269.987165;-1.000000;"ca5ae8d4-9c43-48ee-a04a-b6da82b73b7d";35699;"";"";16;6;2012;0;18;"20120618"
"109.69.8.72";"ES";2.174100;41.398400;"AS49835 Fundacio Privada per a la Xarxa Lliure, Oberta i Neutral, guifi.net";"mlab1-mad01";0.021458;1052916.229664;"0.004012999";"linux2";"213.200.103.147";"bittorrent";1340039006;1005271.465503;-1.000000;"71d22d52-7305-4391-9db4-e68d729b8d8e";49835;"56";"Barcelona";17;6;2012;0;18;"20120618"
"109.69.8.72";"ES";2.174100;41.398400;"AS49835 Fundacio Privada per a la Xarxa Lliure, Oberta i Neutral, guifi.net";"mlab1-mad01";0.030855;955374.179096;"0.004012999";"linux2";"213.200.103.147";"speedtest";1340040524;998971.053820;0.023348;"71d22d52-7305-4391-9db4-e68d729b8d8e";49835;"56";"Barcelona";17;6;2012;0;18;"20120618"
"62.57.164.27";"ES";2.174100;41.398400;"AS6739 Cableuropa - ONO";"mlab1-mad01";0.029484;2326251.035920;"0.004012999";"darwin";"213.200.103.147";"speedtest";1340040957;492630.669678;0.023022;"d819736b-5ed3-4984-b542-ae4ca3b45457";6739;"56";"Barcelona";17;6;2012;0;18;"20120618"
"109.69.8.72";"ES";2.174100;41.398400;"AS49835 Fundacio Privada per a la Xarxa Lliure, Oberta i Neutral, guifi.net";"mlab1-mad01";0.023018;747931.825003;"0.004012999";"linux2";"213.200.103.147";"bittorrent";1340042053;478027.978544;-1.000000;"71d22d52-7305-4391-9db4-e68d729b8d8e";49835;"56";"Barcelona";17;6;2012;0;18;"20120618"
"79.109.148.141";"ES";-1.130000;37.987000;"AS6739 Cableuropa - ONO";"mlab1-mad01";0.044888;327363.768886;"0.004012999";"win32";"213.200.103.147";"bittorrent";1340044048;128571.664436;-1.000000;"82d99cde-4d85-47cc-b4fd-96c1da73e5ce";6739;"31";"Murcia";18;6;2012;0;18;"20120618"
"77.208.9.91";"ES";-4.000000;40.000000;"AS12430 VODAFONE ESPANA S.A.U.";"mlab1-mad01";0.141747;65039.568689;"0.004012999";"win32";"213.200.103.147";"speedtest";1340044508;25819.117187;0.142605;"655218da-a3ed-4cf6-8f08-e7b93feb2e1d";12430;"";"";18;6;2012;0;18;"20120618"
"109.69.8.72";"ES";2.174100;41.398400;"AS49835 Fundacio Privada per a la Xarxa Lliure, Oberta i Neutral, guifi.net";"mlab1-mad01";0.022497;971451.415993;"0.004012999";"linux2";"213.200.103.147";"bittorrent";1340045101;792561.942146;-1.000000;"71d22d52-7305-4391-9db4-e68d729b8d8e";49835;"56";"Barcelona";18;6;2012;0;18;"20120618"
"109.69.8.72";"ES";2.174100;41.398400;"AS49835 Fundacio Privada per a la Xarxa Lliure, Oberta i Neutral, guifi.net";"mlab1-mad01";0.022808;554497.218433;"0.004012999";"linux2";"213.200.103.147";"speedtest";1340046626;625542.568964;0.025895;"71d22d52-7305-4391-9db4-e68d729b8d8e";49835;"56";"Barcelona";19;6;2012;0;18;"20120618"
"62.57.164.27";"ES";2.174100;41.398400;"AS6739 Cableuropa - ONO";"mlab1-mad01";0.021702;3012881.159250;"0.004012999";"darwin";"213.200.103.147";"speedtest";1340046659;608238.592587;0.024070;"d819736b-5ed3-4984-b542-ae4ca3b45457";6739;"56";"Barcelona";19;6;2012;0;18;"20120618"
"62.57.164.27";"ES";2.174100;41.398400;"AS6739 Cableuropa - ONO";"mlab1-mad01";0.021653;2082820.583203;"0.004012999";"darwin";"213.200.103.147";"bittorrent";1340048085;600406.731011;-1.000000;"d819736b-5ed3-4984-b542-ae4ca3b45457";6739;"56";"Barcelona";19;6;2012;0;18;"20120618"
"79.109.148.141";"ES";-1.130000;37.987000;"AS6739 Cableuropa - ONO";"mlab1-mad01";0.102828;2502893.612263;"0.004012999";"win32";"213.200.103.147";"bittorrent";1340051691;129722.998349;-1.000000;"82d99cde-4d85-47cc-b4fd-96c1da73e5ce";6739;"31";"Murcia";20;6;2012;0;18;"20120618"
"109.69.8.72";"ES";2.174100;41.398400;"AS49835 Fundacio Privada per a la Xarxa Lliure, Oberta i Neutral, guifi.net";"mlab1-mad01";0.021821;847258.158847;"0.004012999";"linux2";"213.200.103.147";"speedtest";1340055759;806283.152154;0.025503;"71d22d52-7305-4391-9db4-e68d729b8d8e";49835;"56";"Barcelona";21;6;2012;0;18;"20120618"
"85.50.135.237";"ES";2.174100;41.398400;"AS12479 France Telecom Espana SA";"mlab1-mad01";0.046098;232762.914423;"0.004011999";"win32";"213.200.103.147";"bittorrent";1340056503;45692.661835;-1.000000;"ca5ae8d4-9c43-48ee-a04a-b6da82b73b7d";12479;"56";"Barcelona";21;6;2012;0;18;"20120618"
"62.57.164.27";"ES";2.174100;41.398400;"AS6739 Cableuropa - ONO";"mlab1-mad01";0.020622;2292426.966653;"0.004012999";"darwin";"213.200.103.147";"bittorrent";1340056640;617996.486774;-1.000000;"d819736b-5ed3-4984-b542-ae4ca3b45457";6739;"56";"Barcelona";21;6;2012;0;18;"20120618"
"85.50.135.237";"ES";2.174100;41.398400;"AS12479 France Telecom Espana SA";"mlab1-mad01";3.031848;760470.614290;"0.004011999";"win32";"213.200.103.147";"speedtest";1340058000;88736.229064;0.044785;"ca5ae8d4-9c43-48ee-a04a-b6da82b73b7d";12479;"56";"Barcelona";22;6;2012;0;18;"20120618"
"62.57.164.27";"ES";2.174100;41.398400;"AS6739 Cableuropa - ONO";"mlab1-mad01";0.024089;2794641.089250;"0.004012999";"darwin";"213.200.103.147";"speedtest";1340058064;604822.626536;0.025563;"d819736b-5ed3-4984-b542-ae4ca3b45457";6739;"56";"Barcelona";22;6;2012;0;18;"20120618"
"62.57.164.27";"ES";2.174100;41.398400;"AS6739 Cableuropa - ONO";"mlab1-mad01";0.024826;2234623.734781;"0.004012999";"darwin";"213.200.103.147";"bittorrent";1340059490;630436.209359;-1.000000;"d819736b-5ed3-4984-b542-ae4ca3b45457";6739;"56";"Barcelona";22;6;2012;0;18;"20120618"
"62.57.164.27";"ES";2.174100;41.398400;"AS6739 Cableuropa - ONO";"mlab1-mad01";0.023299;2818873.370860;"0.004012999";"darwin";"213.200.103.147";"speedtest";1340060915;585133.080068;0.030234;"d819736b-5ed3-4984-b542-ae4ca3b45457";6739;"56";"Barcelona";23;6;2012;0;18;"20120618"
"109.69.8.72";"ES";2.174100;41.398400;"AS49835 Fundacio Privada per a la Xarxa Lliure, Oberta i Neutral, guifi.net";"mlab1-mad01";0.021656;893390.979181;"0.004012999";"linux2";"213.200.103.147";"speedtest";1340061859;544396.286767;0.024684;"71d22d52-7305-4391-9db4-e68d729b8d8e";49835;"56";"Barcelona";23;6;2012;0;18;"20120618"
"62.57.164.27";"ES";2.174100;41.398400;"AS6739 Cableuropa - ONO";"mlab1-mad01";0.021341;2751742.564600;"0.004012999";"darwin";"213.200.103.147";"speedtest";1340063767;598195.772529;0.026210;"d819736b-5ed3-4984-b542-ae4ca3b45457";6739;"56";"Barcelona";23;6;2012;0;18;"20120618"
"203.122.246.131";"AU";138.598600;-34.928700;"AS4739 Internode Pty Ltd";"mlab1-syd02";0.058221;599381.299408;"0.004012999";"darwin";"175.45.79.19";"bittorrent";1339979410;107365.159537;-1.000000;"dcaf924a-16d3-41ec-a1c4-e84d7f07760a";4739;"05";"Adelaide";0;6;2012;0;18;"20120618"
"203.20.167.2";"AU";151.216700;-33.883300;"AS37998 St Vincents & Mater Health Sydney";"mlab1-syd02";0.011817;8797455.941050;"0.004012999";"win32";"175.45.79.19";"speedtest";1339983782;4248473.858660;0.003983;"b91792e2-6624-429b-ab27-6069ad893cca";37998;"02";"Darlinghurst";1;6;2012;0;18;"20120618"
"203.122.246.131";"AU";138.598600;-34.928700;"AS4739 Internode Pty Ltd";"mlab1-syd02";0.058544;382403.722828;"0.004012999";"darwin";"175.45.79.19";"speedtest";1339987557;105936.421511;0.067915;"dcaf924a-16d3-41ec-a1c4-e84d7f07760a";4739;"05";"Adelaide";2;6;2012;0;18;"20120618"
"203.20.167.2";"AU";151.216700;-33.883300;"AS37998 St Vincents & Mater Health Sydney";"mlab1-syd02";0.001617;9277201.380730;"0.004011999";"win32";"175.45.79.19";"speedtest";1339990237;7050370.112290;0.003395;"dfcb3c2e-91c7-49e0-9fbc-48fb488b227c";37998;"02";"Darlinghurst";3;6;2012;0;18;"20120618"
"203.20.167.2";"AU";151.216700;-33.883300;"AS37998 St Vincents & Mater Health Sydney";"mlab1-syd02";0.002128;8341091.752620;"0.004012999";"win32";"175.45.79.19";"speedtest";1339996171;4483516.903590;0.004036;"b91792e2-6624-429b-ab27-6069ad893cca";37998;"02";"Darlinghurst";5;6;2012;0;18;"20120618"
"124.149.36.50";"AU";151.205500;-33.861500;"AS4802 iiNet Limited";"mlab1-syd02";0.014779;1123482.288681;"0.004012999";"darwin";"175.45.79.19";"bittorrent";1340000311;105790.995960;-1.000000;"55006e03-0757-4639-a9b7-34b02b3b1a04";4802;"02";"Sydney";6;6;2012;0;18;"20120618"
"203.122.246.131";"AU";138.598600;-34.928700;"AS4739 Internode Pty Ltd";"mlab1-syd02";0.181792;51093.476220;"0.004012999";"darwin";"175.45.79.19";"bittorrent";1340002301;98311.410407;-1.000000;"dcaf924a-16d3-41ec-a1c4-e84d7f07760a";4739;"05";"Adelaide";6;6;2012;0;18;"20120618"
"203.20.167.2";"AU";151.216700;-33.883300;"AS37998 St Vincents & Mater Health Sydney";"mlab1-syd02";0.056291;7908284.115550;"0.004011999";"win32";"175.45.79.19";"speedtest";1340002870;5626945.306820;0.019452;"69757534-ce26-4738-ad47-c9692c23fff0";37998;"02";"Darlinghurst";7;6;2012;0;18;"20120618"
"203.20.167.2";"AU";151.216700;-33.883300;"AS37998 St Vincents & Mater Health Sydney";"mlab1-syd02";0.010054;8927294.939090;"0.004011999";"win32";"175.45.79.19";"speedtest";1340006062;7869873.683790;0.015204;"69757534-ce26-4738-ad47-c9692c23fff0";37998;"02";"Darlinghurst";7;6;2012;0;18;"20120618"
"203.20.167.2";"AU";151.216700;-33.883300;"AS37998 St Vincents & Mater Health Sydney";"mlab1-syd02";0.022897;8925489.916850;"0.004011999";"win32";"175.45.79.19";"speedtest";1340009258;6917387.142380;0.009302;"69757534-ce26-4738-ad47-c9692c23fff0";37998;"02";"Darlinghurst";8;6;2012;0;18;"20120618"
"124.149.36.50";"AU";151.205500;-33.861500;"AS4802 iiNet Limited";"mlab1-syd02";0.014576;1123630.910055;"0.004012999";"darwin";"175.45.79.19";"bittorrent";1340009541;105878.761142;-1.000000;"55006e03-0757-4639-a9b7-34b02b3b1a04";4802;"02";"Sydney";8;6;2012;0;18;"20120618"
"58.96.114.83";"AU";115.861400;-31.952200;"AS10143 Exetel Pty Ltd";"mlab1-syd02";0.071442;306244.227276;"0.004011999";"win32";"175.45.79.19";"speedtest";1340010453;103311.690655;0.074967;"6fe26f55-7863-4a8e-915d-1e066fe772cc";10143;"08";"Perth";9;6;2012;0;18;"20120618"
"203.20.167.2";"AU";151.216700;-33.883300;"AS37998 St Vincents & Mater Health Sydney";"mlab1-syd02";0.075067;8745137.741030;"0.004011999";"win32";"175.45.79.19";"speedtest";1340012459;6594362.962050;0.022240;"69757534-ce26-4738-ad47-c9692c23fff0";37998;"02";"Darlinghurst";9;6;2012;0;18;"20120618"
"203.122.246.131";"AU";138.598600;-34.928700;"AS4739 Internode Pty Ltd";"mlab1-syd02";0.060775;557090.782876;"0.004012999";"darwin";"175.45.79.19";"speedtest";1340017074;105113.346018;0.063952;"dcaf924a-16d3-41ec-a1c4-e84d7f07760a";4739;"05";"Adelaide";10;6;2012;0;18;"20120618"
"58.96.114.83";"AU";115.861400;-31.952200;"AS10143 Exetel Pty Ltd";"mlab1-syd02";0.074004;211413.448775;"0.004011999";"win32";"175.45.79.19";"speedtest";1340019316;56202.911067;0.079148;"6fe26f55-7863-4a8e-915d-1e066fe772cc";10143;"08";"Perth";11;6;2012;0;18;"20120618"
"203.20.167.2";"AU";151.216700;-33.883300;"AS37998 St Vincents & Mater Health Sydney";"mlab1-syd02";0.000832;10529647.238800;"0.004012999";"win32";"175.45.79.19";"speedtest";1340024491;10640498.574500;0.001139;"37c67e2f-0eee-4f8c-90b1-c76aad0b580e";37998;"02";"Darlinghurst";13;6;2012;0;18;"20120618"
"220.237.12.58";"AU";145.083300;-37.716700;"AS4804 Microplex PTY LTD";"mlab1-syd02";0.043230;2373275.669691;"0.004011999";"win32";"175.45.79.19";"bittorrent";1340025585;40254.526906;-1.000000;"343beccc-13c6-4239-9232-3625f40b4228";4804;"07";"Watsonia";13;6;2012;0;18;"20120618"
"203.122.246.131";"AU";138.598600;-34.928700;"AS4739 Internode Pty Ltd";"mlab1-syd02";0.061279;566666.783539;"0.004012999";"darwin";"175.45.79.19";"speedtest";1340033368;104702.761635;0.065444;"dcaf924a-16d3-41ec-a1c4-e84d7f07760a";4739;"05";"Adelaide";15;6;2012;0;18;"20120618"
"203.122.246.131";"AU";138.598600;-34.928700;"AS4739 Internode Pty Ltd";"mlab1-syd02";0.058427;594988.091435;"0.004012999";"darwin";"175.45.79.19";"speedtest";1340039886;105524.652183;0.063162;"dcaf924a-16d3-41ec-a1c4-e84d7f07760a";4739;"05";"Adelaide";17;6;2012;0;18;"20120618"
"124.168.20.100";"AU";151.205500;-33.861500;"AS4802 iiNet Limited";"mlab1-syd02";0.015583;975180.840208;"0.004012999";"darwin";"175.45.79.19";"speedtest";1340041847;105422.133971;0.018229;"55006e03-0757-4639-a9b7-34b02b3b1a04";4802;"02";"Sydney";17;6;2012;0;18;"20120618"
"203.122.246.131";"AU";138.598600;-34.928700;"AS4739 Internode Pty Ltd";"mlab1-syd02";0.059019;535667.369040;"0.004012999";"darwin";"175.45.79.19";"speedtest";1340043144;105894.045980;0.067374;"dcaf924a-16d3-41ec-a1c4-e84d7f07760a";4739;"05";"Adelaide";18;6;2012;0;18;"20120618"
"124.168.20.100";"AU";151.205500;-33.861500;"AS4802 iiNet Limited";"mlab1-syd02";0.015576;957173.239502;"0.004012999";"darwin";"175.45.79.19";"speedtest";1340044924;104791.239438;0.018777;"55006e03-0757-4639-a9b7-34b02b3b1a04";4802;"02";"Sydney";18;6;2012;0;18;"20120618"
"220.237.12.58";"AU";145.083300;-37.716700;"AS4804 Microplex PTY LTD";"mlab1-syd02";0.023274;2263612.565460;"0.004011999";"win32";"175.45.79.19";"speedtest";1340045829;61386.150262;0.024489;"343beccc-13c6-4239-9232-3625f40b4228";4804;"07";"Watsonia";18;6;2012;0;18;"20120618"
"220.237.12.58";"AU";145.083300;-37.716700;"AS4804 Microplex PTY LTD";"mlab1-syd02";0.023689;2374766.319720;"0.004011999";"win32";"175.45.79.19";"bittorrent";1340053616;39719.944041;-1.000000;"343beccc-13c6-4239-9232-3625f40b4228";4804;"07";"Watsonia";21;6;2012;0;18;"20120618"
"203.20.167.2";"AU";151.216700;-33.883300;"AS37998 St Vincents & Mater Health Sydney";"mlab1-syd02";0.002066;9266841.009030;"0.004012999";"win32";"175.45.79.19";"speedtest";1340055547;3858340.595840;0.003654;"b91792e2-6624-429b-ab27-6069ad893cca";37998;"02";"Darlinghurst";21;6;2012;0;18;"20120618"
"124.168.20.100";"AU";151.205500;-33.861500;"AS4802 iiNet Limited";"mlab1-syd02";0.015965;977677.204885;"0.004012999";"darwin";"175.45.79.19";"speedtest";1340057229;105477.991992;0.018429;"55006e03-0757-4639-a9b7-34b02b3b1a04";4802;"02";"Sydney";22;6;2012;0;18;"20120618"
"124.168.20.100";"AU";151.205500;-33.861500;"AS4802 iiNet Limited";"mlab1-syd02";0.015096;989229.378485;"0.004012999";"darwin";"175.45.79.19";"bittorrent";1340058768;105975.320479;-1.000000;"55006e03-0757-4639-a9b7-34b02b3b1a04";4802;"02";"Sydney";22;6;2012;0;18;"20120618"
"124.168.20.100";"AU";151.205500;-33.861500;"AS4802 iiNet Limited";"mlab1-syd02";0.014989;989212.798320;"0.004012999";"darwin";"175.45.79.19";"bittorrent";1340061844;105014.537824;-1.000000;"55006e03-0757-4639-a9b7-34b02b3b1a04";4802;"02";"Sydney";23;6;2012;0;18;"20120618"
"58.96.114.83";"AU";115.861400;-31.952200;"AS10143 Exetel Pty Ltd";"mlab1-syd02";0.071349;838791.849056;"0.004011999";"win32";"175.45.79.19";"bittorrent";1340062032;92895.124329;-1.000000;"6fe26f55-7863-4a8e-915d-1e066fe772cc";10143;"08";"Perth";23;6;2012;0;18;"20120618"
"87.4.68.136";"IT";8.400000;45.783300;"AS3269 Telecom Italia S.p.a.";"mlab1-trn01";0.059990;77767.284279;"0.004012999";"win32";"194.116.85.211";"speedtest";1339977947;18538.931014;0.070041;"d8a56420-51dd-4f7f-811c-30fa9ca36858";3269;"12";"San Maurizio D'opaglio";2;6;2012;0;18;"20120618"
"151.65.9.75";"IT";10.483300;45.383300;"AS1267 WIND Telecomunicazioni S.p.A.";"mlab1-trn01";0.017803;792575.002970;"0.004012999";"win32";"194.116.85.211";"bittorrent";1339978009;103757.497814;-1.000000;"a5016d11-f6c1-4d6d-a30f-48088faa5e70";1267;"09";"Castiglione Delle Stiviere";2;6;2012;0;18;"20120618"
"93.34.192.104";"IT";9.200000;45.466700;"AS12874 Fastweb SpA";"mlab1-trn01";0.005511;1170932.543480;"0.004008999";"linux2";"194.116.85.211";"speedtest";1339978042;1174053.871990;0.007971;"3a436766-5606-4f4e-98ae-e6e71385d6fd";12874;"09";"Milan";2;6;2012;0;18;"20120618"
"95.248.65.26";"IT";8.283300;46.016700;"AS3269 Telecom Italia S.p.a.";"mlab1-trn01";0.049297;697984.845471;"0.004012999";"win32";"194.116.85.211";"bittorrent";1339978044;48864.938416;-1.000000;"19176454-a721-4c97-8342-b9cf8e375390";3269;"12";"Vogogna";2;6;2012;0;18;"20120618"
"188.152.109.177";"IT";7.666700;45.050000;"AS44957 Vodafone Omnitel N.V.";"mlab1-trn01";0.198548;278087.680854;"0.004012999";"darwin";"194.116.85.211";"bittorrent";1339978687;36762.826214;-1.000000;"fd2cba45-5000-4263-b0bc-8c4a654ac411";44957;"12";"Torino";2;6;2012;0;18;"20120618"
"95.252.38.138";"IT";9.200000;45.466700;"AS3269 Telecom Italia S.p.a.";"mlab1-trn01";0.026170;1019050.256710;"0.004012999";"win32";"194.116.85.211";"speedtest";1339978782;73632.356062;0.030419;"fabd9ec4-04a0-49f7-9afc-39e5f8c565ba";3269;"09";"Milan";2;6;2012;0;18;"20120618"
"79.9.218.223";"IT";12.483300;41.900000;"AS3269 Telecom Italia S.p.a.";"mlab1-trn01";0.035795;746604.371296;"0.004012999";"darwin";"194.116.85.211";"bittorrent";1339979349;93729.497908;-1.000000;"4372ef01-dfbb-4175-8485-4bcfde678997";3269;"07";"Rome";2;6;2012;0;18;"20120618"
"79.20.70.163";"IT";8.066600;45.572300;"AS3269 Telecom Italia S.p.a.";"mlab1-trn01";0.041877;840882.660997;"0.004012999";"darwin";"194.116.85.211";"bittorrent";1339979473;41253.604326;-1.000000;"432d3481-f83e-450d-b373-e60ae5f17efe";3269;"12";"Biella";2;6;2012;0;18;"20120618"
"79.20.70.163";"IT";8.066600;45.572300;"AS3269 Telecom Italia S.p.a.";"mlab1-trn01";0.042120;719335.301857;"0.004012999";"darwin";"194.116.85.211";"bittorrent";1339980141;41248.939202;-1.000000;"e838c543-3d44-45bd-9a51-ed5e3c0d7d06";3269;"12";"Biella";2;6;2012;0;18;"20120618"
"31.185.19.156";"IT";12.566700;43.050000;"AS47187 Forinicom S.r.l.";"mlab1-trn01";0.020661;240022.194968;"0.004012999";"win32";"194.116.85.211";"bittorrent";1339980488;212455.519141;-1.000000;"2a30a2a8-273c-4b16-9671-803dc3d96492";47187;"18";"Santa Maria Degli Angeli";2;6;2012;0;18;"20120618"
"151.65.9.75";"IT";10.483300;45.383300;"AS1267 WIND Telecomunicazioni S.p.A.";"mlab1-trn01";0.019835;800627.312980;"0.004012999";"win32";"194.116.85.211";"bittorrent";1339980896;104306.602125;-1.000000;"a5016d11-f6c1-4d6d-a30f-48088faa5e70";1267;"09";"Castiglione Delle Stiviere";2;6;2012;0;18;"20120618"
"195.110.137.171";"IT";12.483300;41.900000;"AS5396 MC-link Spa";"mlab1-trn01";0.036356;642391.955741;"0.004012999";"darwin";"194.116.85.211";"speedtest";1339981208;32466.246386;0.043961;"2d27e34d-ed0a-4c70-8dc2-070f5a0499a1";5396;"07";"Rome";3;6;2012;0;18;"20120618"
"89.118.6.93";"IT";12.833300;42.833300;"AS8968 BT Italia S.p.A.";"mlab1-trn01";0.059951;133512.475895;"0.004010999";"win32";"194.116.85.211";"bittorrent";1339981257;30872.363699;-1.000000;"cf49a154-6c73-4074-87ff-4be8096fd63d";8968;"";"";3;6;2012;0;18;"20120618"
"94.34.162.92";"IT";11.183300;43.750000;"AS8612 Tiscali Italia S.P.A.";"mlab1-trn01";0.064584;250131.504523;"0.004012999";"darwin";"194.116.85.211";"speedtest";1339981414;14150.514879;0.176135;"5f59af2e-2b13-403e-ba8c-0801e50c8913";8612;"16";"Scandicci";3;6;2012;0;18;"20120618"
"88.47.41.57";"IT";12.833300;42.833300;"AS3269 Telecom Italia S.p.a.";"mlab1-trn01";0.046233;715262.498850;"0.004012999";"win32";"194.116.85.211";"speedtest";1339981473;46816.152465;0.052276;"ec2e71be-f555-4dee-b674-bc8e80a61d77";3269;"";"";3;6;2012;0;18;"20120618"
"95.252.38.138";"IT";9.200000;45.466700;"AS3269 Telecom Italia S.p.a.";"mlab1-trn01";0.025374;1019555.143060;"0.004012999";"win32";"194.116.85.211";"speedtest";1339981833;73592.966809;0.031168;"fabd9ec4-04a0-49f7-9afc-39e5f8c565ba";3269;"09";"Milan";3;6;2012;0;18;"20120618"
"31.185.19.156";"IT";12.566700;43.050000;"AS47187 Forinicom S.r.l.";"mlab1-trn01";0.029142;238755.611973;"0.004012999";"win32";"194.116.85.211";"speedtest";1339982006;207050.529058;0.021392;"2a30a2a8-273c-4b16-9671-803dc3d96492";47187;"18";"Santa Maria Degli Angeli";3;6;2012;0;18;"20120618"
"134.255.171.36";"IT";12.833300;42.833300;"AS198292 Wave-Max S.r.L.";"mlab1-trn01";0.088684;575798.549115;"0.004012999";"win32";"194.116.85.211";"speedtest";1339982208;45791.464322;0.089890;"708a55f0-3758-4099-a346-23683a39926d";198292;"";"";3;6;2012;0;18;"20120618"
"151.65.9.75";"IT";10.483300;45.383300;"AS1267 WIND Telecomunicazioni S.p.A.";"mlab1-trn01";0.022554;779796.885977;"0.004012999";"win32";"194.116.85.211";"speedtest";1339982369;70467.575044;0.025778;"a5016d11-f6c1-4d6d-a30f-48088faa5e70";1267;"09";"Castiglione Delle Stiviere";3;6;2012;0;18;"20120618"
"95.248.65.26";"IT";8.283300;46.016700;"AS3269 Telecom Italia S.p.a.";"mlab1-trn01";0.048802;716335.686447;"0.004012999";"win32";"194.116.85.211";"speedtest";1339982409;47306.025626;0.054937;"19176454-a721-4c97-8342-b9cf8e375390";3269;"12";"Vogogna";3;6;2012;0;18;"20120618"
"94.34.162.92";"IT";11.183300;43.750000;"AS8612 Tiscali Italia S.P.A.";"mlab1-trn01";0.028965;749871.289300;"0.004012999";"darwin";"194.116.85.211";"bittorrent";1339982942;28995.334915;-1.000000;"5f59af2e-2b13-403e-ba8c-0801e50c8913";8612;"16";"Scandicci";3;6;2012;0;18;"20120618"
"2.227.55.184";"IT";12.500000;41.666700;"AS12874 Fastweb SpA";"mlab1-trn01";0.039695;873642.874787;"0.004012999";"linux2";"194.116.85.211";"bittorrent";1339983090;108334.321602;-1.000000;"202944e6-094c-4bb9-86da-7234fa3c010e";12874;"07";"Pomezia";3;6;2012;0;18;"20120618"
"79.20.70.163";"IT";8.066600;45.572300;"AS3269 Telecom Italia S.p.a.";"mlab1-trn01";0.042854;776202.209309;"0.004012999";"darwin";"194.116.85.211";"bittorrent";1339983409;41222.509928;-1.000000;"e838c543-3d44-45bd-9a51-ed5e3c0d7d06";3269;"12";"Biella";3;6;2012;0;18;"20120618"
"130.192.91.213";"IT";7.666700;45.050000;"AS137 GARR Italian academic and research network";"mlab1-trn01";0.001899;11735597.267200;"0.004012999";"linux2";"194.116.85.211";"speedtest";1339984212;1684148.319850;0.004896;"cd78793c-1e3b-4944-b4b2-9768fc1cdb97";137;"12";"Torino";3;6;2012;0;18;"20120618"
"80.180.3.244";"IT";8.933300;44.950000;"AS3269 Telecom Italia S.p.a.";"mlab1-trn01";0.038146;327623.845426;"0.004009999";"win32";"194.116.85.211";"speedtest";1339984235;60899.021160;0.054860;"43fc56b7-cfe0-496f-a712-ead0946dc63a";3269;"12";"Pontecurone";3;6;2012;0;18;"20120618"
"95.248.65.26";"IT";8.283300;46.016700;"AS3269 Telecom Italia S.p.a.";"mlab1-trn01";0.047584;713764.799886;"0.004012999";"win32";"194.116.85.211";"speedtest";1339985317;47839.690588;0.055298;"19176454-a721-4c97-8342-b9cf8e375390";3269;"12";"Vogogna";4;6;2012;0;18;"20120618"
"79.20.70.163";"IT";8.066600;45.572300;"AS3269 Telecom Italia S.p.a.";"mlab1-trn01";0.042092;672628.038514;"0.004012999";"darwin";"194.116.85.211";"bittorrent";1339985710;41407.316067;-1.000000;"432d3481-f83e-450d-b373-e60ae5f17efe";3269;"12";"Biella";4;6;2012;0;18;"20120618"
"130.192.91.213";"IT";7.666700;45.050000;"AS137 GARR Italian academic and research network";"mlab1-trn01";0.002349;11769425.243435;"0.004012999";"linux2";"194.116.85.211";"bittorrent";1339985734;11719284.662160;-1.000000;"cd78793c-1e3b-4944-b4b2-9768fc1cdb97";137;"12";"Torino";4;6;2012;0;18;"20120618"
"95.232.210.92";"IT";7.550000;45.100000;"AS3269 Telecom Italia S.p.a.";"mlab1-trn01";0.043115;791059.662301;"0.004012999";"win32";"194.116.85.211";"bittorrent";1339986189;47980.425801;-1.000000;"f0582543-2bfe-4624-80ce-da152d4c2c58";3269;"12";"Pianezza";4;6;2012;0;18;"20120618"
"87.18.255.91";"IT";17.229700;40.476100;"AS3269 Telecom Italia S.p.a.";"mlab1-trn01";0.062369;744248.955576;"0.004009999";"win32";"194.116.85.211";"speedtest";1339986654;49127.452625;0.069605;"7989d7c5-459e-4910-93c2-ffd113604f5d";3269;"13";"Taranto";4;6;2012;0;18;"20120618"
"79.20.70.163";"IT";8.066600;45.572300;"AS3269 Telecom Italia S.p.a.";"mlab1-trn01";0.042245;802202.437404;"0.004012999";"darwin";"194.116.85.211";"bittorrent";1339986678;41245.040389;-1.000000;"e838c543-3d44-45bd-9a51-ed5e3c0d7d06";3269;"12";"Biella";4;6;2012;0;18;"20120618"
"188.11.197.8";"IT";12.483300;41.900000;"AS3269 Telecom Italia S.p.a.";"mlab1-trn01";0.037635;1356548.958516;"0.004012999";"darwin";"194.116.85.211";"bittorrent";1339986722;89052.444818;-1.000000;"c671e4d7-9027-4ae8-9058-ad41f0746af0";3269;"07";"Rome";4;6;2012;0;18;"20120618"
"95.248.65.26";"IT";8.283300;46.016700;"AS3269 Telecom Italia S.p.a.";"mlab1-trn01";0.047588;720662.533982;"0.004012999";"win32";"194.116.85.211";"speedtest";1339988224;43978.689871;0.057087;"19176454-a721-4c97-8342-b9cf8e375390";3269;"12";"Vogogna";4;6;2012;0;18;"20120618"
"95.232.210.92";"IT";7.550000;45.100000;"AS3269 Telecom Italia S.p.a.";"mlab1-trn01";0.039641;815233.596611;"0.004012999";"win32";"194.116.85.211";"bittorrent";1339989365;49173.558377;-1.000000;"f0582543-2bfe-4624-80ce-da152d4c2c58";3269;"12";"Pianezza";5;6;2012;0;18;"20120618"
"151.49.229.123";"IT";13.780000;45.648600;"AS1267 WIND Telecomunicazioni S.p.A.";"mlab1-trn01";0.024922;806051.703039;"0.004011999";"linux2";"194.116.85.211";"bittorrent";1339990078;53141.268582;-1.000000;"db4c1f00-a6b9-40ad-b36d-a2fad669a491";1267;"06";"Trieste";5;6;2012;0;18;"20120618"
"134.255.171.36";"IT";12.833300;42.833300;"AS198292 Wave-Max S.r.L.";"mlab1-trn01";0.087820;621325.113723;"0.004012999";"win32";"194.116.85.211";"speedtest";1339990587;45614.835406;0.086159;"708a55f0-3758-4099-a346-23683a39926d";198292;"";"";5;6;2012;0;18;"20120618"
"2.36.184.63";"IT";9.200000;45.466700;"AS30722 Vodafone Omnitel N.V.";"mlab1-trn01";0.047836;556381.770554;"0.004011999";"win32";"194.116.85.211";"speedtest";1339990749;33271.797497;0.076329;"60e4ddb8-b47b-4b72-a668-dea9c263699a";30722;"09";"Milan";5;6;2012;0;18;"20120618"
"79.9.218.223";"IT";12.483300;41.900000;"AS3269 Telecom Italia S.p.a.";"mlab1-trn01";0.035015;826744.668261;"0.004012999";"darwin";"194.116.85.211";"bittorrent";1339991597;94047.294190;-1.000000;"4372ef01-dfbb-4175-8485-4bcfde678997";3269;"07";"Rome";5;6;2012;0;18;"20120618"
"130.192.91.211";"IT";7.666700;45.050000;"AS137 GARR Italian academic and research network";"mlab1-trn01";1.203104;100115.534170;"0.004012999";"linux2";"194.116.85.211";"bittorrent";1339991692;47700.625533;-1.000000;"91708cf1-7028-4b58-9520-faea0010494c";137;"12";"Torino";5;6;2012;0;18;"20120618"
"188.152.94.198";"IT";12.833300;42.833300;"AS44957 Vodafone Omnitel N.V.";"mlab1-trn01";0.049348;922310.907326;"0.004012999";"linux2";"194.116.85.211";"bittorrent";1339991898;49193.298761;-1.000000;"b6f7bc90-fab9-4db0-af8a-1737ebd554f1";44957;"";"";5;6;2012;0;18;"20120618"
"79.20.70.163";"IT";8.066600;45.572300;"AS3269 Telecom Italia S.p.a.";"mlab1-trn01";0.040987;758344.584721;"0.004012999";"darwin";"194.116.85.211";"bittorrent";1339991944;41457.244323;-1.000000;"432d3481-f83e-450d-b373-e60ae5f17efe";3269;"12";"Biella";5;6;2012;0;18;"20120618"
"85.18.29.42";"IT";9.200000;45.466700;"AS12874 Fastweb SpA";"mlab1-trn01";0.006164;1160251.458770;"0.004012999";"darwin";"194.116.85.211";"speedtest";1339992943;1173737.851800;0.007690;"2c46fdf6-7306-4016-9a75-e529fa590549";12874;"09";"Milan";6;6;2012;0;18;"20120618"
"188.152.94.198";"IT";12.833300;42.833300;"AS44957 Vodafone Omnitel N.V.";"mlab1-trn01";0.048145;871558.389856;"0.004012999";"linux2";"194.116.85.211";"speedtest";1339993389;39602.701092;0.053955;"b6f7bc90-fab9-4db0-af8a-1737ebd554f1";44957;"";"";6;6;2012;0;18;"20120618"
"2.36.184.63";"IT";9.200000;45.466700;"AS30722 Vodafone Omnitel N.V.";"mlab1-trn01";0.063620;580294.483869;"0.004011999";"win32";"194.116.85.211";"speedtest";1339993553;35511.546393;0.074216;"60e4ddb8-b47b-4b72-a668-dea9c263699a";30722;"09";"Milan";6;6;2012;0;18;"20120618"
"87.18.255.91";"IT";17.229700;40.476100;"AS3269 Telecom Italia S.p.a.";"mlab1-trn01";0.062158;809568.338381;"0.004009999";"win32";"194.116.85.211";"bittorrent";1339994547;49369.867958;-1.000000;"7989d7c5-459e-4910-93c2-ffd113604f5d";3269;"13";"Taranto";6;6;2012;0;18;"20120618"
"87.13.39.29";"IT";12.833300;42.833300;"AS3269 Telecom Italia S.p.a.";"mlab1-trn01";0.052229;240297.734936;"0.004009999";"win32";"194.116.85.211";"bittorrent";1339994881;37006.508535;-1.000000;"51c03cdf-92f5-46e9-bdef-c1c88bec98ce";3269;"";"";6;6;2012;0;18;"20120618"
"94.36.33.130";"IT";8.950000;44.416700;"AS8612 Tiscali Italia S.P.A.";"mlab1-trn01";0.027737;862399.392726;"0.004012999";"darwin";"194.116.85.211";"bittorrent";1339994897;52362.871739;-1.000000;"894fe1ee-9250-416a-98be-74dd024aea06";8612;"08";"Genova";6;6;2012;0;18;"20120618"
"62.98.65.177";"IT";14.250000;40.833300;"AS1267 WIND Telecomunicazioni S.p.A.";"mlab1-trn01";0.049263;645871.624304;"0.004012999";"win32";"194.116.85.211";"speedtest";1339995083;39740.170599;0.040288;"2d006d8d-7c04-46bb-b056-798468ee365e";1267;"04";"Napoli";6;6;2012;0;18;"20120618"
"78.14.224.92";"IT";9.116700;45.766700;"AS8612 Tiscali Italia S.P.A.";"mlab1-trn01";0.033862;641283.109962;"0.004012999";"darwin";"194.116.85.211";"speedtest";1339995367;8522.858793;0.042844;"39792736-bd8b-4a56-942d-1cc983336add";8612;"09";"Lurago D'erba";6;6;2012;0;18;"20120618"
"95.252.38.138";"IT";9.200000;45.466700;"AS3269 Telecom Italia S.p.a.";"mlab1-trn01";0.025833;982198.226060;"0.004012999";"win32";"194.116.85.211";"bittorrent";1339995565;75027.860082;-1.000000;"fabd9ec4-04a0-49f7-9afc-39e5f8c565ba";3269;"09";"Milan";6;6;2012;0;18;"20120618"
"188.11.197.8";"IT";12.483300;41.900000;"AS3269 Telecom Italia S.p.a.";"mlab1-trn01";0.036922;1253665.396485;"0.004012999";"darwin";"194.116.85.211";"bittorrent";1339996009;90740.676867;-1.000000;"c671e4d7-9027-4ae8-9058-ad41f0746af0";3269;"07";"Rome";7;6;2012;0;18;"20120618"
"151.49.229.123";"IT";13.780000;45.648600;"AS1267 WIND Telecomunicazioni S.p.A.";"mlab1-trn01";0.024798;814420.513241;"0.004011999";"linux2";"194.116.85.211";"bittorrent";1339996027;53193.291509;-1.000000;"db4c1f00-a6b9-40ad-b36d-a2fad669a491";1267;"06";"Trieste";7;6;2012;0;18;"20120618"
"134.255.171.36";"IT";12.833300;42.833300;"AS198292 Wave-Max S.r.L.";"mlab1-trn01";0.087697;536848.530747;"0.004012999";"win32";"194.116.85.211";"speedtest";1339996175;46965.244004;0.085960;"708a55f0-3758-4099-a346-23683a39926d";198292;"";"";7;6;2012;0;18;"20120618"
"79.20.70.163";"IT";8.066600;45.572300;"AS3269 Telecom Italia S.p.a.";"mlab1-trn01";0.041164;804697.231252;"0.004012999";"darwin";"194.116.85.211";"speedtest";1339996614;39555.403677;0.048291;"432d3481-f83e-450d-b373-e60ae5f17efe";3269;"12";"Biella";7;6;2012;0;18;"20120618"
"188.152.109.177";"IT";7.666700;45.050000;"AS44957 Vodafone Omnitel N.V.";"mlab1-trn01";0.057638;503338.547220;"0.004012999";"darwin";"194.116.85.211";"bittorrent";1339996741;48792.526034;-1.000000;"fd2cba45-5000-4263-b0bc-8c4a654ac411";44957;"12";"Torino";7;6;2012;0;18;"20120618"
"78.14.224.92";"IT";9.116700;45.766700;"AS8612 Tiscali Italia S.P.A.";"mlab1-trn01";0.034051;506003.933685;"0.004012999";"darwin";"194.116.85.211";"bittorrent";1339996901;43652.273411;-1.000000;"39792736-bd8b-4a56-942d-1cc983336add";8612;"09";"Lurago D'erba";7;6;2012;0;18;"20120618"
"95.252.38.138";"IT";9.200000;45.466700;"AS3269 Telecom Italia S.p.a.";"mlab1-trn01";0.026573;1019247.292400;"0.004012999";"win32";"194.116.85.211";"speedtest";1339997087;72805.000393;0.030579;"fabd9ec4-04a0-49f7-9afc-39e5f8c565ba";3269;"09";"Milan";7;6;2012;0;18;"20120618"
"130.192.91.211";"IT";7.666700;45.050000;"AS137 GARR Italian academic and research network";"mlab1-trn01";1.202598;43960.601055;"0.004012999";"linux2";"194.116.85.211";"bittorrent";1339997560;53275.669602;-1.000000;"91708cf1-7028-4b58-9520-faea0010494c";137;"12";"Torino";7;6;2012;0;18;"20120618"
"62.98.65.177";"IT";14.250000;40.833300;"AS1267 WIND Telecomunicazioni S.p.A.";"mlab1-trn01";0.034201;622434.568475;"0.004012999";"win32";"194.116.85.211";"speedtest";1339997966;39380.874606;0.041160;"2d006d8d-7c04-46bb-b056-798468ee365e";1267;"04";"Napoli";7;6;2012;0;18;"20120618"
"87.13.39.29";"IT";12.833300;42.833300;"AS3269 Telecom Italia S.p.a.";"mlab1-trn01";0.050223;233021.202444;"0.004009999";"win32";"194.116.85.211";"bittorrent";1339998136;36930.844930;-1.000000;"51c03cdf-92f5-46e9-bdef-c1c88bec98ce";3269;"";"";7;6;2012;0;18;"20120618"
"2.225.128.51";"IT";7.666700;45.050000;"AS12874 Fastweb SpA";"mlab1-trn01";0.029067;426046.148844;"0.004012999";"darwin";"194.116.85.211";"speedtest";1339998210;47782.587903;0.031710;"28ba3b2e-cd9a-4c00-8b29-33e0cfe5c596";12874;"12";"Torino";7;6;2012;0;18;"20120618"
"130.192.91.213";"IT";7.666700;45.050000;"AS137 GARR Italian academic and research network";"mlab1-trn01";0.001990;11737254.461700;"0.004012999";"linux2";"194.116.85.211";"speedtest";1339999189;1610117.449900;0.003978;"cd78793c-1e3b-4944-b4b2-9768fc1cdb97";137;"12";"Torino";7;6;2012;0;18;"20120618"
"79.0.19.229";"IT";12.483300;41.900000;"AS3269 Telecom Italia S.p.a.";"mlab1-trn01";0.033663;1443907.171571;"0.004012999";"darwin";"194.116.85.211";"bittorrent";1339999564;104928.269262;-1.000000;"69fb5e33-52f0-4549-a67d-9deb0c9b5493";3269;"07";"Rome";8;6;2012;0;18;"20120618"
"82.60.144.187";"IT";7.666700;45.050000;"AS3269 Telecom Italia S.p.a.";"mlab1-trn01";0.037969;861203.126265;"0.004012999";"win32";"194.116.85.211";"speedtest";1339999760;46996.020186;0.043150;"43e88494-9f5e-45f6-9f15-3802bca31546";3269;"12";"Torino";8;6;2012;0;18;"20120618"
"78.14.224.92";"IT";9.116700;45.766700;"AS8612 Tiscali Italia S.P.A.";"mlab1-trn01";0.037315;534887.969612;"0.004012999";"darwin";"194.116.85.211";"bittorrent";1339999967;46674.379978;-1.000000;"39792736-bd8b-4a56-942d-1cc983336add";8612;"09";"Lurago D'erba";8;6;2012;0;18;"20120618"
"87.11.124.128";"IT";11.300000;43.400000;"AS3269 Telecom Italia S.p.a.";"mlab1-trn01";0.072457;254404.980771;"0.004011999";"win32";"194.116.85.211";"bittorrent";1340000066;69968.184999;-1.000000;"8f2b4ecf-a700-4d0f-9dc5-4bb0f41e171c";3269;"16";"Quercegrossa";8;6;2012;0;18;"20120618"
"151.28.149.138";"IT";12.483300;41.900000;"AS1267 WIND Telecomunicazioni S.p.A.";"mlab1-trn01";0.026101;803559.433422;"0.004012999";"darwin";"194.116.85.211";"speedtest";1340001196;53086.276406;0.031168;"ecbc13bf-6a9e-4fe9-b86f-bd60bf3af1d0";1267;"07";"Rome";8;6;2012;0;18;"20120618"
"88.87.119.170";"IT";7.666700;45.050000;"AS34606 BBBell s.r.l. - Telecommunication Services";"mlab1-trn01";0.006723;55732.498396;"0.004012999";"win32";"194.116.85.211";"bittorrent";1340000450;15509.663338;-1.000000;"241c3a7e-ba9b-4a0d-9bea-1c379895fdaa";34606;"12";"Torino";8;6;2012;0;18;"20120618"
"130.192.91.213";"IT";7.666700;45.050000;"AS137 GARR Italian academic and research network";"mlab1-trn01";0.002524;11332867.965293;"0.004012999";"linux2";"194.116.85.211";"bittorrent";1340000707;11767894.714827;-1.000000;"cd78793c-1e3b-4944-b4b2-9768fc1cdb97";137;"12";"Torino";8;6;2012;0;18;"20120618"
"87.18.255.91";"IT";17.229700;40.476100;"AS3269 Telecom Italia S.p.a.";"mlab1-trn01";0.062775;777075.119095;"0.004009999";"win32";"194.116.85.211";"bittorrent";1340000851;49681.112708;-1.000000;"7989d7c5-459e-4910-93c2-ffd113604f5d";3269;"13";"Taranto";8;6;2012;0;18;"20120618"
"62.98.65.177";"IT";14.250000;40.833300;"AS1267 WIND Telecomunicazioni S.p.A.";"mlab1-trn01";0.036128;642933.009053;"0.004012999";"win32";"194.116.85.211";"speedtest";1340000849;40077.258170;0.057172;"2d006d8d-7c04-46bb-b056-798468ee365e";1267;"04";"Napoli";8;6;2012;0;18;"20120618"
"80.117.83.96";"IT";12.833300;42.833300;"AS3269 Telecom Italia S.p.a.";"mlab1-trn01";0.022745;796895.161713;"0.004012999";"win32";"194.116.85.211";"speedtest";1340001503;39226.235462;0.031462;"25353fbe-ce56-4192-a803-65a63443c70a";3269;"";"";8;6;2012;0;18;"20120618"
"94.36.33.130";"IT";8.950000;44.416700;"AS8612 Tiscali Italia S.P.A.";"mlab1-trn01";0.028550;852986.971092;"0.004012999";"darwin";"194.116.85.211";"speedtest";1340002121;52508.565052;0.031934;"894fe1ee-9250-416a-98be-74dd024aea06";8612;"08";"Genova";8;6;2012;0;18;"20120618"
"79.9.218.223";"IT";12.483300;41.900000;"AS3269 Telecom Italia S.p.a.";"mlab1-trn01";0.036068;791958.670738;"0.004012999";"darwin";"194.116.85.211";"speedtest";1340002313;86284.566440;0.040251;"4372ef01-dfbb-4175-8485-4bcfde678997";3269;"07";"Rome";8;6;2012;0;18;"20120618"
"151.32.166.12";"IT";7.816700;45.016700;"AS1267 WIND Telecomunicazioni S.p.A.";"mlab1-trn01";0.008609;1589172.755005;"0.004012999";"win32";"194.116.85.211";"bittorrent";1340002407;100013.355792;-1.000000;"f9c418c2-bbb0-418e-9243-e47b6ed54170";1267;"12";"Chieri";8;6;2012;0;18;"20120618"
"79.20.70.163";"IT";8.066600;45.572300;"AS3269 Telecom Italia S.p.a.";"mlab1-trn01";0.041558;807492.167738;"0.004012999";"darwin";"194.116.85.211";"speedtest";1340002847;41316.359962;0.048063;"432d3481-f83e-450d-b373-e60ae5f17efe";3269;"12";"Biella";9;6;2012;0;18;"20120618"
"188.10.100.91";"IT";9.116700;45.683300;"AS3269 Telecom Italia S.p.a.";"mlab1-trn01";0.043469;858474.326693;"0.004012999";"win32";"194.116.85.211";"speedtest";1340002983;50511.511983;0.048567;"a0bc9ac6-3c40-4f42-be91-07152ae8b8fb";3269;"09";"Lentate Sul Seveso";9;6;2012;0;18;"20120618"
"188.216.183.24";"IT";12.833300;42.833300;"AS30722 Vodafone Omnitel N.V.";"mlab1-trn01";0.052032;856744.309687;"0.004012999";"darwin";"194.116.85.211";"bittorrent";1340003022;64675.259103;-1.000000;"eb287f52-d429-4a32-aa75-ba1fd1cf87d2";30722;"";"";9;6;2012;0;18;"20120618"
"134.255.171.36";"IT";12.833300;42.833300;"AS198292 Wave-Max S.r.L.";"mlab1-trn01";0.098406;202901.126600;"0.004012999";"win32";"194.116.85.211";"bittorrent";1340003187;46143.228642;-1.000000;"708a55f0-3758-4099-a346-23683a39926d";198292;"";"";9;6;2012;0;18;"20120618"
"134.255.171.36";"IT";12.833300;42.833300;"AS198292 Wave-Max S.r.L.";"mlab1-trn01";0.251504;289573.825206;"0.004012999";"win32";"194.116.85.211";"speedtest";1340003413;48512.840480;0.093158;"708a55f0-3758-4099-a346-23683a39926d";198292;"";"";9;6;2012;0;18;"20120618"
"87.0.171.69";"IT";8.350000;44.766700;"AS3269 Telecom Italia S.p.a.";"mlab1-trn01";0.095414;233122.553375;"0.004012999";"darwin";"194.116.85.211";"bittorrent";1340003646;41209.835797;-1.000000;"6b759052-c812-4f14-90ce-16e61560a573";3269;"12";"Nizza Monferrato";9;6;2012;0;18;"20120618"
"62.98.65.177";"IT";14.250000;40.833300;"AS1267 WIND Telecomunicazioni S.p.A.";"mlab1-trn01";0.032842;662055.576748;"0.004012999";"win32";"194.116.85.211";"speedtest";1340003734;39866.897156;0.043412;"2d006d8d-7c04-46bb-b056-798468ee365e";1267;"04";"Napoli";9;6;2012;0;18;"20120618"
"79.0.19.229";"IT";12.483300;41.900000;"AS3269 Telecom Italia S.p.a.";"mlab1-trn01";0.037497;1371285.973440;"0.004012999";"darwin";"194.116.85.211";"speedtest";1340003876;103472.922230;0.037116;"69fb5e33-52f0-4549-a67d-9deb0c9b5493";3269;"07";"Rome";9;6;2012;0;18;"20120618"
"188.216.183.24";"IT";12.833300;42.833300;"AS30722 Vodafone Omnitel N.V.";"mlab1-trn01";0.052782;795966.072769;"0.004012999";"darwin";"194.116.85.211";"speedtest";1340004503;65284.925737;0.058503;"eb287f52-d429-4a32-aa75-ba1fd1cf87d2";30722;"";"";9;6;2012;0;18;"20120618"
"134.255.171.36";"IT";12.833300;42.833300;"AS198292 Wave-Max S.r.L.";"mlab1-trn01";0.087813;380016.858102;"0.004012999";"win32";"194.116.85.211";"speedtest";1340004586;48108.728702;0.094433;"708a55f0-3758-4099-a346-23683a39926d";198292;"";"";9;6;2012;0;18;"20120618"
"87.13.39.29";"IT";12.833300;42.833300;"AS3269 Telecom Italia S.p.a.";"mlab1-trn01";0.054065;125493.227067;"0.004009999";"win32";"194.116.85.211";"bittorrent";1340004668;31128.095446;-1.000000;"51c03cdf-92f5-46e9-bdef-c1c88bec98ce";3269;"";"";9;6;2012;0;18;"20120618"
"31.196.6.210";"IT";12.833300;42.833300;"AS3269 Telecom Italia S.p.a.";"mlab1-trn01";0.019092;152881.770039;"0.004012999";"win32";"194.116.85.211";"bittorrent";1340004718;135186.077529;-1.000000;"8f96be96-0318-4e62-a639-7816bf69ae7b";3269;"";"";9;6;2012;0;18;"20120618"
"83.211.172.129";"IT";13.566700;42.583300;"AS15589 Clouditalia Communications S.p.A.";"mlab1-trn01";0.023353;464535.865237;"0.004012999";"win32";"194.116.85.211";"bittorrent";1340004865;31416.012683;-1.000000;"b6e23738-aa63-4482-8754-26d879467631";15589;"01";"Altavilla";9;6;2012;0;18;"20120618"
"188.153.45.136";"IT";8.850000;45.316700;"AS30722 Vodafone Omnitel N.V.";"mlab1-trn01";0.043105;912721.119742;"0.004012999";"linux2";"194.116.85.211";"bittorrent";1340005023;49231.550970;-1.000000;"0094fb04-cab2-42b8-abfa-f714dcef0097";30722;"09";"Vigevano";9;6;2012;0;18;"20120618"
"2.225.231.97";"IT";7.666700;45.050000;"AS12874 Fastweb SpA";"mlab1-trn01";0.013783;1186212.552377;"0.004012999";"win32";"194.116.85.211";"bittorrent";1340005064;1183792.324493;-1.000000;"252a836b-55fe-43a0-93e7-d33c5d47fae3";12874;"12";"Torino";9;6;2012;0;18;"20120618"
"88.87.119.170";"IT";7.666700;45.050000;"AS34606 BBBell s.r.l. - Telecommunication Services";"mlab1-trn01";0.116103;281377.839450;"0.004012999";"win32";"194.116.85.211";"speedtest";1340005205;655585.511129;0.110018;"241c3a7e-ba9b-4a0d-9bea-1c379895fdaa";34606;"12";"Torino";9;6;2012;0;18;"20120618"
"82.56.82.149";"IT";9.416700;45.700000;"AS3269 Telecom Italia S.p.a.";"mlab1-trn01";0.036887;822011.650376;"0.004012999";"win32";"194.116.85.211";"speedtest";1340005270;47596.634322;0.043684;"991257a9-87dd-455d-863e-b266080097e3";3269;"09";"Merate";9;6;2012;0;18;"20120618"
"147.162.42.20";"IT";11.883300;45.416700;"AS137 GARR Italian academic and research network";"mlab1-trn01";0.010136;8315489.598440;"0.004010999";"linux2";"194.116.85.211";"speedtest";1340005731;8984315.260170;0.011902;"727d6a40-2b78-4641-8061-04b6a384e6a6";137;"20";"Padova";9;6;2012;0;18;"20120618"
"217.133.23.13";"IT";12.833300;42.833300;"AS8612 Tiscali Italia S.P.A.";"mlab1-trn01";0.029659;805230.529799;"0.004012999";"darwin";"194.116.85.211";"bittorrent";1340005940;107646.531964;-1.000000;"7da8ef87-6dfd-41fe-8a53-f1a960d7de12";8612;"";"";9;6;2012;0;18;"20120618"
"37.116.41.81";"IT";8.866700;44.900000;"AS30722 Vodafone Omnitel N.V.";"mlab1-trn01";0.038232;368582.977034;"0.004012999";"win32";"194.116.85.211";"bittorrent";1340005962;61669.318488;-1.000000;"19176454-a721-4c97-8342-b9cf8e375390";30722;"12";"Tortona";9;6;2012;0;18;"20120618"
"31.196.6.210";"IT";12.833300;42.833300;"AS3269 Telecom Italia S.p.a.";"mlab1-trn01";0.019060;143534.924391;"0.004012999";"win32";"194.116.85.211";"speedtest";1340006259;184182.446624;0.017318;"8f96be96-0318-4e62-a639-7816bf69ae7b";3269;"";"";9;6;2012;0;18;"20120618"
"87.13.39.29";"IT";12.833300;42.833300;"AS3269 Telecom Italia S.p.a.";"mlab1-trn01";0.049555;70313.128121;"0.004009999";"win32";"194.116.85.211";"speedtest";1340006246;31107.716947;0.058377;"51c03cdf-92f5-46e9-bdef-c1c88bec98ce";3269;"";"";9;6;2012;0;18;"20120618"
"79.41.80.159";"IT";12.833300;42.833300;"AS3269 Telecom Italia S.p.a.";"mlab1-trn01";0.035794;489086.591311;"0.004012999";"win32";"194.116.85.211";"speedtest";1340007002;41320.231153;0.071688;"82d91f18-b22f-4114-9d5f-c95a1ed7ad87";3269;"";"";10;6;2012;0;18;"20120618"
"188.217.129.219";"IT";14.333300;40.916700;"AS30722 Vodafone Omnitel N.V.";"mlab1-trn01";0.065487;23042.554881;"0.004012999";"win32";"194.116.85.211";"bittorrent";1340007218;23696.255455;-1.000000;"bb6c2e6b-7f94-482d-ab7a-ba9256571bd8";30722;"04";"Casalnuovo Di Napoli";10;6;2012;0;18;"20120618"
"149.132.117.110";"IT";9.200000;45.466700;"AS137 GARR Italian academic and research network";"mlab1-trn01";0.004599;3855.926110;"0.004012999";"darwin";"194.116.85.211";"bittorrent";1340007489;9096.901693;-1.000000;"c9d3d685-6087-4faf-a87c-eb1dfaa2b53c";137;"18";"Milan";10;6;2012;0;18;"20120618"
"78.14.224.92";"IT";9.116700;45.766700;"AS8612 Tiscali Italia S.P.A.";"mlab1-trn01";0.033544;526050.386640;"0.004012999";"darwin";"194.116.85.211";"speedtest";1340007621;41658.434282;0.039468;"39792736-bd8b-4a56-942d-1cc983336add";8612;"09";"Lurago D'erba";10;6;2012;0;18;"20120618"
"95.229.187.136";"IT";12.833300;42.833300;"AS3269 Telecom Italia S.p.a.";"mlab1-trn01";0.042964;803426.140820;"0.004012999";"win32";"194.116.85.211";"speedtest";1340007690;85744.855200;0.052111;"a4010725-b228-4400-bd21-b9e05989bafb";3269;"";"";10;6;2012;0;18;"20120618"
"79.41.80.159";"IT";12.833300;42.833300;"AS3269 Telecom Italia S.p.a.";"mlab1-trn01";0.036032;658603.797405;"0.004012999";"win32";"194.116.85.211";"bittorrent";1340008295;50270.251869;-1.000000;"82d91f18-b22f-4114-9d5f-c95a1ed7ad87";3269;"";"";10;6;2012;0;18;"20120618"
"82.56.82.149";"IT";9.416700;45.700000;"AS3269 Telecom Italia S.p.a.";"mlab1-trn01";0.036302;804221.614487;"0.004012999";"win32";"194.116.85.211";"speedtest";1340008319;50717.912985;0.042254;"991257a9-87dd-455d-863e-b266080097e3";3269;"09";"Merate";10;6;2012;0;18;"20120618"
"188.153.45.136";"IT";8.850000;45.316700;"AS30722 Vodafone Omnitel N.V.";"mlab1-trn01";0.043657;21945.103148;"0.004012999";"linux2";"194.116.85.211";"bittorrent";1340008381;22546.930557;-1.000000;"0094fb04-cab2-42b8-abfa-f714dcef0097";30722;"09";"Vigevano";10;6;2012;0;18;"20120618"
"94.34.148.136";"IT";12.833300;42.833300;"AS8612 Tiscali Italia S.P.A.";"mlab1-trn01";0.028750;1673526.537550;"0.004012999";"darwin";"194.116.85.211";"speedtest";1340008501;108365.137317;0.033440;"a8a2ab27-6236-470f-8b46-b6121b018b6c";8612;"";"";10;6;2012;0;18;"20120618"
"85.18.116.244";"IT";8.900000;45.400000;"AS12874 Fastweb SpA";"mlab1-trn01";0.004675;11393965.899500;"0.004012999";"linux2";"194.116.85.211";"speedtest";1340008737;6770760.522710;0.006876;"c76e28cf-4020-40f2-ae3f-39482e23ced0";12874;"09";"Abbiategrasso";10;6;2012;0;18;"20120618"
"81.174.11.50";"IT";8.650000;45.850000;"AS35612 NGI Spa";"mlab1-trn01";0.092098;338429.884592;"0.004012999";"darwin";"194.116.85.211";"bittorrent";1340008810;33411.852562;-1.000000;"04eb82ec-76b3-4615-b25a-7c0279090671";35612;"09";"Besozzo";10;6;2012;0;18;"20120618"
"147.162.42.20";"IT";11.883300;45.416700;"AS137 GARR Italian academic and research network";"mlab1-trn01";0.010348;7122839.500370;"0.004010999";"linux2";"194.116.85.211";"speedtest";1340008834;8073064.941730;0.011986;"727d6a40-2b78-4641-8061-04b6a384e6a6";137;"20";"Padova";10;6;2012;0;18;"20120618"
"149.132.117.110";"IT";9.200000;45.466700;"AS137 GARR Italian academic and research network";"mlab1-trn01";0.004883;8833432.202200;"0.004012999";"darwin";"194.116.85.211";"speedtest";1340009067;11312862.056600;0.006708;"c9d3d685-6087-4faf-a87c-eb1dfaa2b53c";137;"18";"Milan";10;6;2012;0;18;"20120618"
"85.18.46.24";"IT";9.200000;45.466700;"AS12874 Fastweb SpA";"mlab1-trn01";0.004865;7812188.539124;"0.004012999";"linux2";"194.116.85.211";"bittorrent";1340009277;11590898.353780;-1.000000;"6c471e39-d901-41fa-9266-23795dce3dc5";12874;"09";"Milan";10;6;2012;0;18;"20120618"
"93.63.140.2";"IT";12.435800;44.070800;"AS12874 Fastweb SpA";"mlab1-trn01";0.052807;343999.818673;"0.004012999";"win32";"194.116.85.211";"bittorrent";1340009303;325082.984037;-1.000000;"8050c4c2-de4c-4f89-ab47-528f246a0f23";12874;"05";"Santarcangelo";10;6;2012;0;18;"20120618"
"87.0.171.69";"IT";8.350000;44.766700;"AS3269 Telecom Italia S.p.a.";"mlab1-trn01";0.042325;278309.530169;"0.004012999";"darwin";"194.116.85.211";"bittorrent";1340009350;47804.350304;-1.000000;"6b759052-c812-4f14-90ce-16e61560a573";3269;"12";"Nizza Monferrato";10;6;2012;0;18;"20120618"
"79.30.49.39";"IT";8.950000;44.416700;"AS3269 Telecom Italia S.p.a.";"mlab1-trn01";0.067003;74064.742472;"0.004012999";"win32";"194.116.85.211";"bittorrent";1340009395;33371.474801;-1.000000;"14b0478f-78ea-46ec-8409-548af450a827";3269;"08";"Genova";10;6;2012;0;18;"20120618"
"2.225.231.97";"IT";7.666700;45.050000;"AS12874 Fastweb SpA";"mlab1-trn01";0.012648;1173351.413970;"0.004012999";"win32";"194.116.85.211";"speedtest";1340009413;1172790.362860;0.013167;"252a836b-55fe-43a0-93e7-d33c5d47fae3";12874;"12";"Torino";10;6;2012;0;18;"20120618"
"94.33.1.179";"IT";9.216700;45.550000;"AS8612 Tiscali Italia S.P.A.";"mlab1-trn01";0.032793;1047544.109920;"0.004012999";"linux2";"194.116.85.211";"speedtest";1340009641;106056.926761;0.031540;"c8e22a26-c7da-46ee-8473-787638c3fd84";8612;"09";"Cinisello Balsamo";10;6;2012;0;18;"20120618"
"83.211.172.129";"IT";13.566700;42.583300;"AS15589 Clouditalia Communications S.p.A.";"mlab1-trn01";0.025478;476620.756942;"0.004012999";"win32";"194.116.85.211";"speedtest";1340009646;31648.392619;0.026031;"b6e23738-aa63-4482-8754-26d879467631";15589;"01";"Altavilla";10;6;2012;0;18;"20120618"
"31.185.19.156";"IT";12.566700;43.050000;"AS47187 Forinicom S.r.l.";"mlab1-trn01";0.029553;42422.830373;"0.004012999";"win32";"194.116.85.211";"bittorrent";1340009953;42701.722163;-1.000000;"2a30a2a8-273c-4b16-9671-803dc3d96492";47187;"18";"Santa Maria Degli Angeli";10;6;2012;0;18;"20120618"
"79.9.218.223";"IT";12.483300;41.900000;"AS3269 Telecom Italia S.p.a.";"mlab1-trn01";0.035790;818765.210997;"0.004012999";"darwin";"194.116.85.211";"bittorrent";1340009972;93710.852778;-1.000000;"4372ef01-dfbb-4175-8485-4bcfde678997";3269;"07";"Rome";10;6;2012;0;18;"20120618"
"88.47.41.57";"IT";12.833300;42.833300;"AS3269 Telecom Italia S.p.a.";"mlab1-trn01";0.045940;711973.791170;"0.004012999";"win32";"194.116.85.211";"speedtest";1340010144;45224.766245;0.052212;"ec2e71be-f555-4dee-b674-bc8e80a61d77";3269;"";"";11;6;2012;0;18;"20120618"
"77.242.135.27";"IT";12.833300;42.833300;"AS44092 Hal Service S.r.l";"mlab1-trn01";0.186077;218504.142392;"0.004012999";"win32";"194.116.85.211";"speedtest";1340010132;199000.418616;0.076877;"b836ef0f-1c67-4474-ba0a-2294612f2981";44092;"";"";11;6;2012;0;18;"20120618"
"188.216.124.199";"IT";7.666700;45.050000;"AS30722 Vodafone Omnitel N.V.";"mlab1-trn01";0.075409;843790.565825;"0.004012999";"darwin";"194.116.85.211";"bittorrent";1340010190;64041.088422;-1.000000;"821aa4b7-0495-4899-9210-11d94170a73b";30722;"12";"Torino";11;6;2012;0;18;"20120618"
"95.248.79.141";"IT";9.683300;45.366700;"AS3269 Telecom Italia S.p.a.";"mlab1-trn01";0.024418;1774430.202771;"0.004012999";"win32";"194.116.85.211";"bittorrent";1340010644;105285.791013;-1.000000;"4e01c135-aee3-4a25-a2fd-429c447dc4bd";3269;"09";"Crema";11;6;2012;0;18;"20120618"
"79.20.70.163";"IT";8.066600;45.572300;"AS3269 Telecom Italia S.p.a.";"mlab1-trn01";0.041994;846584.017929;"0.004012999";"darwin";"194.116.85.211";"bittorrent";1340010646;40002.218070;-1.000000;"432d3481-f83e-450d-b373-e60ae5f17efe";3269;"12";"Biella";11;6;2012;0;18;"20120618"
"109.234.63.11";"IT";12.833300;42.833300;"AS43989 Ehinet Srl";"mlab1-trn01";0.036884;408802.914331;"0.004009999";"win32";"194.116.85.211";"speedtest";1340010829;27871.213154;0.039958;"5d6312ec-b414-42e6-8e89-702c7b4fd5e8";43989;"";"";11;6;2012;0;18;"20120618"
"79.30.49.39";"IT";8.950000;44.416700;"AS3269 Telecom Italia S.p.a.";"mlab1-trn01";0.067569;59725.011653;"0.004012999";"win32";"194.116.85.211";"speedtest";1340010938;19319.368372;0.157267;"14b0478f-78ea-46ec-8409-548af450a827";3269;"08";"Genova";11;6;2012;0;18;"20120618"
"2.230.35.188";"IT";9.316700;45.350000;"AS12874 Fastweb SpA";"mlab1-trn01";0.010047;651186.187245;"0.004012999";"darwin";"194.116.85.211";"bittorrent";1340011058;108602.183603;-1.000000;"681448f5-2440-4cd6-afef-f44ecf59facf";12874;"09";"Melegnano";11;6;2012;0;18;"20120618"
"79.21.87.98";"IT";9.533300;45.700000;"AS3269 Telecom Italia S.p.a.";"mlab1-trn01";0.015945;716439.131073;"0.004012999";"darwin";"194.116.85.211";"speedtest";1340011064;33695.730795;0.052035;"2ce2bf8b-ae24-462e-9d50-8546bf97935c";3269;"09";"Mapello";11;6;2012;0;18;"20120618"
"93.33.101.175";"IT";9.200000;45.466700;"AS12874 Fastweb SpA";"mlab1-trn01";0.008830;1160955.468610;"0.004012999";"darwin";"194.116.85.211";"bittorrent";1340011158;1166138.477659;-1.000000;"29750ad8-f56c-4e95-a4f3-b9badf7da7af";12874;"09";"Milan";11;6;2012;0;18;"20120618"
"88.87.119.170";"IT";7.666700;45.050000;"AS34606 BBBell s.r.l. - Telecommunication Services";"mlab1-trn01";0.060508;338088.528987;"0.004012999";"win32";"194.116.85.211";"speedtest";1340011570;617743.847001;0.050629;"241c3a7e-ba9b-4a0d-9bea-1c379895fdaa";34606;"12";"Torino";11;6;2012;0;18;"20120618"
"85.18.116.244";"IT";8.900000;45.400000;"AS12874 Fastweb SpA";"mlab1-trn01";0.005479;11154871.729900;"0.004012999";"linux2";"194.116.85.211";"speedtest";1340011591;6757060.902490;0.006902;"c76e28cf-4020-40f2-ae3f-39482e23ced0";12874;"09";"Abbiategrasso";11;6;2012;0;18;"20120618"
"134.255.171.36";"IT";12.833300;42.833300;"AS198292 Wave-Max S.r.L.";"mlab1-trn01";0.089184;304118.857239;"0.004012999";"win32";"194.116.85.211";"bittorrent";1340011595;44293.102355;-1.000000;"708a55f0-3758-4099-a346-23683a39926d";198292;"";"";11;6;2012;0;18;"20120618"
"193.206.69.215";"IT";9.166700;45.166700;"AS137 GARR Italian academic and research network";"mlab1-trn01";0.006512;1872491.290060;"0.004012999";"win32";"194.116.85.211";"speedtest";1340011780;1656412.917190;0.010701;"9861474e-5920-4dc4-b269-535f5029f86a";137;"09";"Pavia";11;6;2012;0;18;"20120618"
"147.162.42.20";"IT";11.883300;45.416700;"AS137 GARR Italian academic and research network";"mlab1-trn01";0.010179;4921176.377890;"0.004010999";"linux2";"194.116.85.211";"speedtest";1340011935;8024288.171980;0.011670;"727d6a40-2b78-4641-8061-04b6a384e6a6";137;"20";"Padova";11;6;2012;0;18;"20120618"
"130.192.91.211";"IT";7.666700;45.050000;"AS137 GARR Italian academic and research network";"mlab1-trn01";0.003010;11584377.726026;"0.004012999";"linux2";"194.116.85.211";"bittorrent";1340012169;11726959.244710;-1.000000;"91708cf1-7028-4b58-9520-faea0010494c";137;"12";"Torino";11;6;2012;0;18;"20120618"
"87.0.171.69";"IT";8.350000;44.766700;"AS3269 Telecom Italia S.p.a.";"mlab1-trn01";0.357683;171320.777909;"0.004012999";"darwin";"194.116.85.211";"bittorrent";1340012194;49137.196832;-1.000000;"6b759052-c812-4f14-90ce-16e61560a573";3269;"12";"Nizza Monferrato";11;6;2012;0;18;"20120618"
"79.0.19.229";"IT";12.483300;41.900000;"AS3269 Telecom Italia S.p.a.";"mlab1-trn01";0.034041;1313978.678780;"0.004012999";"darwin";"194.116.85.211";"speedtest";1340012503;73559.544439;0.036994;"69fb5e33-52f0-4549-a67d-9deb0c9b5493";3269;"07";"Rome";11;6;2012;0;18;"20120618"
"79.21.87.98";"IT";9.533300;45.700000;"AS3269 Telecom Italia S.p.a.";"mlab1-trn01";0.078077;676996.019975;"0.004012999";"darwin";"194.116.85.211";"bittorrent";1340012617;17889.603917;-1.000000;"2ce2bf8b-ae24-462e-9d50-8546bf97935c";3269;"09";"Mapello";11;6;2012;0;18;"20120618"
"79.39.193.153";"IT";12.833300;42.833300;"AS3269 Telecom Italia S.p.a.";"mlab1-trn01";0.104671;577000.361645;"0.004012999";"win32";"194.116.85.211";"bittorrent";1340012721;45164.951176;-1.000000;"ec58670d-cc26-4c10-aeb5-a22a61fd34c0";3269;"";"";11;6;2012;0;18;"20120618"
"195.110.137.171";"IT";12.483300;41.900000;"AS5396 MC-link Spa";"mlab1-trn01";0.036365;541941.581921;"0.004012999";"darwin";"194.116.85.211";"bittorrent";1340013168;32404.030765;-1.000000;"2d27e34d-ed0a-4c70-8dc2-070f5a0499a1";5396;"07";"Rome";11;6;2012;0;18;"20120618"
"77.242.135.27";"IT";12.833300;42.833300;"AS44092 Hal Service S.r.l";"mlab1-trn01";0.103059;90984.581569;"0.004012999";"win32";"194.116.85.211";"speedtest";1340013194;158683.694272;0.112131;"b836ef0f-1c67-4474-ba0a-2294612f2981";44092;"";"";11;6;2012;0;18;"20120618"
"188.218.203.155";"IT";18.166700;40.300000;"AS30722 Vodafone Omnitel N.V.";"mlab1-trn01";0.061173;538005.478023;"0.004009999";"win32";"194.116.85.211";"speedtest";1340014073;56920.994119;0.067632;"1a885600-ab28-499c-8adf-fb4b2b758c63";30722;"13";"San Cesario";12;6;2012;0;18;"20120618"
"31.185.19.156";"IT";12.566700;43.050000;"AS47187 Forinicom S.r.l.";"mlab1-trn01";0.055841;47306.499383;"0.004012999";"win32";"194.116.85.211";"speedtest";1340014213;29571.476466;0.035002;"2a30a2a8-273c-4b16-9671-803dc3d96492";47187;"18";"Santa Maria Degli Angeli";12;6;2012;0;18;"20120618"
"83.211.172.129";"IT";13.566700;42.583300;"AS15589 Clouditalia Communications S.p.A.";"mlab1-trn01";0.024696;385169.209614;"0.004012999";"win32";"194.116.85.211";"bittorrent";1340014442;31442.247393;-1.000000;"b6e23738-aa63-4482-8754-26d879467631";15589;"01";"Altavilla";12;6;2012;0;18;"20120618"
"2.227.55.184";"IT";12.500000;41.666700;"AS12874 Fastweb SpA";"mlab1-trn01";0.037177;866388.548516;"0.004012999";"linux2";"194.116.85.211";"speedtest";1340015013;107920.032471;0.040452;"202944e6-094c-4bb9-86da-7234fa3c010e";12874;"07";"Pomezia";12;6;2012;0;18;"20120618"
"87.18.255.91";"IT";17.229700;40.476100;"AS3269 Telecom Italia S.p.a.";"mlab1-trn01";0.074537;712058.795044;"0.004009999";"win32";"194.116.85.211";"speedtest";1340015032;50098.607498;0.070288;"7989d7c5-459e-4910-93c2-ffd113604f5d";3269;"13";"Taranto";12;6;2012;0;18;"20120618"
"2.225.231.97";"IT";7.666700;45.050000;"AS12874 Fastweb SpA";"mlab1-trn01";0.013094;813873.369602;"0.004012999";"win32";"194.116.85.211";"speedtest";1340015097;882993.520686;0.019796;"252a836b-55fe-43a0-93e7-d33c5d47fae3";12874;"12";"Torino";12;6;2012;0;18;"20120618"
"217.133.23.13";"IT";12.833300;42.833300;"AS8612 Tiscali Italia S.P.A.";"mlab1-trn01";0.031617;1206870.684061;"0.004012999";"darwin";"194.116.85.211";"bittorrent";1340015271;106684.455454;-1.000000;"7da8ef87-6dfd-41fe-8a53-f1a960d7de12";8612;"";"";12;6;2012;0;18;"20120618"
"79.20.70.163";"IT";8.066600;45.572300;"AS3269 Telecom Italia S.p.a.";"mlab1-trn01";0.043747;805863.062360;"0.004012999";"darwin";"194.116.85.211";"speedtest";1340015317;41421.757201;0.048121;"432d3481-f83e-450d-b373-e60ae5f17efe";3269;"12";"Biella";12;6;2012;0;18;"20120618"
"79.0.19.229";"IT";12.483300;41.900000;"AS3269 Telecom Italia S.p.a.";"mlab1-trn01";0.033233;1347320.950630;"0.004012999";"darwin";"194.116.85.211";"speedtest";1340015376;103295.684965;0.037075;"69fb5e33-52f0-4549-a67d-9deb0c9b5493";3269;"07";"Rome";12;6;2012;0;18;"20120618"
"217.133.46.117";"IT";11.316700;43.583300;"AS8612 Tiscali Italia S.P.A.";"mlab1-trn01";0.028255;1572365.871472;"0.004012999";"win32";"194.116.85.211";"bittorrent";1340015517;99996.550286;-1.000000;"2765e625-af97-4607-9fbe-b7195291ba59";8612;"16";"Greve";12;6;2012;0;18;"20120618"
"79.30.49.39";"IT";8.950000;44.416700;"AS3269 Telecom Italia S.p.a.";"mlab1-trn01";0.160640;72796.230065;"0.004012999";"win32";"194.116.85.211";"bittorrent";1340015574;33328.736733;-1.000000;"14b0478f-78ea-46ec-8409-548af450a827";3269;"08";"Genova";12;6;2012;0;18;"20120618"
"95.229.187.136";"IT";12.833300;42.833300;"AS3269 Telecom Italia S.p.a.";"mlab1-trn01";0.042281;829819.803905;"0.004012999";"win32";"194.116.85.211";"bittorrent";1340015622;84371.589012;-1.000000;"a4010725-b228-4400-bd21-b9e05989bafb";3269;"";"";12;6;2012;0;18;"20120618"
"134.255.171.36";"IT";12.833300;42.833300;"AS198292 Wave-Max S.r.L.";"mlab1-trn01";0.088684;207374.524973;"0.004012999";"win32";"194.116.85.211";"speedtest";1340015790;44756.048883;0.091261;"708a55f0-3758-4099-a346-23683a39926d";198292;"";"";12;6;2012;0;18;"20120618"
"88.47.41.57";"IT";12.833300;42.833300;"AS3269 Telecom Italia S.p.a.";"mlab1-trn01";0.062201;743376.602989;"0.004012999";"win32";"194.116.85.211";"speedtest";1340015930;37099.132333;0.053389;"ec2e71be-f555-4dee-b674-bc8e80a61d77";3269;"";"";12;6;2012;0;18;"20120618"
"79.39.193.153";"IT";12.833300;42.833300;"AS3269 Telecom Italia S.p.a.";"mlab1-trn01";0.105057;618003.166694;"0.004012999";"win32";"194.116.85.211";"bittorrent";1340015961;45193.251186;-1.000000;"ec58670d-cc26-4c10-aeb5-a22a61fd34c0";3269;"";"";12;6;2012;0;18;"20120618"
"79.9.218.223";"IT";12.483300;41.900000;"AS3269 Telecom Italia S.p.a.";"mlab1-trn01";0.036141;648396.623827;"0.004012999";"darwin";"194.116.85.211";"bittorrent";1340016097;93529.655884;-1.000000;"4372ef01-dfbb-4175-8485-4bcfde678997";3269;"07";"Rome";12;6;2012;0;18;"20120618"
"79.20.70.163";"IT";8.066600;45.572300;"AS3269 Telecom Italia S.p.a.";"mlab1-trn01";0.044986;782674.998814;"0.004012999";"darwin";"194.116.85.211";"bittorrent";1340016104;41266.440059;-1.000000;"e838c543-3d44-45bd-9a51-ed5e3c0d7d06";3269;"12";"Biella";12;6;2012;0;18;"20120618"
"130.192.91.211";"IT";7.666700;45.050000;"AS137 GARR Italian academic and research network";"mlab1-trn01";0.002680;11116531.857600;"0.004012999";"linux2";"194.116.85.211";"speedtest";1340016468;1262227.246080;0.006243;"91708cf1-7028-4b58-9520-faea0010494c";137;"12";"Torino";12;6;2012;0;18;"20120618"
"79.0.19.229";"IT";12.483300;41.900000;"AS3269 Telecom Italia S.p.a.";"mlab1-trn01";0.033622;1426843.928625;"0.004012999";"darwin";"194.116.85.211";"bittorrent";1340016816;104755.168228;-1.000000;"69fb5e33-52f0-4549-a67d-9deb0c9b5493";3269;"07";"Rome";12;6;2012;0;18;"20120618"
"151.49.229.123";"IT";13.780000;45.648600;"AS1267 WIND Telecomunicazioni S.p.A.";"mlab1-trn01";0.029526;62506.627444;"0.004011999";"linux2";"194.116.85.211";"speedtest";1340017048;53616.495190;0.033579;"db4c1f00-a6b9-40ad-b36d-a2fad669a491";1267;"06";"Trieste";12;6;2012;0;18;"20120618"
"2.230.35.188";"IT";9.316700;45.350000;"AS12874 Fastweb SpA";"mlab1-trn01";0.010498;655266.008292;"0.004012999";"darwin";"194.116.85.211";"bittorrent";1340017169;109031.102099;-1.000000;"681448f5-2440-4cd6-afef-f44ecf59facf";12874;"09";"Melegnano";12;6;2012;0;18;"20120618"
"84.221.231.178";"IT";7.666700;45.050000;"AS8612 Tiscali Italia S.P.A.";"mlab1-trn01";0.023352;1973394.118750;"0.004012999";"darwin";"194.116.85.211";"bittorrent";1340017184;104694.690594;-1.000000;"7e3598a2-40f8-4213-beaa-47abf033b292";8612;"12";"Torino";12;6;2012;0;18;"20120618"
"188.217.129.219";"IT";14.333300;40.916700;"AS30722 Vodafone Omnitel N.V.";"mlab1-trn01";0.117256;62488.079137;"0.004012999";"win32";"194.116.85.211";"speedtest";1340017144;35458.545283;0.084440;"bb6c2e6b-7f94-482d-ab7a-ba9256571bd8";30722;"04";"Casalnuovo Di Napoli";12;6;2012;0;18;"20120618"
"85.18.28.68";"IT";12.833300;42.833300;"AS12874 Fastweb SpA";"mlab1-trn01";0.138707;77220.615433;"0.004009999";"win32";"194.116.85.211";"speedtest";1340017841;146652.023300;0.164646;"209e0493-6ac3-47f4-8a7e-513e3ce88ea8";12874;"";"";13;6;2012;0;18;"20120618"
"195.110.137.171";"IT";12.483300;41.900000;"AS5396 MC-link Spa";"mlab1-trn01";0.072169;341019.581872;"0.004012999";"darwin";"194.116.85.211";"speedtest";1340017682;24193.724837;0.076315;"2d27e34d-ed0a-4c70-8dc2-070f5a0499a1";5396;"07";"Rome";13;6;2012;0;18;"20120618"
"95.226.164.10";"IT";11.416700;45.683300;"AS3269 Telecom Italia S.p.a.";"mlab1-trn01";0.053080;750030.198519;"0.004005999";"win32";"194.116.85.211";"speedtest";1340017826;36958.753623;0.049683;"54ca976f-8551-47fc-bce1-b06f00a12720";3269;"20";"Marano Vicentino";13;6;2012;0;18;"20120618"
"93.62.73.167";"IT";7.666700;45.050000;"AS12874 Fastweb SpA";"mlab1-trn01";0.031849;1975473.133772;"0.004012999";"win32";"194.116.85.211";"bittorrent";1340017834;68908.393296;-1.000000;"ba264b82-0dde-485e-bdfd-b866b37d1bf8";12874;"12";"Torino";13;6;2012;0;18;"20120618"
"188.152.109.177";"IT";7.666700;45.050000;"AS44957 Vodafone Omnitel N.V.";"mlab1-trn01";0.051932;316851.255858;"0.004012999";"darwin";"194.116.85.211";"bittorrent";1340017942;15769.571543;-1.000000;"fd2cba45-5000-4263-b0bc-8c4a654ac411";44957;"12";"Torino";13;6;2012;0;18;"20120618"
"31.196.6.210";"IT";12.833300;42.833300;"AS3269 Telecom Italia S.p.a.";"mlab1-trn01";0.032021;151100.198344;"0.004012999";"win32";"194.116.85.211";"speedtest";1340018035;202307.228006;0.017399;"8f96be96-0318-4e62-a639-7816bf69ae7b";3269;"";"";13;6;2012;0;18;"20120618"
"94.36.33.130";"IT";8.950000;44.416700;"AS8612 Tiscali Italia S.P.A.";"mlab1-trn01";0.027302;862742.238614;"0.004012999";"darwin";"194.116.85.211";"bittorrent";1340018028;52513.475103;-1.000000;"894fe1ee-9250-416a-98be-74dd024aea06";8612;"08";"Genova";13;6;2012;0;18;"20120618"
"147.162.42.20";"IT";11.883300;45.416700;"AS137 GARR Italian academic and research network";"mlab1-trn01";0.010440;10338992.418514;"0.004010999";"linux2";"194.116.85.211";"bittorrent";1340018101;11067959.009726;-1.000000;"727d6a40-2b78-4641-8061-04b6a384e6a6";137;"20";"Padova";13;6;2012;0;18;"20120618"
"87.18.255.91";"IT";17.229700;40.476100;"AS3269 Telecom Italia S.p.a.";"mlab1-trn01";0.062751;673029.760375;"0.004009999";"win32";"194.116.85.211";"speedtest";1340018184;49845.384935;0.069477;"7989d7c5-459e-4910-93c2-ffd113604f5d";3269;"13";"Taranto";13;6;2012;0;18;"20120618"
"80.180.128.61";"IT";9.666700;45.016700;"AS3269 Telecom Italia S.p.a.";"mlab1-trn01";0.029312;1641779.833850;"0.004012999";"win32";"194.116.85.211";"speedtest";1340018417;96234.910966;0.031472;"a6b33ac3-0345-4892-98b5-ad125988a24b";3269;"05";"Piacenza";13;6;2012;0;18;"20120618"
"80.117.83.96";"IT";12.833300;42.833300;"AS3269 Telecom Italia S.p.a.";"mlab1-trn01";0.022854;761867.687597;"0.004012999";"win32";"194.116.85.211";"speedtest";1340018426;40670.605478;0.028887;"25353fbe-ce56-4192-a803-65a63443c70a";3269;"";"";13;6;2012;0;18;"20120618"
"95.252.38.138";"IT";9.200000;45.466700;"AS3269 Telecom Italia S.p.a.";"mlab1-trn01";0.026143;1019363.765560;"0.004012999";"win32";"194.116.85.211";"speedtest";1340018443;72606.906687;0.030804;"fabd9ec4-04a0-49f7-9afc-39e5f8c565ba";3269;"09";"Milan";13;6;2012;0;18;"20120618"
"188.216.124.199";"IT";7.666700;45.050000;"AS30722 Vodafone Omnitel N.V.";"mlab1-trn01";0.091342;839909.032186;"0.004012999";"darwin";"194.116.85.211";"bittorrent";1340018648;64554.566466;-1.000000;"821aa4b7-0495-4899-9210-11d94170a73b";30722;"12";"Torino";13;6;2012;0;18;"20120618"
"2.230.35.188";"IT";9.316700;45.350000;"AS12874 Fastweb SpA";"mlab1-trn01";0.012810;650706.030123;"0.004012999";"darwin";"194.116.85.211";"speedtest";1340018698;108891.813530;0.013671;"681448f5-2440-4cd6-afef-f44ecf59facf";12874;"09";"Melegnano";13;6;2012;0;18;"20120618"
"85.18.116.244";"IT";8.900000;45.400000;"AS12874 Fastweb SpA";"mlab1-trn01";0.010095;11599529.477041;"0.004012999";"linux2";"194.116.85.211";"bittorrent";1340018707;7029623.973003;-1.000000;"c76e28cf-4020-40f2-ae3f-39482e23ced0";12874;"09";"Abbiategrasso";13;6;2012;0;18;"20120618"
"82.52.163.45";"IT";7.666700;45.050000;"AS3269 Telecom Italia S.p.a.";"mlab1-trn01";0.076041;145072.802224;"0.004012999";"win32";"194.116.85.211";"speedtest";1340018782;49637.516019;0.052157;"6cef0c0b-db28-40fc-a50b-adbf586b1014";3269;"12";"Torino";13;6;2012;0;18;"20120618"
"195.110.137.171";"IT";12.483300;41.900000;"AS5396 MC-link Spa";"mlab1-trn01";0.061605;501172.315468;"0.004012999";"darwin";"194.116.85.211";"bittorrent";1340019203;23687.160009;-1.000000;"2d27e34d-ed0a-4c70-8dc2-070f5a0499a1";5396;"07";"Rome";13;6;2012;0;18;"20120618"
"188.10.100.91";"IT";9.116700;45.683300;"AS3269 Telecom Italia S.p.a.";"mlab1-trn01";0.042287;800360.935214;"0.004012999";"win32";"194.116.85.211";"speedtest";1340019210;33420.314824;0.048306;"a0bc9ac6-3c40-4f42-be91-07152ae8b8fb";3269;"09";"Lentate Sul Seveso";13;6;2012;0;18;"20120618"
"188.11.197.8";"IT";12.483300;41.900000;"AS3269 Telecom Italia S.p.a.";"mlab1-trn01";0.138436;944480.454830;"0.004012999";"darwin";"194.116.85.211";"speedtest";1340019268;43990.816292;0.071096;"c671e4d7-9027-4ae8-9058-ad41f0746af0";3269;"07";"Rome";13;6;2012;0;18;"20120618"
"93.62.73.167";"IT";7.666700;45.050000;"AS12874 Fastweb SpA";"mlab1-trn01";0.030500;1208277.715910;"0.004012999";"win32";"194.116.85.211";"speedtest";1340019291;69811.413098;0.036088;"ba264b82-0dde-485e-bdfd-b866b37d1bf8";12874;"12";"Torino";13;6;2012;0;18;"20120618"
"2.225.231.97";"IT";7.666700;45.050000;"AS12874 Fastweb SpA";"mlab1-trn01";0.029860;842518.121426;"0.004012999";"win32";"194.116.85.211";"bittorrent";1340019347;1072535.924939;-1.000000;"252a836b-55fe-43a0-93e7-d33c5d47fae3";12874;"12";"Torino";13;6;2012;0;18;"20120618"
"31.196.6.210";"IT";12.833300;42.833300;"AS3269 Telecom Italia S.p.a.";"mlab1-trn01";0.019248;220080.836006;"0.004012999";"win32";"194.116.85.211";"bittorrent";1340019448;165553.857732;-1.000000;"8f96be96-0318-4e62-a639-7816bf69ae7b";3269;"";"";13;6;2012;0;18;"20120618"
"87.8.229.178";"IT";7.666700;45.050000;"AS3269 Telecom Italia S.p.a.";"mlab1-trn01";0.033656;553464.000742;"0.004012999";"win32";"194.116.85.211";"speedtest";1340019518;47955.106806;0.039439;"d6bbc582-d8eb-4ead-ba2c-3fffeda97549";3269;"12";"Torino";13;6;2012;0;18;"20120618"
"81.174.47.101";"IT";12.833300;42.833300;"AS35612 NGI Spa";"mlab1-trn01";0.014188;979460.310777;"0.004012999";"darwin";"194.116.85.211";"bittorrent";1340019848;113053.174136;-1.000000;"59a9e8e1-3618-48e2-adea-6559f48400b8";35612;"";"";13;6;2012;0;18;"20120618"
"93.35.234.244";"IT";9.187800;45.461200;"AS12874 Fastweb SpA";"mlab1-trn01";0.029937;881899.546249;"0.004011999";"win32";"194.116.85.211";"bittorrent";1340019882;48544.750520;-1.000000;"9a8fa0ab-ee51-4da8-b32c-4f50bc470f20";12874;"09";"Milan";13;6;2012;0;18;"20120618"
"2.156.72.87";"IT";12.833300;42.833300;"AS24608 H3G S.p.A.";"mlab1-trn01";1.191985;221206.700924;"0.004012999";"darwin";"194.116.85.211";"speedtest";1340019883;337070.982587;0.065408;"bc4e30cc-d83d-4f21-a077-9b9db8499edd";24608;"";"";13;6;2012;0;18;"20120618"
"95.252.38.138";"IT";9.200000;45.466700;"AS3269 Telecom Italia S.p.a.";"mlab1-trn01";0.025860;915554.442486;"0.004012999";"win32";"194.116.85.211";"bittorrent";1340019973;63399.633762;-1.000000;"fabd9ec4-04a0-49f7-9afc-39e5f8c565ba";3269;"09";"Milan";13;6;2012;0;18;"20120618"
"134.255.175.21";"IT";13.216700;43.366700;"AS198292 Wave-Max S.r.L.";"mlab1-trn01";0.109381;423719.754168;"0.004012999";"win32";"194.116.85.211";"bittorrent";1340019998;44081.499396;-1.000000;"708a55f0-3758-4099-a346-23683a39926d";198292;"10";"Cingoli";13;6;2012;0;18;"20120618"
"130.192.91.213";"IT";7.666700;45.050000;"AS137 GARR Italian academic and research network";"mlab1-trn01";0.001911;11701145.672300;"0.004012999";"linux2";"194.116.85.211";"speedtest";1340020152;1289736.600250;0.004047;"cd78793c-1e3b-4944-b4b2-9768fc1cdb97";137;"12";"Torino";13;6;2012;0;18;"20120618"
"82.52.163.45";"IT";7.666700;45.050000;"AS3269 Telecom Italia S.p.a.";"mlab1-trn01";0.051708;849633.289570;"0.004012999";"win32";"194.116.85.211";"bittorrent";1340020407;50019.063521;-1.000000;"6cef0c0b-db28-40fc-a50b-adbf586b1014";3269;"12";"Torino";13;6;2012;0;18;"20120618"
"85.18.28.68";"IT";12.833300;42.833300;"AS12874 Fastweb SpA";"mlab1-trn01";0.015102;134553.711687;"0.004009999";"win32";"194.116.85.211";"speedtest";1340020723;153970.643733;0.019442;"209e0493-6ac3-47f4-8a7e-513e3ce88ea8";12874;"";"";13;6;2012;0;18;"20120618"
"2.225.231.97";"IT";7.666700;45.050000;"AS12874 Fastweb SpA";"mlab1-trn01";0.024395;669308.971001;"0.004012999";"win32";"194.116.85.211";"speedtest";1340020763;907797.791395;0.013529;"252a836b-55fe-43a0-93e7-d33c5d47fae3";12874;"12";"Torino";13;6;2012;0;18;"20120618"
"188.152.94.198";"IT";12.833300;42.833300;"AS44957 Vodafone Omnitel N.V.";"mlab1-trn01";0.051355;922463.189451;"0.004012999";"linux2";"194.116.85.211";"bittorrent";1340021371;49106.443325;-1.000000;"b6f7bc90-fab9-4db0-af8a-1737ebd554f1";44957;"";"";14;6;2012;0;18;"20120618"
"93.35.255.216";"IT";9.150000;45.600000;"AS12874 Fastweb SpA";"mlab1-trn01";0.029838;788181.847319;"0.004011999";"win32";"194.116.85.211";"speedtest";1340021485;45090.743911;0.034916;"9a8fa0ab-ee51-4da8-b32c-4f50bc470f20";12874;"09";"Varedo";14;6;2012;0;18;"20120618"
"130.192.91.211";"IT";7.666700;45.050000;"AS137 GARR Italian academic and research network";"mlab1-trn01";0.002731;11018832.298900;"0.004012999";"win32";"194.116.85.211";"speedtest";1340021531;25209.495639;0.003925;"cadc2d8d-b4b9-491c-be07-81ba3b638dc9";137;"12";"Torino";14;6;2012;0;18;"20120618"
"87.2.107.159";"IT";11.083300;46.216700;"AS3269 Telecom Italia S.p.a.";"mlab1-trn01";0.032065;1315061.675200;"0.004012999";"darwin";"194.116.85.211";"speedtest";1340021693;12362.729298;0.034934;"3a2b787f-c941-4b74-b356-2363c9904a6c";3269;"17";"Mezzolombardo";14;6;2012;0;18;"20120618"
"2.225.231.97";"IT";7.666700;45.050000;"AS12874 Fastweb SpA";"mlab1-trn01";0.013178;789697.170164;"0.004012999";"win32";"194.116.85.211";"bittorrent";1340022181;1135984.479417;-1.000000;"252a836b-55fe-43a0-93e7-d33c5d47fae3";12874;"12";"Torino";14;6;2012;0;18;"20120618"
"79.9.218.223";"IT";12.483300;41.900000;"AS3269 Telecom Italia S.p.a.";"mlab1-trn01";0.041460;821215.361098;"0.004012999";"darwin";"194.116.85.211";"bittorrent";1340022234;93686.812328;-1.000000;"4372ef01-dfbb-4175-8485-4bcfde678997";3269;"07";"Rome";14;6;2012;0;18;"20120618"
"188.10.100.91";"IT";9.116700;45.683300;"AS3269 Telecom Italia S.p.a.";"mlab1-trn01";0.050595;806557.390203;"0.004012999";"win32";"194.116.85.211";"speedtest";1340022455;32003.773222;0.048273;"a0bc9ac6-3c40-4f42-be91-07152ae8b8fb";3269;"09";"Lentate Sul Seveso";14;6;2012;0;18;"20120618"
"31.189.45.76";"IT";12.833300;42.833300;"AS24608 H3G S.p.A.";"mlab1-trn01";0.085101;214594.974125;"0.004012999";"win32";"194.116.85.211";"bittorrent";1340022697;139314.210275;-1.000000;"43e189b1-5c5f-4b85-a1d1-ac76b3b89286";24608;"";"";14;6;2012;0;18;"20120618"
"83.103.18.165";"IT";7.733300;44.916700;"AS12874 Fastweb SpA";"mlab1-trn01";0.010904;427830.418415;"0.004012999";"win32";"194.116.85.211";"bittorrent";1340022700;409390.006876;-1.000000;"241c3a7e-ba9b-4a0d-9bea-1c379895fdaa";12874;"12";"Villastellone";14;6;2012;0;18;"20120618"
"188.152.94.198";"IT";12.833300;42.833300;"AS44957 Vodafone Omnitel N.V.";"mlab1-trn01";0.049700;868472.722649;"0.004012999";"linux2";"194.116.85.211";"speedtest";1340022803;49669.071818;0.054361;"b6f7bc90-fab9-4db0-af8a-1737ebd554f1";44957;"";"";14;6;2012;0;18;"20120618"
"188.216.183.24";"IT";12.833300;42.833300;"AS30722 Vodafone Omnitel N.V.";"mlab1-trn01";0.052855;862384.290875;"0.004012999";"darwin";"194.116.85.211";"bittorrent";1340023137;64599.678033;-1.000000;"eb287f52-d429-4a32-aa75-ba1fd1cf87d2";30722;"";"";14;6;2012;0;18;"20120618"
"79.17.4.207";"IT";12.483300;41.900000;"AS3269 Telecom Italia S.p.a.";"mlab1-trn01";0.046570;1329581.461340;"0.004012999";"win32";"194.116.85.211";"speedtest";1340023140;71291.991865;0.045062;"6e54bc7f-fbfd-4c61-b304-c99deb512a0f";3269;"07";"Rome";14;6;2012;0;18;"20120618"
"130.192.91.213";"IT";7.666700;45.050000;"AS137 GARR Italian academic and research network";"mlab1-trn01";0.002057;11199316.608700;"0.004012999";"linux2";"194.116.85.211";"speedtest";1340023146;1241859.171490;0.003800;"cd78793c-1e3b-4944-b4b2-9768fc1cdb97";137;"12";"Torino";14;6;2012;0;18;"20120618"
"217.203.155.82";"IT";12.833300;42.833300;"AS16232 TIM (Telecom Italia Mobile) Autonomous System";"mlab1-trn01";0.146314;125130.724684;"0.004012999";"darwin";"194.116.85.211";"bittorrent";1340023212;112496.671754;-1.000000;"7da8ef87-6dfd-41fe-8a53-f1a960d7de12";16232;"";"";14;6;2012;0;18;"20120618"
"151.65.28.229";"IT";9.016700;44.983300;"AS1267 WIND Telecomunicazioni S.p.A.";"mlab1-trn01";0.031391;22255.981202;"0.004012999";"win32";"194.116.85.211";"bittorrent";1340023214;97937.089217;-1.000000;"a5016d11-f6c1-4d6d-a30f-48088faa5e70";1267;"09";"Voghera";14;6;2012;0;18;"20120618"
"87.2.107.159";"IT";11.083300;46.216700;"AS3269 Telecom Italia S.p.a.";"mlab1-trn01";0.031899;1410248.705854;"0.004012999";"darwin";"194.116.85.211";"bittorrent";1340023280;118970.091524;-1.000000;"3a2b787f-c941-4b74-b356-2363c9904a6c";3269;"17";"Mezzolombardo";14;6;2012;0;18;"20120618"
"151.49.229.123";"IT";13.780000;45.648600;"AS1267 WIND Telecomunicazioni S.p.A.";"mlab1-trn01";0.031468;52789.240264;"0.004011999";"linux2";"194.116.85.211";"speedtest";1340023329;53643.795107;0.057647;"db4c1f00-a6b9-40ad-b36d-a2fad669a491";1267;"06";"Trieste";14;6;2012;0;18;"20120618"
"85.18.29.42";"IT";9.200000;45.466700;"AS12874 Fastweb SpA";"mlab1-trn01";0.006063;1149038.549150;"0.004012999";"darwin";"194.116.85.211";"speedtest";1340023342;1171638.255890;0.007714;"2c46fdf6-7306-4016-9a75-e529fa590549";12874;"09";"Milan";14;6;2012;0;18;"20120618"
"82.52.163.45";"IT";7.666700;45.050000;"AS3269 Telecom Italia S.p.a.";"mlab1-trn01";0.037609;223074.197216;"0.004012999";"win32";"194.116.85.211";"bittorrent";1340023638;49932.261830;-1.000000;"6cef0c0b-db28-40fc-a50b-adbf586b1014";3269;"12";"Torino";14;6;2012;0;18;"20120618"
"93.62.73.167";"IT";7.666700;45.050000;"AS12874 Fastweb SpA";"mlab1-trn01";0.218147;1244791.637403;"0.004012999";"win32";"194.116.85.211";"bittorrent";1340023661;59840.648977;-1.000000;"ba264b82-0dde-485e-bdfd-b866b37d1bf8";12874;"12";"Torino";14;6;2012;0;18;"20120618"
"93.63.140.2";"IT";12.435800;44.070800;"AS12874 Fastweb SpA";"mlab1-trn01";0.191644;246783.563487;"0.004012999";"win32";"194.116.85.211";"speedtest";1340023756;331378.284608;0.102784;"8050c4c2-de4c-4f89-ab47-528f246a0f23";12874;"05";"Santarcangelo";14;6;2012;0;18;"20120618"
"147.162.42.20";"IT";11.883300;45.416700;"AS137 GARR Italian academic and research network";"mlab1-trn01";0.015104;7816925.185752;"0.004010999";"linux2";"194.116.85.211";"bittorrent";1340023891;7204439.343991;-1.000000;"727d6a40-2b78-4641-8061-04b6a384e6a6";137;"20";"Padova";14;6;2012;0;18;"20120618"
"82.50.16.67";"IT";11.583300;44.400000;"AS3269 Telecom Italia S.p.a.";"mlab1-trn01";0.049339;946942.274151;"0.004008999";"darwin";"194.116.85.211";"speedtest";1340024065;79646.603730;0.052863;"470583b1-76be-479b-a12e-d79962295075";3269;"05";"Castel San Pietro Terme";14;6;2012;0;18;"20120618"
"134.255.175.21";"IT";13.216700;43.366700;"AS198292 Wave-Max S.r.L.";"mlab1-trn01";0.093545;149169.651884;"0.004012999";"win32";"194.116.85.211";"speedtest";1340024206;44632.574846;0.092627;"708a55f0-3758-4099-a346-23683a39926d";198292;"10";"Cingoli";14;6;2012;0;18;"20120618"
"188.152.94.198";"IT";12.833300;42.833300;"AS44957 Vodafone Omnitel N.V.";"mlab1-trn01";0.047664;922213.485240;"0.004012999";"linux2";"194.116.85.211";"bittorrent";1340024244;48307.987769;-1.000000;"b6f7bc90-fab9-4db0-af8a-1737ebd554f1";44957;"";"";14;6;2012;0;18;"20120618"
"188.216.124.199";"IT";7.666700;45.050000;"AS30722 Vodafone Omnitel N.V.";"mlab1-trn01";0.172693;770435.563945;"0.004012999";"darwin";"194.116.85.211";"bittorrent";1340024287;65146.496379;-1.000000;"821aa4b7-0495-4899-9210-11d94170a73b";30722;"12";"Torino";14;6;2012;0;18;"20120618"
"84.221.231.178";"IT";7.666700;45.050000;"AS8612 Tiscali Italia S.P.A.";"mlab1-trn01";0.022291;1994039.040750;"0.004012999";"darwin";"194.116.85.211";"speedtest";1340024303;102992.810095;0.029110;"7e3598a2-40f8-4213-beaa-47abf033b292";8612;"12";"Torino";14;6;2012;0;18;"20120618"
"151.65.28.229";"IT";9.016700;44.983300;"AS1267 WIND Telecomunicazioni S.p.A.";"mlab1-trn01";0.025033;250616.385751;"0.004012999";"win32";"194.116.85.211";"speedtest";1340024749;60501.032964;0.032199;"a5016d11-f6c1-4d6d-a30f-48088faa5e70";1267;"09";"Voghera";15;6;2012;0;18;"20120618"
"151.64.48.181";"IT";9.200000;45.650000;"AS1267 WIND Telecomunicazioni S.p.A.";"mlab1-trn01";0.024192;430903.275823;"0.004012999";"linux2";"194.116.85.211";"bittorrent";1340024862;45176.153223;-1.000000;"122a0eee-5444-44b6-9181-38ffae82c977";1267;"09";"Seregno";15;6;2012;0;18;"20120618"
"85.18.29.42";"IT";9.200000;45.466700;"AS12874 Fastweb SpA";"mlab1-trn01";0.006104;1141113.016712;"0.004012999";"darwin";"194.116.85.211";"bittorrent";1340024862;1173557.174826;-1.000000;"2c46fdf6-7306-4016-9a75-e529fa590549";12874;"09";"Milan";15;6;2012;0;18;"20120618"
"79.21.87.98";"IT";9.533300;45.700000;"AS3269 Telecom Italia S.p.a.";"mlab1-trn01";0.015778;704122.477712;"0.004012999";"darwin";"194.116.85.211";"speedtest";1340025052;17564.774281;0.030200;"2ce2bf8b-ae24-462e-9d50-8546bf97935c";3269;"09";"Mapello";15;6;2012;0;18;"20120618"
"82.52.163.45";"IT";7.666700;45.050000;"AS3269 Telecom Italia S.p.a.";"mlab1-trn01";0.045287;190343.317832;"0.004012999";"win32";"194.116.85.211";"speedtest";1340025236;50583.849886;0.046506;"6cef0c0b-db28-40fc-a50b-adbf586b1014";3269;"12";"Torino";15;6;2012;0;18;"20120618"
"82.50.179.233";"IT";12.326700;45.438600;"AS3269 Telecom Italia S.p.a.";"mlab1-trn01";0.041884;857685.291337;"0.004012999";"darwin";"194.116.85.211";"speedtest";1340025214;50350.092375;0.048665;"d2acd4a2-202f-465b-8502-2d0b1d7a5fd0";3269;"20";"Venezia";15;6;2012;0;18;"20120618"
"188.11.197.8";"IT";12.483300;41.900000;"AS3269 Telecom Italia S.p.a.";"mlab1-trn01";0.037300;1103094.250700;"0.004012999";"darwin";"194.116.85.211";"speedtest";1340025492;82237.264060;0.041882;"c671e4d7-9027-4ae8-9058-ad41f0746af0";3269;"07";"Rome";15;6;2012;0;18;"20120618"
"2.225.128.51";"IT";7.666700;45.050000;"AS12874 Fastweb SpA";"mlab1-trn01";0.028209;436378.509787;"0.004012999";"darwin";"194.116.85.211";"bittorrent";1340025592;61741.225711;-1.000000;"28ba3b2e-cd9a-4c00-8b29-33e0cfe5c596";12874;"12";"Torino";15;6;2012;0;18;"20120618"
"83.211.172.129";"IT";13.566700;42.583300;"AS15589 Clouditalia Communications S.p.A.";"mlab1-trn01";0.022817;502328.979575;"0.004012999";"win32";"194.116.85.211";"speedtest";1340025609;31801.674609;0.025831;"b6e23738-aa63-4482-8754-26d879467631";15589;"01";"Altavilla";15;6;2012;0;18;"20120618"
"188.216.124.199";"IT";7.666700;45.050000;"AS30722 Vodafone Omnitel N.V.";"mlab1-trn01";0.045361;796486.055441;"0.004012999";"darwin";"194.116.85.211";"speedtest";1340025695;65744.952321;0.053608;"821aa4b7-0495-4899-9210-11d94170a73b";30722;"12";"Torino";15;6;2012;0;18;"20120618"
"79.20.70.163";"IT";8.066600;45.572300;"AS3269 Telecom Italia S.p.a.";"mlab1-trn01";0.042007;832038.861379;"0.004012999";"darwin";"194.116.85.211";"bittorrent";1340025930;40853.159489;-1.000000;"e838c543-3d44-45bd-9a51-ed5e3c0d7d06";3269;"12";"Biella";15;6;2012;0;18;"20120618"
"87.4.83.224";"IT";16.483300;41.116700;"AS3269 Telecom Italia S.p.a.";"mlab1-trn01";0.102289;361261.415327;"0.004012999";"darwin";"194.116.85.211";"bittorrent";1340025993;45882.742727;-1.000000;"8c3b14ba-e923-48bd-8f2e-da456a7f071f";3269;"13";"Ruvo Di Puglia";15;6;2012;0;18;"20120618"
"188.216.183.24";"IT";12.833300;42.833300;"AS30722 Vodafone Omnitel N.V.";"mlab1-trn01";0.052883;856276.362171;"0.004012999";"darwin";"194.116.85.211";"bittorrent";1340026106;64741.275494;-1.000000;"eb287f52-d429-4a32-aa75-ba1fd1cf87d2";30722;"";"";15;6;2012;0;18;"20120618"
"85.18.28.68";"IT";12.833300;42.833300;"AS12874 Fastweb SpA";"mlab1-trn01";0.019675;132754.590031;"0.004009999";"win32";"194.116.85.211";"speedtest";1340026496;87316.440434;0.020803;"209e0493-6ac3-47f4-8a7e-513e3ce88ea8";12874;"";"";15;6;2012;0;18;"20120618"
"79.20.70.163";"IT";8.066600;45.572300;"AS3269 Telecom Italia S.p.a.";"mlab1-trn01";0.041881;855157.045748;"0.004012999";"darwin";"194.116.85.211";"bittorrent";1340026288;41233.177104;-1.000000;"432d3481-f83e-450d-b373-e60ae5f17efe";3269;"12";"Biella";15;6;2012;0;18;"20120618"
"93.38.84.118";"IT";7.666700;45.050000;"AS12874 Fastweb SpA";"mlab1-trn01";0.011573;653397.664550;"0.004012999";"darwin";"194.116.85.211";"bittorrent";1340026356;102839.746910;-1.000000;"9862a835-84ea-47e3-9817-0036cae1dff1";12874;"12";"Torino";15;6;2012;0;18;"20120618"
"151.49.229.123";"IT";13.780000;45.648600;"AS1267 WIND Telecomunicazioni S.p.A.";"mlab1-trn01";0.024574;830232.807421;"0.004011999";"linux2";"194.116.85.211";"speedtest";1340026379;53659.187838;0.029597;"db4c1f00-a6b9-40ad-b36d-a2fad669a491";1267;"06";"Trieste";15;6;2012;0;18;"20120618"
"85.18.29.42";"IT";9.200000;45.466700;"AS12874 Fastweb SpA";"mlab1-trn01";0.006122;1141091.374370;"0.004012999";"darwin";"194.116.85.211";"speedtest";1340026381;1168703.360360;0.007720;"2c46fdf6-7306-4016-9a75-e529fa590549";12874;"09";"Milan";15;6;2012;0;18;"20120618"
"151.64.48.181";"IT";9.200000;45.650000;"AS1267 WIND Telecomunicazioni S.p.A.";"mlab1-trn01";0.016718;838494.925016;"0.004012999";"linux2";"194.116.85.211";"speedtest";1340026409;36058.966440;0.018207;"122a0eee-5444-44b6-9181-38ffae82c977";1267;"09";"Seregno";15;6;2012;0;18;"20120618"
"85.18.46.24";"IT";9.200000;45.466700;"AS12874 Fastweb SpA";"mlab1-trn01";0.004674;6301268.384597;"0.004012999";"linux2";"194.116.85.211";"bittorrent";1340026641;11625440.982485;-1.000000;"6c471e39-d901-41fa-9266-23795dce3dc5";12874;"09";"Milan";15;6;2012;0;18;"20120618"
"95.229.187.136";"IT";12.833300;42.833300;"AS3269 Telecom Italia S.p.a.";"mlab1-trn01";0.042408;829322.966104;"0.004012999";"win32";"194.116.85.211";"speedtest";1340026629;87603.899666;0.049374;"a4010725-b228-4400-bd21-b9e05989bafb";3269;"";"";15;6;2012;0;18;"20120618"
"94.36.33.130";"IT";8.950000;44.416700;"AS8612 Tiscali Italia S.P.A.";"mlab1-trn01";0.027304;862206.870906;"0.004012999";"darwin";"194.116.85.211";"bittorrent";1340026709;52269.259739;-1.000000;"894fe1ee-9250-416a-98be-74dd024aea06";8612;"08";"Genova";15;6;2012;0;18;"20120618"
"93.62.242.110";"IT";12.029400;45.421400;"AS12874 Fastweb SpA";"mlab1-trn01";0.022770;367884.873325;"0.004012999";"darwin";"194.116.85.211";"bittorrent";1340026878;415108.669959;-1.000000;"9905faad-2379-4ce5-bea7-d26dfd5ef167";12874;"20";"Fiesso D'artico";15;6;2012;0;18;"20120618"
"93.63.140.2";"IT";12.435800;44.070800;"AS12874 Fastweb SpA";"mlab1-trn01";0.069986;260507.088527;"0.004012999";"win32";"194.116.85.211";"speedtest";1340026948;268544.852345;0.047918;"8050c4c2-de4c-4f89-ab47-528f246a0f23";12874;"05";"Santarcangelo";15;6;2012;0;18;"20120618"
"31.185.19.156";"IT";12.566700;43.050000;"AS47187 Forinicom S.r.l.";"mlab1-trn01";0.025175;47980.164817;"0.004012999";"win32";"194.116.85.211";"bittorrent";1340027008;47842.965373;-1.000000;"2a30a2a8-273c-4b16-9671-803dc3d96492";47187;"18";"Santa Maria Degli Angeli";15;6;2012;0;18;"20120618"
"85.18.117.112";"IT";7.883300;45.183300;"AS12874 Fastweb SpA";"mlab1-trn01";0.019798;1029311.313554;"0.004012999";"darwin";"194.116.85.211";"bittorrent";1340027026;1372069.803227;-1.000000;"e28f6cdb-f2d1-41fe-bb40-53e7a0b0e31d";12874;"12";"Chivasso";15;6;2012;0;18;"20120618"
"78.14.224.92";"IT";9.116700;45.766700;"AS8612 Tiscali Italia S.P.A.";"mlab1-trn01";0.044372;169669.319069;"0.004012999";"darwin";"194.116.85.211";"bittorrent";1340027534;45574.008109;-1.000000;"39792736-bd8b-4a56-942d-1cc983336add";8612;"09";"Lurago D'erba";15;6;2012;0;18;"20120618"
"188.217.129.219";"IT";14.333300;40.916700;"AS30722 Vodafone Omnitel N.V.";"mlab1-trn01";0.189065;6223.609978;"0.004012999";"win32";"194.116.85.211";"bittorrent";1340027540;21243.354779;-1.000000;"bb6c2e6b-7f94-482d-ab7a-ba9256571bd8";30722;"04";"Casalnuovo Di Napoli";15;6;2012;0;18;"20120618"
"79.39.193.153";"IT";12.833300;42.833300;"AS3269 Telecom Italia S.p.a.";"mlab1-trn01";0.107688;310735.573673;"0.004012999";"win32";"194.116.85.211";"bittorrent";1340027648;44866.294968;-1.000000;"ec58670d-cc26-4c10-aeb5-a22a61fd34c0";3269;"";"";15;6;2012;0;18;"20120618"
"130.192.91.213";"IT";7.666700;45.050000;"AS137 GARR Italian academic and research network";"mlab1-trn01";0.001844;11742895.035472;"0.004012999";"linux2";"194.116.85.211";"bittorrent";1340027666;11768030.492016;-1.000000;"cd78793c-1e3b-4944-b4b2-9768fc1cdb97";137;"12";"Torino";15;6;2012;0;18;"20120618"
"151.49.229.123";"IT";13.780000;45.648600;"AS1267 WIND Telecomunicazioni S.p.A.";"mlab1-trn01";0.027120;839295.137508;"0.004011999";"linux2";"194.116.85.211";"bittorrent";1340027907;53191.464085;-1.000000;"db4c1f00-a6b9-40ad-b36d-a2fad669a491";1267;"06";"Trieste";15;6;2012;0;18;"20120618"
"79.30.49.39";"IT";8.950000;44.416700;"AS3269 Telecom Italia S.p.a.";"mlab1-trn01";0.068656;89047.074909;"0.004012999";"win32";"194.116.85.211";"bittorrent";1340027930;33419.473195;-1.000000;"14b0478f-78ea-46ec-8409-548af450a827";3269;"08";"Genova";15;6;2012;0;18;"20120618"
"130.192.91.211";"IT";7.666700;45.050000;"AS137 GARR Italian academic and research network";"mlab1-trn01";0.003196;10980553.420600;"0.004012999";"linux2";"194.116.85.211";"speedtest";1340027943;1069155.590730;0.007415;"91708cf1-7028-4b58-9520-faea0010494c";137;"12";"Torino";15;6;2012;0;18;"20120618"
"188.218.203.155";"IT";18.166700;40.300000;"AS30722 Vodafone Omnitel N.V.";"mlab1-trn01";0.060676;706581.594522;"0.004009999";"win32";"194.116.85.211";"speedtest";1340028465;56382.856480;0.066719;"1a885600-ab28-499c-8adf-fb4b2b758c63";30722;"13";"San Cesario";16;6;2012;0;18;"20120618"
"95.248.79.141";"IT";9.683300;45.366700;"AS3269 Telecom Italia S.p.a.";"mlab1-trn01";0.027034;1911879.177440;"0.004012999";"win32";"194.116.85.211";"speedtest";1340028108;99021.132397;0.031877;"4e01c135-aee3-4a25-a2fd-429c447dc4bd";3269;"09";"Crema";16;6;2012;0;18;"20120618"
"109.234.63.11";"IT";12.833300;42.833300;"AS43989 Ehinet Srl";"mlab1-trn01";0.042162;453390.731619;"0.004009999";"win32";"194.116.85.211";"speedtest";1340028120;27051.845979;0.051272;"5d6312ec-b414-42e6-8e89-702c7b4fd5e8";43989;"";"";16;6;2012;0;18;"20120618"
"93.62.242.110";"IT";12.029400;45.421400;"AS12874 Fastweb SpA";"mlab1-trn01";0.015216;420529.788233;"0.004012999";"darwin";"194.116.85.211";"speedtest";1340028323;429430.283559;0.018364;"9905faad-2379-4ce5-bea7-d26dfd5ef167";12874;"20";"Fiesso D'artico";16;6;2012;0;18;"20120618"
"134.255.175.21";"IT";13.216700;43.366700;"AS198292 Wave-Max S.r.L.";"mlab1-trn01";0.156514;180065.193044;"0.004012999";"win32";"194.116.85.211";"bittorrent";1340028405;41566.659016;-1.000000;"708a55f0-3758-4099-a346-23683a39926d";198292;"10";"Cingoli";16;6;2012;0;18;"20120618"
"31.185.19.156";"IT";12.566700;43.050000;"AS47187 Forinicom S.r.l.";"mlab1-trn01";0.024948;47571.655549;"0.004012999";"win32";"194.116.85.211";"speedtest";1340028423;30123.419138;0.027309;"2a30a2a8-273c-4b16-9671-803dc3d96492";47187;"18";"Santa Maria Degli Angeli";16;6;2012;0;18;"20120618"
"93.63.140.2";"IT";12.435800;44.070800;"AS12874 Fastweb SpA";"mlab1-trn01";0.036048;254691.298161;"0.004012999";"win32";"194.116.85.211";"bittorrent";1340028545;260220.601863;-1.000000;"8050c4c2-de4c-4f89-ab47-528f246a0f23";12874;"05";"Santarcangelo";16;6;2012;0;18;"20120618"
"83.211.172.129";"IT";13.566700;42.583300;"AS15589 Clouditalia Communications S.p.A.";"mlab1-trn01";0.021471;346297.381820;"0.004012999";"win32";"194.116.85.211";"speedtest";1340028804;31794.420036;0.026032;"b6e23738-aa63-4482-8754-26d879467631";15589;"01";"Altavilla";16;6;2012;0;18;"20120618"
"95.237.222.196";"IT";7.666700;45.050000;"AS3269 Telecom Italia S.p.a.";"mlab1-trn01";0.043115;398822.148990;"0.004012999";"win32";"194.116.85.211";"bittorrent";1340029019;41847.094734;-1.000000;"47bce1bd-51cc-4815-b6db-71ab66220dd6";3269;"12";"Torino";16;6;2012;0;18;"20120618"
"79.21.151.153";"IT";9.266700;45.583300;"AS3269 Telecom Italia S.p.a.";"mlab1-trn01";0.127515;547435.702915;"0.004012999";"win32";"194.116.85.211";"speedtest";1340029147;46274.798006;0.097974;"991257a9-87dd-455d-863e-b266080097e3";3269;"09";"Monza";16;6;2012;0;18;"20120618"
"88.87.119.170";"IT";7.666700;45.050000;"AS34606 BBBell s.r.l. - Telecommunication Services";"mlab1-trn01";0.011089;53051.205363;"0.004012999";"win32";"194.116.85.211";"bittorrent";1340029253;15242.135704;-1.000000;"241c3a7e-ba9b-4a0d-9bea-1c379895fdaa";34606;"12";"Torino";16;6;2012;0;18;"20120618"
"79.13.203.101";"IT";10.100000;44.083300;"AS3269 Telecom Italia S.p.a.";"mlab1-trn01";0.041057;736891.831477;"0.004009999";"win32";"194.116.85.211";"speedtest";1340029322;46302.765425;0.048554;"ae73866b-a211-42d8-b6f2-d31777806a2e";3269;"16";"Carrara";16;6;2012;0;18;"20120618"
"130.192.91.211";"IT";7.666700;45.050000;"AS137 GARR Italian academic and research network";"mlab1-trn01";0.002835;11740337.255272;"0.004012999";"linux2";"194.116.85.211";"bittorrent";1340029382;11765480.742797;-1.000000;"91708cf1-7028-4b58-9520-faea0010494c";137;"12";"Torino";16;6;2012;0;18;"20120618"
"93.62.73.167";"IT";7.666700;45.050000;"AS12874 Fastweb SpA";"mlab1-trn01";0.035662;1905356.236116;"0.004012999";"win32";"194.116.85.211";"bittorrent";1340029483;77550.807958;-1.000000;"ba264b82-0dde-485e-bdfd-b866b37d1bf8";12874;"12";"Torino";16;6;2012;0;18;"20120618"
"147.162.42.20";"IT";11.883300;45.416700;"AS137 GARR Italian academic and research network";"mlab1-trn01";0.010273;7920031.136374;"0.004010999";"linux2";"194.116.85.211";"bittorrent";1340029642;7768064.686430;-1.000000;"727d6a40-2b78-4641-8061-04b6a384e6a6";137;"20";"Padova";16;6;2012;0;18;"20120618"
"149.132.117.110";"IT";9.200000;45.466700;"AS137 GARR Italian academic and research network";"mlab1-trn01";0.008654;8129694.746590;"0.004012999";"darwin";"194.116.85.211";"speedtest";1340029751;8246928.466330;0.017282;"c9d3d685-6087-4faf-a87c-eb1dfaa2b53c";137;"18";"Milan";16;6;2012;0;18;"20120618"
"84.221.231.178";"IT";7.666700;45.050000;"AS8612 Tiscali Italia S.P.A.";"mlab1-trn01";0.021292;2012534.837370;"0.004012999";"darwin";"194.116.85.211";"speedtest";1340030001;105456.517192;0.027323;"7e3598a2-40f8-4213-beaa-47abf033b292";8612;"12";"Torino";16;6;2012;0;18;"20120618"
"85.18.116.244";"IT";8.900000;45.400000;"AS12874 Fastweb SpA";"mlab1-trn01";0.004898;11622831.616931;"0.004012999";"linux2";"194.116.85.211";"bittorrent";1340030098;7029448.609761;-1.000000;"c76e28cf-4020-40f2-ae3f-39482e23ced0";12874;"09";"Abbiategrasso";16;6;2012;0;18;"20120618"
"87.8.229.178";"IT";7.666700;45.050000;"AS3269 Telecom Italia S.p.a.";"mlab1-trn01";0.034083;577427.953207;"0.004012999";"win32";"194.116.85.211";"bittorrent";1340030240;49845.980103;-1.000000;"d6bbc582-d8eb-4ead-ba2c-3fffeda97549";3269;"12";"Torino";16;6;2012;0;18;"20120618"
"87.4.83.224";"IT";16.483300;41.116700;"AS3269 Telecom Italia S.p.a.";"mlab1-trn01";0.048474;581066.514772;"0.004012999";"darwin";"194.116.85.211";"speedtest";1340030267;46611.916962;0.056296;"8c3b14ba-e923-48bd-8f2e-da456a7f071f";3269;"13";"Ruvo Di Puglia";16;6;2012;0;18;"20120618"
"79.41.80.159";"IT";12.833300;42.833300;"AS3269 Telecom Italia S.p.a.";"mlab1-trn01";0.036085;656217.714270;"0.004012999";"win32";"194.116.85.211";"bittorrent";1340030387;50236.917071;-1.000000;"82d91f18-b22f-4114-9d5f-c95a1ed7ad87";3269;"";"";16;6;2012;0;18;"20120618"
"88.47.41.57";"IT";12.833300;42.833300;"AS3269 Telecom Italia S.p.a.";"mlab1-trn01";0.046670;656905.591644;"0.004012999";"win32";"194.116.85.211";"speedtest";1340030482;30571.285850;0.059908;"ec2e71be-f555-4dee-b674-bc8e80a61d77";3269;"";"";16;6;2012;0;18;"20120618"
"85.18.28.68";"IT";12.833300;42.833300;"AS12874 Fastweb SpA";"mlab1-trn01";0.024774;135384.254102;"0.004009999";"win32";"194.116.85.211";"bittorrent";1340030539;153591.766285;-1.000000;"209e0493-6ac3-47f4-8a7e-513e3ce88ea8";12874;"";"";16;6;2012;0;18;"20120618"
"87.8.228.126";"IT";12.833300;42.833300;"AS3269 Telecom Italia S.p.a.";"mlab1-trn01";0.044135;300213.061725;"0.004012999";"darwin";"194.116.85.211";"speedtest";1340030813;17169.584808;0.050015;"6b759052-c812-4f14-90ce-16e61560a573";3269;"";"";16;6;2012;0;18;"20120618"
"83.103.18.165";"IT";7.733300;44.916700;"AS12874 Fastweb SpA";"mlab1-trn01";0.010989;343657.602670;"0.004012999";"win32";"194.116.85.211";"speedtest";1340030830;391325.453091;0.012720;"241c3a7e-ba9b-4a0d-9bea-1c379895fdaa";12874;"12";"Villastellone";16;6;2012;0;18;"20120618"
"80.180.128.61";"IT";9.666700;45.016700;"AS3269 Telecom Italia S.p.a.";"mlab1-trn01";0.028266;1706436.733310;"0.004012999";"win32";"194.116.85.211";"speedtest";1340030885;95870.873665;0.031482;"a6b33ac3-0345-4892-98b5-ad125988a24b";3269;"05";"Piacenza";16;6;2012;0;18;"20120618"
"79.39.193.153";"IT";12.833300;42.833300;"AS3269 Telecom Italia S.p.a.";"mlab1-trn01";0.105175;263435.119365;"0.004012999";"win32";"194.116.85.211";"bittorrent";1340030913;45186.632420;-1.000000;"ec58670d-cc26-4c10-aeb5-a22a61fd34c0";3269;"";"";16;6;2012;0;18;"20120618"
"93.62.73.167";"IT";7.666700;45.050000;"AS12874 Fastweb SpA";"mlab1-trn01";0.031605;1755604.506890;"0.004012999";"win32";"194.116.85.211";"speedtest";1340030935;73048.014936;0.035738;"ba264b82-0dde-485e-bdfd-b866b37d1bf8";12874;"12";"Torino";16;6;2012;0;18;"20120618"
"85.18.29.42";"IT";9.200000;45.466700;"AS12874 Fastweb SpA";"mlab1-trn01";0.006248;1156099.325966;"0.004012999";"darwin";"194.116.85.211";"bittorrent";1340030943;976893.574708;-1.000000;"2c46fdf6-7306-4016-9a75-e529fa590549";12874;"09";"Milan";16;6;2012;0;18;"20120618"
"94.36.27.108";"IT";9.833300;44.116700;"AS8612 Tiscali Italia S.P.A.";"mlab1-trn01";0.031289;879020.818808;"0.004012999";"win32";"194.116.85.211";"speedtest";1340031066;23170.492830;0.031402;"43824351-60f0-4924-9794-e14a103734ad";8612;"08";"La Spezia";16;6;2012;0;18;"20120618"
"93.50.201.172";"IT";7.666700;45.050000;"AS12874 Fastweb SpA";"mlab1-trn01";0.010001;1109615.950430;"0.004012999";"win32";"194.116.85.211";"speedtest";1340031158;1179277.749590;0.011357;"82d7cd8b-95b2-4fb4-be64-f55010d39d3e";12874;"12";"Torino";16;6;2012;0;18;"20120618"
"31.196.6.210";"IT";12.833300;42.833300;"AS3269 Telecom Italia S.p.a.";"mlab1-trn01";0.043296;151817.384840;"0.004012999";"win32";"194.116.85.211";"bittorrent";1340031233;175858.537506;-1.000000;"8f96be96-0318-4e62-a639-7816bf69ae7b";3269;"";"";16;6;2012;0;18;"20120618"
"217.133.46.117";"IT";11.316700;43.583300;"AS8612 Tiscali Italia S.P.A.";"mlab1-trn01";0.030625;1618835.078710;"0.004012999";"win32";"194.116.85.211";"speedtest";1340031375;105391.352731;0.032624;"2765e625-af97-4607-9fbe-b7195291ba59";8612;"16";"Greve";16;6;2012;0;18;"20120618"
"95.229.187.136";"IT";12.833300;42.833300;"AS3269 Telecom Italia S.p.a.";"mlab1-trn01";0.059623;828291.676216;"0.004012999";"win32";"194.116.85.211";"bittorrent";1340031364;84377.968116;-1.000000;"a4010725-b228-4400-bd21-b9e05989bafb";3269;"";"";16;6;2012;0;18;"20120618"
"188.217.129.219";"IT";14.333300;40.916700;"AS30722 Vodafone Omnitel N.V.";"mlab1-trn01";0.109829;186425.336767;"0.004012999";"win32";"194.116.85.211";"speedtest";1340031728;29436.205443;0.109962;"bb6c2e6b-7f94-482d-ab7a-ba9256571bd8";30722;"04";"Casalnuovo Di Napoli";17;6;2012;0;18;"20120618"
"82.50.16.67";"IT";11.583300;44.400000;"AS3269 Telecom Italia S.p.a.";"mlab1-trn01";0.049037;1079785.672233;"0.004008999";"darwin";"194.116.85.211";"bittorrent";1340032195;80133.344478;-1.000000;"470583b1-76be-479b-a12e-d79962295075";3269;"05";"Castel San Pietro Terme";17;6;2012;0;18;"20120618"
"87.8.228.126";"IT";12.833300;42.833300;"AS3269 Telecom Italia S.p.a.";"mlab1-trn01";0.057643;272020.667607;"0.004012999";"darwin";"194.116.85.211";"bittorrent";1340032245;46421.460447;-1.000000;"6b759052-c812-4f14-90ce-16e61560a573";3269;"";"";17;6;2012;0;18;"20120618"
"94.36.33.130";"IT";8.950000;44.416700;"AS8612 Tiscali Italia S.P.A.";"mlab1-trn01";0.026759;862667.923399;"0.004012999";"darwin";"194.116.85.211";"bittorrent";1340032489;52073.722665;-1.000000;"894fe1ee-9250-416a-98be-74dd024aea06";8612;"08";"Genova";17;6;2012;0;18;"20120618"
"151.73.33.145";"IT";14.566700;40.733300;"AS1267 WIND Telecomunicazioni S.p.A.";"mlab1-trn01";0.037737;339310.174023;"0.004009999";"win32";"194.116.85.211";"bittorrent";1340032563;41393.292416;-1.000000;"23d04e8c-1632-480a-8b47-f5057b877ee1";1267;"04";"Angri";17;6;2012;0;18;"20120618"
"31.185.19.156";"IT";12.566700;43.050000;"AS47187 Forinicom S.r.l.";"mlab1-trn01";0.023988;39167.171099;"0.004012999";"win32";"194.116.85.211";"bittorrent";1340032692;47722.937503;-1.000000;"2a30a2a8-273c-4b16-9671-803dc3d96492";47187;"18";"Santa Maria Degli Angeli";17;6;2012;0;18;"20120618"
"217.133.46.117";"IT";11.316700;43.583300;"AS8612 Tiscali Italia S.P.A.";"mlab1-trn01";0.029905;1688122.408107;"0.004012999";"win32";"194.116.85.211";"bittorrent";1340032799;104066.072050;-1.000000;"2765e625-af97-4607-9fbe-b7195291ba59";8612;"16";"Greve";17;6;2012;0;18;"20120618"
"79.4.10.186";"IT";12.833300;42.833300;"AS3269 Telecom Italia S.p.a.";"mlab1-trn01";0.057450;685361.735206;"0.004005999";"win32";"194.116.85.211";"bittorrent";1340033058;40652.614238;-1.000000;"54ca976f-8551-47fc-bce1-b06f00a12720";3269;"";"";17;6;2012;0;18;"20120618"
"2.40.51.151";"IT";8.700000;45.466700;"AS30722 Vodafone Omnitel N.V.";"mlab1-trn01";0.043778;7291.872265;"0.004012999";"linux2";"194.116.85.211";"bittorrent";1340033211;5980.037977;-1.000000;"0094fb04-cab2-42b8-abfa-f714dcef0097";30722;"12";"Romentino";17;6;2012;0;18;"20120618"
"81.174.11.50";"IT";8.650000;45.850000;"AS35612 NGI Spa";"mlab1-trn01";0.042974;115778.849248;"0.004012999";"darwin";"194.116.85.211";"speedtest";1340033418;43900.626374;0.078339;"04eb82ec-76b3-4615-b25a-7c0279090671";35612;"09";"Besozzo";17;6;2012;0;18;"20120618"
"79.42.133.61";"IT";11.183300;43.133300;"AS3269 Telecom Italia S.p.a.";"mlab1-trn01";0.040427;253295.722463;"0.004011999";"win32";"194.116.85.211";"speedtest";1340033615;88476.938466;0.059867;"8f2b4ecf-a700-4d0f-9dc5-4bb0f41e171c";3269;"16";"Monticiano";17;6;2012;0;18;"20120618"
"188.218.203.155";"IT";18.166700;40.300000;"AS30722 Vodafone Omnitel N.V.";"mlab1-trn01";0.060277;596971.968821;"0.004009999";"win32";"194.116.85.211";"speedtest";1340034226;56442.618797;0.067085;"1a885600-ab28-499c-8adf-fb4b2b758c63";30722;"13";"San Cesario";17;6;2012;0;18;"20120618"
"109.234.63.11";"IT";12.833300;42.833300;"AS43989 Ehinet Srl";"mlab1-trn01";0.047336;360225.214245;"0.004009999";"win32";"194.116.85.211";"speedtest";1340033887;31953.446856;0.074017;"5d6312ec-b414-42e6-8e89-702c7b4fd5e8";43989;"";"";17;6;2012;0;18;"20120618"
"94.36.33.130";"IT";8.950000;44.416700;"AS8612 Tiscali Italia S.P.A.";"mlab1-trn01";0.028133;832720.128092;"0.004012999";"darwin";"194.116.85.211";"speedtest";1340033932;52181.530302;0.032510;"894fe1ee-9250-416a-98be-74dd024aea06";8612;"08";"Genova";17;6;2012;0;18;"20120618"
"80.117.83.96";"IT";12.833300;42.833300;"AS3269 Telecom Italia S.p.a.";"mlab1-trn01";0.024434;848614.425474;"0.004012999";"win32";"194.116.85.211";"bittorrent";1340034041;39684.606694;-1.000000;"25353fbe-ce56-4192-a803-65a63443c70a";3269;"";"";17;6;2012;0;18;"20120618"
"188.216.124.199";"IT";7.666700;45.050000;"AS30722 Vodafone Omnitel N.V.";"mlab1-trn01";0.043370;797110.859265;"0.004012999";"darwin";"194.116.85.211";"speedtest";1340034155;65268.181484;0.051396;"821aa4b7-0495-4899-9210-11d94170a73b";30722;"12";"Torino";17;6;2012;0;18;"20120618"
"31.196.6.210";"IT";12.833300;42.833300;"AS3269 Telecom Italia S.p.a.";"mlab1-trn01";0.020126;174112.827746;"0.004012999";"win32";"194.116.85.211";"bittorrent";1340034172;195746.438712;-1.000000;"8f96be96-0318-4e62-a639-7816bf69ae7b";3269;"";"";17;6;2012;0;18;"20120618"
"151.28.230.117";"IT";12.866700;41.466700;"AS1267 WIND Telecomunicazioni S.p.A.";"mlab1-trn01";0.021651;825208.047322;"0.004012999";"linux2";"194.116.85.211";"bittorrent";1340034397;50848.307315;-1.000000;"a9afa6cb-a1b8-48a4-ad2d-ea26b9cc8bf4";1267;"07";"Latina";17;6;2012;0;18;"20120618"
"93.146.173.160";"IT";7.150000;45.133300;"AS30722 Vodafone Omnitel N.V.";"mlab1-trn01";0.034882;851370.818102;"0.004012999";"linux2";"194.116.85.211";"speedtest";1340034397;50356.947837;0.039629;"63990eb7-ac67-409f-bc7e-5344262dd0f9";30722;"12";"Bussoleno";17;6;2012;0;18;"20120618"
"95.229.187.136";"IT";12.833300;42.833300;"AS3269 Telecom Italia S.p.a.";"mlab1-trn01";0.043797;854124.269522;"0.004012999";"win32";"194.116.85.211";"bittorrent";1340034506;82643.779724;-1.000000;"a4010725-b228-4400-bd21-b9e05989bafb";3269;"";"";17;6;2012;0;18;"20120618"
"93.33.101.175";"IT";9.200000;45.466700;"AS12874 Fastweb SpA";"mlab1-trn01";0.007811;1069488.069091;"0.004012999";"darwin";"194.116.85.211";"bittorrent";1340034536;1118204.275944;-1.000000;"29750ad8-f56c-4e95-a4f3-b9badf7da7af";12874;"09";"Milan";17;6;2012;0;18;"20120618"
"93.146.173.160";"IT";7.150000;45.133300;"AS30722 Vodafone Omnitel N.V.";"mlab1-trn01";0.058283;769956.215565;"0.004012999";"win32";"194.116.85.211";"bittorrent";1340035010;9773.388618;-1.000000;"63af0c3f-3aaa-47b4-9fd3-1008633c1b09";30722;"12";"Bussoleno";17;6;2012;0;18;"20120618"
"188.218.203.155";"IT";18.166700;40.300000;"AS30722 Vodafone Omnitel N.V.";"mlab1-trn01";0.063723;24080.378811;"0.004009999";"win32";"194.116.85.211";"bittorrent";1340035199;61146.836253;-1.000000;"1a885600-ab28-499c-8adf-fb4b2b758c63";30722;"13";"San Cesario";17;6;2012;0;18;"20120618"
"82.50.16.67";"IT";11.583300;44.400000;"AS3269 Telecom Italia S.p.a.";"mlab1-trn01";0.048972;1085927.978273;"0.004008999";"darwin";"194.116.85.211";"bittorrent";1340035442;80144.353760;-1.000000;"470583b1-76be-479b-a12e-d79962295075";3269;"05";"Castel San Pietro Terme";18;6;2012;0;18;"20120618"
"188.216.124.199";"IT";7.666700;45.050000;"AS30722 Vodafone Omnitel N.V.";"mlab1-trn01";0.112394;841337.026518;"0.004012999";"darwin";"194.116.85.211";"bittorrent";1340035565;64542.905261;-1.000000;"821aa4b7-0495-4899-9210-11d94170a73b";30722;"12";"Torino";18;6;2012;0;18;"20120618"
"85.18.116.244";"IT";8.900000;45.400000;"AS12874 Fastweb SpA";"mlab1-trn01";0.008609;11468821.687782;"0.004012999";"linux2";"194.116.85.211";"bittorrent";1340035789;6921825.899626;-1.000000;"c76e28cf-4020-40f2-ae3f-39482e23ced0";12874;"09";"Abbiategrasso";18;6;2012;0;18;"20120618"
"93.146.173.160";"IT";7.150000;45.133300;"AS30722 Vodafone Omnitel N.V.";"mlab1-trn01";0.034226;852755.901527;"0.004012999";"linux2";"194.116.85.211";"bittorrent";1340035896;25264.631275;-1.000000;"63990eb7-ac67-409f-bc7e-5344262dd0f9";30722;"12";"Bussoleno";18;6;2012;0;18;"20120618"
"93.50.201.172";"IT";7.666700;45.050000;"AS12874 Fastweb SpA";"mlab1-trn01";0.011751;1186058.929144;"0.004012999";"win32";"194.116.85.211";"bittorrent";1340036000;1150602.470495;-1.000000;"82d7cd8b-95b2-4fb4-be64-f55010d39d3e";12874;"12";"Torino";18;6;2012;0;18;"20120618"
"87.13.39.29";"IT";12.833300;42.833300;"AS3269 Telecom Italia S.p.a.";"mlab1-trn01";0.050505;256372.979301;"0.004009999";"win32";"194.116.85.211";"speedtest";1340035952;30946.379164;0.060005;"51c03cdf-92f5-46e9-bdef-c1c88bec98ce";3269;"";"";18;6;2012;0;18;"20120618"
"151.28.149.138";"IT";12.483300;41.900000;"AS1267 WIND Telecomunicazioni S.p.A.";"mlab1-trn01";0.028575;244394.155754;"0.004012999";"darwin";"194.116.85.211";"speedtest";1340037092;53020.155798;0.032808;"ecbc13bf-6a9e-4fe9-b86f-bd60bf3af1d0";1267;"07";"Rome";18;6;2012;0;18;"20120618"
"93.38.84.118";"IT";7.666700;45.050000;"AS12874 Fastweb SpA";"mlab1-trn01";0.011696;649077.829880;"0.004012999";"darwin";"194.116.85.211";"speedtest";1340036132;90875.074734;0.016773;"9862a835-84ea-47e3-9817-0036cae1dff1";12874;"12";"Torino";18;6;2012;0;18;"20120618"
"151.25.119.102";"IT";12.483300;41.900000;"AS1267 WIND Telecomunicazioni S.p.A.";"mlab1-trn01";0.028209;384632.617197;"0.004009999";"linux2";"194.116.85.211";"speedtest";1339949594;34748.432058;0.036878;"d792edd3-9e38-4763-b9f2-a085efa8e7ee";1267;"07";"Rome";18;6;2012;6;17;"20120618"
"188.11.197.8";"IT";12.483300;41.900000;"AS3269 Telecom Italia S.p.a.";"mlab1-trn01";0.037948;1347278.919495;"0.004012999";"darwin";"194.116.85.211";"bittorrent";1340036349;92919.245193;-1.000000;"c671e4d7-9027-4ae8-9058-ad41f0746af0";3269;"07";"Rome";18;6;2012;0;18;"20120618"
"87.8.229.178";"IT";7.666700;45.050000;"AS3269 Telecom Italia S.p.a.";"mlab1-trn01";0.033271;576025.793661;"0.004012999";"win32";"194.116.85.211";"bittorrent";1340036362;49307.125882;-1.000000;"d6bbc582-d8eb-4ead-ba2c-3fffeda97549";3269;"12";"Torino";18;6;2012;0;18;"20120618"
"87.8.228.126";"IT";12.833300;42.833300;"AS3269 Telecom Italia S.p.a.";"mlab1-trn01";0.042464;265851.356687;"0.004012999";"darwin";"194.116.85.211";"speedtest";1340036524;41473.861921;0.051254;"6b759052-c812-4f14-90ce-16e61560a573";3269;"";"";18;6;2012;0;18;"20120618"
"95.237.222.196";"IT";7.666700;45.050000;"AS3269 Telecom Italia S.p.a.";"mlab1-trn01";0.044721;375584.412509;"0.004012999";"win32";"194.116.85.211";"speedtest";1340036533;49074.026651;0.046811;"47bce1bd-51cc-4815-b6db-71ab66220dd6";3269;"12";"Torino";18;6;2012;0;18;"20120618"
"93.62.73.167";"IT";7.666700;45.050000;"AS12874 Fastweb SpA";"mlab1-trn01";0.031293;1796543.739400;"0.004012999";"win32";"194.116.85.211";"speedtest";1340036755;70093.546912;0.035983;"ba264b82-0dde-485e-bdfd-b866b37d1bf8";12874;"12";"Torino";18;6;2012;0;18;"20120618"
"95.248.65.26";"IT";8.283300;46.016700;"AS3269 Telecom Italia S.p.a.";"mlab1-trn01";0.048449;777656.728511;"0.004012999";"win32";"194.116.85.211";"bittorrent";1340036808;48686.607575;-1.000000;"19176454-a721-4c97-8342-b9cf8e375390";3269;"12";"Vogogna";18;6;2012;0;18;"20120618"
"2.36.37.80";"IT";7.666700;45.050000;"AS30722 Vodafone Omnitel N.V.";"mlab1-trn01";0.048859;814652.556176;"0.004012999";"win32";"194.116.85.211";"speedtest";1340036832;32288.912244;0.049698;"dd1eb1c2-416e-467c-b945-ec64ed841caa";30722;"12";"Torino";18;6;2012;0;18;"20120618"
"151.73.33.145";"IT";14.566700;40.733300;"AS1267 WIND Telecomunicazioni S.p.A.";"mlab1-trn01";0.040278;453631.869167;"0.004009999";"win32";"194.116.85.211";"speedtest";1340037007;47834.654094;0.047091;"23d04e8c-1632-480a-8b47-f5057b877ee1";1267;"04";"Angri";18;6;2012;0;18;"20120618"
"93.66.116.63";"IT";12.833300;42.833300;"AS30722 Vodafone Omnitel N.V.";"mlab1-trn01";0.051975;249064.599800;"0.004012999";"darwin";"194.116.85.211";"speedtest";1340037109;62122.056311;0.056327;"e03eb71c-5d1f-41bc-9e20-cd6dfc7634e9";30722;"";"";18;6;2012;0;18;"20120618"
"84.221.231.178";"IT";7.666700;45.050000;"AS8612 Tiscali Italia S.P.A.";"mlab1-trn01";0.022293;1940249.808644;"0.004012999";"darwin";"194.116.85.211";"bittorrent";1340037125;105280.868943;-1.000000;"7e3598a2-40f8-4213-beaa-47abf033b292";8612;"12";"Torino";18;6;2012;0;18;"20120618"
"87.18.255.91";"IT";17.229700;40.476100;"AS3269 Telecom Italia S.p.a.";"mlab1-trn01";0.073648;792808.967566;"0.004009999";"win32";"194.116.85.211";"speedtest";1340037119;50070.728796;0.080047;"7989d7c5-459e-4910-93c2-ffd113604f5d";3269;"13";"Taranto";18;6;2012;0;18;"20120618"
"151.28.230.117";"IT";12.866700;41.466700;"AS1267 WIND Telecomunicazioni S.p.A.";"mlab1-trn01";0.025704;694349.387658;"0.004012999";"linux2";"194.116.85.211";"bittorrent";1340037194;49742.308137;-1.000000;"a9afa6cb-a1b8-48a4-ad2d-ea26b9cc8bf4";1267;"07";"Latina";18;6;2012;0;18;"20120618"
"87.4.83.224";"IT";16.483300;41.116700;"AS3269 Telecom Italia S.p.a.";"mlab1-trn01";0.047805;533524.119038;"0.004012999";"darwin";"194.116.85.211";"bittorrent";1340037400;45517.609718;-1.000000;"8c3b14ba-e923-48bd-8f2e-da456a7f071f";3269;"13";"Ruvo Di Puglia";18;6;2012;0;18;"20120618"
"151.60.120.179";"IT";7.316700;44.633300;"AS1267 WIND Telecomunicazioni S.p.A.";"mlab1-trn01";0.059207;188353.805569;"0.004012999";"linux2";"194.116.85.211";"bittorrent";1340037638;62034.227618;-1.000000;"ce15cdd9-fbc9-4be9-8f83-94df036818bb";1267;"12";"Sanfront";18;6;2012;0;18;"20120618"
"87.4.74.136";"IT";8.850000;44.716700;"AS3269 Telecom Italia S.p.a.";"mlab1-trn01";0.060555;72733.329384;"0.004012999";"win32";"194.116.85.211";"bittorrent";1340037691;32996.586739;-1.000000;"d8a56420-51dd-4f7f-811c-30fa9ca36858";3269;"12";"Serravalle Scrivia";18;6;2012;0;18;"20120618"
"130.192.91.211";"IT";7.666700;45.050000;"AS137 GARR Italian academic and research network";"mlab1-trn01";0.002924;11439827.710323;"0.004012999";"linux2";"194.116.85.211";"bittorrent";1340037986;11730523.988500;-1.000000;"91708cf1-7028-4b58-9520-faea0010494c";137;"12";"Torino";18;6;2012;0;18;"20120618"
"2.36.37.80";"IT";7.666700;45.050000;"AS30722 Vodafone Omnitel N.V.";"mlab1-trn01";0.041394;871980.031293;"0.004012999";"win32";"194.116.85.211";"bittorrent";1340038267;59257.677240;-1.000000;"dd1eb1c2-416e-467c-b945-ec64ed841caa";30722;"12";"Torino";18;6;2012;0;18;"20120618"
"151.33.107.70";"IT";7.666700;45.050000;"AS1267 WIND Telecomunicazioni S.p.A.";"mlab1-trn01";0.012300;399616.944491;"0.004012999";"win32";"194.116.85.211";"bittorrent";1340038408;105428.365116;-1.000000;"750b74dc-a4a8-4f1d-be31-231d72d952a2";1267;"12";"Torino";18;6;2012;0;18;"20120618"
"2.230.35.188";"IT";9.316700;45.350000;"AS12874 Fastweb SpA";"mlab1-trn01";0.011900;651308.925426;"0.004012999";"darwin";"194.116.85.211";"speedtest";1340038525;108976.539684;0.013627;"681448f5-2440-4cd6-afef-f44ecf59facf";12874;"09";"Melegnano";18;6;2012;0;18;"20120618"
"2.230.212.185";"IT";7.666700;45.050000;"AS12874 Fastweb SpA";"mlab1-trn01";0.010503;1287090.286530;"0.004012999";"win32";"194.116.85.211";"speedtest";1340038635;1114483.458610;0.009752;"93a97de3-c431-4df5-a005-ea55834352bd";12874;"12";"Torino";18;6;2012;0;18;"20120618"
"62.98.65.177";"IT";14.250000;40.833300;"AS1267 WIND Telecomunicazioni S.p.A.";"mlab1-trn01";0.079781;33427.094748;"0.004012999";"win32";"194.116.85.211";"speedtest";1340038761;39608.327022;0.049536;"2d006d8d-7c04-46bb-b056-798468ee365e";1267;"04";"Napoli";18;6;2012;0;18;"20120618"
"79.20.70.163";"IT";8.066600;45.572300;"AS3269 Telecom Italia S.p.a.";"mlab1-trn01";0.042276;851743.774254;"0.004012999";"darwin";"194.116.85.211";"bittorrent";1340038774;41335.342343;-1.000000;"432d3481-f83e-450d-b373-e60ae5f17efe";3269;"12";"Biella";18;6;2012;0;18;"20120618"
"87.253.117.30";"IT";7.666700;45.050000;"AS35719 People & Communication S.R.L.";"mlab1-trn01";0.010201;846834.245699;"0.004012999";"darwin";"194.116.85.211";"bittorrent";1340038924;53879.349690;-1.000000;"60d5ec38-9b55-4e7a-b420-28c886960236";35719;"12";"Torino";19;6;2012;0;18;"20120618"
"79.13.203.101";"IT";10.100000;44.083300;"AS3269 Telecom Italia S.p.a.";"mlab1-trn01";0.042167;729085.615751;"0.004009999";"win32";"194.116.85.211";"speedtest";1340038999;46534.733641;0.048700;"ae73866b-a211-42d8-b6f2-d31777806a2e";3269;"16";"Carrara";19;6;2012;0;18;"20120618"
"79.20.70.163";"IT";8.066600;45.572300;"AS3269 Telecom Italia S.p.a.";"mlab1-trn01";0.041784;799459.729756;"0.004012999";"darwin";"194.116.85.211";"bittorrent";1340039023;41277.181812;-1.000000;"e838c543-3d44-45bd-9a51-ed5e3c0d7d06";3269;"12";"Biella";19;6;2012;0;18;"20120618"
"81.174.47.101";"IT";12.833300;42.833300;"AS35612 NGI Spa";"mlab1-trn01";0.014279;1384886.434464;"0.004012999";"darwin";"194.116.85.211";"bittorrent";1340039137;113058.694765;-1.000000;"59a9e8e1-3618-48e2-adea-6559f48400b8";35612;"";"";19;6;2012;0;18;"20120618"
"93.50.201.172";"IT";7.666700;45.050000;"AS12874 Fastweb SpA";"mlab1-trn01";0.054591;170708.005085;"0.004012999";"win32";"194.116.85.211";"bittorrent";1340039292;255546.679716;-1.000000;"82d7cd8b-95b2-4fb4-be64-f55010d39d3e";12874;"12";"Torino";19;6;2012;0;18;"20120618"
"151.33.107.70";"IT";7.666700;45.050000;"AS1267 WIND Telecomunicazioni S.p.A.";"mlab1-trn01";0.017364;1944257.074080;"0.004012999";"win32";"194.116.85.211";"speedtest";1340039355;105699.145867;0.010459;"750b74dc-a4a8-4f1d-be31-231d72d952a2";1267;"12";"Torino";19;6;2012;0;18;"20120618"
"151.25.149.199";"IT";13.250000;41.700000;"AS1267 WIND Telecomunicazioni S.p.A.";"mlab1-trn01";0.022658;1887339.139730;"0.004012999";"darwin";"194.116.85.211";"speedtest";1340039399;103425.648817;0.027831;"2db37ed2-fec6-4c7a-947f-fbfa8575dbeb";1267;"07";"Ferentino";19;6;2012;0;18;"20120618"
"151.65.28.229";"IT";9.016700;44.983300;"AS1267 WIND Telecomunicazioni S.p.A.";"mlab1-trn01";0.022945;598953.327932;"0.004012999";"win32";"194.116.85.211";"speedtest";1340039482;66084.971028;0.029104;"a5016d11-f6c1-4d6d-a30f-48088faa5e70";1267;"09";"Voghera";19;6;2012;0;18;"20120618"
"93.36.111.189";"IT";9.200000;45.466700;"AS12874 Fastweb SpA";"mlab1-trn01";0.014231;654709.629462;"0.004012999";"darwin";"194.116.85.211";"bittorrent";1340039648;84663.689757;-1.000000;"1ac06ae7-306c-4ad7-a420-41b7f457fa4e";12874;"09";"Milan";19;6;2012;0;18;"20120618"
"93.62.73.167";"IT";7.666700;45.050000;"AS12874 Fastweb SpA";"mlab1-trn01";0.037801;791815.800722;"0.004012999";"win32";"194.116.85.211";"speedtest";1340039672;72804.962072;0.043305;"ba264b82-0dde-485e-bdfd-b866b37d1bf8";12874;"12";"Torino";19;6;2012;0;18;"20120618"
"2.36.37.80";"IT";7.666700;45.050000;"AS30722 Vodafone Omnitel N.V.";"mlab1-trn01";0.040986;829177.512925;"0.004012999";"win32";"194.116.85.211";"speedtest";1340039696;32373.340615;0.046609;"dd1eb1c2-416e-467c-b945-ec64ed841caa";30722;"12";"Torino";19;6;2012;0;18;"20120618"
"78.13.176.56";"IT";11.250000;43.766700;"AS8612 Tiscali Italia S.P.A.";"mlab1-trn01";0.152483;442063.950097;"0.004012999";"darwin";"194.116.85.211";"speedtest";1340039796;18355.053385;0.162841;"5f59af2e-2b13-403e-ba8c-0801e50c8913";8612;"16";"Florence";19;6;2012;0;18;"20120618"
"83.211.172.129";"IT";13.566700;42.583300;"AS15589 Clouditalia Communications S.p.A.";"mlab1-trn01";0.022281;504953.774669;"0.004012999";"win32";"194.116.85.211";"bittorrent";1340039981;31372.556338;-1.000000;"b6e23738-aa63-4482-8754-26d879467631";15589;"01";"Altavilla";19;6;2012;0;18;"20120618"
"93.37.201.95";"IT";11.540300;45.545900;"AS12874 Fastweb SpA";"mlab1-trn01";0.041617;660824.783308;"0.004009999";"win32";"194.116.85.211";"bittorrent";1340040168;58157.709287;-1.000000;"f694efd4-f67c-4411-8e45-1c801f5c4061";12874;"20";"Vicenza";19;6;2012;0;18;"20120618"
"2.230.212.185";"IT";7.666700;45.050000;"AS12874 Fastweb SpA";"mlab1-trn01";0.010784;1276303.677495;"0.004012999";"win32";"194.116.85.211";"bittorrent";1340040278;1103021.147733;-1.000000;"93a97de3-c431-4df5-a005-ea55834352bd";12874;"12";"Torino";19;6;2012;0;18;"20120618"
"195.110.137.171";"IT";12.483300;41.900000;"AS5396 MC-link Spa";"mlab1-trn01";0.036611;513371.203431;"0.004012999";"darwin";"194.116.85.211";"bittorrent";1340040339;28466.134545;-1.000000;"2d27e34d-ed0a-4c70-8dc2-070f5a0499a1";5396;"07";"Rome";19;6;2012;0;18;"20120618"
"188.152.109.177";"IT";7.666700;45.050000;"AS44957 Vodafone Omnitel N.V.";"mlab1-trn01";0.051233;322991.199738;"0.004012999";"darwin";"194.116.85.211";"speedtest";1340040570;39573.643360;0.057679;"fd2cba45-5000-4263-b0bc-8c4a654ac411";44957;"12";"Torino";19;6;2012;0;18;"20120618"
"87.4.74.136";"IT";8.850000;44.716700;"AS3269 Telecom Italia S.p.a.";"mlab1-trn01";0.775320;5858.294461;"0.004012999";"win32";"194.116.85.211";"bittorrent";1340040670;7524.368471;-1.000000;"d8a56420-51dd-4f7f-811c-30fa9ca36858";3269;"12";"Serravalle Scrivia";19;6;2012;0;18;"20120618"
"151.60.120.179";"IT";7.316700;44.633300;"AS1267 WIND Telecomunicazioni S.p.A.";"mlab1-trn01";0.026313;185944.515724;"0.004012999";"linux2";"194.116.85.211";"bittorrent";1340040723;59129.093408;-1.000000;"ce15cdd9-fbc9-4be9-8f83-94df036818bb";1267;"12";"Sanfront";19;6;2012;0;18;"20120618"
"93.50.201.172";"IT";7.666700;45.050000;"AS12874 Fastweb SpA";"mlab1-trn01";0.011980;963832.876277;"0.004012999";"win32";"194.116.85.211";"speedtest";1340040901;1007351.957550;0.012667;"82d7cd8b-95b2-4fb4-be64-f55010d39d3e";12874;"12";"Torino";19;6;2012;0;18;"20120618"
"79.24.125.152";"IT";9.883300;44.366700;"AS3269 Telecom Italia S.p.a.";"mlab1-trn01";0.325677;16616.441186;"0.004012999";"win32";"194.116.85.211";"speedtest";1340040945;10969.933743;0.634281;"6a12726c-966c-40eb-9e83-a5dd6efd419a";3269;"16";"Pontremoli";19;6;2012;0;18;"20120618"
"87.8.229.178";"IT";7.666700;45.050000;"AS3269 Telecom Italia S.p.a.";"mlab1-trn01";0.033904;563875.005200;"0.004012999";"win32";"194.116.85.211";"speedtest";1340040954;50405.244124;0.030096;"d6bbc582-d8eb-4ead-ba2c-3fffeda97549";3269;"12";"Torino";19;6;2012;0;18;"20120618"
"109.234.63.11";"IT";12.833300;42.833300;"AS43989 Ehinet Srl";"mlab1-trn01";0.034699;423037.975378;"0.004009999";"win32";"194.116.85.211";"bittorrent";1340041078;11466.831007;-1.000000;"5d6312ec-b414-42e6-8e89-702c7b4fd5e8";43989;"";"";19;6;2012;0;18;"20120618"
"80.117.83.96";"IT";12.833300;42.833300;"AS3269 Telecom Italia S.p.a.";"mlab1-trn01";0.023635;802107.481763;"0.004012999";"win32";"194.116.85.211";"speedtest";1340041082;39538.098188;0.029900;"25353fbe-ce56-4192-a803-65a63443c70a";3269;"";"";19;6;2012;0;18;"20120618"
"84.221.231.178";"IT";7.666700;45.050000;"AS8612 Tiscali Italia S.P.A.";"mlab1-trn01";0.020423;1694167.516500;"0.004012999";"darwin";"194.116.85.211";"speedtest";1340041398;105472.353449;0.027760;"7e3598a2-40f8-4213-beaa-47abf033b292";8612;"12";"Torino";19;6;2012;0;18;"20120618"
"217.133.46.117";"IT";11.316700;43.583300;"AS8612 Tiscali Italia S.P.A.";"mlab1-trn01";0.039641;1681214.679036;"0.004012999";"win32";"194.116.85.211";"bittorrent";1340041432;100797.243165;-1.000000;"2765e625-af97-4607-9fbe-b7195291ba59";8612;"16";"Greve";19;6;2012;0;18;"20120618"
"85.18.28.68";"IT";12.833300;42.833300;"AS12874 Fastweb SpA";"mlab1-trn01";0.014346;135183.235064;"0.004009999";"win32";"194.116.85.211";"bittorrent";1340042071;154015.861024;-1.000000;"209e0493-6ac3-47f4-8a7e-513e3ce88ea8";12874;"";"";19;6;2012;0;18;"20120618"
"79.13.203.101";"IT";10.100000;44.083300;"AS3269 Telecom Italia S.p.a.";"mlab1-trn01";0.046623;737721.185389;"0.004009999";"win32";"194.116.85.211";"speedtest";1340042221;46304.547558;0.048217;"ae73866b-a211-42d8-b6f2-d31777806a2e";3269;"16";"Carrara";19;6;2012;0;18;"20120618"
"87.8.228.126";"IT";12.833300;42.833300;"AS3269 Telecom Italia S.p.a.";"mlab1-trn01";0.045055;219113.510355;"0.004012999";"darwin";"194.116.85.211";"speedtest";1340042218;43215.141032;0.054144;"6b759052-c812-4f14-90ce-16e61560a573";3269;"";"";19;6;2012;0;18;"20120618"
"95.237.222.196";"IT";7.666700;45.050000;"AS3269 Telecom Italia S.p.a.";"mlab1-trn01";0.045393;347702.897154;"0.004012999";"win32";"194.116.85.211";"speedtest";1340042538;32141.049155;0.046798;"47bce1bd-51cc-4815-b6db-71ab66220dd6";3269;"12";"Torino";20;6;2012;0;18;"20120618"
"188.11.197.8";"IT";12.483300;41.900000;"AS3269 Telecom Italia S.p.a.";"mlab1-trn01";0.036369;1250844.768733;"0.004012999";"darwin";"194.116.85.211";"bittorrent";1340042542;94191.090892;-1.000000;"c671e4d7-9027-4ae8-9058-ad41f0746af0";3269;"07";"Rome";20;6;2012;0;18;"20120618"
"79.24.125.152";"IT";9.883300;44.366700;"AS3269 Telecom Italia S.p.a.";"mlab1-trn01";0.344918;77131.528261;"0.004012999";"win32";"194.116.85.211";"bittorrent";1340042539;7558.868461;-1.000000;"6a12726c-966c-40eb-9e83-a5dd6efd419a";3269;"16";"Pontremoli";20;6;2012;0;18;"20120618"
"188.216.124.199";"IT";7.666700;45.050000;"AS30722 Vodafone Omnitel N.V.";"mlab1-trn01";0.043505;796183.262232;"0.004012999";"darwin";"194.116.85.211";"speedtest";1340042610;65800.244601;0.049833;"821aa4b7-0495-4899-9210-11d94170a73b";30722;"12";"Torino";20;6;2012;0;18;"20120618"
"130.192.91.213";"IT";7.666700;45.050000;"AS137 GARR Italian academic and research network";"mlab1-trn01";0.002391;11769293.890241;"0.004012999";"linux2";"194.116.85.211";"bittorrent";1340042637;11768015.564323;-1.000000;"cd78793c-1e3b-4944-b4b2-9768fc1cdb97";137;"12";"Torino";20;6;2012;0;18;"20120618"
"94.36.27.108";"IT";9.833300;44.116700;"AS8612 Tiscali Italia S.P.A.";"mlab1-trn01";0.028654;880238.837884;"0.004012999";"win32";"194.116.85.211";"speedtest";1340042722;25014.808070;0.031900;"43824351-60f0-4924-9794-e14a103734ad";8612;"08";"La Spezia";20;6;2012;0;18;"20120618"
"217.133.46.117";"IT";11.316700;43.583300;"AS8612 Tiscali Italia S.P.A.";"mlab1-trn01";0.029444;1616274.161100;"0.004012999";"win32";"194.116.85.211";"speedtest";1340042887;76893.760558;0.032531;"2765e625-af97-4607-9fbe-b7195291ba59";8612;"16";"Greve";20;6;2012;0;18;"20120618"
"2.230.35.188";"IT";9.316700;45.350000;"AS12874 Fastweb SpA";"mlab1-trn01";0.018037;642599.810831;"0.004012999";"darwin";"194.116.85.211";"bittorrent";1340042926;98536.539181;-1.000000;"681448f5-2440-4cd6-afef-f44ecf59facf";12874;"09";"Melegnano";20;6;2012;0;18;"20120618"
"93.37.201.95";"IT";11.540300;45.545900;"AS12874 Fastweb SpA";"mlab1-trn01";0.025735;538655.311250;"0.004009999";"win32";"194.116.85.211";"bittorrent";1340043052;51035.832516;-1.000000;"f694efd4-f67c-4411-8e45-1c801f5c4061";12874;"20";"Vicenza";20;6;2012;0;18;"20120618"
"79.40.73.110";"IT";8.466700;44.683300;"AS3269 Telecom Italia S.p.a.";"mlab1-trn01";0.029418;1544254.637047;"0.004012999";"win32";"194.116.85.211";"bittorrent";1340043139;92308.979188;-1.000000;"369d9b6b-8319-418a-a782-5c6286778ee8";3269;"12";"Acqui Terme";20;6;2012;0;18;"20120618"
"151.32.58.7";"IT";7.600000;45.233300;"AS1267 WIND Telecomunicazioni S.p.A.";"mlab1-trn01";0.012757;206368.043381;"0.004012999";"linux2";"194.116.85.211";"bittorrent";1340043325;53122.100940;-1.000000;"e58cbc1f-8414-4fe3-8578-f8c48106d21d";1267;"12";"Ciriè";20;6;2012;0;18;"20120618"
"93.35.209.33";"IT";9.316700;45.516700;"AS12874 Fastweb SpA";"mlab1-trn01";0.035769;461829.951506;"0.004011999";"win32";"194.116.85.211";"bittorrent";1340043424;38303.887595;-1.000000;"9a8fa0ab-ee51-4da8-b32c-4f50bc470f20";12874;"09";"Cernusco";20;6;2012;0;18;"20120618"
"95.237.222.196";"IT";7.666700;45.050000;"AS3269 Telecom Italia S.p.a.";"mlab1-trn01";0.041223;346928.075370;"0.004012999";"win32";"194.116.85.211";"bittorrent";1340044085;47349.178664;-1.000000;"47bce1bd-51cc-4815-b6db-71ab66220dd6";3269;"12";"Torino";20;6;2012;0;18;"20120618"
"130.192.91.213";"IT";7.666700;45.050000;"AS137 GARR Italian academic and research network";"mlab1-trn01";0.001757;11735730.085400;"0.004012999";"linux2";"194.116.85.211";"speedtest";1340044108;1724067.338000;0.003807;"cd78793c-1e3b-4944-b4b2-9768fc1cdb97";137;"12";"Torino";20;6;2012;0;18;"20120618"
"93.50.201.172";"IT";7.666700;45.050000;"AS12874 Fastweb SpA";"mlab1-trn01";0.010010;1183199.879700;"0.004012999";"win32";"194.116.85.211";"speedtest";1340044299;1180957.675920;0.011172;"82d7cd8b-95b2-4fb4-be64-f55010d39d3e";12874;"12";"Torino";20;6;2012;0;18;"20120618"
"151.32.246.63";"IT";7.666700;45.050000;"AS1267 WIND Telecomunicazioni S.p.A.";"mlab1-trn01";0.081311;1544784.491310;"0.004012999";"win32";"194.116.85.211";"speedtest";1340044316;101472.975100;0.011296;"f9c418c2-bbb0-418e-9243-e47b6ed54170";1267;"12";"Torino";20;6;2012;0;18;"20120618"
"87.253.117.30";"IT";7.666700;45.050000;"AS35719 People & Communication S.R.L.";"mlab1-trn01";0.009801;800315.229485;"0.004012999";"darwin";"194.116.85.211";"bittorrent";1340044686;53025.930415;-1.000000;"60d5ec38-9b55-4e7a-b420-28c886960236";35719;"12";"Torino";20;6;2012;0;18;"20120618"
"151.32.58.7";"IT";7.600000;45.233300;"AS1267 WIND Telecomunicazioni S.p.A.";"mlab1-trn01";0.008559;812477.097810;"0.004012999";"linux2";"194.116.85.211";"speedtest";1340044773;53484.527937;0.012241;"e58cbc1f-8414-4fe3-8578-f8c48106d21d";1267;"12";"Ciriè";20;6;2012;0;18;"20120618"
"130.192.91.211";"IT";7.666700;45.050000;"AS137 GARR Italian academic and research network";"mlab1-trn01";0.002748;11742927.343800;"0.004012999";"linux2";"194.116.85.211";"speedtest";1340045153;1506800.548150;0.006287;"91708cf1-7028-4b58-9520-faea0010494c";137;"12";"Torino";20;6;2012;0;18;"20120618"
"151.64.24.143";"IT";9.233300;45.533300;"AS1267 WIND Telecomunicazioni S.p.A.";"mlab1-trn01";0.015094;707787.794892;"0.004012999";"linux2";"194.116.85.211";"speedtest";1340045304;53851.506206;0.018779;"122a0eee-5444-44b6-9181-38ffae82c977";1267;"09";"Sesto San Giovanni";20;6;2012;0;18;"20120618"
"151.60.120.179";"IT";7.316700;44.633300;"AS1267 WIND Telecomunicazioni S.p.A.";"mlab1-trn01";0.027958;175381.422703;"0.004012999";"linux2";"194.116.85.211";"speedtest";1340045333;52017.673399;0.033764;"ce15cdd9-fbc9-4be9-8f83-94df036818bb";1267;"12";"Sanfront";20;6;2012;0;18;"20120618"
"188.216.124.199";"IT";7.666700;45.050000;"AS30722 Vodafone Omnitel N.V.";"mlab1-trn01";0.043207;796781.749828;"0.004012999";"darwin";"194.116.85.211";"speedtest";1340045429;65746.216244;0.049376;"821aa4b7-0495-4899-9210-11d94170a73b";30722;"12";"Torino";20;6;2012;0;18;"20120618"
"94.36.33.130";"IT";8.950000;44.416700;"AS8612 Tiscali Italia S.P.A.";"mlab1-trn01";0.027610;838232.025920;"0.004012999";"darwin";"194.116.85.211";"speedtest";1340045499;52607.056952;0.031979;"894fe1ee-9250-416a-98be-74dd024aea06";8612;"08";"Genova";20;6;2012;0;18;"20120618"
"151.32.246.63";"IT";7.666700;45.050000;"AS1267 WIND Telecomunicazioni S.p.A.";"mlab1-trn01";0.011811;1503460.656552;"0.004012999";"win32";"194.116.85.211";"bittorrent";1340045757;106615.443181;-1.000000;"f9c418c2-bbb0-418e-9243-e47b6ed54170";1267;"12";"Torino";20;6;2012;0;18;"20120618"
"2.230.35.188";"IT";9.316700;45.350000;"AS12874 Fastweb SpA";"mlab1-trn01";0.010602;579295.106649;"0.004012999";"darwin";"194.116.85.211";"bittorrent";1340045859;97383.688325;-1.000000;"681448f5-2440-4cd6-afef-f44ecf59facf";12874;"09";"Melegnano";20;6;2012;0;18;"20120618"
"151.73.33.145";"IT";14.566700;40.733300;"AS1267 WIND Telecomunicazioni S.p.A.";"mlab1-trn01";0.035607;112405.598766;"0.004009999";"win32";"194.116.85.211";"speedtest";1340045982;52198.400908;0.039968;"23d04e8c-1632-480a-8b47-f5057b877ee1";1267;"04";"Angri";20;6;2012;0;18;"20120618"
"151.51.238.160";"IT";13.778400;45.653600;"AS1267 WIND Telecomunicazioni S.p.A.";"mlab1-trn01";0.025730;78662.557855;"0.004011999";"linux2";"194.116.85.211";"bittorrent";1340046242;52663.592647;-1.000000;"db4c1f00-a6b9-40ad-b36d-a2fad669a491";1267;"06";"Trieste";21;6;2012;0;18;"20120618"
"82.57.12.248";"IT";17.216700;41.000000;"AS3269 Telecom Italia S.p.a.";"mlab1-trn01";0.058564;696650.262878;"0.004012999";"win32";"194.116.85.211";"speedtest";1340046725;42135.397834;0.064664;"f201d94b-ffc9-44aa-ac62-215bbc3baddd";3269;"13";"Polignano A Mare";21;6;2012;0;18;"20120618"
"87.20.125.83";"IT";11.316700;43.583300;"AS3269 Telecom Italia S.p.a.";"mlab1-trn01";0.039151;869226.217118;"0.004012999";"win32";"194.116.85.211";"bittorrent";1340046938;49999.464594;-1.000000;"0a82f1ed-ab1f-4de5-a610-bbae44fec14e";3269;"16";"Greve";21;6;2012;0;18;"20120618"
"2.225.243.157";"IT";7.666700;45.050000;"AS12874 Fastweb SpA";"mlab1-trn01";0.034349;175787.731368;"0.004012999";"win32";"194.116.85.211";"speedtest";1340046977;109069.412918;0.026862;"d6f86b56-e8d8-492a-b6b6-1b402173691e";12874;"12";"Torino";21;6;2012;0;18;"20120618"
"79.13.203.101";"IT";10.100000;44.083300;"AS3269 Telecom Italia S.p.a.";"mlab1-trn01";0.041462;762902.502584;"0.004009999";"win32";"194.116.85.211";"bittorrent";1340047049;33598.505258;-1.000000;"ae73866b-a211-42d8-b6f2-d31777806a2e";3269;"16";"Carrara";21;6;2012;0;18;"20120618"
"93.62.242.110";"IT";12.029400;45.421400;"AS12874 Fastweb SpA";"mlab1-trn01";0.023995;221765.306587;"0.004012999";"darwin";"194.116.85.211";"bittorrent";1340047087;434822.486085;-1.000000;"9905faad-2379-4ce5-bea7-d26dfd5ef167";12874;"20";"Fiesso D'artico";21;6;2012;0;18;"20120618"
"130.192.91.213";"IT";7.666700;45.050000;"AS137 GARR Italian academic and research network";"mlab1-trn01";0.002143;11738242.236900;"0.004012999";"linux2";"194.116.85.211";"speedtest";1340047104;1717754.988480;0.003857;"cd78793c-1e3b-4944-b4b2-9768fc1cdb97";137;"12";"Torino";21;6;2012;0;18;"20120618"
"79.20.70.163";"IT";8.066600;45.572300;"AS3269 Telecom Italia S.p.a.";"mlab1-trn01";0.041921;785976.280484;"0.004012999";"darwin";"194.116.85.211";"speedtest";1340047193;41333.191611;0.047547;"e838c543-3d44-45bd-9a51-ed5e3c0d7d06";3269;"12";"Biella";21;6;2012;0;18;"20120618"
"151.64.147.108";"IT";9.187800;45.461200;"AS1267 WIND Telecomunicazioni S.p.A.";"mlab1-trn01";0.016233;82168.102498;"0.004012999";"darwin";"194.116.85.211";"speedtest";1340047392;42964.124378;0.019902;"e10426cb-5035-441b-b484-603a906f7b30";1267;"09";"Milan";21;6;2012;0;18;"20120618"
"188.217.129.219";"IT";14.333300;40.916700;"AS30722 Vodafone Omnitel N.V.";"mlab1-trn01";0.062471;198256.560805;"0.004012999";"win32";"194.116.85.211";"speedtest";1340047306;32972.248275;0.098050;"bb6c2e6b-7f94-482d-ab7a-ba9256571bd8";30722;"04";"Casalnuovo Di Napoli";21;6;2012;0;18;"20120618"
"88.47.41.57";"IT";12.833300;42.833300;"AS3269 Telecom Italia S.p.a.";"mlab1-trn01";0.046807;713781.905147;"0.004012999";"win32";"194.116.85.211";"speedtest";1340047711;46951.731883;0.052211;"ec2e71be-f555-4dee-b674-bc8e80a61d77";3269;"";"";21;6;2012;0;18;"20120618"
"151.32.58.7";"IT";7.600000;45.233300;"AS1267 WIND Telecomunicazioni S.p.A.";"mlab1-trn01";0.011106;93326.514872;"0.004012999";"linux2";"194.116.85.211";"speedtest";1340047715;53502.307802;0.016786;"e58cbc1f-8414-4fe3-8578-f8c48106d21d";1267;"12";"Ciriè";21;6;2012;0;18;"20120618"
"87.4.74.136";"IT";8.850000;44.716700;"AS3269 Telecom Italia S.p.a.";"mlab1-trn01";0.418817;48956.209731;"0.004012999";"win32";"194.116.85.211";"speedtest";1340047859;13098.195470;0.113413;"d8a56420-51dd-4f7f-811c-30fa9ca36858";3269;"12";"Serravalle Scrivia";21;6;2012;0;18;"20120618"
"195.110.137.171";"IT";12.483300;41.900000;"AS5396 MC-link Spa";"mlab1-trn01";0.035841;553839.983013;"0.004012999";"darwin";"194.116.85.211";"speedtest";1340047885;26546.929985;0.043611;"2d27e34d-ed0a-4c70-8dc2-070f5a0499a1";5396;"07";"Rome";21;6;2012;0;18;"20120618"
"87.14.37.145";"IT";7.683300;45.000000;"AS3269 Telecom Italia S.p.a.";"mlab1-trn01";0.058577;621742.869401;"0.004012999";"darwin";"194.116.85.211";"speedtest";1340047908;42788.793007;0.052169;"6b759052-c812-4f14-90ce-16e61560a573";3269;"12";"Moncalieri";21;6;2012;0;18;"20120618"
"79.41.215.191";"IT";7.666700;45.050000;"AS3269 Telecom Italia S.p.a.";"mlab1-trn01";0.044241;250212.612114;"0.004012999";"darwin";"194.116.85.211";"bittorrent";1340048048;36364.834151;-1.000000;"54b1973f-e000-498d-8aee-038597e2696e";3269;"12";"Torino";21;6;2012;0;18;"20120618"
"84.222.108.196";"IT";11.866700;44.583300;"AS8612 Tiscali Italia S.P.A.";"mlab1-trn01";0.058856;375826.100490;"0.004012999";"darwin";"194.116.85.211";"speedtest";1340048103;46096.210237;0.059357;"8c002889-ba22-4c1b-a026-e262143a9d1d";8612;"05";"San Biagio";21;6;2012;0;18;"20120618"
"84.221.231.178";"IT";7.666700;45.050000;"AS8612 Tiscali Italia S.P.A.";"mlab1-trn01";0.026050;1665198.769915;"0.004012999";"darwin";"194.116.85.211";"bittorrent";1340048552;65164.240044;-1.000000;"7e3598a2-40f8-4213-beaa-47abf033b292";8612;"12";"Torino";21;6;2012;0;18;"20120618"
"95.237.222.196";"IT";7.666700;45.050000;"AS3269 Telecom Italia S.p.a.";"mlab1-trn01";0.043928;343583.819247;"0.004012999";"win32";"194.116.85.211";"speedtest";1340048707;43670.792512;0.047841;"47bce1bd-51cc-4815-b6db-71ab66220dd6";3269;"12";"Torino";21;6;2012;0;18;"20120618"
"81.174.47.101";"IT";12.833300;42.833300;"AS35612 NGI Spa";"mlab1-trn01";0.015513;173399.391715;"0.004012999";"darwin";"194.116.85.211";"bittorrent";1340048828;111282.482379;-1.000000;"59a9e8e1-3618-48e2-adea-6559f48400b8";35612;"";"";21;6;2012;0;18;"20120618"
"93.145.96.49";"IT";12.833300;42.833300;"AS44957 Vodafone Omnitel N.V.";"mlab1-trn01";0.069382;195296.542022;"0.004012999";"win32";"194.116.85.211";"bittorrent";1340049097;11628.815095;-1.000000;"4cf5e6e0-bdab-4304-be70-6c0813dd5cd1";44957;"";"";21;6;2012;0;18;"20120618"
"188.216.183.24";"IT";12.833300;42.833300;"AS30722 Vodafone Omnitel N.V.";"mlab1-trn01";0.052700;855798.523031;"0.004012999";"darwin";"194.116.85.211";"bittorrent";1340049289;6197.946475;-1.000000;"eb287f52-d429-4a32-aa75-ba1fd1cf87d2";30722;"";"";21;6;2012;0;18;"20120618"
"2.37.33.36";"IT";11.000000;45.450000;"AS30722 Vodafone Omnitel N.V.";"mlab1-trn01";0.053484;663761.578228;"0.004012999";"win32";"194.116.85.211";"speedtest";1340049287;53053.677719;0.083952;"fbf16a61-0135-4285-b426-89f0f0e74041";30722;"20";"Verona";21;6;2012;0;18;"20120618"
"95.236.109.240";"IT";11.133300;46.066700;"AS3269 Telecom Italia S.p.a.";"mlab1-trn01";0.036229;1059252.005230;"0.004012999";"darwin";"194.116.85.211";"speedtest";1340049291;100558.688742;0.042811;"3a2b787f-c941-4b74-b356-2363c9904a6c";3269;"17";"Trento";21;6;2012;0;18;"20120618"
"87.4.74.136";"IT";8.850000;44.716700;"AS3269 Telecom Italia S.p.a.";"mlab1-trn01";0.065199;66698.026488;"0.004012999";"win32";"194.116.85.211";"bittorrent";1340049306;25957.194091;-1.000000;"d8a56420-51dd-4f7f-811c-30fa9ca36858";3269;"12";"Serravalle Scrivia";21;6;2012;0;18;"20120618"
"151.51.238.160";"IT";13.778400;45.653600;"AS1267 WIND Telecomunicazioni S.p.A.";"mlab1-trn01";0.027480;6037.197811;"0.004011999";"linux2";"194.116.85.211";"bittorrent";1340049478;38635.656606;-1.000000;"db4c1f00-a6b9-40ad-b36d-a2fad669a491";1267;"06";"Trieste";21;6;2012;0;18;"20120618"
"79.41.215.191";"IT";7.666700;45.050000;"AS3269 Telecom Italia S.p.a.";"mlab1-trn01";0.042353;242166.003346;"0.004012999";"darwin";"194.116.85.211";"speedtest";1340049607;37018.228801;0.052290;"54b1973f-e000-498d-8aee-038597e2696e";3269;"12";"Torino";22;6;2012;0;18;"20120618"
"2.225.128.51";"IT";7.666700;45.050000;"AS12874 Fastweb SpA";"mlab1-trn01";0.036608;256107.289474;"0.004012999";"darwin";"194.116.85.211";"speedtest";1340049760;54132.835135;0.041378;"28ba3b2e-cd9a-4c00-8b29-33e0cfe5c596";12874;"12";"Torino";22;6;2012;0;18;"20120618"
"78.134.91.209";"IT";9.316700;45.516700;"AS35612 NGI Spa";"mlab1-trn01";0.070635;395690.947594;"0.004012999";"darwin";"194.116.85.211";"speedtest";1340049833;15415.576480;0.065953;"7da8ef87-6dfd-41fe-8a53-f1a960d7de12";35612;"09";"Cernusco";22;6;2012;0;18;"20120618"
"84.221.231.178";"IT";7.666700;45.050000;"AS8612 Tiscali Italia S.P.A.";"mlab1-trn01";0.028524;1668049.562120;"0.004012999";"darwin";"194.116.85.211";"speedtest";1340049975;91577.800898;0.029685;"7e3598a2-40f8-4213-beaa-47abf033b292";8612;"12";"Torino";22;6;2012;0;18;"20120618"
"151.28.149.138";"IT";12.483300;41.900000;"AS1267 WIND Telecomunicazioni S.p.A.";"mlab1-trn01";0.028694;11368.537914;"0.004012999";"darwin";"194.116.85.211";"speedtest";1340051216;52926.553674;0.033687;"ecbc13bf-6a9e-4fe9-b86f-bd60bf3af1d0";1267;"07";"Rome";22;6;2012;0;18;"20120618"
"87.253.117.30";"IT";7.666700;45.050000;"AS35719 People & Communication S.R.L.";"mlab1-trn01";0.012904;559022.642510;"0.004012999";"darwin";"194.116.85.211";"bittorrent";1340050448;52611.815248;-1.000000;"60d5ec38-9b55-4e7a-b420-28c886960236";35719;"12";"Torino";22;6;2012;0;18;"20120618"
"82.50.16.67";"IT";11.583300;44.400000;"AS3269 Telecom Italia S.p.a.";"mlab1-trn01";0.049095;1021893.638490;"0.004008999";"darwin";"194.116.85.211";"speedtest";1340050650;79001.831528;0.052394;"470583b1-76be-479b-a12e-d79962295075";3269;"05";"Castel San Pietro Terme";22;6;2012;0;18;"20120618"
"95.236.109.240";"IT";11.133300;46.066700;"AS3269 Telecom Italia S.p.a.";"mlab1-trn01";0.037104;1104882.207496;"0.004012999";"darwin";"194.116.85.211";"bittorrent";1340050743;116275.050550;-1.000000;"3a2b787f-c941-4b74-b356-2363c9904a6c";3269;"17";"Trento";22;6;2012;0;18;"20120618"
"188.216.183.24";"IT";12.833300;42.833300;"AS30722 Vodafone Omnitel N.V.";"mlab1-trn01";0.052374;783546.393678;"0.004012999";"darwin";"194.116.85.211";"speedtest";1340050770;64827.606618;0.058441;"eb287f52-d429-4a32-aa75-ba1fd1cf87d2";30722;"";"";22;6;2012;0;18;"20120618"
"78.13.176.56";"IT";11.250000;43.766700;"AS8612 Tiscali Italia S.P.A.";"mlab1-trn01";0.168503;186617.760952;"0.004012999";"darwin";"194.116.85.211";"bittorrent";1340050949;14912.094773;-1.000000;"5f59af2e-2b13-403e-ba8c-0801e50c8913";8612;"16";"Florence";22;6;2012;0;18;"20120618"
"151.74.87.43";"IT";12.833300;42.833300;"AS1267 WIND Telecomunicazioni S.p.A.";"mlab1-trn01";0.043698;3290.243546;"0.004012999";"win32";"194.116.85.211";"bittorrent";1340051043;66329.622234;-1.000000;"5ee07960-742a-4487-b2fc-f4110f54b74a";1267;"";"";22;6;2012;0;18;"20120618"
"94.34.148.136";"IT";12.833300;42.833300;"AS8612 Tiscali Italia S.P.A.";"mlab1-trn01";0.029647;1056860.768550;"0.004012999";"darwin";"194.116.85.211";"speedtest";1340051063;105456.094138;0.033161;"a8a2ab27-6236-470f-8b46-b6121b018b6c";8612;"";"";22;6;2012;0;18;"20120618"
"147.162.42.20";"IT";11.883300;45.416700;"AS137 GARR Italian academic and research network";"mlab1-trn01";0.010172;9045254.511790;"0.004010999";"linux2";"194.116.85.211";"speedtest";1340051194;7817275.903160;0.011893;"727d6a40-2b78-4641-8061-04b6a384e6a6";137;"20";"Padova";22;6;2012;0;18;"20120618"
"217.133.46.117";"IT";11.316700;43.583300;"AS8612 Tiscali Italia S.P.A.";"mlab1-trn01";0.030365;1495162.053490;"0.004012999";"win32";"194.116.85.211";"speedtest";1340051517;107713.747736;0.032635;"2765e625-af97-4607-9fbe-b7195291ba59";8612;"16";"Greve";22;6;2012;0;18;"20120618"
"79.9.218.223";"IT";12.483300;41.900000;"AS3269 Telecom Italia S.p.a.";"mlab1-trn01";0.037353;822018.835637;"0.004012999";"darwin";"194.116.85.211";"bittorrent";1340052033;94088.212192;-1.000000;"4372ef01-dfbb-4175-8485-4bcfde678997";3269;"07";"Rome";22;6;2012;0;18;"20120618"
"79.20.70.163";"IT";8.066600;45.572300;"AS3269 Telecom Italia S.p.a.";"mlab1-trn01";0.041599;610099.420111;"0.004012999";"darwin";"194.116.85.211";"bittorrent";1340052108;36248.424341;-1.000000;"e838c543-3d44-45bd-9a51-ed5e3c0d7d06";3269;"12";"Biella";22;6;2012;0;18;"20120618"
"134.255.175.21";"IT";13.216700;43.366700;"AS198292 Wave-Max S.r.L.";"mlab1-trn01";0.088664;251618.886024;"0.004012999";"win32";"194.116.85.211";"speedtest";1340052168;46684.409395;0.089442;"708a55f0-3758-4099-a346-23683a39926d";198292;"10";"Cingoli";22;6;2012;0;18;"20120618"
"188.217.129.219";"IT";14.333300;40.916700;"AS30722 Vodafone Omnitel N.V.";"mlab1-trn01";0.191289;18373.262884;"0.004012999";"win32";"194.116.85.211";"bittorrent";1340052285;35810.008377;-1.000000;"bb6c2e6b-7f94-482d-ab7a-ba9256571bd8";30722;"04";"Casalnuovo Di Napoli";22;6;2012;0;18;"20120618"
"84.222.108.196";"IT";11.866700;44.583300;"AS8612 Tiscali Italia S.P.A.";"mlab1-trn01";0.052968;742232.998496;"0.004012999";"darwin";"194.116.85.211";"bittorrent";1340052810;41823.035492;-1.000000;"8c002889-ba22-4c1b-a026-e262143a9d1d";8612;"05";"San Biagio";22;6;2012;0;18;"20120618"
"95.237.222.196";"IT";7.666700;45.050000;"AS3269 Telecom Italia S.p.a.";"mlab1-trn01";0.042826;314673.784420;"0.004012999";"win32";"194.116.85.211";"bittorrent";1340053338;47823.886014;-1.000000;"47bce1bd-51cc-4815-b6db-71ab66220dd6";3269;"12";"Torino";23;6;2012;0;18;"20120618"
"79.20.199.38";"IT";8.250000;44.133300;"AS3269 Telecom Italia S.p.a.";"mlab1-trn01";0.568135;196669.058204;"0.004012999";"darwin";"194.116.85.211";"bittorrent";1340053499;42840.735005;-1.000000;"a55fc3a4-6716-42c1-ba71-2271ab7783ac";3269;"08";"Loano";23;6;2012;0;18;"20120618"
"79.9.218.223";"IT";12.483300;41.900000;"AS3269 Telecom Italia S.p.a.";"mlab1-trn01";0.038383;791881.303946;"0.004012999";"darwin";"194.116.85.211";"speedtest";1340053560;93454.117670;0.040772;"4372ef01-dfbb-4175-8485-4bcfde678997";3269;"07";"Rome";23;6;2012;0;18;"20120618"
"188.216.183.24";"IT";12.833300;42.833300;"AS30722 Vodafone Omnitel N.V.";"mlab1-trn01";0.054104;817383.675591;"0.004012999";"darwin";"194.116.85.211";"speedtest";1340053741;64098.733769;0.058250;"eb287f52-d429-4a32-aa75-ba1fd1cf87d2";30722;"";"";23;6;2012;0;18;"20120618"
"79.20.70.163";"IT";8.066600;45.572300;"AS3269 Telecom Italia S.p.a.";"mlab1-trn01";0.041600;801930.912820;"0.004012999";"darwin";"194.116.85.211";"bittorrent";1340054365;41230.813490;-1.000000;"432d3481-f83e-450d-b373-e60ae5f17efe";3269;"12";"Biella";23;6;2012;0;18;"20120618"
"151.64.147.108";"IT";9.187800;45.461200;"AS1267 WIND Telecomunicazioni S.p.A.";"mlab1-trn01";0.020355;202119.807662;"0.004012999";"darwin";"194.116.85.211";"bittorrent";1340054397;66017.647460;-1.000000;"e10426cb-5035-441b-b484-603a906f7b30";1267;"09";"Milan";23;6;2012;0;18;"20120618"
"87.0.208.109";"IT";7.716700;45.316700;"AS3269 Telecom Italia S.p.a.";"mlab1-trn01";0.038452;1510670.114960;"0.004012999";"darwin";"194.116.85.211";"speedtest";1340054618;82833.737446;0.028672;"44d5581a-653c-4df8-8327-10212533c144";3269;"12";"Rivarolo Canavese";23;6;2012;0;18;"20120618"
"130.192.91.213";"IT";7.666700;45.050000;"AS137 GARR Italian academic and research network";"mlab1-trn01";0.002426;11332416.692323;"0.004012999";"linux2";"194.116.85.211";"bittorrent";1340054615;11769023.616843;-1.000000;"cd78793c-1e3b-4944-b4b2-9768fc1cdb97";137;"12";"Torino";23;6;2012;0;18;"20120618"
"151.74.63.19";"IT";15.100000;37.500000;"AS1267 WIND Telecomunicazioni S.p.A.";"mlab1-trn01";0.041365;411093.242011;"0.004012999";"win32";"194.116.85.211";"speedtest";1340054784;67264.238662;0.046400;"5ee07960-742a-4487-b2fc-f4110f54b74a";1267;"15";"Catania";23;6;2012;0;18;"20120618"
"2.230.212.185";"IT";7.666700;45.050000;"AS12874 Fastweb SpA";"mlab1-trn01";0.018109;526873.767642;"0.004012999";"win32";"194.116.85.211";"speedtest";1340054910;535097.043969;0.022418;"93a97de3-c431-4df5-a005-ea55834352bd";12874;"12";"Torino";23;6;2012;0;18;"20120618"
"134.255.175.21";"IT";13.216700;43.366700;"AS198292 Wave-Max S.r.L.";"mlab1-trn01";0.092923;320225.444249;"0.004012999";"win32";"194.116.85.211";"speedtest";1340054957;45280.638114;0.087175;"708a55f0-3758-4099-a346-23683a39926d";198292;"10";"Cingoli";23;6;2012;0;18;"20120618"
"79.21.87.98";"IT";9.533300;45.700000;"AS3269 Telecom Italia S.p.a.";"mlab1-trn01";0.038263;645729.654187;"0.004012999";"darwin";"194.116.85.211";"speedtest";1340055030;19290.848156;0.668435;"2ce2bf8b-ae24-462e-9d50-8546bf97935c";3269;"09";"Mapello";23;6;2012;0;18;"20120618"
"87.4.74.136";"IT";8.850000;44.716700;"AS3269 Telecom Italia S.p.a.";"mlab1-trn01";0.652192;49543.087906;"0.004012999";"win32";"194.116.85.211";"bittorrent";1340055036;20978.926601;-1.000000;"d8a56420-51dd-4f7f-811c-30fa9ca36858";3269;"12";"Serravalle Scrivia";23;6;2012;0;18;"20120618"
"2.37.33.36";"IT";11.000000;45.450000;"AS30722 Vodafone Omnitel N.V.";"mlab1-trn01";0.056145;751199.128297;"0.004012999";"win32";"194.116.85.211";"speedtest";1340055040;46344.152167;0.058612;"fbf16a61-0135-4285-b426-89f0f0e74041";30722;"20";"Verona";23;6;2012;0;18;"20120618"
"130.192.91.211";"IT";7.666700;45.050000;"AS137 GARR Italian academic and research network";"mlab1-trn01";0.002486;11734095.962494;"0.004012999";"linux2";"194.116.85.211";"bittorrent";1340055195;11766043.273865;-1.000000;"91708cf1-7028-4b58-9520-faea0010494c";137;"12";"Torino";23;6;2012;0;18;"20120618"
"2.225.231.97";"IT";7.666700;45.050000;"AS12874 Fastweb SpA";"mlab1-trn01";0.019010;1171513.396431;"0.004012999";"win32";"194.116.85.211";"bittorrent";1340055616;1154365.219985;-1.000000;"252a836b-55fe-43a0-93e7-d33c5d47fae3";12874;"12";"Torino";23;6;2012;0;18;"20120618"
"151.51.238.160";"IT";13.778400;45.653600;"AS1267 WIND Telecomunicazioni S.p.A.";"mlab1-trn01";0.025789;775966.009653;"0.004011999";"linux2";"194.116.85.211";"bittorrent";1340055645;47073.516993;-1.000000;"db4c1f00-a6b9-40ad-b36d-a2fad669a491";1267;"06";"Trieste";23;6;2012;0;18;"20120618"
"151.33.118.238";"IT";7.516700;45.066700;"AS1267 WIND Telecomunicazioni S.p.A.";"mlab1-trn01";0.008229;840261.178790;"0.004011999";"win32";"194.116.85.211";"speedtest";1340055682;34179.160471;0.012414;"d9b73a6d-f8f5-4b51-ad98-19348e823a58";1267;"12";"Rivoli";23;6;2012;0;18;"20120618"
"78.13.176.56";"IT";11.250000;43.766700;"AS8612 Tiscali Italia S.P.A.";"mlab1-trn01";0.238797;580399.487925;"0.004012999";"darwin";"194.116.85.211";"speedtest";1340055762;19692.013053;0.384246;"5f59af2e-2b13-403e-ba8c-0801e50c8913";8612;"16";"Florence";23;6;2012;0;18;"20120618"
"109.234.140.73";"IT";12.833300;42.833300;"AS34758 Interplanet S.r.l.";"mlab1-trn01";0.083038;214941.737431;"0.004009999";"win32";"194.116.85.211";"bittorrent";1340055769;45208.098648;-1.000000;"b6605b51-3da5-4420-981e-5158b3bcd6ab";34758;"";"";23;6;2012;0;18;"20120618"
"78.12.250.244";"IT";9.200000;45.466700;"AS8612 Tiscali Italia S.P.A.";"mlab1-trn01";0.020546;832632.277823;"0.004012999";"linux2";"194.116.85.211";"speedtest";1340055929;53903.589144;0.026955;"e2f84365-e2b5-460c-8aa9-9842e667a0e1";8612;"09";"Milan";23;6;2012;0;18;"20120618"
"151.65.25.142";"IT";12.833300;42.833300;"AS1267 WIND Telecomunicazioni S.p.A.";"mlab1-trn01";0.019954;739470.456826;"0.004012999";"win32";"194.116.85.211";"bittorrent";1340056031;103933.330974;-1.000000;"a5016d11-f6c1-4d6d-a30f-48088faa5e70";1267;"";"";23;6;2012;0;18;"20120618"
"87.253.117.30";"IT";7.666700;45.050000;"AS35719 People & Communication S.R.L.";"mlab1-trn01";0.015375;839212.802990;"0.004012999";"darwin";"194.116.85.211";"bittorrent";1340056204;51473.066660;-1.000000;"60d5ec38-9b55-4e7a-b420-28c886960236";35719;"12";"Torino";23;6;2012;0;18;"20120618"
"95.245.73.46";"IT";8.200000;44.900000;"AS3269 Telecom Italia S.p.a.";"mlab1-trn01";0.028017;707139.872066;"0.004009999";"win32";"194.116.85.211";"bittorrent";1340056216;83546.835584;-1.000000;"43fc56b7-cfe0-496f-a712-ead0946dc63a";3269;"12";"Asti";23;6;2012;0;18;"20120618"
"2.225.128.51";"IT";7.666700;45.050000;"AS12874 Fastweb SpA";"mlab1-trn01";0.149612;233269.554684;"0.004012999";"darwin";"194.116.85.211";"speedtest";1340056217;40259.873027;0.180512;"28ba3b2e-cd9a-4c00-8b29-33e0cfe5c596";12874;"12";"Torino";23;6;2012;0;18;"20120618"
"130.192.91.211";"IT";7.666700;45.050000;"AS137 GARR Italian academic and research network";"mlab1-trn01";0.002577;11729142.562300;"0.004012999";"linux2";"194.116.85.211";"speedtest";1340056625;1535865.885840;0.006260;"91708cf1-7028-4b58-9520-faea0010494c";137;"12";"Torino";23;6;2012;0;18;"20120618"
"93.35.82.167";"IT";9.187800;45.461200;"AS12874 Fastweb SpA";"mlab1-trn01";0.176686;651449.741904;"0.004012999";"win32";"194.116.85.211";"bittorrent";1340056742;636902.971535;-1.000000;"a74b42dc-9390-4a0a-b2b2-2173de36eb4c";12874;"09";"Milan";23;6;2012;0;18;"20120618"
"147.162.42.20";"IT";11.883300;45.416700;"AS137 GARR Italian academic and research network";"mlab1-trn01";0.010227;8861219.124000;"0.004010999";"linux2";"194.116.85.211";"speedtest";1340056940;8730112.229780;0.011754;"727d6a40-2b78-4641-8061-04b6a384e6a6";137;"20";"Padova";0;6;2012;1;19;"20120618"
"79.20.70.163";"IT";8.066600;45.572300;"AS3269 Telecom Italia S.p.a.";"mlab1-trn01";0.040999;797221.564696;"0.004012999";"darwin";"194.116.85.211";"speedtest";1340057008;41518.177406;0.048068;"e838c543-3d44-45bd-9a51-ed5e3c0d7d06";3269;"12";"Biella";0;6;2012;1;19;"20120618"
"93.62.242.110";"IT";12.029400;45.421400;"AS12874 Fastweb SpA";"mlab1-trn01";0.015157;432909.772092;"0.004012999";"darwin";"194.116.85.211";"speedtest";1340057191;434775.913922;0.018033;"9905faad-2379-4ce5-bea7-d26dfd5ef167";12874;"20";"Fiesso D'artico";0;6;2012;1;19;"20120618"
"151.64.147.108";"IT";9.187800;45.461200;"AS1267 WIND Telecomunicazioni S.p.A.";"mlab1-trn01";0.012443;1052220.891030;"0.004012999";"darwin";"194.116.85.211";"bittorrent";1340057191;65313.105046;-1.000000;"e10426cb-5035-441b-b484-603a906f7b30";1267;"09";"Milan";0;6;2012;1;19;"20120618"
"79.27.89.167";"IT";12.483300;41.900000;"AS3269 Telecom Italia S.p.a.";"mlab1-trn01";0.036216;1142958.226500;"0.004012999";"darwin";"194.116.85.211";"speedtest";1340057308;75163.172537;0.039347;"c671e4d7-9027-4ae8-9058-ad41f0746af0";3269;"07";"Rome";0;6;2012;1;19;"20120618"
"79.20.70.163";"IT";8.066600;45.572300;"AS3269 Telecom Italia S.p.a.";"mlab1-trn01";0.041248;835602.872807;"0.004012999";"darwin";"194.116.85.211";"bittorrent";1340057482;41343.367663;-1.000000;"432d3481-f83e-450d-b373-e60ae5f17efe";3269;"12";"Biella";0;6;2012;1;19;"20120618"
"78.14.224.92";"IT";9.116700;45.766700;"AS8612 Tiscali Italia S.P.A.";"mlab1-trn01";0.160940;47085.400751;"0.004012999";"darwin";"194.116.85.211";"speedtest";1340057855;9107.646084;0.240779;"39792736-bd8b-4a56-942d-1cc983336add";8612;"09";"Lurago D'erba";0;6;2012;1;19;"20120618"
"87.4.74.136";"IT";8.850000;44.716700;"AS3269 Telecom Italia S.p.a.";"mlab1-trn01";0.671578;70461.980403;"0.004012999";"win32";"194.116.85.211";"bittorrent";1340057905;12020.633440;-1.000000;"d8a56420-51dd-4f7f-811c-30fa9ca36858";3269;"12";"Serravalle Scrivia";0;6;2012;1;19;"20120618"
"188.216.124.199";"IT";7.666700;45.050000;"AS30722 Vodafone Omnitel N.V.";"mlab1-trn01";0.047547;722306.139342;"0.004012999";"darwin";"194.116.85.211";"bittorrent";1340058121;50445.051471;-1.000000;"821aa4b7-0495-4899-9210-11d94170a73b";30722;"12";"Torino";0;6;2012;1;19;"20120618"
"88.47.41.57";"IT";12.833300;42.833300;"AS3269 Telecom Italia S.p.a.";"mlab1-trn01";0.047087;715343.516834;"0.004012999";"win32";"194.116.85.211";"speedtest";1340059172;46626.434470;0.052234;"ec2e71be-f555-4dee-b674-bc8e80a61d77";3269;"";"";0;6;2012;1;19;"20120618"
"31.185.19.156";"IT";12.566700;43.050000;"AS47187 Forinicom S.r.l.";"mlab1-trn01";0.113598;171764.453909;"0.004012999";"win32";"194.116.85.211";"speedtest";1340059676;166687.455948;0.059123;"2a30a2a8-273c-4b16-9671-803dc3d96492";47187;"18";"Santa Maria Degli Angeli";0;6;2012;1;19;"20120618"
"2.227.117.130";"IT";12.833300;42.833300;"AS12874 Fastweb SpA";"mlab1-trn01";0.065410;589769.863753;"0.004012999";"win32";"194.116.85.211";"bittorrent";1340060021;56150.865980;-1.000000;"5153657e-8b21-4e60-a99c-70ba473d51de";12874;"";"";0;6;2012;1;19;"20120618"
"87.253.117.30";"IT";7.666700;45.050000;"AS35719 People & Communication S.R.L.";"mlab1-trn01";0.009960;838144.297366;"0.004012999";"darwin";"194.116.85.211";"speedtest";1340060519;53344.652624;0.016122;"60d5ec38-9b55-4e7a-b420-28c886960236";35719;"12";"Torino";1;6;2012;1;19;"20120618"
"78.13.176.56";"IT";11.250000;43.766700;"AS8612 Tiscali Italia S.P.A.";"mlab1-trn01";0.041083;543096.386814;"0.004012999";"darwin";"194.116.85.211";"bittorrent";1340060536;30616.560588;-1.000000;"5f59af2e-2b13-403e-ba8c-0801e50c8913";8612;"16";"Florence";1;6;2012;1;19;"20120618"
"79.20.70.163";"IT";8.066600;45.572300;"AS3269 Telecom Italia S.p.a.";"mlab1-trn01";0.041698;846468.164955;"0.004012999";"darwin";"194.116.85.211";"bittorrent";1340060599;38093.905464;-1.000000;"432d3481-f83e-450d-b373-e60ae5f17efe";3269;"12";"Biella";1;6;2012;1;19;"20120618"
"109.234.63.11";"IT";12.833300;42.833300;"AS43989 Ehinet Srl";"mlab1-trn01";0.015445;424861.620461;"0.004009999";"win32";"194.116.85.211";"bittorrent";1340061297;39738.594297;-1.000000;"5d6312ec-b414-42e6-8e89-702c7b4fd5e8";43989;"";"";1;6;2012;1;19;"20120618"
"2.230.212.185";"IT";7.666700;45.050000;"AS12874 Fastweb SpA";"mlab1-trn01";0.021880;886337.102637;"0.004012999";"win32";"194.116.85.211";"speedtest";1340061478;194060.434968;0.011559;"93a97de3-c431-4df5-a005-ea55834352bd";12874;"12";"Torino";1;6;2012;1;19;"20120618"
"79.13.203.101";"IT";10.100000;44.083300;"AS3269 Telecom Italia S.p.a.";"mlab1-trn01";0.041360;687839.582797;"0.004009999";"win32";"194.116.85.211";"speedtest";1340061552;46981.810047;0.049009;"ae73866b-a211-42d8-b6f2-d31777806a2e";3269;"16";"Carrara";1;6;2012;1;19;"20120618"
"2.227.117.130";"IT";12.833300;42.833300;"AS12874 Fastweb SpA";"mlab1-trn01";0.064363;441391.401529;"0.004012999";"win32";"194.116.85.211";"speedtest";1340061565;55158.389318;0.069559;"5153657e-8b21-4e60-a99c-70ba473d51de";12874;"";"";1;6;2012;1;19;"20120618"
"93.146.173.160";"IT";7.150000;45.133300;"AS30722 Vodafone Omnitel N.V.";"mlab1-trn01";0.033670;845185.829638;"0.004012999";"linux2";"194.116.85.211";"bittorrent";1340061790;49597.571676;-1.000000;"63990eb7-ac67-409f-bc7e-5344262dd0f9";30722;"12";"Bussoleno";1;6;2012;1;19;"20120618"
"79.20.70.163";"IT";8.066600;45.572300;"AS3269 Telecom Italia S.p.a.";"mlab1-trn01";0.041871;806630.706636;"0.004012999";"darwin";"194.116.85.211";"speedtest";1340062154;41355.572962;0.047858;"432d3481-f83e-450d-b373-e60ae5f17efe";3269;"12";"Biella";1;6;2012;1;19;"20120618"
"80.117.83.96";"IT";12.833300;42.833300;"AS3269 Telecom Italia S.p.a.";"mlab1-trn01";0.022179;836252.317963;"0.004012999";"win32";"194.116.85.211";"bittorrent";1340062180;40395.199800;-1.000000;"25353fbe-ce56-4192-a803-65a63443c70a";3269;"";"";1;6;2012;1;19;"20120618"
"2.225.128.51";"IT";7.666700;45.050000;"AS12874 Fastweb SpA";"mlab1-trn01";0.029039;433166.656378;"0.004012999";"darwin";"194.116.85.211";"speedtest";1340062682;62083.124887;0.031401;"28ba3b2e-cd9a-4c00-8b29-33e0cfe5c596";12874;"12";"Torino";1;6;2012;1;19;"20120618"
"109.234.63.11";"IT";12.833300;42.833300;"AS43989 Ehinet Srl";"mlab1-trn01";0.047382;368430.071023;"0.004009999";"win32";"194.116.85.211";"speedtest";1340062739;31348.529991;0.067115;"5d6312ec-b414-42e6-8e89-702c7b4fd5e8";43989;"";"";1;6;2012;1;19;"20120618"
"2.225.231.97";"IT";7.666700;45.050000;"AS12874 Fastweb SpA";"mlab1-trn01";0.013723;1130794.356350;"0.004012999";"win32";"194.116.85.211";"speedtest";1340062782;1155228.261260;0.013426;"252a836b-55fe-43a0-93e7-d33c5d47fae3";12874;"12";"Torino";1;6;2012;1;19;"20120618"
"79.6.133.81";"IT";9.200000;45.466700;"AS3269 Telecom Italia S.p.a.";"mlab1-trn01";0.025910;979581.441850;"0.004012999";"win32";"194.116.85.211";"bittorrent";1340062880;73258.159924;-1.000000;"fabd9ec4-04a0-49f7-9afc-39e5f8c565ba";3269;"09";"Milan";1;6;2012;1;19;"20120618"
"151.33.12.183";"IT";7.666700;45.050000;"AS1267 WIND Telecomunicazioni S.p.A.";"mlab1-trn01";0.078464;66869.065974;"0.004012999";"win32";"194.116.85.211";"speedtest";1340063168;56718.056411;0.080174;"750b74dc-a4a8-4f1d-be31-231d72d952a2";1267;"12";"Torino";1;6;2012;1;19;"20120618"
"79.13.203.101";"IT";10.100000;44.083300;"AS3269 Telecom Italia S.p.a.";"mlab1-trn01";0.040413;762912.269727;"0.004009999";"win32";"194.116.85.211";"bittorrent";1340063154;49488.779584;-1.000000;"ae73866b-a211-42d8-b6f2-d31777806a2e";3269;"16";"Carrara";1;6;2012;1;19;"20120618"
"93.146.173.160";"IT";7.150000;45.133300;"AS30722 Vodafone Omnitel N.V.";"mlab1-trn01";0.033982;773518.292024;"0.004012999";"linux2";"194.116.85.211";"speedtest";1340063254;49638.310892;0.039534;"63990eb7-ac67-409f-bc7e-5344262dd0f9";30722;"12";"Bussoleno";1;6;2012;1;19;"20120618"
"95.245.73.46";"IT";8.200000;44.900000;"AS3269 Telecom Italia S.p.a.";"mlab1-trn01";0.038514;683875.125511;"0.004009999";"win32";"194.116.85.211";"speedtest";1340063423;78220.534493;0.032850;"43fc56b7-cfe0-496f-a712-ead0946dc63a";3269;"12";"Asti";1;6;2012;1;19;"20120618"
"130.192.91.213";"IT";7.666700;45.050000;"AS137 GARR Italian academic and research network";"mlab1-trn01";0.002199;11769559.824880;"0.004012999";"linux2";"194.116.85.211";"bittorrent";1340063599;11767489.616223;-1.000000;"cd78793c-1e3b-4944-b4b2-9768fc1cdb97";137;"12";"Torino";1;6;2012;1;19;"20120618"
"62.98.65.177";"IT";14.250000;40.833300;"AS1267 WIND Telecomunicazioni S.p.A.";"mlab1-trn01";0.027188;725087.598079;"0.004012999";"win32";"194.116.85.211";"bittorrent";1340063713;40642.126012;-1.000000;"2d006d8d-7c04-46bb-b056-798468ee365e";1267;"04";"Napoli";1;6;2012;1;19;"20120618"
"130.192.91.211";"IT";7.666700;45.050000;"AS137 GARR Italian academic and research network";"mlab1-trn01";0.002882;11727881.423288;"0.004012999";"linux2";"194.116.85.211";"bittorrent";1340063802;11764546.233773;-1.000000;"91708cf1-7028-4b58-9520-faea0010494c";137;"12";"Torino";1;6;2012;1;19;"20120618"
"68.40.93.208";"US";-82.582300;42.637600;"AS7922 Comcast Cable Communications, Inc.";"mlab2-lga01";0.044992;1127216.855300;"0.004011999";"win32";"74.63.50.31";"speedtest";1340063981;448055.304193;0.042459;"5ddd06da-64ad-444c-b2c0-525541d4d177";7922;"MI";"Algonac";23;6;2012;0;18;"20120618"
"184.177.72.227";"US";-97.000000;38.000000;"AS22773 Cox Communications Inc.";"mlab2-ord01";0.078415;351353.552999;"0.004012999";"win32";"4.71.251.159";"bittorrent";1339977712;771851.631208;-1.000000;"e9aa2936-1c50-4b9d-89e4-2daad232b753";22773;"";"";0;6;2012;0;18;"20120618"
"71.192.154.157";"US";-71.051200;42.406300;"AS7922 Comcast Cable Communications, Inc.";"mlab2-ord01";0.042030;771766.156746;"0.004012999";"darwin";"4.71.251.159";"speedtest";1339977758;437424.421602;0.044211;"65fb0ed5-8aab-4ca3-973b-6f6abd2e24d4";7922;"MA";"Everett";0;6;2012;0;18;"20120618"
"76.169.71.176";"US";-118.273400;33.963800;"AS20001 Time Warner Cable Internet LLC";"mlab2-ord01";0.083925;1706598.018100;"0.004011999";"win32";"4.71.251.159";"speedtest";1339977794;120198.568671;0.071602;"2f0c137b-7982-4d9c-b50a-c362f2d810e0";20001;"CA";"Los Angeles";0;6;2012;0;18;"20120618"
"74.2.122.133";"US";-97.000000;38.000000;"AS18566 MegaPath Corporation";"mlab2-ord01";0.016681;239257.954400;"0.004010999";"win32";"4.71.251.159";"bittorrent";1339977898;206058.735649;-1.000000;"f4acb085-b5ee-429a-a232-3ae956a10cf5";18566;"";"";0;6;2012;0;18;"20120618"
"98.207.87.80";"US";-122.299100;37.409600;"AS7922 Comcast Cable Communications, Inc.";"mlab2-ord01";0.074749;2607826.359950;"0.004012999";"darwin";"4.71.251.159";"speedtest";1339978196;247888.518093;0.082142;"0f7d671c-779f-4f63-8f54-ca28fcc35fd6";7922;"CA";"Redwood City";0;6;2012;0;18;"20120618"
"70.122.243.11";"US";-97.015000;32.954600;"AS11427 Time Warner Cable Internet LLC";"mlab2-ord01";0.047179;3841197.521701;"0.004012999";"win32";"4.71.251.159";"bittorrent";1339979883;629339.584110;-1.000000;"bab8f612-1f34-46c2-a83e-fbaa7a2f8fa7";11427;"TX";"Coppell";0;6;2012;0;18;"20120618"
"207.231.92.41";"US";-121.370600;38.784300;"AS14051 Roseville Telephone Company";"mlab2-ord01";0.054574;3497280.096178;"0.004012999";"win32";"4.71.251.159";"bittorrent";1339980000;3091432.105575;-1.000000;"cb121e1a-4701-4c5a-91b5-29c9df2b10c0";14051;"CA";"Roseville";0;6;2012;0;18;"20120618"
"206.255.246.41";"US";-94.740500;32.500700;"AS53508 Cablelynx";"mlab2-ord01";0.035340;1440870.964292;"0.004012999";"win32";"4.71.251.159";"bittorrent";1339980577;188655.242647;-1.000000;"3a5b4ca4-0887-432d-a115-9f646a867cdb";53508;"TX";"Longview";0;6;2012;0;18;"20120618"
"71.118.241.200";"US";-118.880000;34.213300;"AS701 MCI Communications Services, Inc. d/b/a Verizon Business";"mlab2-ord01";0.069591;3128785.659195;"0.004012999";"darwin";"4.71.251.159";"bittorrent";1339980911;1908048.741065;-1.000000;"6240ede4-4770-4ab9-a1a5-5df49c84c463";701;"CA";"Thousand Oaks";0;6;2012;0;18;"20120618"
"174.31.152.186";"US";-97.000000;38.000000;"AS209 NOVARTIS-DMZ-US";"mlab2-ord01";0.075674;2820394.049765;"0.004012999";"darwin";"4.71.251.159";"bittorrent";1339981755;593107.682220;-1.000000;"9da9dff5-de02-49ae-a084-b2164425feeb";209;"";"";1;6;2012;0;18;"20120618"
"24.24.223.229";"US";-118.404100;33.916400;"AS20001 Time Warner Cable Internet LLC";"mlab2-ord01";0.113725;4801.379982;"0.004012999";"linux2";"4.71.251.159";"speedtest";1339982041;12854.643205;0.986850;"36cfd7f8-0f92-42e9-be32-71c3f4d2fe09";20001;"CA";"El Segundo";1;6;2012;0;18;"20120618"
"208.102.218.140";"US";-84.897500;39.285200;"AS6181 Cincinnati Bell Telephone";"mlab2-ord01";0.017323;1199110.150600;"0.004012999";"win32";"4.71.251.159";"speedtest";1339982198;239987.526779;0.019097;"59bc30c0-4f87-4fbd-8bb7-35768315d718";6181;"IN";"West Harrison";1;6;2012;0;18;"20120618"
"71.118.241.200";"US";-118.880000;34.213300;"AS701 MCI Communications Services, Inc. d/b/a Verizon Business";"mlab2-ord01";0.071679;2687288.587850;"0.004012999";"darwin";"4.71.251.159";"speedtest";1339982532;1754448.256810;0.072409;"6240ede4-4770-4ab9-a1a5-5df49c84c463";701;"CA";"Thousand Oaks";1;6;2012;0;18;"20120618"
"71.204.165.181";"US";-122.036300;37.368800;"AS7922 Comcast Cable Communications, Inc.";"mlab2-ord01";0.089936;746890.598142;"0.004012999";"darwin";"4.71.251.159";"bittorrent";1339982954;350731.128467;-1.000000;"1ce7a86b-b408-4815-ae8b-bf0652a278f3";7922;"CA";"Sunnyvale";1;6;2012;0;18;"20120618"
"76.168.80.127";"US";-118.243700;34.052200;"AS20001 Time Warner Cable Internet LLC";"mlab2-ord01";0.073429;2075414.558281;"0.004012999";"darwin";"4.71.251.159";"bittorrent";1339983387;119234.200291;-1.000000;"90d62fdd-a880-469e-bb3b-4bf575cfed10";20001;"CA";"Los Angeles";1;6;2012;0;18;"20120618"
"206.255.246.41";"US";-94.740500;32.500700;"AS53508 Cablelynx";"mlab2-ord01";0.035158;1443021.910396;"0.004012999";"win32";"4.71.251.159";"bittorrent";1339983670;183724.242002;-1.000000;"3a5b4ca4-0887-432d-a115-9f646a867cdb";53508;"TX";"Longview";1;6;2012;0;18;"20120618"
"67.130.216.230";"US";-105.937800;35.687000;"AS209 NOVARTIS-DMZ-US";"mlab2-ord01";0.087022;123765.423878;"0.004012999";"win32";"4.71.251.159";"speedtest";1339984460;54447.908261;0.071519;"ee8fe911-f84d-4ab8-b486-dda4c138f932";209;"NM";"Santa Fe";1;6;2012;0;18;"20120618"
"75.127.236.122";"US";-97.000000;38.000000;"AS6128 Cablevision Systems Corp.";"mlab2-ord01";0.033789;1768546.863160;"0.004012999";"win32";"4.71.251.159";"speedtest";1339985002;611155.269500;0.035091;"560c097a-1dfa-4e05-9893-bdc56e35afc3";6128;"";"";2;6;2012;0;18;"20120618"
"24.2.64.100";"US";-112.008200;40.477400;"AS7922 Comcast Cable Communications, Inc.";"mlab2-ord01";0.067973;843906.704144;"0.004012999";"win32";"4.71.251.159";"speedtest";1339985329;137839.018797;0.069335;"9a8766b6-803d-48fa-b02a-2091ff6f496e";7922;"UT";"Riverton";2;6;2012;0;18;"20120618"
"132.161.219.98";"US";-92.717600;41.721700;"AS22949 Grinnell College";"mlab2-ord01";0.030398;2999611.405870;"0.004012999";"win32";"4.71.251.159";"speedtest";1339985981;657951.789024;0.031866;"de23301c-c09c-4e47-aa2b-90a625720856";22949;"IA";"Grinnell";2;6;2012;0;18;"20120618"
"99.130.96.199";"US";-117.490800;33.932900;"AS7018 AT&T Services, Inc.";"mlab2-ord01";0.091902;1075828.543420;"0.004012999";"linux2";"4.71.251.159";"speedtest";1339986614;173387.780979;0.093589;"0a3b2944-23c0-4116-a068-0d5627c0dec9";7018;"CA";"Riverside";2;6;2012;0;18;"20120618"
"74.104.151.138";"US";-71.259000;42.403000;"AS701 MCI Communications Services, Inc. d/b/a Verizon Business";"mlab2-ord01";0.046051;2785679.801750;"0.004012999";"win32";"4.71.251.159";"speedtest";1339986685;2422549.841200;0.045704;"ecca6a63-f2be-4812-bd3f-1ac690ab31cd";701;"MA";"Waltham";2;6;2012;0;18;"20120618"
"71.204.91.144";"US";-84.447700;34.119000;"AS7922 Comcast Cable Communications, Inc.";"mlab2-ord01";0.037934;135763.208218;"0.004012999";"darwin";"4.71.251.159";"speedtest";1339987387;330278.687289;0.070890;"4b4fa0bc-987b-4105-9a0b-83e736a6503c";7922;"GA";"Woodstock";2;6;2012;0;18;"20120618"
"98.22.138.166";"US";-95.790800;36.052600;"AS7029 Windstream Communications Inc";"mlab2-ord01";0.126756;202578.769743;"0.004012999";"win32";"4.71.251.159";"bittorrent";1339987406;76867.965310;-1.000000;"eb27082c-e25b-4239-869e-8ba23d438a17";7029;"OK";"Broken Arrow";2;6;2012;0;18;"20120618"
"66.235.50.69";"US";-122.029600;47.586900;"AS23292 Broadstripe";"mlab2-ord01";0.069174;311118.418581;"0.004012999";"darwin";"4.71.251.159";"bittorrent";1339987575;283949.494403;-1.000000;"619f12e6-7e7a-4475-96aa-abb7e35e6c27";23292;"WA";"Sammamish";2;6;2012;0;18;"20120618"
"205.178.18.107";"US";-87.623800;41.884900;"AS6079 RCN";"mlab2-ord01";0.017412;762325.536655;"0.004011999";"win32";"4.71.251.159";"speedtest";1339987723;196104.449591;0.068416;"e98788b3-c49f-4266-b003-f95ea1c0e2a0";6079;"IL";"Chicago";2;6;2012;0;18;"20120618"
"76.112.203.189";"US";-83.144600;42.489500;"AS7922 Comcast Cable Communications, Inc.";"mlab2-ord01";0.026818;2123119.504940;"0.004012999";"win32";"4.71.251.159";"bittorrent";1339988024;787237.822666;-1.000000;"5cb4931f-bf67-49bf-a4ec-d36d7495a682";7922;"MI";"Royal Oak";2;6;2012;0;18;"20120618"
"205.178.18.107";"US";-87.623800;41.884900;"AS6079 RCN";"mlab2-ord01";0.060759;195501.466883;"0.004011999";"win32";"4.71.251.159";"bittorrent";1339989159;128182.688745;-1.000000;"e98788b3-c49f-4266-b003-f95ea1c0e2a0";6079;"IL";"Chicago";3;6;2012;0;18;"20120618"
"99.92.88.210";"US";-122.030700;37.353700;"AS7018 AT&T Services, Inc.";"mlab2-ord01";0.097579;891843.011016;"0.004012999";"darwin";"4.71.251.159";"speedtest";1339990259;148692.591720;0.099663;"13cf72ab-670c-4dc7-8fad-aa9a41f4355d";7018;"CA";"Sunnyvale";3;6;2012;0;18;"20120618"
"66.188.113.29";"US";-97.000000;38.000000;"AS20115 Charter Communications";"mlab2-ord01";0.051418;1323110.375660;"0.004012999";"darwin";"4.71.251.159";"speedtest";1339990285;380345.637525;0.032129;"3f295a53-7a79-47cb-bd75-f79b53a6ae22";20115;"";"";3;6;2012;0;18;"20120618"
"74.103.162.36";"US";-75.114700;40.427800;"AS701 MCI Communications Services, Inc. d/b/a Verizon Business";"mlab2-ord01";0.031657;1744231.815960;"0.004012999";"darwin";"4.71.251.159";"speedtest";1339990846;658586.060125;0.032562;"4eec0d76-fa70-4b4c-91f9-8cb1b74b0682";701;"PA";"Pipersville";3;6;2012;0;18;"20120618"
"99.130.96.199";"US";-117.490800;33.932900;"AS7018 AT&T Services, Inc.";"mlab2-ord01";0.091536;1381220.052734;"0.004012999";"linux2";"4.71.251.159";"bittorrent";1339991314;183122.253228;-1.000000;"0a3b2944-23c0-4116-a068-0d5627c0dec9";7018;"CA";"Riverside";3;6;2012;0;18;"20120618"
"199.254.238.249";"US";-97.000000;38.000000;"AS16652 Riseup Networks";"mlab2-ord01";0.207367;88605.269977;"0.004012999";"linux2";"4.71.251.159";"speedtest";1339991444;41139.166268;0.242491;"e2181bc2-ad47-4da8-9301-b0a516313463";16652;"";"";3;6;2012;0;18;"20120618"
"132.161.219.98";"US";-92.717600;41.721700;"AS22949 Grinnell College";"mlab2-ord01";0.050317;2987123.436290;"0.004012999";"win32";"4.71.251.159";"speedtest";1339991654;736771.031375;0.039322;"de23301c-c09c-4e47-aa2b-90a625720856";22949;"IA";"Grinnell";3;6;2012;0;18;"20120618"
"68.48.221.17";"US";-76.837500;39.174900;"AS7922 Comcast Cable Communications, Inc.";"mlab2-ord01";0.043256;1968392.595984;"0.004012999";"darwin";"4.71.251.159";"bittorrent";1339992083;649783.800550;-1.000000;"4162ce8a-78ab-4a68-9407-13618360662f";7922;"MD";"Columbia";4;6;2012;0;18;"20120618"
"76.168.80.127";"US";-118.243700;34.052200;"AS20001 Time Warner Cable Internet LLC";"mlab2-ord01";0.071966;2030105.880210;"0.004012999";"darwin";"4.71.251.159";"bittorrent";1339992676;126444.691784;-1.000000;"90d62fdd-a880-469e-bb3b-4bf575cfed10";20001;"CA";"Los Angeles";4;6;2012;0;18;"20120618"
"69.251.194.209";"US";-77.177000;39.175200;"AS7922 Comcast Cable Communications, Inc.";"mlab2-ord01";0.030010;3551765.804640;"0.004011999";"win32";"4.71.251.159";"speedtest";1339992798;518956.354256;0.031908;"5ab805cf-b023-4309-9496-d8b22873a074";7922;"MD";"Montgomery Village";4;6;2012;0;18;"20120618"
"98.124.100.208";"US";-80.038400;33.118000;"AS16863 Home Telephone Company, Inc.";"mlab2-ord01";0.059958;1196124.684369;"0.004012999";"linux2";"4.71.251.159";"bittorrent";1339994131;226282.875840;-1.000000;"adcd5d0f-b5f4-47e4-9505-249669f515a0";16863;"SC";"Moncks Corner";4;6;2012;0;18;"20120618"
"24.46.196.47";"US";-73.686200;40.793900;"AS6128 Cablevision Systems Corp.";"mlab2-ord01";0.031159;2429067.936290;"0.004012999";"win32";"4.71.251.159";"bittorrent";1339994220;260716.119926;-1.000000;"103cc2f1-ddd5-4016-83cc-cdd357e7a81a";6128;"NY";"Manhasset";4;6;2012;0;18;"20120618"
"184.177.72.227";"US";-97.000000;38.000000;"AS22773 Cox Communications Inc.";"mlab2-ord01";0.067651;690317.657217;"0.004012999";"win32";"4.71.251.159";"speedtest";1339994214;603511.090135;0.069196;"e9aa2936-1c50-4b9d-89e4-2daad232b753";22773;"";"";4;6;2012;0;18;"20120618"
"24.61.63.89";"US";-71.031600;42.399700;"AS7922 Comcast Cable Communications, Inc.";"mlab2-ord01";0.044473;1475189.327950;"0.004012999";"win32";"4.71.251.159";"speedtest";1339995290;538583.112325;0.041542;"641fcec9-64c6-4ec1-a213-90d958a6f9a1";7922;"MA";"Chelsea";4;6;2012;0;18;"20120618"
"69.143.19.17";"US";-77.104300;38.881000;"AS7922 Comcast Cable Communications, Inc.";"mlab2-ord01";0.035060;3102157.634380;"0.004012999";"darwin";"4.71.251.159";"bittorrent";1339995561;501285.535087;-1.000000;"9b4267aa-e8b7-40bb-a139-5ad1187a6f5d";7922;"VA";"Arlington";4;6;2012;0;18;"20120618"
"74.93.119.149";"US";-77.460300;37.553800;"AS7922 Comcast Cable Communications, Inc.";"mlab2-ord01";0.042209;4737819.606760;"0.004012999";"win32";"4.71.251.159";"speedtest";1339995820;586455.715282;0.045615;"89137afb-b348-4f18-88b5-80cee829292f";7922;"VA";"Richmond";5;6;2012;0;18;"20120618"
"72.181.251.247";"US";-96.771500;32.833900;"AS11427 Time Warner Cable Internet LLC";"mlab2-ord01";0.074534;803220.562565;"0.004012999";"darwin";"4.71.251.159";"speedtest";1339997009;223784.915206;0.081692;"f6add6e0-3bfa-4414-8fb5-1ec8432ae8bf";11427;"TX";"Dallas";5;6;2012;0;18;"20120618"
"76.112.203.189";"US";-83.144600;42.489500;"AS7922 Comcast Cable Communications, Inc.";"mlab2-ord01";0.024981;2657254.737076;"0.004012999";"win32";"4.71.251.159";"bittorrent";1339997392;791322.802460;-1.000000;"5cb4931f-bf67-49bf-a4ec-d36d7495a682";7922;"MI";"Royal Oak";5;6;2012;0;18;"20120618"
"71.192.154.157";"US";-71.051200;42.406300;"AS7922 Comcast Cable Communications, Inc.";"mlab2-ord01";0.079866;345017.107595;"0.004012999";"darwin";"4.71.251.159";"bittorrent";1339997670;215347.037776;-1.000000;"65fb0ed5-8aab-4ca3-973b-6f6abd2e24d4";7922;"MA";"Everett";5;6;2012;0;18;"20120618"
"184.177.72.227";"US";-97.000000;38.000000;"AS22773 Cox Communications Inc.";"mlab2-ord01";0.068303;624147.210409;"0.004012999";"win32";"4.71.251.159";"speedtest";1340000237;633653.550522;0.068381;"e9aa2936-1c50-4b9d-89e4-2daad232b753";22773;"";"";6;6;2012;0;18;"20120618"
"69.251.194.209";"US";-77.177000;39.175200;"AS7922 Comcast Cable Communications, Inc.";"mlab2-ord01";0.029494;6817374.309774;"0.004011999";"win32";"4.71.251.159";"bittorrent";1340000378;557698.126031;-1.000000;"5ab805cf-b023-4309-9496-d8b22873a074";7922;"MD";"Montgomery Village";6;6;2012;0;18;"20120618"
"99.21.145.140";"US";-121.382800;38.626300;"AS7132 AS for SBIS-AS";"mlab2-ord01";0.093619;898072.693153;"0.004012999";"win32";"4.71.251.159";"bittorrent";1340000419;165490.772895;-1.000000;"ebeab1c8-defc-4fef-8be3-daa7088a0954";7132;"CA";"Sacramento";6;6;2012;0;18;"20120618"
"98.251.77.68";"US";-83.949600;33.512000;"AS7922 Comcast Cable Communications, Inc.";"mlab2-ord01";0.034448;3006680.879360;"0.004011999";"win32";"4.71.251.159";"speedtest";1340000992;473711.073198;0.033376;"cbfab653-aed3-47c3-b7d0-e4159cab6582";7922;"GA";"Covington";6;6;2012;0;18;"20120618"
"69.143.19.17";"US";-77.104300;38.881000;"AS7922 Comcast Cable Communications, Inc.";"mlab2-ord01";0.034807;3149932.878715;"0.004012999";"darwin";"4.71.251.159";"bittorrent";1340001133;532084.109647;-1.000000;"9b4267aa-e8b7-40bb-a139-5ad1187a6f5d";7922;"VA";"Arlington";6;6;2012;0;18;"20120618"
"66.188.113.29";"US";-97.000000;38.000000;"AS20115 Charter Communications";"mlab2-ord01";0.024328;3057332.884520;"0.004012999";"darwin";"4.71.251.159";"bittorrent";1340001465;416909.579721;-1.000000;"3f295a53-7a79-47cb-bd75-f79b53a6ae22";20115;"";"";6;6;2012;0;18;"20120618"
"209.155.86.74";"US";-77.426000;43.100500;"AS1785 PaeTec Communications, Inc.";"mlab2-ord01";0.038588;359081.358042;"0.004012999";"win32";"4.71.251.159";"bittorrent";1340001772;59184.901018;-1.000000;"4841c017-4566-4afc-a805-ba458ccb2be1";1785;"NY";"Fairport";6;6;2012;0;18;"20120618"
"173.246.102.187";"US";-76.612200;39.290400;"AS29169 Gandi SAS";"mlab2-ord01";0.017273;4010405.477960;"0.004011999";"linux2";"4.71.251.159";"speedtest";1340001992;672968.283778;0.019057;"a57cd6aa-6b9a-40e3-ae4c-0685546dd104";29169;"MD";"Baltimore";6;6;2012;0;18;"20120618"
"208.57.38.36";"US";-117.164900;32.807200;"AS14265 Telepacific Communications";"mlab2-ord01";0.075718;181218.987040;"0.004011999";"linux2";"4.71.251.159";"bittorrent";1340002926;175282.527539;-1.000000;"71bb2b47-414f-414d-b8ff-f1237c21f432";14265;"CA";"San Diego";7;6;2012;0;18;"20120618"
"98.124.100.208";"US";-80.038400;33.118000;"AS16863 Home Telephone Company, Inc.";"mlab2-ord01";0.058425;1181431.172661;"0.004012999";"linux2";"4.71.251.159";"bittorrent";1340003270;211723.521746;-1.000000;"adcd5d0f-b5f4-47e4-9505-249669f515a0";16863;"SC";"Moncks Corner";7;6;2012;0;18;"20120618"
"173.160.133.65";"US";-122.449200;47.151100;"AS7922 Comcast Cable Communications, Inc.";"mlab2-ord01";0.066192;504097.022471;"0.004012999";"win32";"4.71.251.159";"bittorrent";1340004502;410128.076543;-1.000000;"cd29f4ce-ebe9-47c8-8b18-9406a9618ac1";7922;"WA";"Tacoma";7;6;2012;0;18;"20120618"
"50.12.211.162";"US";-93.263800;44.980000;"AS16586 CLEARWIRE - CLEAR WIRELESS LLC";"mlab2-ord01";0.060026;685342.176348;"0.004012999";"darwin";"4.71.251.159";"bittorrent";1340005013;126914.977925;-1.000000;"3955a411-3e83-4a8e-aa8e-165233e306e9";16586;"MN";"Minneapolis";7;6;2012;0;18;"20120618"
"76.168.80.127";"US";-118.243700;34.052200;"AS20001 Time Warner Cable Internet LLC";"mlab2-ord01";0.072817;2273013.675626;"0.004012999";"darwin";"4.71.251.159";"bittorrent";1340005053;121979.478851;-1.000000;"90d62fdd-a880-469e-bb3b-4bf575cfed10";20001;"CA";"Los Angeles";7;6;2012;0;18;"20120618"
"69.143.19.17";"US";-77.104300;38.881000;"AS7922 Comcast Cable Communications, Inc.";"mlab2-ord01";0.034815;2930821.128190;"0.004012999";"darwin";"4.71.251.159";"speedtest";1340005312;538859.359862;0.040041;"9b4267aa-e8b7-40bb-a139-5ad1187a6f5d";7922;"VA";"Arlington";7;6;2012;0;18;"20120618"
"173.20.36.131";"US";-91.455800;40.452000;"AS30036 Mediacom Communications Corp";"mlab2-ord01";0.060219;422332.770898;"0.004012999";"win32";"4.71.251.159";"speedtest";1340006373;171401.749139;0.065507;"6b87ac46-1206-4d9c-afa5-d5cab4a872d6";30036;"IA";"Keokuk";7;6;2012;0;18;"20120618"
"74.103.162.36";"US";-75.114700;40.427800;"AS701 MCI Communications Services, Inc. d/b/a Verizon Business";"mlab2-ord01";0.030955;1839041.209260;"0.004012999";"darwin";"4.71.251.159";"speedtest";1340006978;658105.921117;0.032908;"4eec0d76-fa70-4b4c-91f9-8cb1b74b0682";701;"PA";"Pipersville";8;6;2012;0;18;"20120618"
"74.2.122.133";"US";-97.000000;38.000000;"AS18566 MegaPath Corporation";"mlab2-ord01";0.017733;241823.605815;"0.004010999";"win32";"4.71.251.159";"bittorrent";1340007560;187159.679190;-1.000000;"f4acb085-b5ee-429a-a232-3ae956a10cf5";18566;"";"";8;6;2012;0;18;"20120618"
"67.168.59.54";"US";-122.668000;48.185500;"AS7922 Comcast Cable Communications, Inc.";"mlab2-ord01";0.061846;2448082.902940;"0.004012999";"win32";"4.71.251.159";"speedtest";1340008798;442898.968945;0.064175;"ea22d474-846e-407d-9ebe-cd03ff0d64f4";7922;"WA";"Coupeville";8;6;2012;0;18;"20120618"
"24.61.63.89";"US";-71.031600;42.399700;"AS7922 Comcast Cable Communications, Inc.";"mlab2-ord01";0.042327;1557770.876673;"0.004012999";"win32";"4.71.251.159";"bittorrent";1340009048;446723.874948;-1.000000;"641fcec9-64c6-4ec1-a213-90d958a6f9a1";7922;"MA";"Chelsea";8;6;2012;0;18;"20120618"
"69.143.19.17";"US";-77.104300;38.881000;"AS7922 Comcast Cable Communications, Inc.";"mlab2-ord01";0.034060;2937295.257580;"0.004012999";"darwin";"4.71.251.159";"speedtest";1340010880;513918.609050;0.039996;"9b4267aa-e8b7-40bb-a139-5ad1187a6f5d";7922;"VA";"Arlington";9;6;2012;0;18;"20120618"
"173.246.102.187";"US";-76.612200;39.290400;"AS29169 Gandi SAS";"mlab2-ord01";0.019965;4679803.938000;"0.004011999";"linux2";"4.71.251.159";"speedtest";1340011395;690777.851343;0.018705;"a57cd6aa-6b9a-40e3-ae4c-0685546dd104";29169;"MD";"Baltimore";9;6;2012;0;18;"20120618"
"208.57.38.36";"US";-117.164900;32.807200;"AS14265 Telepacific Communications";"mlab2-ord01";0.068667;178176.098777;"0.004011999";"linux2";"4.71.251.159";"bittorrent";1340011983;178259.181694;-1.000000;"71bb2b47-414f-414d-b8ff-f1237c21f432";14265;"CA";"San Diego";9;6;2012;0;18;"20120618"
"67.168.66.115";"US";-122.630500;48.321800;"AS7922 Comcast Cable Communications, Inc.";"mlab2-ord01";0.062633;2965609.944762;"0.004012999";"win32";"4.71.251.159";"bittorrent";1340012125;731262.947884;-1.000000;"3ee99b5a-2c05-4823-a555-34b90b697de5";7922;"WA";"Oak Harbor";9;6;2012;0;18;"20120618"
"184.177.72.227";"US";-97.000000;38.000000;"AS22773 Cox Communications Inc.";"mlab2-ord01";0.066931;690404.413851;"0.004012999";"win32";"4.71.251.159";"speedtest";1340012232;629357.640359;0.077183;"e9aa2936-1c50-4b9d-89e4-2daad232b753";22773;"";"";9;6;2012;0;18;"20120618"
"50.78.87.177";"US";-106.097500;39.574400;"AS7922 Comcast Cable Communications, Inc.";"mlab2-ord01";0.042681;1531124.227365;"0.004012999";"win32";"4.71.251.159";"bittorrent";1340012339;426272.196595;-1.000000;"c4393561-5207-49e8-879a-bbb805c9188f";7922;"CO";"Frisco";9;6;2012;0;18;"20120618"
"71.190.171.206";"US";-73.525400;40.767000;"AS701 MCI Communications Services, Inc. d/b/a Verizon Business";"mlab2-ord01";0.031866;3598319.366880;"0.004012999";"linux2";"4.71.251.159";"speedtest";1340012382;2553531.859300;0.032593;"dfd87da2-1968-48ac-9bd2-5469644e29e4";701;"NY";"Hicksville";9;6;2012;0;18;"20120618"
"24.130.152.60";"US";-122.088500;37.709000;"AS7922 Comcast Cable Communications, Inc.";"mlab2-ord01";0.074194;3789988.084556;"0.004012999";"darwin";"4.71.251.159";"bittorrent";1340012569;778522.185078;-1.000000;"92ef1dc6-e5b9-40c8-800b-cc909779319d";7922;"CA";"Castro Valley";9;6;2012;0;18;"20120618"
"24.46.196.47";"US";-73.686200;40.793900;"AS6128 Cablevision Systems Corp.";"mlab2-ord01";0.030110;2128929.455690;"0.004012999";"win32";"4.71.251.159";"speedtest";1340012902;261308.056618;0.034132;"103cc2f1-ddd5-4016-83cc-cdd357e7a81a";6128;"NY";"Manhasset";9;6;2012;0;18;"20120618"
"98.157.202.20";"US";-87.413900;39.466700;"AS10796 Time Warner Cable Internet LLC";"mlab2-ord01";0.373956;2067494.328701;"0.004011999";"win32";"4.71.251.159";"bittorrent";1340013994;37362.271631;-1.000000;"9c0fa0e1-b625-407b-8e5d-f979a63c0e77";10796;"IN";"Terre Haute";10;6;2012;0;18;"20120618"
"209.155.86.74";"US";-77.426000;43.100500;"AS1785 PaeTec Communications, Inc.";"mlab2-ord01";0.036550;346703.594568;"0.004012999";"win32";"4.71.251.159";"speedtest";1340014320;60695.753509;0.034695;"4841c017-4566-4afc-a805-ba458ccb2be1";1785;"NY";"Fairport";10;6;2012;0;18;"20120618"
"24.46.196.47";"US";-73.686200;40.793900;"AS6128 Cablevision Systems Corp.";"mlab2-ord01";0.030264;2457779.950528;"0.004012999";"win32";"4.71.251.159";"bittorrent";1340014400;260280.675807;-1.000000;"103cc2f1-ddd5-4016-83cc-cdd357e7a81a";6128;"NY";"Manhasset";10;6;2012;0;18;"20120618"
"71.190.171.206";"US";-73.525400;40.767000;"AS701 MCI Communications Services, Inc. d/b/a Verizon Business";"mlab2-ord01";0.031887;3591049.494640;"0.004012999";"linux2";"4.71.251.159";"speedtest";1340015366;2587574.905240;0.032593;"dfd87da2-1968-48ac-9bd2-5469644e29e4";701;"NY";"Hicksville";10;6;2012;0;18;"20120618"
"98.203.140.223";"US";-122.304300;47.610200;"AS7922 Comcast Cable Communications, Inc.";"mlab2-ord01";0.064044;2405028.342823;"0.004012999";"linux2";"4.71.251.159";"bittorrent";1340016418;488888.152806;-1.000000;"4bf1068a-cabe-4254-a52f-c2914db03ade";7922;"WA";"Seattle";10;6;2012;0;18;"20120618"
"72.81.232.139";"US";-76.837500;39.174900;"AS701 MCI Communications Services, Inc. d/b/a Verizon Business";"mlab2-ord01";0.059530;1511002.165108;"0.004012999";"darwin";"4.71.251.159";"bittorrent";1340016852;251775.173670;-1.000000;"5d2377cf-2e67-40be-b1dc-e439a545da6f";701;"MD";"Columbia";10;6;2012;0;18;"20120618"
"98.206.101.228";"US";-87.655100;41.937300;"AS7922 Comcast Cable Communications, Inc.";"mlab2-ord01";0.012154;3029952.190220;"0.004012999";"win32";"4.71.251.159";"speedtest";1340016884;523109.868680;0.014411;"1b8a7968-95b4-4827-8260-84d7e02b3d53";7922;"IL";"Chicago";10;6;2012;0;18;"20120618"
"74.104.151.138";"US";-71.259000;42.403000;"AS701 MCI Communications Services, Inc. d/b/a Verizon Business";"mlab2-ord01";0.045171;3130604.628312;"0.004012999";"win32";"4.71.251.159";"bittorrent";1340017241;3016248.583686;-1.000000;"ecca6a63-f2be-4812-bd3f-1ac690ab31cd";701;"MA";"Waltham";11;6;2012;0;18;"20120618"
"66.66.21.182";"US";-77.602400;43.185800;"AS11351 Time Warner Cable Internet LLC";"mlab2-ord01";0.026396;5487002.716500;"0.004012999";"win32";"4.71.251.159";"speedtest";1340017963;509970.883828;0.027156;"b4fb3816-21d6-43b3-91fc-aabe40980e90";11351;"NY";"Rochester";11;6;2012;0;18;"20120618"
"69.251.194.209";"US";-77.177000;39.175200;"AS7922 Comcast Cable Communications, Inc.";"mlab2-ord01";0.029528;3464937.507262;"0.004011999";"win32";"4.71.251.159";"bittorrent";1340018869;557967.572780;-1.000000;"5ab805cf-b023-4309-9496-d8b22873a074";7922;"MD";"Montgomery Village";11;6;2012;0;18;"20120618"
"76.168.80.127";"US";-118.243700;34.052200;"AS20001 Time Warner Cable Internet LLC";"mlab2-ord01";0.074765;1995756.654080;"0.004012999";"darwin";"4.71.251.159";"speedtest";1340019025;119535.577212;0.073952;"90d62fdd-a880-469e-bb3b-4bf575cfed10";20001;"CA";"Los Angeles";11;6;2012;0;18;"20120618"
"24.46.196.47";"US";-73.686200;40.793900;"AS6128 Cablevision Systems Corp.";"mlab2-ord01";0.031379;2484628.966532;"0.004012999";"win32";"4.71.251.159";"bittorrent";1340020164;261198.050802;-1.000000;"103cc2f1-ddd5-4016-83cc-cdd357e7a81a";6128;"NY";"Manhasset";11;6;2012;0;18;"20120618"
"96.236.133.97";"US";-79.995900;40.440600;"AS701 MCI Communications Services, Inc. d/b/a Verizon Business";"mlab2-ord01";0.040006;147778.215994;"0.004012999";"linux2";"4.71.251.159";"bittorrent";1340020241;221797.189901;-1.000000;"002bd52f-5f9d-42eb-9ce6-e310c9db525a";701;"PA";"Pittsburgh";11;6;2012;0;18;"20120618"
"98.22.138.166";"US";-95.790800;36.052600;"AS7029 Windstream Communications Inc";"mlab2-ord01";2.096488;26508.470327;"0.004012999";"win32";"4.71.251.159";"bittorrent";1340020341;10471.823513;-1.000000;"eb27082c-e25b-4239-869e-8ba23d438a17";7029;"OK";"Broken Arrow";11;6;2012;0;18;"20120618"
"98.157.202.20";"US";-87.413900;39.466700;"AS10796 Time Warner Cable Internet LLC";"mlab2-ord01";0.020788;2346079.165850;"0.004011999";"win32";"4.71.251.159";"speedtest";1340021340;109332.543814;0.030205;"9c0fa0e1-b625-407b-8e5d-f979a63c0e77";10796;"IN";"Terre Haute";12;6;2012;0;18;"20120618"
"71.118.241.200";"US";-118.880000;34.213300;"AS701 MCI Communications Services, Inc. d/b/a Verizon Business";"mlab2-ord01";0.074409;2668083.102560;"0.004012999";"darwin";"4.71.251.159";"speedtest";1340021676;1720633.750270;0.074385;"6240ede4-4770-4ab9-a1a5-5df49c84c463";701;"CA";"Thousand Oaks";12;6;2012;0;18;"20120618"
"68.41.24.217";"US";-83.036000;42.724500;"AS7922 Comcast Cable Communications, Inc.";"mlab2-ord01";0.059052;3093192.631460;"0.004012999";"win32";"4.71.251.159";"speedtest";1340022000;524328.134488;0.048676;"7acc5903-5884-4564-add3-0be49e9fa576";7922;"MI";"Washington";12;6;2012;0;18;"20120618"
"96.2.48.78";"US";-96.983300;42.836900;"AS11232 Midcontinent Media, Inc.";"mlab2-ord01";0.238336;2148302.690300;"0.004011999";"win32";"4.71.251.159";"speedtest";1340022164;591251.254125;0.045963;"a7ed429a-44c3-4195-a0e5-7eac41680125";11232;"SD";"Vermillion";12;6;2012;0;18;"20120618"
"209.155.86.74";"US";-77.426000;43.100500;"AS1785 PaeTec Communications, Inc.";"mlab2-ord01";0.034605;295404.495168;"0.004012999";"win32";"4.71.251.159";"speedtest";1340022686;56015.569584;0.034430;"4841c017-4566-4afc-a805-ba458ccb2be1";1785;"NY";"Fairport";12;6;2012;0;18;"20120618"
"72.81.232.139";"US";-76.837500;39.174900;"AS701 MCI Communications Services, Inc. d/b/a Verizon Business";"mlab2-ord01";0.040355;1222633.797288;"0.004012999";"darwin";"4.71.251.159";"bittorrent";1340022739;251790.490811;-1.000000;"5d2377cf-2e67-40be-b1dc-e439a545da6f";701;"MD";"Columbia";12;6;2012;0;18;"20120618"
"24.61.63.89";"US";-71.031600;42.399700;"AS7922 Comcast Cable Communications, Inc.";"mlab2-ord01";0.049562;1537598.672450;"0.004012999";"win32";"4.71.251.159";"speedtest";1340022895;516294.814769;0.040238;"641fcec9-64c6-4ec1-a213-90d958a6f9a1";7922;"MA";"Chelsea";12;6;2012;0;18;"20120618"
"50.78.87.177";"US";-106.097500;39.574400;"AS7922 Comcast Cable Communications, Inc.";"mlab2-ord01";0.041818;1517592.055490;"0.004012999";"win32";"4.71.251.159";"speedtest";1340023689;1126119.301910;0.041080;"c4393561-5207-49e8-879a-bbb805c9188f";7922;"CO";"Frisco";12;6;2012;0;18;"20120618"
"71.237.28.39";"US";-104.984700;39.739200;"AS7922 Comcast Cable Communications, Inc.";"mlab2-ord01";0.054753;959602.408408;"0.004012999";"darwin";"4.71.251.159";"speedtest";1340024551;454348.827662;0.322198;"95e96326-78fe-4507-8b06-f60611a1b7ad";7922;"CO";"Denver";13;6;2012;0;18;"20120618"
"75.127.236.122";"US";-97.000000;38.000000;"AS6128 Cablevision Systems Corp.";"mlab2-ord01";0.033381;1841523.245360;"0.004012999";"win32";"4.71.251.159";"speedtest";1340024731;600676.326241;0.034539;"560c097a-1dfa-4e05-9893-bdc56e35afc3";6128;"";"";13;6;2012;0;18;"20120618"
"71.237.28.39";"US";-104.984700;39.739200;"AS7922 Comcast Cable Communications, Inc.";"mlab2-ord01";0.055608;1133062.049080;"0.004012999";"darwin";"4.71.251.159";"bittorrent";1340025944;454536.010441;-1.000000;"95e96326-78fe-4507-8b06-f60611a1b7ad";7922;"CO";"Denver";13;6;2012;0;18;"20120618"
"50.83.240.108";"US";-95.977900;45.232200;"AS30036 Mediacom Communications Corp";"mlab2-ord01";0.018133;1553078.602847;"0.004012999";"darwin";"4.71.251.159";"bittorrent";1340026136;249296.390226;-1.000000;"43af2f72-3dc4-4824-9ff7-faa06a3cb206";30036;"MN";"Appleton";13;6;2012;0;18;"20120618"
"98.243.192.146";"US";-84.594100;42.860200;"AS7922 Comcast Cable Communications, Inc.";"mlab2-ord01";0.037773;1625481.690946;"0.004012999";"darwin";"4.71.251.159";"bittorrent";1340026679;472275.524875;-1.000000;"69a61dac-c7ac-4b16-b86b-4bd2f3990f62";7922;"MI";"Dewitt";13;6;2012;0;18;"20120618"
"184.177.72.227";"US";-97.000000;38.000000;"AS22773 Cox Communications Inc.";"mlab2-ord01";0.078147;501605.468690;"0.004012999";"win32";"4.71.251.159";"speedtest";1340027246;606294.652312;0.076766;"e9aa2936-1c50-4b9d-89e4-2daad232b753";22773;"";"";13;6;2012;0;18;"20120618"
"67.168.66.115";"US";-122.630500;48.321800;"AS7922 Comcast Cable Communications, Inc.";"mlab2-ord01";0.061213;2314600.985920;"0.004012999";"win32";"4.71.251.159";"speedtest";1340029180;498145.465043;0.063938;"3ee99b5a-2c05-4823-a555-34b90b697de5";7922;"WA";"Oak Harbor";14;6;2012;0;18;"20120618"
"98.157.202.20";"US";-87.413900;39.466700;"AS10796 Time Warner Cable Internet LLC";"mlab2-ord01";0.021834;1857869.352850;"0.004011999";"win32";"4.71.251.159";"speedtest";1340029731;101212.644567;0.025950;"9c0fa0e1-b625-407b-8e5d-f979a63c0e77";10796;"IN";"Terre Haute";14;6;2012;0;18;"20120618"
"70.114.2.130";"US";-98.399400;29.583400;"AS11427 Time Warner Cable Internet LLC";"mlab2-ord01";0.055654;2395442.057206;"0.004012999";"linux2";"4.71.251.159";"bittorrent";1340030293;243063.697336;-1.000000;"eef1d069-de63-4f80-84c8-860f065b1f10";11427;"TX";"San Antonio";14;6;2012;0;18;"20120618"
"24.22.135.177";"US";-122.332100;47.606200;"AS7922 Comcast Cable Communications, Inc.";"mlab2-ord01";0.060655;2869503.363165;"0.004012999";"linux2";"4.71.251.159";"bittorrent";1340031086;443178.659850;-1.000000;"04cea472-6610-42db-acd2-c644a3d4447f";7922;"WA";"Seattle";14;6;2012;0;18;"20120618"
"184.177.72.227";"US";-97.000000;38.000000;"AS22773 Cox Communications Inc.";"mlab2-ord01";0.066563;600987.299145;"0.004012999";"win32";"4.71.251.159";"bittorrent";1340031745;769853.814866;-1.000000;"e9aa2936-1c50-4b9d-89e4-2daad232b753";22773;"";"";15;6;2012;0;18;"20120618"
"66.80.217.179";"US";-105.002200;39.545700;"AS4565 MegaPath Networks Inc.";"mlab2-ord01";0.035376;544476.695112;"0.004012999";"darwin";"4.71.251.159";"bittorrent";1340031834;682792.809530;-1.000000;"fd8f8cbf-53ff-44fa-8e9f-da47c60b3fce";4565;"CO";"Littleton";15;6;2012;0;18;"20120618"
"98.22.138.166";"US";-95.790800;36.052600;"AS7029 Windstream Communications Inc";"mlab2-ord01";2.407598;24630.822702;"0.004012999";"win32";"4.71.251.159";"bittorrent";1340032272;33366.697887;-1.000000;"eb27082c-e25b-4239-869e-8ba23d438a17";7029;"OK";"Broken Arrow";15;6;2012;0;18;"20120618"
"24.22.135.177";"US";-122.332100;47.606200;"AS7922 Comcast Cable Communications, Inc.";"mlab2-ord01";0.062817;2351462.137640;"0.004012999";"linux2";"4.71.251.159";"speedtest";1340032536;394178.028732;0.062567;"04cea472-6610-42db-acd2-c644a3d4447f";7922;"WA";"Seattle";15;6;2012;0;18;"20120618"
"108.6.12.54";"US";-73.936100;40.740000;"AS701 MCI Communications Services, Inc. d/b/a Verizon Business";"mlab2-ord01";0.033556;3050980.205398;"0.004011999";"darwin";"4.71.251.159";"bittorrent";1340032667;773427.164815;-1.000000;"2e291570-e5e9-434c-8fc4-9496c5d43b52";701;"NY";"Long Island City";15;6;2012;0;18;"20120618"
"98.206.101.228";"US";-87.655100;41.937300;"AS7922 Comcast Cable Communications, Inc.";"mlab2-ord01";0.012468;3179278.523472;"0.004012999";"win32";"4.71.251.159";"bittorrent";1340033288;521525.088913;-1.000000;"1b8a7968-95b4-4827-8260-84d7e02b3d53";7922;"IL";"Chicago";15;6;2012;0;18;"20120618"
"70.114.2.130";"US";-98.399400;29.583400;"AS11427 Time Warner Cable Internet LLC";"mlab2-ord01";0.048975;2317937.903489;"0.004012999";"linux2";"4.71.251.159";"bittorrent";1340033349;243916.371781;-1.000000;"eef1d069-de63-4f80-84c8-860f065b1f10";11427;"TX";"San Antonio";15;6;2012;0;18;"20120618"
"71.58.226.44";"US";-75.961500;41.249000;"AS7922 Comcast Cable Communications, Inc.";"mlab2-ord01";0.048164;2846743.265860;"0.004012999";"win32";"4.71.251.159";"speedtest";1340033690;724359.448860;0.050040;"fb6cc5ca-37c3-44c5-8176-4a40a17f217a";7922;"PA";"Plymouth";15;6;2012;0;18;"20120618"
"184.76.153.6";"US";-96.948900;32.814000;"AS16586 CLEARWIRE - CLEAR WIRELESS LLC";"mlab2-ord01";0.076414;1177552.796470;"0.004012999";"win32";"4.71.251.159";"speedtest";1340033845;89587.252145;0.092643;"01b5bd21-bfbf-4fa6-a4bc-c89f3cfd177c";16586;"TX";"Irving";15;6;2012;0;18;"20120618"
"64.81.87.32";"US";-117.865300;34.020300;"AS18566 MegaPath Corporation";"mlab2-ord01";0.079417;789128.382595;"0.004011999";"win32";"4.71.251.159";"bittorrent";1340033974;110076.925714;-1.000000;"e94d5238-1b8c-4a39-ae43-035af5b62fa1";18566;"CA";"Walnut";15;6;2012;0;18;"20120618"
"69.143.19.17";"US";-77.104300;38.881000;"AS7922 Comcast Cable Communications, Inc.";"mlab2-ord01";0.033761;2940505.625130;"0.004012999";"darwin";"4.71.251.159";"speedtest";1340034323;511475.916524;0.039344;"9b4267aa-e8b7-40bb-a139-5ad1187a6f5d";7922;"VA";"Arlington";15;6;2012;0;18;"20120618"
"76.168.80.127";"US";-118.243700;34.052200;"AS20001 Time Warner Cable Internet LLC";"mlab2-ord01";0.072882;2026572.116510;"0.004012999";"darwin";"4.71.251.159";"speedtest";1340034506;114195.055425;0.073343;"90d62fdd-a880-469e-bb3b-4bf575cfed10";20001;"CA";"Los Angeles";15;6;2012;0;18;"20120618"
"75.127.236.122";"US";-97.000000;38.000000;"AS6128 Cablevision Systems Corp.";"mlab2-ord01";0.031686;1712266.880468;"0.004012999";"win32";"4.71.251.159";"bittorrent";1340034518;567913.245020;-1.000000;"560c097a-1dfa-4e05-9893-bdc56e35afc3";6128;"";"";15;6;2012;0;18;"20120618"
"208.57.38.36";"US";-117.164900;32.807200;"AS14265 Telepacific Communications";"mlab2-ord01";0.069623;146521.142915;"0.004011999";"linux2";"4.71.251.159";"speedtest";1340034875;176800.824276;0.073622;"71bb2b47-414f-414d-b8ff-f1237c21f432";14265;"CA";"San Diego";15;6;2012;0;18;"20120618"
"76.169.71.176";"US";-118.273400;33.963800;"AS20001 Time Warner Cable Internet LLC";"mlab2-ord01";0.081239;1779834.804640;"0.004011999";"win32";"4.71.251.159";"speedtest";1340035062;118869.928013;0.073186;"2f0c137b-7982-4d9c-b50a-c362f2d810e0";20001;"CA";"Los Angeles";15;6;2012;0;18;"20120618"
"76.168.80.127";"US";-118.243700;34.052200;"AS20001 Time Warner Cable Internet LLC";"mlab2-ord01";0.069578;2302197.272805;"0.004012999";"darwin";"4.71.251.159";"bittorrent";1340035994;121704.594649;-1.000000;"90d62fdd-a880-469e-bb3b-4bf575cfed10";20001;"CA";"Los Angeles";16;6;2012;0;18;"20120618"
"70.114.2.130";"US";-98.399400;29.583400;"AS11427 Time Warner Cable Internet LLC";"mlab2-ord01";0.050034;2181226.265138;"0.004012999";"linux2";"4.71.251.159";"bittorrent";1340036171;243914.895268;-1.000000;"eef1d069-de63-4f80-84c8-860f065b1f10";11427;"TX";"San Antonio";16;6;2012;0;18;"20120618"
"66.235.50.69";"US";-122.029600;47.586900;"AS23292 Broadstripe";"mlab2-ord01";0.070482;175981.589283;"0.004012999";"darwin";"4.71.251.159";"speedtest";1340036828;290628.591416;0.074008;"619f12e6-7e7a-4475-96aa-abb7e35e6c27";23292;"WA";"Sammamish";16;6;2012;0;18;"20120618"
"66.80.217.179";"US";-105.002200;39.545700;"AS4565 MegaPath Networks Inc.";"mlab2-ord01";0.034185;612935.498146;"0.004012999";"darwin";"4.71.251.159";"bittorrent";1340037948;649812.100354;-1.000000;"fd8f8cbf-53ff-44fa-8e9f-da47c60b3fce";4565;"CO";"Littleton";16;6;2012;0;18;"20120618"
"99.27.132.203";"US";-122.036300;37.368800;"AS7132 AS for SBIS-AS";"mlab2-ord01";0.087848;585703.075186;"0.004012999";"linux2";"4.71.251.159";"bittorrent";1340037980;78914.552601;-1.000000;"d0271e0a-854f-4f73-b087-7be4c60e4f8c";7132;"CA";"Sunnyvale";16;6;2012;0;18;"20120618"
"68.40.93.208";"US";-82.582300;42.637600;"AS7922 Comcast Cable Communications, Inc.";"mlab2-ord01";0.061321;1659920.486790;"0.004011999";"win32";"4.71.251.159";"speedtest";1340038315;444416.083642;0.051472;"5ddd06da-64ad-444c-b2c0-525541d4d177";7922;"MI";"Algonac";16;6;2012;0;18;"20120618"
"98.124.100.208";"US";-80.038400;33.118000;"AS16863 Home Telephone Company, Inc.";"mlab2-ord01";0.058273;1091068.310800;"0.004012999";"linux2";"4.71.251.159";"speedtest";1340038559;239590.390390;0.040947;"adcd5d0f-b5f4-47e4-9505-249669f515a0";16863;"SC";"Moncks Corner";16;6;2012;0;18;"20120618"
"75.140.153.254";"US";-121.654400;37.130500;"AS20115 Charter Communications";"mlab2-ord01";0.075819;5349672.493550;"0.004012999";"darwin";"4.71.251.159";"speedtest";1340039672;573909.377179;0.075753;"a039434c-d8c0-4f4d-8050-4153de22c986";20115;"CA";"Morgan Hill";17;6;2012;0;18;"20120618"
"76.112.161.232";"US";-83.077200;42.375500;"AS7922 Comcast Cable Communications, Inc.";"mlab2-ord01";0.034517;548077.418814;"0.004012999";"win32";"4.71.251.159";"bittorrent";1340040121;76298.035968;-1.000000;"5cb4931f-bf67-49bf-a4ec-d36d7495a682";7922;"MI";"Detroit";17;6;2012;0;18;"20120618"
"71.190.171.206";"US";-73.525400;40.767000;"AS701 MCI Communications Services, Inc. d/b/a Verizon Business";"mlab2-ord01";0.032818;3741152.004588;"0.004012999";"linux2";"4.71.251.159";"bittorrent";1340040733;2872853.986335;-1.000000;"dfd87da2-1968-48ac-9bd2-5469644e29e4";701;"NY";"Hicksville";17;6;2012;0;18;"20120618"
"98.22.138.166";"US";-95.790800;36.052600;"AS7029 Windstream Communications Inc";"mlab2-ord01";1.301792;35756.070682;"0.004012999";"win32";"4.71.251.159";"bittorrent";1340041118;57748.806013;-1.000000;"eb27082c-e25b-4239-869e-8ba23d438a17";7029;"OK";"Broken Arrow";17;6;2012;0;18;"20120618"
"68.40.93.208";"US";-82.582300;42.637600;"AS7922 Comcast Cable Communications, Inc.";"mlab2-ord01";0.071186;1492874.886860;"0.004011999";"win32";"4.71.251.159";"speedtest";1340041482;433779.685219;0.056599;"5ddd06da-64ad-444c-b2c0-525541d4d177";7922;"MI";"Algonac";17;6;2012;0;18;"20120618"
"67.168.66.115";"US";-122.630500;48.321800;"AS7922 Comcast Cable Communications, Inc.";"mlab2-ord01";0.061722;2173609.914940;"0.004012999";"win32";"4.71.251.159";"speedtest";1340041591;658276.358033;0.064449;"3ee99b5a-2c05-4823-a555-34b90b697de5";7922;"WA";"Oak Harbor";17;6;2012;0;18;"20120618"
"98.206.101.228";"US";-87.655100;41.937300;"AS7922 Comcast Cable Communications, Inc.";"mlab2-ord01";0.012703;2983616.045880;"0.004012999";"win32";"4.71.251.159";"speedtest";1340042091;523018.351068;0.015417;"1b8a7968-95b4-4827-8260-84d7e02b3d53";7922;"IL";"Chicago";17;6;2012;0;18;"20120618"
"71.58.226.44";"US";-75.961500;41.249000;"AS7922 Comcast Cable Communications, Inc.";"mlab2-ord01";0.047134;3394424.263960;"0.004012999";"win32";"4.71.251.159";"speedtest";1340042106;722971.613575;0.053364;"fb6cc5ca-37c3-44c5-8176-4a40a17f217a";7922;"PA";"Plymouth";17;6;2012;0;18;"20120618"
"97.65.115.51";"US";-122.393300;37.769700;"AS4323 tw telecom holdings, inc.";"mlab2-ord01";0.053133;1087404.511179;"0.004012999";"win32";"4.71.251.159";"bittorrent";1340043149;758476.765097;-1.000000;"e54bd867-c3d4-475c-aa3f-d513bac1c0f1";4323;"CA";"San Francisco";18;6;2012;0;18;"20120618"
"70.122.243.11";"US";-97.015000;32.954600;"AS11427 Time Warner Cable Internet LLC";"mlab2-ord01";0.049590;3831195.755840;"0.004012999";"win32";"4.71.251.159";"bittorrent";1340043577;593085.290059;-1.000000;"bab8f612-1f34-46c2-a83e-fbaa7a2f8fa7";11427;"TX";"Coppell";18;6;2012;0;18;"20120618"
"98.243.192.146";"US";-84.594100;42.860200;"AS7922 Comcast Cable Communications, Inc.";"mlab2-ord01";0.039329;1581012.912040;"0.004012999";"darwin";"4.71.251.159";"speedtest";1340043867;484609.145245;0.040111;"69a61dac-c7ac-4b16-b86b-4bd2f3990f62";7922;"MI";"Dewitt";18;6;2012;0;18;"20120618"
"173.160.133.65";"US";-122.449200;47.151100;"AS7922 Comcast Cable Communications, Inc.";"mlab2-ord01";0.068275;441622.035513;"0.004012999";"win32";"4.71.251.159";"speedtest";1340044603;469648.975347;0.068515;"cd29f4ce-ebe9-47c8-8b18-9406a9618ac1";7922;"WA";"Tacoma";18;6;2012;0;18;"20120618"
"98.203.140.223";"US";-122.304300;47.610200;"AS7922 Comcast Cable Communications, Inc.";"mlab2-ord01";0.060598;2434896.694973;"0.004012999";"linux2";"4.71.251.159";"bittorrent";1340045382;489918.046668;-1.000000;"4bf1068a-cabe-4254-a52f-c2914db03ade";7922;"WA";"Seattle";18;6;2012;0;18;"20120618"
"69.143.19.17";"US";-77.104300;38.881000;"AS7922 Comcast Cable Communications, Inc.";"mlab2-ord01";0.035883;2757358.792320;"0.004012999";"darwin";"4.71.251.159";"speedtest";1340045471;510481.070264;0.039140;"9b4267aa-e8b7-40bb-a139-5ad1187a6f5d";7922;"VA";"Arlington";18;6;2012;0;18;"20120618"
"68.58.125.60";"US";-86.158000;39.768400;"AS7922 Comcast Cable Communications, Inc.";"mlab2-ord01";0.041231;1758791.935028;"0.004012999";"darwin";"4.71.251.159";"bittorrent";1340045894;519495.246979;-1.000000;"9ad7184c-eb25-4754-a40f-91e4262a9d35";7922;"IN";"Indianapolis";18;6;2012;0;18;"20120618"
"74.93.119.149";"US";-77.460300;37.553800;"AS7922 Comcast Cable Communications, Inc.";"mlab2-ord01";0.043164;5307556.317260;"0.004012999";"win32";"4.71.251.159";"speedtest";1340045993;581470.495990;0.048853;"89137afb-b348-4f18-88b5-80cee829292f";7922;"VA";"Richmond";18;6;2012;0;18;"20120618"
"173.20.36.131";"US";-91.455800;40.452000;"AS30036 Mediacom Communications Corp";"mlab2-ord01";0.071300;241864.195643;"0.004012999";"win32";"4.71.251.159";"speedtest";1340046336;170523.359857;0.066798;"6b87ac46-1206-4d9c-afa5-d5cab4a872d6";30036;"IA";"Keokuk";19;6;2012;0;18;"20120618"
"75.132.191.176";"US";-89.899800;38.512100;"AS20115 Charter Communications";"mlab2-ord01";0.022319;2562648.774751;"0.004012999";"win32";"4.71.251.159";"bittorrent";1340046689;425224.592676;-1.000000;"c08311ac-7edd-4390-b447-4ca484b5dacc";20115;"IL";"Belleville";19;6;2012;0;18;"20120618"
"132.161.219.98";"US";-92.717600;41.721700;"AS22949 Grinnell College";"mlab2-ord01";0.030337;1668847.485036;"0.004012999";"win32";"4.71.251.159";"bittorrent";1340047085;443122.683758;-1.000000;"de23301c-c09c-4e47-aa2b-90a625720856";22949;"IA";"Grinnell";19;6;2012;0;18;"20120618"
"173.160.133.65";"US";-122.449200;47.151100;"AS7922 Comcast Cable Communications, Inc.";"mlab2-ord01";0.068142;481093.333476;"0.004012999";"win32";"4.71.251.159";"speedtest";1340047547;482535.242773;0.067229;"cd29f4ce-ebe9-47c8-8b18-9406a9618ac1";7922;"WA";"Tacoma";19;6;2012;0;18;"20120618"
"69.143.19.17";"US";-77.104300;38.881000;"AS7922 Comcast Cable Communications, Inc.";"mlab2-ord01";0.038760;2942837.291110;"0.004012999";"darwin";"4.71.251.159";"speedtest";1340048255;503212.296721;0.038435;"9b4267aa-e8b7-40bb-a139-5ad1187a6f5d";7922;"VA";"Arlington";19;6;2012;0;18;"20120618"
"98.206.101.228";"US";-87.655100;41.937300;"AS7922 Comcast Cable Communications, Inc.";"mlab2-ord01";0.011385;3140146.176005;"0.004012999";"win32";"4.71.251.159";"bittorrent";1340048407;519266.298095;-1.000000;"1b8a7968-95b4-4827-8260-84d7e02b3d53";7922;"IL";"Chicago";19;6;2012;0;18;"20120618"
"67.130.216.230";"US";-105.937800;35.687000;"AS209 NOVARTIS-DMZ-US";"mlab2-ord01";0.087339;157435.105368;"0.004012999";"win32";"4.71.251.159";"bittorrent";1340048498;105491.924410;-1.000000;"ee8fe911-f84d-4ab8-b486-dda4c138f932";209;"NM";"Santa Fe";19;6;2012;0;18;"20120618"
"76.169.71.176";"US";-118.273400;33.963800;"AS20001 Time Warner Cable Internet LLC";"mlab2-ord01";0.069145;1465007.988850;"0.004011999";"win32";"4.71.251.159";"speedtest";1340049146;120483.982930;0.071935;"2f0c137b-7982-4d9c-b50a-c362f2d810e0";20001;"CA";"Los Angeles";19;6;2012;0;18;"20120618"
"24.111.85.175";"US";-97.440500;42.935900;"AS11232 Midcontinent Media, Inc.";"mlab2-ord01";0.029561;494546.599434;"0.004011999";"win32";"4.71.251.159";"speedtest";1340049937;588998.112115;0.030215;"d8e6a54b-6231-4d06-a9c1-bf3a10f484b1";11232;"SD";"Yankton";20;6;2012;0;18;"20120618"
"76.168.80.127";"US";-118.243700;34.052200;"AS20001 Time Warner Cable Internet LLC";"mlab2-ord01";0.070401;1823296.432590;"0.004012999";"darwin";"4.71.251.159";"speedtest";1340049979;119902.440014;0.077149;"90d62fdd-a880-469e-bb3b-4bf575cfed10";20001;"CA";"Los Angeles";20;6;2012;0;18;"20120618"
"67.172.130.152";"US";-104.821400;38.833900;"AS7922 Comcast Cable Communications, Inc.";"mlab2-ord01";0.052193;2975421.019110;"0.004012999";"darwin";"4.71.251.159";"speedtest";1340050094;476605.077496;0.043285;"e83583f7-4c54-4291-a929-2fd12fd286f5";7922;"CO";"Colorado Springs";20;6;2012;0;18;"20120618"
"76.112.203.189";"US";-83.144600;42.489500;"AS7922 Comcast Cable Communications, Inc.";"mlab2-ord01";0.026840;2593177.651609;"0.004012999";"win32";"4.71.251.159";"bittorrent";1340050999;789601.390101;-1.000000;"5cb4931f-bf67-49bf-a4ec-d36d7495a682";7922;"MI";"Royal Oak";20;6;2012;0;18;"20120618"
"108.58.78.250";"US";-73.587600;40.755700;"AS6128 Cablevision Systems Corp.";"mlab2-ord01";0.039151;4159883.844582;"0.004011999";"win32";"4.71.251.159";"bittorrent";1340051205;595568.543705;-1.000000;"63a2819d-1e01-4d29-9601-39befed63efa";6128;"NY";"Westbury";20;6;2012;0;18;"20120618"
"184.177.72.227";"US";-97.000000;38.000000;"AS22773 Cox Communications Inc.";"mlab2-ord01";0.077904;447420.872772;"0.004012999";"win32";"4.71.251.159";"speedtest";1340051260;576998.539589;0.079813;"e9aa2936-1c50-4b9d-89e4-2daad232b753";22773;"";"";20;6;2012;0;18;"20120618"
"98.251.77.68";"US";-83.949600;33.512000;"AS7922 Comcast Cable Communications, Inc.";"mlab2-ord01";0.033130;3171236.639793;"0.004011999";"win32";"4.71.251.159";"bittorrent";1340051858;529723.761268;-1.000000;"cbfab653-aed3-47c3-b7d0-e4159cab6582";7922;"GA";"Covington";20;6;2012;0;18;"20120618"
"99.27.132.203";"US";-122.036300;37.368800;"AS7132 AS for SBIS-AS";"mlab2-ord01";0.081208;522583.612906;"0.004012999";"linux2";"4.71.251.159";"bittorrent";1340051996;55628.737441;-1.000000;"d0271e0a-854f-4f73-b087-7be4c60e4f8c";7132;"CA";"Sunnyvale";20;6;2012;0;18;"20120618"
"50.12.211.162";"US";-93.263800;44.980000;"AS16586 CLEARWIRE - CLEAR WIRELESS LLC";"mlab2-ord01";0.086415;545343.590344;"0.004012999";"darwin";"4.71.251.159";"speedtest";1340052012;143182.907551;0.080151;"3955a411-3e83-4a8e-aa8e-165233e306e9";16586;"MN";"Minneapolis";20;6;2012;0;18;"20120618"
"71.192.154.157";"US";-71.051200;42.406300;"AS7922 Comcast Cable Communications, Inc.";"mlab2-ord01";0.076657;89541.557383;"0.004012999";"darwin";"4.71.251.159";"bittorrent";1340052394;145604.813242;-1.000000;"65fb0ed5-8aab-4ca3-973b-6f6abd2e24d4";7922;"MA";"Everett";20;6;2012;0;18;"20120618"
"208.52.154.53";"US";-84.443200;33.793000;"AS13703 BroadRiver Communication Corp.";"mlab2-ord01";0.021248;7656756.030310;"0.004010999";"win32";"4.71.251.159";"speedtest";1340052590;828315.694560;0.023173;"5a94fb06-4ffc-4b82-bc99-552f47212e96";13703;"GA";"Atlanta";20;6;2012;0;18;"20120618"
"173.246.102.187";"US";-76.612200;39.290400;"AS29169 Gandi SAS";"mlab2-ord01";0.017423;4474855.732540;"0.004011999";"linux2";"4.71.251.159";"speedtest";1340052642;740397.360743;0.018834;"a57cd6aa-6b9a-40e3-ae4c-0685546dd104";29169;"MD";"Baltimore";20;6;2012;0;18;"20120618"
"68.40.93.208";"US";-82.582300;42.637600;"AS7922 Comcast Cable Communications, Inc.";"mlab2-ord01";0.053101;611043.073837;"0.004011999";"win32";"4.71.251.159";"bittorrent";1340052882;382777.001611;-1.000000;"5ddd06da-64ad-444c-b2c0-525541d4d177";7922;"MI";"Algonac";20;6;2012;0;18;"20120618"
"50.193.198.140";"US";-122.213500;47.463700;"AS7922 Comcast Cable Communications, Inc.";"mlab2-ord01";0.092285;668497.133352;"0.004011999";"win32";"4.71.251.159";"speedtest";1340053158;314894.279880;0.063574;"2b37de0c-5f49-4446-8b8f-3b2dad14fb61";7922;"WA";"Renton";20;6;2012;0;18;"20120618"
"68.41.24.217";"US";-83.036000;42.724500;"AS7922 Comcast Cable Communications, Inc.";"mlab2-ord01";0.043530;2298294.230060;"0.004012999";"win32";"4.71.251.159";"speedtest";1340053311;512266.548811;0.042532;"7acc5903-5884-4564-add3-0be49e9fa576";7922;"MI";"Washington";21;6;2012;0;18;"20120618"
"70.113.90.176";"US";-97.722700;30.310600;"AS11427 Time Warner Cable Internet LLC";"mlab2-ord01";0.047862;2216557.981870;"0.004012999";"win32";"4.71.251.159";"speedtest";1340053987;199803.776461;0.051281;"f957f544-b6fe-4e0c-b05d-e4a409241054";11427;"TX";"Austin";21;6;2012;0;18;"20120618"
"76.24.39.72";"US";-71.691300;42.413600;"AS7922 Comcast Cable Communications, Inc.";"mlab2-ord01";0.039703;1545445.613600;"0.004012999";"win32";"4.71.251.159";"speedtest";1340055545;453616.825594;0.042113;"d7fbbeb1-8f79-4feb-9ab1-01beb7b970aa";7922;"MA";"Clinton";21;6;2012;0;18;"20120618"
"64.81.87.32";"US";-117.865300;34.020300;"AS18566 MegaPath Corporation";"mlab2-ord01";0.059372;252344.878224;"0.004011999";"win32";"4.71.251.159";"speedtest";1340055603;106637.230950;0.062661;"e94d5238-1b8c-4a39-ae43-035af5b62fa1";18566;"CA";"Walnut";21;6;2012;0;18;"20120618"
"71.118.241.200";"US";-118.880000;34.213300;"AS701 MCI Communications Services, Inc. d/b/a Verizon Business";"mlab2-ord01";0.071388;3130530.580405;"0.004012999";"darwin";"4.71.251.159";"bittorrent";1340055846;1742149.775590;-1.000000;"6240ede4-4770-4ab9-a1a5-5df49c84c463";701;"CA";"Thousand Oaks";21;6;2012;0;18;"20120618"
"68.188.53.15";"US";-97.000000;38.000000;"AS20115 Charter Communications";"mlab2-ord01";0.033726;703123.996352;"0.004012999";"darwin";"4.71.251.159";"speedtest";1340056122;985265.116612;0.036230;"10349cfe-4a13-405a-99be-aabdb52920f3";20115;"";"";21;6;2012;0;18;"20120618"
"96.236.133.97";"US";-79.995900;40.440600;"AS701 MCI Communications Services, Inc. d/b/a Verizon Business";"mlab2-ord01";0.034103;655819.139461;"0.004012999";"linux2";"4.71.251.159";"speedtest";1340056132;292168.527799;0.041117;"002bd52f-5f9d-42eb-9ce6-e310c9db525a";701;"PA";"Pittsburgh";21;6;2012;0;18;"20120618"
"50.78.87.177";"US";-106.097500;39.574400;"AS7922 Comcast Cable Communications, Inc.";"mlab2-ord01";0.043602;1426790.741090;"0.004012999";"win32";"4.71.251.159";"speedtest";1340056152;1131600.204330;0.041130;"c4393561-5207-49e8-879a-bbb805c9188f";7922;"CO";"Frisco";21;6;2012;0;18;"20120618"
"99.130.96.199";"US";-117.490800;33.932900;"AS7018 AT&T Services, Inc.";"mlab2-ord01";0.091257;1396068.701969;"0.004012999";"linux2";"4.71.251.159";"bittorrent";1340056442;183430.696990;-1.000000;"0a3b2944-23c0-4116-a068-0d5627c0dec9";7018;"CA";"Riverside";21;6;2012;0;18;"20120618"
"174.31.152.186";"US";-97.000000;38.000000;"AS209 NOVARTIS-DMZ-US";"mlab2-ord01";0.076019;1660300.659360;"0.004012999";"darwin";"4.71.251.159";"speedtest";1340057716;538187.175853;0.081233;"9da9dff5-de02-49ae-a084-b2164425feeb";209;"";"";22;6;2012;0;18;"20120618"
"50.78.87.177";"US";-106.097500;39.574400;"AS7922 Comcast Cable Communications, Inc.";"mlab2-ord01";0.040011;1476704.484168;"0.004012999";"win32";"4.71.251.159";"bittorrent";1340057771;955148.715631;-1.000000;"c4393561-5207-49e8-879a-bbb805c9188f";7922;"CO";"Frisco";22;6;2012;0;18;"20120618"
"98.203.140.223";"US";-122.304300;47.610200;"AS7922 Comcast Cable Communications, Inc.";"mlab2-ord01";0.063902;2157322.127980;"0.004012999";"linux2";"4.71.251.159";"speedtest";1340058101;383728.541282;0.071612;"4bf1068a-cabe-4254-a52f-c2914db03ade";7922;"WA";"Seattle";22;6;2012;0;18;"20120618"
"99.185.57.147";"US";-83.622800;42.206100;"AS7018 AT&T Services, Inc.";"mlab2-ord01";0.046080;1315689.241800;"0.004012999";"win32";"4.71.251.159";"bittorrent";1340059647;157667.666490;-1.000000;"405dea16-cc97-4c9e-bf1a-092c32684844";7018;"MI";"Ypsilanti";22;6;2012;0;18;"20120618"
"67.61.252.127";"US";-116.391500;43.612100;"AS11492 CABLE ONE, INC.";"mlab2-ord01";0.074120;118069.263205;"0.004012999";"win32";"4.71.251.159";"bittorrent";1340059923;11223.854527;-1.000000;"076c32c5-13b7-4305-a338-c545b0b2a500";11492;"ID";"Meridian";22;6;2012;0;18;"20120618"
"76.10.12.242";"US";-88.242600;40.112500;"AS46925 PAVLOV MEDIA INC";"mlab2-ord01";0.012641;1702499.281070;"0.004012999";"win32";"4.71.251.159";"bittorrent";1340060145;1921929.847472;-1.000000;"b2c93218-2fa2-4a04-be8b-f4553cb22e1a";46925;"IL";"Champaign";22;6;2012;0;18;"20120618"
"67.168.66.115";"US";-122.630500;48.321800;"AS7922 Comcast Cable Communications, Inc.";"mlab2-ord01";0.062935;2350090.610980;"0.004012999";"win32";"4.71.251.159";"speedtest";1340060204;544990.563582;0.064484;"3ee99b5a-2c05-4823-a555-34b90b697de5";7922;"WA";"Oak Harbor";22;6;2012;0;18;"20120618"
"74.163.8.166";"US";-86.875000;30.446700;"AS6389 BellSouth.net Inc.";"mlab2-ord01";0.065677;513104.631020;"0.004012999";"win32";"4.71.251.159";"bittorrent";1340060287;51765.111606;-1.000000;"4565989b-987f-4c3c-aa75-a740afde3068";6389;"FL";"Navarre";22;6;2012;0;18;"20120618"
"173.20.36.131";"US";-91.455800;40.452000;"AS30036 Mediacom Communications Corp";"mlab2-ord01";0.072428;122051.753316;"0.004012999";"win32";"4.71.251.159";"speedtest";1340060883;170321.545510;0.075488;"6b87ac46-1206-4d9c-afa5-d5cab4a872d6";30036;"IA";"Keokuk";23;6;2012;0;18;"20120618"
"24.61.63.89";"US";-71.031600;42.399700;"AS7922 Comcast Cable Communications, Inc.";"mlab2-ord01";0.048581;1525445.743504;"0.004012999";"win32";"4.71.251.159";"bittorrent";1340061470;492570.370585;-1.000000;"641fcec9-64c6-4ec1-a213-90d958a6f9a1";7922;"MA";"Chelsea";23;6;2012;0;18;"20120618"
"208.57.38.36";"US";-117.164900;32.807200;"AS14265 Telepacific Communications";"mlab2-ord01";0.067366;145425.294824;"0.004011999";"linux2";"4.71.251.159";"speedtest";1340062058;176612.847622;0.073236;"71bb2b47-414f-414d-b8ff-f1237c21f432";14265;"CA";"San Diego";23;6;2012;0;18;"20120618"
"68.58.125.60";"US";-86.158000;39.768400;"AS7922 Comcast Cable Communications, Inc.";"mlab2-ord01";0.040096;1573182.147461;"0.004012999";"darwin";"4.71.251.159";"bittorrent";1340062333;519083.588618;-1.000000;"9ad7184c-eb25-4754-a40f-91e4262a9d35";7922;"IN";"Indianapolis";23;6;2012;0;18;"20120618"
"71.187.199.3";"US";-74.216400;40.816200;"AS701 MCI Communications Services, Inc. d/b/a Verizon Business";"mlab2-ord01";0.052542;1736702.432110;"0.004011999";"win32";"4.71.251.159";"speedtest";1340063545;1246524.945480;0.038753;"a9bde20f-2872-443c-8e9b-a2f6f162c91d";701;"NJ";"Montclair";23;6;2012;0;18;"20120618"
"50.83.240.108";"US";-95.977900;45.232200;"AS30036 Mediacom Communications Corp";"mlab2-ord01";0.022315;1547954.261690;"0.004012999";"darwin";"4.71.251.159";"speedtest";1340063738;314283.511229;0.023448;"43af2f72-3dc4-4824-9ff7-faa06a3cb206";30036;"MN";"Appleton";23;6;2012;0;18;"20120618"
"116.251.189.15";"NZ";174.000000;-41.000000;"AS55850 TrustPower Ltd";"mlab2-wlg01";0.045436;546153.843439;"0.004012999";"win32";"103.10.233.33";"bittorrent";1339982937;314031.985793;-1.000000;"42540054-8fac-44ca-b82c-3d2939f5ce30";55850;"";"";1;6;2012;0;18;"20120618"
"101.98.179.198";"NZ";174.000000;-41.000000;"AS9790 CallPlus Services Limited";"mlab2-wlg01";0.034621;569369.244446;"0.004012999";"win32";"103.10.233.33";"bittorrent";1339987968;108803.168549;-1.000000;"79031f01-617b-4b0b-bd7d-5b51f7b9fb22";9790;"";"";2;6;2012;0;18;"20120618"
"101.98.179.198";"NZ";174.000000;-41.000000;"AS9790 CallPlus Services Limited";"mlab2-wlg01";0.035440;433585.638936;"0.004012999";"win32";"103.10.233.33";"speedtest";1339989531;54715.864456;0.037510;"79031f01-617b-4b0b-bd7d-5b51f7b9fb22";9790;"";"";3;6;2012;0;18;"20120618"
"116.251.189.15";"NZ";174.000000;-41.000000;"AS55850 TrustPower Ltd";"mlab2-wlg01";0.045950;928173.800187;"0.004012999";"win32";"103.10.233.33";"speedtest";1339992771;347145.398112;0.046519;"42540054-8fac-44ca-b82c-3d2939f5ce30";55850;"";"";4;6;2012;0;18;"20120618"
"116.251.189.15";"NZ";174.000000;-41.000000;"AS55850 TrustPower Ltd";"mlab2-wlg01";0.045421;963732.840570;"0.004012999";"win32";"103.10.233.33";"bittorrent";1339994176;355943.279302;-1.000000;"42540054-8fac-44ca-b82c-3d2939f5ce30";55850;"";"";4;6;2012;0;18;"20120618"
"116.251.189.15";"NZ";174.000000;-41.000000;"AS55850 TrustPower Ltd";"mlab2-wlg01";0.045239;962749.983393;"0.004012999";"win32";"103.10.233.33";"bittorrent";1340002608;355896.979394;-1.000000;"42540054-8fac-44ca-b82c-3d2939f5ce30";55850;"";"";6;6;2012;0;18;"20120618"
"101.98.179.198";"NZ";174.000000;-41.000000;"AS9790 CallPlus Services Limited";"mlab2-wlg01";0.035056;102630.282260;"0.004012999";"win32";"103.10.233.33";"speedtest";1340004318;93109.016495;0.060228;"79031f01-617b-4b0b-bd7d-5b51f7b9fb22";9790;"";"";7;6;2012;0;18;"20120618"
"101.98.179.198";"NZ";174.000000;-41.000000;"AS9790 CallPlus Services Limited";"mlab2-wlg01";0.035892;61101.281533;"0.004012999";"win32";"103.10.233.33";"bittorrent";1340005724;109203.352519;-1.000000;"79031f01-617b-4b0b-bd7d-5b51f7b9fb22";9790;"";"";7;6;2012;0;18;"20120618"
"101.98.179.198";"NZ";174.000000;-41.000000;"AS9790 CallPlus Services Limited";"mlab2-wlg01";0.035851;142784.867478;"0.004012999";"win32";"103.10.233.33";"speedtest";1340007276;61344.639984;0.059202;"79031f01-617b-4b0b-bd7d-5b51f7b9fb22";9790;"";"";8;6;2012;0;18;"20120618"
"101.98.179.198";"NZ";174.000000;-41.000000;"AS9790 CallPlus Services Limited";"mlab2-wlg01";0.034761;57244.891274;"0.004012999";"win32";"103.10.233.33";"bittorrent";1340014886;110076.748089;-1.000000;"79031f01-617b-4b0b-bd7d-5b51f7b9fb22";9790;"";"";10;6;2012;0;18;"20120618"
"130.43.73.127";"GR";23.733300;37.983300;"AS1241 Forthnet";"mlab2-ath02";0.044731;879892.405835;"0.004012999";"win32";"83.212.5.161";"speedtest";1339983027;95761.109993;0.027855;"062ac9cd-ccd3-4d13-9905-fe4beb7155a0";1241;"35";"Athens";4;6;2012;0;18;"20120618"
"130.43.73.127";"GR";23.733300;37.983300;"AS1241 Forthnet";"mlab2-ath02";0.044091;880916.226422;"0.004012999";"win32";"83.212.5.161";"speedtest";1339991412;106586.511497;0.027877;"062ac9cd-ccd3-4d13-9905-fe4beb7155a0";1241;"35";"Athens";6;6;2012;0;18;"20120618"
"130.43.73.127";"GR";23.733300;37.983300;"AS1241 Forthnet";"mlab2-ath02";0.043652;890530.893477;"0.004012999";"win32";"83.212.5.161";"bittorrent";1339998404;80693.195196;-1.000000;"062ac9cd-ccd3-4d13-9905-fe4beb7155a0";1241;"35";"Athens";8;6;2012;0;18;"20120618"
"130.43.73.127";"GR";23.733300;37.983300;"AS1241 Forthnet";"mlab2-ath02";0.043522;905596.088691;"0.004012999";"win32";"83.212.5.161";"bittorrent";1340001201;109072.961095;-1.000000;"062ac9cd-ccd3-4d13-9905-fe4beb7155a0";1241;"35";"Athens";9;6;2012;0;18;"20120618"
"130.43.73.127";"GR";23.733300;37.983300;"AS1241 Forthnet";"mlab2-ath02";0.043553;881937.718710;"0.004012999";"win32";"83.212.5.161";"speedtest";1340002600;105736.158897;0.027707;"062ac9cd-ccd3-4d13-9905-fe4beb7155a0";1241;"35";"Athens";9;6;2012;0;18;"20120618"
"188.4.162.44";"GR";22.000000;39.000000;"AS1241 Forthnet";"mlab2-ath02";0.044159;885492.196200;"0.004012999";"win32";"83.212.5.161";"speedtest";1340011013;89256.309284;0.027990;"062ac9cd-ccd3-4d13-9905-fe4beb7155a0";1241;"";"";12;6;2012;0;18;"20120618"
"212.251.115.121";"GR";23.733300;37.983300;"AS1241 Forthnet";"mlab2-ath02";0.044680;681618.094364;"0.004012999";"win32";"83.212.5.161";"speedtest";1340013807;106503.853628;0.031270;"062ac9cd-ccd3-4d13-9905-fe4beb7155a0";1241;"35";"Athens";13;6;2012;0;18;"20120618"
"212.251.115.121";"GR";23.733300;37.983300;"AS1241 Forthnet";"mlab2-ath02";0.046557;569232.601393;"0.004012999";"win32";"83.212.5.161";"bittorrent";1340015202;107509.956282;-1.000000;"062ac9cd-ccd3-4d13-9905-fe4beb7155a0";1241;"35";"Athens";13;6;2012;0;18;"20120618"
"212.251.115.121";"GR";23.733300;37.983300;"AS1241 Forthnet";"mlab2-ath02";0.047482;251992.161908;"0.004012999";"win32";"83.212.5.161";"speedtest";1340019397;82042.761184;0.029187;"062ac9cd-ccd3-4d13-9905-fe4beb7155a0";1241;"35";"Athens";14;6;2012;0;18;"20120618"
"212.251.115.121";"GR";23.733300;37.983300;"AS1241 Forthnet";"mlab2-ath02";0.044078;379024.537452;"0.004012999";"win32";"83.212.5.161";"bittorrent";1340020794;77784.090057;-1.000000;"062ac9cd-ccd3-4d13-9905-fe4beb7155a0";1241;"35";"Athens";14;6;2012;0;18;"20120618"
"98.157.202.20";"US";-87.413900;39.466700;"AS10796 Time Warner Cable Internet LLC";"mlab3-lga01";0.041673;698533.311514;"0.004011999";"win32";"74.63.50.44";"speedtest";1339978321;113628.480836;0.044183;"9c0fa0e1-b625-407b-8e5d-f979a63c0e77";10796;"IN";"Terre Haute";0;6;2012;0;18;"20120618"
"98.214.132.10";"US";-89.589000;40.693600;"AS7922 Comcast Cable Communications, Inc.";"mlab3-lga01";0.044225;1425431.014177;"0.004012999";"darwin";"74.63.50.44";"bittorrent";1339978548;757983.898191;-1.000000;"ac008ee9-df9b-425b-a370-34b57dce1b90";7922;"IL";"Peoria";0;6;2012;0;18;"20120618"
"76.10.12.242";"US";-88.242600;40.112500;"AS46925 PAVLOV MEDIA INC";"mlab3-lga01";0.028677;1881436.913323;"0.004012999";"win32";"74.63.50.44";"bittorrent";1339978729;1885034.290350;-1.000000;"b2c93218-2fa2-4a04-be8b-f4553cb22e1a";46925;"IL";"Champaign";0;6;2012;0;18;"20120618"
"69.251.194.209";"US";-77.177000;39.175200;"AS7922 Comcast Cable Communications, Inc.";"mlab3-lga01";0.021327;6112542.289409;"0.004011999";"win32";"74.63.50.44";"bittorrent";1339979117;559626.797066;-1.000000;"5ab805cf-b023-4309-9496-d8b22873a074";7922;"MD";"Montgomery Village";0;6;2012;0;18;"20120618"
"98.157.202.20";"US";-87.413900;39.466700;"AS10796 Time Warner Cable Internet LLC";"mlab3-lga01";0.404763;632044.864530;"0.004011999";"win32";"74.63.50.44";"bittorrent";1339979728;51021.110825;-1.000000;"9c0fa0e1-b625-407b-8e5d-f979a63c0e77";10796;"IN";"Terre Haute";0;6;2012;0;18;"20120618"
"98.203.140.223";"US";-122.304300;47.610200;"AS7922 Comcast Cable Communications, Inc.";"mlab3-lga01";0.081922;1678219.052640;"0.004012999";"linux2";"74.63.50.44";"speedtest";1339979829;369627.283713;0.088335;"4bf1068a-cabe-4254-a52f-c2914db03ade";7922;"WA";"Seattle";0;6;2012;0;18;"20120618"
"68.48.221.17";"US";-76.837500;39.174900;"AS7922 Comcast Cable Communications, Inc.";"mlab3-lga01";0.018427;4414049.766702;"0.004012999";"darwin";"74.63.50.44";"bittorrent";1339980670;712040.187323;-1.000000;"4162ce8a-78ab-4a68-9407-13618360662f";7922;"MD";"Columbia";0;6;2012;0;18;"20120618"
"71.190.171.206";"US";-73.525400;40.767000;"AS701 MCI Communications Services, Inc. d/b/a Verizon Business";"mlab3-lga01";0.005633;3824360.978860;"0.004012999";"linux2";"74.63.50.44";"bittorrent";1339980795;3208119.563011;-1.000000;"dfd87da2-1968-48ac-9bd2-5469644e29e4";701;"NY";"Hicksville";0;6;2012;0;18;"20120618"
"74.103.162.36";"US";-75.114700;40.427800;"AS701 MCI Communications Services, Inc. d/b/a Verizon Business";"mlab3-lga01";0.018766;1875494.993480;"0.004012999";"darwin";"74.63.50.44";"speedtest";1339981173;651715.918243;0.020077;"4eec0d76-fa70-4b4c-91f9-8cb1b74b0682";701;"PA";"Pipersville";0;6;2012;0;18;"20120618"
"71.237.28.39";"US";-104.984700;39.739200;"AS7922 Comcast Cable Communications, Inc.";"mlab3-lga01";0.055178;1115111.100565;"0.004012999";"darwin";"74.63.50.44";"bittorrent";1339981220;474558.071493;-1.000000;"95e96326-78fe-4507-8b06-f60611a1b7ad";7922;"CO";"Denver";1;6;2012;0;18;"20120618"
"64.13.104.81";"US";-77.026100;38.990700;"AS16586 CLEARWIRE - CLEAR WIRELESS LLC";"mlab3-lga01";0.191073;402011.955695;"0.004012999";"darwin";"74.63.50.44";"speedtest";1339981244;143514.741123;0.238522;"8a5f995c-e96b-4ee9-8332-ee1284a6fd58";16586;"MD";"Silver Spring";1;6;2012;0;18;"20120618"
"71.204.91.144";"US";-84.447700;34.119000;"AS7922 Comcast Cable Communications, Inc.";"mlab3-lga01";0.041106;133388.171696;"0.004012999";"darwin";"74.63.50.44";"speedtest";1339981389;382857.115560;0.046466;"4b4fa0bc-987b-4105-9a0b-83e736a6503c";7922;"GA";"Woodstock";1;6;2012;0;18;"20120618"
"71.58.226.44";"US";-75.961500;41.249000;"AS7922 Comcast Cable Communications, Inc.";"mlab3-lga01";0.038627;3628396.178336;"0.004012999";"win32";"74.63.50.44";"bittorrent";1339981765;710797.701711;-1.000000;"fb6cc5ca-37c3-44c5-8176-4a40a17f217a";7922;"PA";"Plymouth";1;6;2012;0;18;"20120618"
"98.206.101.228";"US";-87.655100;41.937300;"AS7922 Comcast Cable Communications, Inc.";"mlab3-lga01";0.032750;2901301.286020;"0.004012999";"win32";"74.63.50.44";"speedtest";1339982237;516367.989280;0.033566;"1b8a7968-95b4-4827-8260-84d7e02b3d53";7922;"IL";"Chicago";1;6;2012;0;18;"20120618"
"173.160.133.65";"US";-122.449200;47.151100;"AS7922 Comcast Cable Communications, Inc.";"mlab3-lga01";0.100249;411782.676803;"0.004012999";"win32";"74.63.50.44";"speedtest";1339982387;383700.326456;0.086853;"cd29f4ce-ebe9-47c8-8b18-9406a9618ac1";7922;"WA";"Tacoma";1;6;2012;0;18;"20120618"
"69.143.19.17";"US";-77.104300;38.881000;"AS7922 Comcast Cable Communications, Inc.";"mlab3-lga01";0.020427;3034334.074000;"0.004012999";"darwin";"74.63.50.44";"speedtest";1339982865;393016.066514;0.025093;"9b4267aa-e8b7-40bb-a139-5ad1187a6f5d";7922;"VA";"Arlington";1;6;2012;0;18;"20120618"
"71.204.142.85";"US";-122.531100;37.973500;"AS7922 Comcast Cable Communications, Inc.";"mlab3-lga01";0.477303;2699765.014567;"0.004009999";"win32";"74.63.50.44";"bittorrent";1339983136;214695.086586;-1.000000;"3c1d11df-3892-46cc-9961-7c6944bbb9b0";7922;"CA";"San Rafael";1;6;2012;0;18;"20120618"
"71.89.124.38";"US";-88.736400;44.638200;"AS20115 Charter Communications";"mlab3-lga01";0.044003;1949005.731700;"0.004012999";"win32";"74.63.50.44";"speedtest";1339983163;388565.916518;0.046386;"0730ff7f-47eb-4e84-99b1-016150556fb6";20115;"WI";"Clintonville";1;6;2012;0;18;"20120618"
"67.168.59.54";"US";-122.668000;48.185500;"AS7922 Comcast Cable Communications, Inc.";"mlab3-lga01";0.084661;2080305.578476;"0.004012999";"win32";"74.63.50.44";"bittorrent";1339983181;684419.971342;-1.000000;"ea22d474-846e-407d-9ebe-cd03ff0d64f4";7922;"WA";"Coupeville";1;6;2012;0;18;"20120618"
"69.251.194.209";"US";-77.177000;39.175200;"AS7922 Comcast Cable Communications, Inc.";"mlab3-lga01";0.026575;1039948.960420;"0.004011999";"win32";"74.63.50.44";"speedtest";1339983687;499609.584189;0.026609;"5ab805cf-b023-4309-9496-d8b22873a074";7922;"MD";"Montgomery Village";1;6;2012;0;18;"20120618"
"74.93.119.149";"US";-77.460300;37.553800;"AS7922 Comcast Cable Communications, Inc.";"mlab3-lga01";0.032533;2930644.402310;"0.004012999";"win32";"74.63.50.44";"speedtest";1339984016;598711.022304;0.031912;"89137afb-b348-4f18-88b5-80cee829292f";7922;"VA";"Richmond";1;6;2012;0;18;"20120618"
"96.236.133.97";"US";-79.995900;40.440600;"AS701 MCI Communications Services, Inc. d/b/a Verizon Business";"mlab3-lga01";0.211282;154694.312469;"0.004012999";"linux2";"74.63.50.44";"speedtest";1339984328;18411.292375;0.038162;"002bd52f-5f9d-42eb-9ce6-e310c9db525a";701;"PA";"Pittsburgh";1;6;2012;0;18;"20120618"
"71.204.91.144";"US";-84.447700;34.119000;"AS7922 Comcast Cable Communications, Inc.";"mlab3-lga01";0.056488;135384.937623;"0.004012999";"darwin";"74.63.50.44";"speedtest";1339984386;348311.507107;0.056156;"4b4fa0bc-987b-4105-9a0b-83e736a6503c";7922;"GA";"Woodstock";1;6;2012;0;18;"20120618"
"76.169.71.176";"US";-118.273400;33.963800;"AS20001 Time Warner Cable Internet LLC";"mlab3-lga01";0.154475;1810967.134929;"0.004011999";"win32";"74.63.50.44";"bittorrent";1339984842;120546.141089;-1.000000;"2f0c137b-7982-4d9c-b50a-c362f2d810e0";20001;"CA";"Los Angeles";2;6;2012;0;18;"20120618"
"71.192.154.157";"US";-71.051200;42.406300;"AS7922 Comcast Cable Communications, Inc.";"mlab3-lga01";0.043004;710535.678353;"0.004012999";"darwin";"74.63.50.44";"speedtest";1339986910;414950.490758;0.039620;"65fb0ed5-8aab-4ca3-973b-6f6abd2e24d4";7922;"MA";"Everett";2;6;2012;0;18;"20120618"
"71.187.199.3";"US";-74.216400;40.816200;"AS701 MCI Communications Services, Inc. d/b/a Verizon Business";"mlab3-lga01";0.019172;4446614.269926;"0.004011999";"win32";"74.63.50.44";"bittorrent";1339986947;1259242.175286;-1.000000;"a9bde20f-2872-443c-8e9b-a2f6f162c91d";701;"NJ";"Montclair";2;6;2012;0;18;"20120618"
"67.168.66.115";"US";-122.630500;48.321800;"AS7922 Comcast Cable Communications, Inc.";"mlab3-lga01";0.106304;2053854.844810;"0.004012999";"win32";"74.63.50.44";"bittorrent";1339987308;695028.178218;-1.000000;"3ee99b5a-2c05-4823-a555-34b90b697de5";7922;"WA";"Oak Harbor";2;6;2012;0;18;"20120618"
"99.92.88.210";"US";-122.030700;37.353700;"AS7018 AT&T Services, Inc.";"mlab3-lga01";0.110035;537061.164733;"0.004012999";"darwin";"74.63.50.44";"speedtest";1339987330;162954.280782;0.111743;"13cf72ab-670c-4dc7-8fad-aa9a41f4355d";7018;"CA";"Sunnyvale";2;6;2012;0;18;"20120618"
"71.118.241.200";"US";-118.880000;34.213300;"AS701 MCI Communications Services, Inc. d/b/a Verizon Business";"mlab3-lga01";0.077367;3120910.077495;"0.004012999";"darwin";"74.63.50.44";"bittorrent";1339987434;660704.493693;-1.000000;"6240ede4-4770-4ab9-a1a5-5df49c84c463";701;"CA";"Thousand Oaks";2;6;2012;0;18;"20120618"
"184.76.153.6";"US";-96.948900;32.814000;"AS16586 CLEARWIRE - CLEAR WIRELESS LLC";"mlab3-lga01";0.148336;590414.296234;"0.004012999";"win32";"74.63.50.44";"bittorrent";1339988397;94351.266113;-1.000000;"01b5bd21-bfbf-4fa6-a4bc-c89f3cfd177c";16586;"TX";"Irving";2;6;2012;0;18;"20120618"
"70.113.90.176";"US";-97.722700;30.310600;"AS11427 Time Warner Cable Internet LLC";"mlab3-lga01";0.076443;1448051.248141;"0.004012999";"win32";"74.63.50.44";"bittorrent";1339988447;208928.859246;-1.000000;"f957f544-b6fe-4e0c-b05d-e4a409241054";11427;"TX";"Austin";3;6;2012;0;18;"20120618"
"74.163.8.166";"US";-86.875000;30.446700;"AS6389 BellSouth.net Inc.";"mlab3-lga01";0.070070;461965.318469;"0.004012999";"win32";"74.63.50.44";"bittorrent";1339988733;50913.320328;-1.000000;"4565989b-987f-4c3c-aa75-a740afde3068";6389;"FL";"Navarre";3;6;2012;0;18;"20120618"
"75.145.125.61";"US";-104.984700;39.739200;"AS7922 Comcast Cable Communications, Inc.";"mlab3-lga01";0.068695;2601781.606585;"0.004012999";"linux2";"74.63.50.44";"bittorrent";1339988740;1003282.132246;-1.000000;"d3080793-9920-4346-9c49-3a102587393e";7922;"CO";"Denver";3;6;2012;0;18;"20120618"
"71.237.28.39";"US";-104.984700;39.739200;"AS7922 Comcast Cable Communications, Inc.";"mlab3-lga01";0.055198;1123485.472008;"0.004012999";"darwin";"74.63.50.44";"bittorrent";1339989591;470401.322211;-1.000000;"95e96326-78fe-4507-8b06-f60611a1b7ad";7922;"CO";"Denver";3;6;2012;0;18;"20120618"
"98.214.132.10";"US";-89.589000;40.693600;"AS7922 Comcast Cable Communications, Inc.";"mlab3-lga01";0.138066;2687795.828750;"0.004012999";"darwin";"74.63.50.44";"speedtest";1339989762;778841.611456;0.056615;"ac008ee9-df9b-425b-a370-34b57dce1b90";7922;"IL";"Peoria";3;6;2012;0;18;"20120618"
"76.169.71.176";"US";-118.273400;33.963800;"AS20001 Time Warner Cable Internet LLC";"mlab3-lga01";0.090717;2116681.246577;"0.004011999";"win32";"74.63.50.44";"bittorrent";1339990776;97379.782385;-1.000000;"2f0c137b-7982-4d9c-b50a-c362f2d810e0";20001;"CA";"Los Angeles";3;6;2012;0;18;"20120618"
"69.143.19.17";"US";-77.104300;38.881000;"AS7922 Comcast Cable Communications, Inc.";"mlab3-lga01";0.025934;1093041.190629;"0.004012999";"darwin";"74.63.50.44";"bittorrent";1339992774;173243.060282;-1.000000;"9b4267aa-e8b7-40bb-a139-5ad1187a6f5d";7922;"VA";"Arlington";4;6;2012;0;18;"20120618"
"96.236.133.97";"US";-79.995900;40.440600;"AS701 MCI Communications Services, Inc. d/b/a Verizon Business";"mlab3-lga01";1.082772;327324.966648;"0.004012999";"linux2";"74.63.50.44";"speedtest";1339992967;122832.948899;0.043715;"002bd52f-5f9d-42eb-9ce6-e310c9db525a";701;"PA";"Pittsburgh";4;6;2012;0;18;"20120618"
"132.161.219.98";"US";-92.717600;41.721700;"AS22949 Grinnell College";"mlab3-lga01";0.045648;964069.049592;"0.004012999";"win32";"74.63.50.44";"bittorrent";1339993078;324605.907693;-1.000000;"de23301c-c09c-4e47-aa2b-90a625720856";22949;"IA";"Grinnell";4;6;2012;0;18;"20120618"
"70.113.90.176";"US";-97.722700;30.310600;"AS11427 Time Warner Cable Internet LLC";"mlab3-lga01";0.069966;1323696.212451;"0.004012999";"win32";"74.63.50.44";"bittorrent";1339994124;205178.683692;-1.000000;"f957f544-b6fe-4e0c-b05d-e4a409241054";11427;"TX";"Austin";4;6;2012;0;18;"20120618"
"72.181.251.247";"US";-96.771500;32.833900;"AS11427 Time Warner Cable Internet LLC";"mlab3-lga01";0.052253;2053941.324067;"0.004012999";"darwin";"74.63.50.44";"bittorrent";1339994256;225403.832844;-1.000000;"ec56ca67-ca5b-4ee7-a615-8743ebac3e8a";11427;"TX";"Dallas";4;6;2012;0;18;"20120618"
"76.112.203.189";"US";-83.144600;42.489500;"AS7922 Comcast Cable Communications, Inc.";"mlab3-lga01";0.040069;2246220.903375;"0.004012999";"win32";"74.63.50.44";"bittorrent";1339994262;789458.211534;-1.000000;"5cb4931f-bf67-49bf-a4ec-d36d7495a682";7922;"MI";"Royal Oak";4;6;2012;0;18;"20120618"
"71.89.124.38";"US";-88.736400;44.638200;"AS20115 Charter Communications";"mlab3-lga01";0.041079;1631441.052735;"0.004012999";"win32";"74.63.50.44";"bittorrent";1339994295;401410.054814;-1.000000;"0730ff7f-47eb-4e84-99b1-016150556fb6";20115;"WI";"Clintonville";4;6;2012;0;18;"20120618"
"71.204.91.144";"US";-84.447700;34.119000;"AS7922 Comcast Cable Communications, Inc.";"mlab3-lga01";0.041745;810122.993160;"0.004012999";"darwin";"74.63.50.44";"bittorrent";1339994693;513056.359587;-1.000000;"4b4fa0bc-987b-4105-9a0b-83e736a6503c";7922;"GA";"Woodstock";4;6;2012;0;18;"20120618"
"209.155.86.74";"US";-77.426000;43.100500;"AS1785 PaeTec Communications, Inc.";"mlab3-lga01";0.025668;307834.073254;"0.004012999";"win32";"74.63.50.44";"speedtest";1339994793;39757.088277;0.038009;"4841c017-4566-4afc-a805-ba458ccb2be1";1785;"NY";"Fairport";4;6;2012;0;18;"20120618"
"97.126.49.211";"US";-122.217100;47.482900;"AS209 NOVARTIS-DMZ-US";"mlab3-lga01";0.120052;422637.464422;"0.004012999";"darwin";"74.63.50.44";"bittorrent";1339994920;89674.762818;-1.000000;"8e65a2a9-47d4-4adc-a937-76425a1f5bfe";209;"WA";"Renton";4;6;2012;0;18;"20120618"
"98.206.101.228";"US";-87.655100;41.937300;"AS7922 Comcast Cable Communications, Inc.";"mlab3-lga01";0.030680;2829809.552710;"0.004012999";"win32";"74.63.50.44";"speedtest";1339995006;514636.280479;0.036112;"1b8a7968-95b4-4827-8260-84d7e02b3d53";7922;"IL";"Chicago";4;6;2012;0;18;"20120618"
"98.243.192.146";"US";-84.594100;42.860200;"AS7922 Comcast Cable Communications, Inc.";"mlab3-lga01";0.036423;1599485.206097;"0.004012999";"darwin";"74.63.50.44";"bittorrent";1339995401;470897.871036;-1.000000;"69a61dac-c7ac-4b16-b86b-4bd2f3990f62";7922;"MI";"Dewitt";4;6;2012;0;18;"20120618"
"173.160.133.65";"US";-122.449200;47.151100;"AS7922 Comcast Cable Communications, Inc.";"mlab3-lga01";0.086686;428071.643123;"0.004012999";"win32";"74.63.50.44";"bittorrent";1339995655;323727.297388;-1.000000;"cd29f4ce-ebe9-47c8-8b18-9406a9618ac1";7922;"WA";"Tacoma";5;6;2012;0;18;"20120618"
"71.89.124.38";"US";-88.736400;44.638200;"AS20115 Charter Communications";"mlab3-lga01";0.041596;2170763.397950;"0.004012999";"win32";"74.63.50.44";"speedtest";1339995842;365561.217544;0.044100;"0730ff7f-47eb-4e84-99b1-016150556fb6";20115;"WI";"Clintonville";5;6;2012;0;18;"20120618"
"69.249.238.83";"US";-75.163800;39.952300;"AS7922 Comcast Cable Communications, Inc.";"mlab3-lga01";0.134918;474509.263708;"0.004012999";"win32";"74.63.50.44";"bittorrent";1339996090;72416.789840;-1.000000;"a49b9e19-6f47-4dc7-8196-0fc4dbc9e641";7922;"PA";"Philadelphia";5;6;2012;0;18;"20120618"
"98.214.132.10";"US";-89.589000;40.693600;"AS7922 Comcast Cable Communications, Inc.";"mlab3-lga01";0.044789;1364984.514520;"0.004012999";"darwin";"74.63.50.44";"speedtest";1339996107;764392.459245;0.047755;"ac008ee9-df9b-425b-a370-34b57dce1b90";7922;"IL";"Peoria";5;6;2012;0;18;"20120618"
"99.92.88.210";"US";-122.030700;37.353700;"AS7018 AT&T Services, Inc.";"mlab3-lga01";0.106768;711436.051742;"0.004012999";"darwin";"74.63.50.44";"speedtest";1339996122;170058.354238;0.109907;"13cf72ab-670c-4dc7-8fad-aa9a41f4355d";7018;"CA";"Sunnyvale";5;6;2012;0;18;"20120618"
"75.127.236.122";"US";-97.000000;38.000000;"AS6128 Cablevision Systems Corp.";"mlab3-lga01";0.012808;4161030.287610;"0.004012999";"win32";"74.63.50.44";"speedtest";1339996173;646526.777489;0.013312;"560c097a-1dfa-4e05-9893-bdc56e35afc3";6128;"";"";5;6;2012;0;18;"20120618"
"68.58.125.60";"US";-86.158000;39.768400;"AS7922 Comcast Cable Communications, Inc.";"mlab3-lga01";0.105978;1744593.274339;"0.004012999";"darwin";"74.63.50.44";"bittorrent";1339996835;519526.141095;-1.000000;"9ad7184c-eb25-4754-a40f-91e4262a9d35";7922;"IN";"Indianapolis";5;6;2012;0;18;"20120618"
"184.76.153.6";"US";-96.948900;32.814000;"AS16586 CLEARWIRE - CLEAR WIRELESS LLC";"mlab3-lga01";0.079463;402246.578103;"0.004012999";"win32";"74.63.50.44";"bittorrent";1339997162;108111.113704;-1.000000;"01b5bd21-bfbf-4fa6-a4bc-c89f3cfd177c";16586;"TX";"Irving";5;6;2012;0;18;"20120618"
"206.255.246.41";"US";-94.740500;32.500700;"AS53508 Cablelynx";"mlab3-lga01";0.054320;1233320.946800;"0.004012999";"win32";"74.63.50.44";"speedtest";1339997558;180585.379685;0.056917;"3a5b4ca4-0887-432d-a115-9f646a867cdb";53508;"TX";"Longview";5;6;2012;0;18;"20120618"
"98.243.192.146";"US";-84.594100;42.860200;"AS7922 Comcast Cable Communications, Inc.";"mlab3-lga01";0.038937;1594664.163438;"0.004012999";"darwin";"74.63.50.44";"bittorrent";1339998524;458426.470237;-1.000000;"69a61dac-c7ac-4b16-b86b-4bd2f3990f62";7922;"MI";"Dewitt";5;6;2012;0;18;"20120618"
"96.236.133.97";"US";-79.995900;40.440600;"AS701 MCI Communications Services, Inc. d/b/a Verizon Business";"mlab3-lga01";0.244703;218937.520846;"0.004012999";"linux2";"74.63.50.44";"speedtest";1339998714;73627.921270;0.193335;"002bd52f-5f9d-42eb-9ce6-e310c9db525a";701;"PA";"Pittsburgh";5;6;2012;0;18;"20120618"
"184.177.72.227";"US";-97.000000;38.000000;"AS22773 Cox Communications Inc.";"mlab3-lga01";0.082233;445691.863138;"0.004012999";"win32";"74.63.50.44";"bittorrent";1339998736;775053.055449;-1.000000;"e9aa2936-1c50-4b9d-89e4-2daad232b753";22773;"";"";5;6;2012;0;18;"20120618"
"99.92.88.210";"US";-122.030700;37.353700;"AS7018 AT&T Services, Inc.";"mlab3-lga01";0.105770;690899.545077;"0.004012999";"darwin";"74.63.50.44";"speedtest";1339999048;171323.634249;0.107949;"13cf72ab-670c-4dc7-8fad-aa9a41f4355d";7018;"CA";"Sunnyvale";5;6;2012;0;18;"20120618"
"72.81.232.139";"US";-76.837500;39.174900;"AS701 MCI Communications Services, Inc. d/b/a Verizon Business";"mlab3-lga01";0.037193;1609132.996755;"0.004012999";"darwin";"74.63.50.44";"bittorrent";1340000119;255183.614535;-1.000000;"5d2377cf-2e67-40be-b1dc-e439a545da6f";701;"MD";"Columbia";6;6;2012;0;18;"20120618"
"71.187.199.3";"US";-74.216400;40.816200;"AS701 MCI Communications Services, Inc. d/b/a Verizon Business";"mlab3-lga01";0.021028;4897139.735520;"0.004011999";"win32";"74.63.50.44";"speedtest";1340000291;1440310.541530;0.012295;"a9bde20f-2872-443c-8e9b-a2f6f162c91d";701;"NJ";"Montclair";6;6;2012;0;18;"20120618"
"173.13.134.218";"US";-122.272800;37.871600;"AS7922 Comcast Cable Communications, Inc.";"mlab3-lga01";0.091915;68744.347399;"0.004012999";"win32";"74.63.50.44";"speedtest";1340000532;16568.897627;0.400596;"8e5e07f2-51cd-4166-87e4-9b8eed9d0504";7922;"CA";"Berkeley";6;6;2012;0;18;"20120618"
"98.157.202.20";"US";-87.413900;39.466700;"AS10796 Time Warner Cable Internet LLC";"mlab3-lga01";0.043469;1309666.704110;"0.004011999";"win32";"74.63.50.44";"speedtest";1340001087;59360.140899;0.076914;"9c0fa0e1-b625-407b-8e5d-f979a63c0e77";10796;"IN";"Terre Haute";6;6;2012;0;18;"20120618"
"96.2.48.78";"US";-96.983300;42.836900;"AS11232 Midcontinent Media, Inc.";"mlab3-lga01";0.229897;1264635.275404;"0.004011999";"win32";"74.63.50.44";"bittorrent";1340001359;518637.982812;-1.000000;"a7ed429a-44c3-4195-a0e5-7eac41680125";11232;"SD";"Vermillion";6;6;2012;0;18;"20120618"
"24.46.196.47";"US";-73.686200;40.793900;"AS6128 Cablevision Systems Corp.";"mlab3-lga01";0.010701;2620791.763070;"0.004012999";"win32";"74.63.50.44";"speedtest";1340001374;263497.657766;0.015094;"103cc2f1-ddd5-4016-83cc-cdd357e7a81a";6128;"NY";"Manhasset";6;6;2012;0;18;"20120618"
"76.112.203.189";"US";-83.144600;42.489500;"AS7922 Comcast Cable Communications, Inc.";"mlab3-lga01";0.040660;1654358.765840;"0.004012999";"win32";"74.63.50.44";"speedtest";1340002070;768268.881680;0.042304;"5cb4931f-bf67-49bf-a4ec-d36d7495a682";7922;"MI";"Royal Oak";6;6;2012;0;18;"20120618"
"71.192.154.157";"US";-71.051200;42.406300;"AS7922 Comcast Cable Communications, Inc.";"mlab3-lga01";0.017555;759161.317029;"0.004012999";"darwin";"74.63.50.44";"speedtest";1340002208;446905.500328;0.019510;"65fb0ed5-8aab-4ca3-973b-6f6abd2e24d4";7922;"MA";"Everett";6;6;2012;0;18;"20120618"
"75.145.125.61";"US";-104.984700;39.739200;"AS7922 Comcast Cable Communications, Inc.";"mlab3-lga01";0.058304;2688260.400196;"0.004012999";"linux2";"74.63.50.44";"bittorrent";1340003342;832637.495441;-1.000000;"d3080793-9920-4346-9c49-3a102587393e";7922;"CO";"Denver";7;6;2012;0;18;"20120618"
"71.190.171.206";"US";-73.525400;40.767000;"AS701 MCI Communications Services, Inc. d/b/a Verizon Business";"mlab3-lga01";0.006874;3775255.914860;"0.004012999";"linux2";"74.63.50.44";"speedtest";1340003422;3195951.829390;0.009862;"dfd87da2-1968-48ac-9bd2-5469644e29e4";701;"NY";"Hicksville";7;6;2012;0;18;"20120618"
"74.103.162.36";"US";-75.114700;40.427800;"AS701 MCI Communications Services, Inc. d/b/a Verizon Business";"mlab3-lga01";0.018531;1876605.202510;"0.004012999";"darwin";"74.63.50.44";"speedtest";1340003755;659942.346652;0.018187;"4eec0d76-fa70-4b4c-91f9-8cb1b74b0682";701;"PA";"Pipersville";7;6;2012;0;18;"20120618"
"98.206.101.228";"US";-87.655100;41.937300;"AS7922 Comcast Cable Communications, Inc.";"mlab3-lga01";0.031379;2776489.282860;"0.004012999";"win32";"74.63.50.44";"speedtest";1340004157;515258.708520;0.032265;"1b8a7968-95b4-4827-8260-84d7e02b3d53";7922;"IL";"Chicago";7;6;2012;0;18;"20120618"
"71.237.28.39";"US";-104.984700;39.739200;"AS7922 Comcast Cable Communications, Inc.";"mlab3-lga01";0.056458;964702.199615;"0.004012999";"darwin";"74.63.50.44";"speedtest";1340005016;384867.961408;0.285669;"95e96326-78fe-4507-8b06-f60611a1b7ad";7922;"CO";"Denver";7;6;2012;0;18;"20120618"
"68.58.125.60";"US";-86.158000;39.768400;"AS7922 Comcast Cable Communications, Inc.";"mlab3-lga01";0.038580;1599724.221490;"0.004012999";"darwin";"74.63.50.44";"speedtest";1340005054;507979.092863;0.043041;"9ad7184c-eb25-4754-a40f-91e4262a9d35";7922;"IN";"Indianapolis";7;6;2012;0;18;"20120618"
"70.122.243.11";"US";-97.015000;32.954600;"AS11427 Time Warner Cable Internet LLC";"mlab3-lga01";0.064575;3152238.260450;"0.004012999";"win32";"74.63.50.44";"speedtest";1340005687;513309.800183;0.065293;"bab8f612-1f34-46c2-a83e-fbaa7a2f8fa7";11427;"TX";"Coppell";7;6;2012;0;18;"20120618"
"72.81.232.139";"US";-76.837500;39.174900;"AS701 MCI Communications Services, Inc. d/b/a Verizon Business";"mlab3-lga01";0.064584;1654021.387254;"0.004012999";"darwin";"74.63.50.44";"bittorrent";1340005695;254141.999515;-1.000000;"5d2377cf-2e67-40be-b1dc-e439a545da6f";701;"MD";"Columbia";7;6;2012;0;18;"20120618"
"208.57.38.36";"US";-117.164900;32.807200;"AS14265 Telepacific Communications";"mlab3-lga01";0.088908;181240.149983;"0.004011999";"linux2";"74.63.50.44";"bittorrent";1340005945;181372.975374;-1.000000;"71bb2b47-414f-414d-b8ff-f1237c21f432";14265;"CA";"San Diego";7;6;2012;0;18;"20120618"
"99.21.145.140";"US";-121.382800;38.626300;"AS7132 AS for SBIS-AS";"mlab3-lga01";0.104744;1157649.950133;"0.004012999";"win32";"74.63.50.44";"bittorrent";1340006807;175622.874177;-1.000000;"ebeab1c8-defc-4fef-8be3-daa7088a0954";7132;"CA";"Sacramento";8;6;2012;0;18;"20120618"
"24.2.64.100";"US";-112.008200;40.477400;"AS7922 Comcast Cable Communications, Inc.";"mlab3-lga01";0.069040;848988.781492;"0.004012999";"win32";"74.63.50.44";"speedtest";1340007924;137059.469119;0.073631;"9a8766b6-803d-48fa-b02a-2091ff6f496e";7922;"UT";"Riverton";8;6;2012;0;18;"20120618"
"68.40.93.208";"US";-82.582300;42.637600;"AS7922 Comcast Cable Communications, Inc.";"mlab3-lga01";0.044149;1791349.307988;"0.004011999";"win32";"74.63.50.44";"bittorrent";1340008237;407554.031447;-1.000000;"5ddd06da-64ad-444c-b2c0-525541d4d177";7922;"MI";"Algonac";8;6;2012;0;18;"20120618"
"99.104.57.129";"US";-87.701600;41.975900;"AS7018 AT&T Services, Inc.";"mlab3-lga01";0.262954;63735.306715;"0.004012999";"darwin";"74.63.50.44";"speedtest";1340008346;9386.861246;0.320274;"d6f10baf-3b6d-47fb-999c-6d4188d2d4b2";7018;"IL";"Chicago";8;6;2012;0;18;"20120618"
"207.231.92.41";"US";-121.370600;38.784300;"AS14051 Roseville Telephone Company";"mlab3-lga01";0.077239;3244215.129189;"0.004012999";"win32";"74.63.50.44";"bittorrent";1340008761;2453102.655813;-1.000000;"cb121e1a-4701-4c5a-91b5-29c9df2b10c0";14051;"CA";"Roseville";8;6;2012;0;18;"20120618"
"69.143.19.17";"US";-77.104300;38.881000;"AS7922 Comcast Cable Communications, Inc.";"mlab3-lga01";0.022199;3159719.400514;"0.004012999";"darwin";"74.63.50.44";"bittorrent";1340009488;535352.030897;-1.000000;"9b4267aa-e8b7-40bb-a139-5ad1187a6f5d";7922;"VA";"Arlington";8;6;2012;0;18;"20120618"
"76.112.203.189";"US";-83.144600;42.489500;"AS7922 Comcast Cable Communications, Inc.";"mlab3-lga01";0.039944;2176041.489148;"0.004012999";"win32";"74.63.50.44";"bittorrent";1340009881;787358.491426;-1.000000;"5cb4931f-bf67-49bf-a4ec-d36d7495a682";7922;"MI";"Royal Oak";8;6;2012;0;18;"20120618"
"209.155.86.74";"US";-77.426000;43.100500;"AS1785 PaeTec Communications, Inc.";"mlab3-lga01";0.022780;359292.365104;"0.004012999";"win32";"74.63.50.44";"bittorrent";1340010134;60057.545820;-1.000000;"4841c017-4566-4afc-a805-ba458ccb2be1";1785;"NY";"Fairport";9;6;2012;0;18;"20120618"
"173.20.36.131";"US";-91.455800;40.452000;"AS30036 Mediacom Communications Corp";"mlab3-lga01";0.058265;707953.548320;"0.004012999";"win32";"74.63.50.44";"bittorrent";1340011812;177665.515663;-1.000000;"6b87ac46-1206-4d9c-afa5-d5cab4a872d6";30036;"IA";"Keokuk";9;6;2012;0;18;"20120618"
"71.237.28.39";"US";-104.984700;39.739200;"AS7922 Comcast Cable Communications, Inc.";"mlab3-lga01";0.057103;1140085.450147;"0.004012999";"darwin";"74.63.50.44";"bittorrent";1340011991;437791.200996;-1.000000;"95e96326-78fe-4507-8b06-f60611a1b7ad";7922;"CO";"Denver";9;6;2012;0;18;"20120618"
"50.12.211.162";"US";-93.263800;44.980000;"AS16586 CLEARWIRE - CLEAR WIRELESS LLC";"mlab3-lga01";0.101869;310426.498083;"0.004012999";"darwin";"74.63.50.44";"speedtest";1340012621;141061.854499;0.103396;"3955a411-3e83-4a8e-aa8e-165233e306e9";16586;"MN";"Minneapolis";9;6;2012;0;18;"20120618"
"67.172.130.152";"US";-104.821400;38.833900;"AS7922 Comcast Cable Communications, Inc.";"mlab3-lga01";0.059231;3131402.064439;"0.004012999";"darwin";"74.63.50.44";"bittorrent";1340012691;305814.954079;-1.000000;"e83583f7-4c54-4291-a929-2fd12fd286f5";7922;"CO";"Colorado Springs";9;6;2012;0;18;"20120618"
"98.251.77.68";"US";-83.949600;33.512000;"AS7922 Comcast Cable Communications, Inc.";"mlab3-lga01";0.042495;2926246.950890;"0.004011999";"win32";"74.63.50.44";"speedtest";1340013400;490676.614621;0.043030;"cbfab653-aed3-47c3-b7d0-e4159cab6582";7922;"GA";"Covington";9;6;2012;0;18;"20120618"
"98.206.101.228";"US";-87.655100;41.937300;"AS7922 Comcast Cable Communications, Inc.";"mlab3-lga01";0.031651;3153050.010530;"0.004012999";"win32";"74.63.50.44";"speedtest";1340014335;516002.525055;0.032899;"1b8a7968-95b4-4827-8260-84d7e02b3d53";7922;"IL";"Chicago";10;6;2012;0;18;"20120618"
"75.127.236.122";"US";-97.000000;38.000000;"AS6128 Cablevision Systems Corp.";"mlab3-lga01";0.012433;4477040.741791;"0.004012999";"win32";"74.63.50.44";"bittorrent";1340014547;645572.021822;-1.000000;"560c097a-1dfa-4e05-9893-bdc56e35afc3";6128;"";"";10;6;2012;0;18;"20120618"
"71.118.241.200";"US";-118.880000;34.213300;"AS701 MCI Communications Services, Inc. d/b/a Verizon Business";"mlab3-lga01";0.080667;2649501.345910;"0.004012999";"darwin";"74.63.50.44";"speedtest";1340015177;879603.430483;0.080958;"6240ede4-4770-4ab9-a1a5-5df49c84c463";701;"CA";"Thousand Oaks";10;6;2012;0;18;"20120618"
"96.2.48.78";"US";-96.983300;42.836900;"AS11232 Midcontinent Media, Inc.";"mlab3-lga01";0.237358;1191898.378630;"0.004011999";"win32";"74.63.50.44";"speedtest";1340016099;536307.284567;0.052082;"a7ed429a-44c3-4195-a0e5-7eac41680125";11232;"SD";"Vermillion";10;6;2012;0;18;"20120618"
"69.249.238.83";"US";-75.163800;39.952300;"AS7922 Comcast Cable Communications, Inc.";"mlab3-lga01";0.150972;2340446.189980;"0.004012999";"win32";"74.63.50.44";"speedtest";1340016457;151574.393621;0.196278;"a49b9e19-6f47-4dc7-8196-0fc4dbc9e641";7922;"PA";"Philadelphia";10;6;2012;0;18;"20120618"
"71.204.91.144";"US";-84.447700;34.119000;"AS7922 Comcast Cable Communications, Inc.";"mlab3-lga01";0.042357;1264288.893630;"0.004012999";"darwin";"74.63.50.44";"speedtest";1340017047;513729.019004;0.045059;"4b4fa0bc-987b-4105-9a0b-83e736a6503c";7922;"GA";"Woodstock";10;6;2012;0;18;"20120618"
"75.132.191.176";"US";-89.899800;38.512100;"AS20115 Charter Communications";"mlab3-lga01";0.034642;2293354.449795;"0.004012999";"win32";"74.63.50.44";"bittorrent";1340017263;401187.207334;-1.000000;"c08311ac-7edd-4390-b447-4ca484b5dacc";20115;"IL";"Belleville";11;6;2012;0;18;"20120618"
"98.243.192.146";"US";-84.594100;42.860200;"AS7922 Comcast Cable Communications, Inc.";"mlab3-lga01";0.042187;1647563.075443;"0.004012999";"darwin";"74.63.50.44";"bittorrent";1340017291;472663.262069;-1.000000;"69a61dac-c7ac-4b16-b86b-4bd2f3990f62";7922;"MI";"Dewitt";11;6;2012;0;18;"20120618"
"67.172.130.152";"US";-104.821400;38.833900;"AS7922 Comcast Cable Communications, Inc.";"mlab3-lga01";0.069184;2906529.948790;"0.004012999";"darwin";"74.63.50.44";"speedtest";1340017553;312437.086860;0.061360;"e83583f7-4c54-4291-a929-2fd12fd286f5";7922;"CO";"Colorado Springs";11;6;2012;0;18;"20120618"
"69.143.19.17";"US";-77.104300;38.881000;"AS7922 Comcast Cable Communications, Inc.";"mlab3-lga01";0.022903;3093947.180450;"0.004012999";"darwin";"74.63.50.44";"speedtest";1340017612;504590.021973;0.028925;"9b4267aa-e8b7-40bb-a139-5ad1187a6f5d";7922;"VA";"Arlington";11;6;2012;0;18;"20120618"
"99.21.145.140";"US";-121.382800;38.626300;"AS7132 AS for SBIS-AS";"mlab3-lga01";0.104350;958368.200477;"0.004012999";"win32";"74.63.50.44";"speedtest";1340017978;155547.815139;0.105415;"ebeab1c8-defc-4fef-8be3-daa7088a0954";7132;"CA";"Sacramento";11;6;2012;0;18;"20120618"
"24.22.135.177";"US";-122.332100;47.606200;"AS7922 Comcast Cable Communications, Inc.";"mlab3-lga01";0.081961;2815380.050519;"0.004012999";"linux2";"74.63.50.44";"bittorrent";1340019489;451270.771810;-1.000000;"04cea472-6610-42db-acd2-c644a3d4447f";7922;"WA";"Seattle";11;6;2012;0;18;"20120618"
"74.103.162.36";"US";-75.114700;40.427800;"AS701 MCI Communications Services, Inc. d/b/a Verizon Business";"mlab3-lga01";0.015963;1822501.398440;"0.004012999";"darwin";"74.63.50.44";"speedtest";1340019870;662439.701846;0.018418;"4eec0d76-fa70-4b4c-91f9-8cb1b74b0682";701;"PA";"Pipersville";11;6;2012;0;18;"20120618"
"75.132.191.176";"US";-89.899800;38.512100;"AS20115 Charter Communications";"mlab3-lga01";0.034181;3228211.246704;"0.004012999";"win32";"74.63.50.44";"bittorrent";1340020207;405898.312188;-1.000000;"c08311ac-7edd-4390-b447-4ca484b5dacc";20115;"IL";"Belleville";11;6;2012;0;18;"20120618"
"24.130.152.60";"US";-122.088500;37.709000;"AS7922 Comcast Cable Communications, Inc.";"mlab3-lga01";0.088701;3409721.822403;"0.004012999";"darwin";"74.63.50.44";"bittorrent";1340022071;779451.834098;-1.000000;"92ef1dc6-e5b9-40c8-800b-cc909779319d";7922;"CA";"Castro Valley";12;6;2012;0;18;"20120618"
"99.104.57.129";"US";-87.701600;41.975900;"AS7018 AT&T Services, Inc.";"mlab3-lga01";0.277704;159268.155176;"0.004012999";"darwin";"74.63.50.44";"bittorrent";1340022106;20429.930622;-1.000000;"d6f10baf-3b6d-47fb-999c-6d4188d2d4b2";7018;"IL";"Chicago";12;6;2012;0;18;"20120618"
"205.178.18.107";"US";-87.623800;41.884900;"AS6079 RCN";"mlab3-lga01";0.047716;2058282.893480;"0.004011999";"win32";"74.63.50.44";"bittorrent";1340022127;232686.855683;-1.000000;"e98788b3-c49f-4266-b003-f95ea1c0e2a0";6079;"IL";"Chicago";12;6;2012;0;18;"20120618"
"69.249.238.83";"US";-75.163800;39.952300;"AS7922 Comcast Cable Communications, Inc.";"mlab3-lga01";0.284700;2890928.555440;"0.004012999";"win32";"74.63.50.44";"speedtest";1340022696;69749.161460;0.276089;"a49b9e19-6f47-4dc7-8196-0fc4dbc9e641";7922;"PA";"Philadelphia";12;6;2012;0;18;"20120618"
"69.40.88.159";"US";-83.046200;31.120000;"AS7029 Windstream Communications Inc";"mlab3-lga01";0.051282;41301.725545;"0.004011999";"win32";"74.63.50.44";"bittorrent";1340024088;68022.524767;-1.000000;"de6fbf44-b9c6-4959-9089-5bd76562acd2";7029;"GA";"Lakeland";12;6;2012;0;18;"20120618"
"98.243.192.146";"US";-84.594100;42.860200;"AS7922 Comcast Cable Communications, Inc.";"mlab3-lga01";0.040119;1540903.558340;"0.004012999";"darwin";"74.63.50.44";"speedtest";1340025115;463411.544641;0.045272;"69a61dac-c7ac-4b16-b86b-4bd2f3990f62";7922;"MI";"Dewitt";13;6;2012;0;18;"20120618"
"99.130.96.199";"US";-117.490800;33.932900;"AS7018 AT&T Services, Inc.";"mlab3-lga01";0.101208;1161382.879730;"0.004012999";"linux2";"74.63.50.44";"speedtest";1340025608;171636.417725;0.102346;"0a3b2944-23c0-4116-a068-0d5627c0dec9";7018;"CA";"Riverside";13;6;2012;0;18;"20120618"
"207.231.92.41";"US";-121.370600;38.784300;"AS14051 Roseville Telephone Company";"mlab3-lga01";0.077348;3280311.471454;"0.004012999";"win32";"74.63.50.44";"bittorrent";1340025933;2475380.390347;-1.000000;"cb121e1a-4701-4c5a-91b5-29c9df2b10c0";14051;"CA";"Roseville";13;6;2012;0;18;"20120618"
"108.58.78.250";"US";-73.587600;40.755700;"AS6128 Cablevision Systems Corp.";"mlab3-lga01";0.011192;3790837.946311;"0.004011999";"win32";"74.63.50.44";"bittorrent";1340026386;633676.430836;-1.000000;"63a2819d-1e01-4d29-9601-39befed63efa";6128;"NY";"Westbury";13;6;2012;0;18;"20120618"
"76.169.71.176";"US";-118.273400;33.963800;"AS20001 Time Warner Cable Internet LLC";"mlab3-lga01";0.098743;1199239.778730;"0.004011999";"win32";"74.63.50.44";"speedtest";1340026607;117684.384516;0.097315;"2f0c137b-7982-4d9c-b50a-c362f2d810e0";20001;"CA";"Los Angeles";13;6;2012;0;18;"20120618"
"208.52.154.53";"US";-84.443200;33.793000;"AS13703 BroadRiver Communication Corp.";"mlab3-lga01";0.032412;3549270.338014;"0.004010999";"win32";"74.63.50.44";"bittorrent";1340027098;997817.115097;-1.000000;"5a94fb06-4ffc-4b82-bc99-552f47212e96";13703;"GA";"Atlanta";13;6;2012;0;18;"20120618"
"72.33.255.98";"US";-89.410400;43.076100;"AS59 University of Wisconsin Madison";"mlab3-lga01";0.038453;405278.048759;"0.004012999";"darwin";"74.63.50.44";"bittorrent";1340027098;3217390.429976;-1.000000;"3f295a53-7a79-47cb-bd75-f79b53a6ae22";59;"WI";"Madison";13;6;2012;0;18;"20120618"
"69.40.88.159";"US";-83.046200;31.120000;"AS7029 Windstream Communications Inc";"mlab3-lga01";0.060326;7406.261730;"0.004011999";"win32";"74.63.50.44";"bittorrent";1340027265;77001.266079;-1.000000;"de6fbf44-b9c6-4959-9089-5bd76562acd2";7029;"GA";"Lakeland";13;6;2012;0;18;"20120618"
"69.143.19.17";"US";-77.104300;38.881000;"AS7922 Comcast Cable Communications, Inc.";"mlab3-lga01";0.021920;3156006.764304;"0.004012999";"darwin";"74.63.50.44";"bittorrent";1340027362;484816.782594;-1.000000;"9b4267aa-e8b7-40bb-a139-5ad1187a6f5d";7922;"VA";"Arlington";13;6;2012;0;18;"20120618"
"74.163.8.166";"US";-86.875000;30.446700;"AS6389 BellSouth.net Inc.";"mlab3-lga01";0.066622;425049.079785;"0.004012999";"win32";"74.63.50.44";"bittorrent";1340027751;48696.731400;-1.000000;"4565989b-987f-4c3c-aa75-a740afde3068";6389;"FL";"Navarre";13;6;2012;0;18;"20120618"
"50.83.240.108";"US";-95.977900;45.232200;"AS30036 Mediacom Communications Corp";"mlab3-lga01";0.041752;1428981.185690;"0.004012999";"darwin";"74.63.50.44";"speedtest";1340027758;286788.113914;0.043818;"43af2f72-3dc4-4824-9ff7-faa06a3cb206";30036;"MN";"Appleton";13;6;2012;0;18;"20120618"
"184.76.153.6";"US";-96.948900;32.814000;"AS16586 CLEARWIRE - CLEAR WIRELESS LLC";"mlab3-lga01";0.102162;989750.142963;"0.004012999";"win32";"74.63.50.44";"speedtest";1340027775;94870.625410;0.151896;"01b5bd21-bfbf-4fa6-a4bc-c89f3cfd177c";16586;"TX";"Irving";13;6;2012;0;18;"20120618"
"75.140.153.254";"US";-121.654400;37.130500;"AS20115 Charter Communications";"mlab3-lga01";0.088654;5458402.690763;"0.004012999";"darwin";"74.63.50.44";"bittorrent";1340028581;639688.112188;-1.000000;"a039434c-d8c0-4f4d-8050-4153de22c986";20115;"CA";"Morgan Hill";14;6;2012;0;18;"20120618"
"67.172.130.152";"US";-104.821400;38.833900;"AS7922 Comcast Cable Communications, Inc.";"mlab3-lga01";0.057885;2907075.601880;"0.004012999";"darwin";"74.63.50.44";"speedtest";1340030496;382991.639967;0.061579;"e83583f7-4c54-4291-a929-2fd12fd286f5";7922;"CO";"Colorado Springs";14;6;2012;0;18;"20120618"
"98.207.87.80";"US";-122.299100;37.409600;"AS7922 Comcast Cable Communications, Inc.";"mlab3-lga01";0.148154;3075978.819481;"0.004012999";"darwin";"74.63.50.44";"bittorrent";1340031254;251418.539496;-1.000000;"0f7d671c-779f-4f63-8f54-ca28fcc35fd6";7922;"CA";"Redwood City";14;6;2012;0;18;"20120618"
"75.127.236.122";"US";-97.000000;38.000000;"AS6128 Cablevision Systems Corp.";"mlab3-lga01";0.012506;4249446.619830;"0.004012999";"win32";"74.63.50.44";"bittorrent";1340031714;616246.792938;-1.000000;"560c097a-1dfa-4e05-9893-bdc56e35afc3";6128;"";"";15;6;2012;0;18;"20120618"
"24.2.64.100";"US";-112.008200;40.477400;"AS7922 Comcast Cable Communications, Inc.";"mlab3-lga01";0.068263;925735.780535;"0.004012999";"win32";"74.63.50.44";"bittorrent";1340031923;138886.315199;-1.000000;"9a8766b6-803d-48fa-b02a-2091ff6f496e";7922;"UT";"Riverton";15;6;2012;0;18;"20120618"
"96.2.48.78";"US";-96.983300;42.836900;"AS11232 Midcontinent Media, Inc.";"mlab3-lga01";0.047395;2581297.034230;"0.004012999";"win32";"74.63.50.44";"bittorrent";1340033002;625602.327816;-1.000000;"5445103e-8ecb-4c12-b5f3-066ee6208757";11232;"SD";"Vermillion";15;6;2012;0;18;"20120618"
"50.78.87.177";"US";-106.097500;39.574400;"AS7922 Comcast Cable Communications, Inc.";"mlab3-lga01";0.063881;937859.558615;"0.004012999";"win32";"74.63.50.44";"speedtest";1340033431;782011.992298;0.063345;"c4393561-5207-49e8-879a-bbb805c9188f";7922;"CO";"Frisco";15;6;2012;0;18;"20120618"
"76.10.12.242";"US";-88.242600;40.112500;"AS46925 PAVLOV MEDIA INC";"mlab3-lga01";0.028862;1908145.810830;"0.004012999";"win32";"74.63.50.44";"speedtest";1340033520;1736661.731610;0.030788;"b2c93218-2fa2-4a04-be8b-f4553cb22e1a";46925;"IL";"Champaign";15;6;2012;0;18;"20120618"
"98.157.202.20";"US";-87.413900;39.466700;"AS10796 Time Warner Cable Internet LLC";"mlab3-lga01";0.040871;1697949.571183;"0.004011999";"win32";"74.63.50.44";"bittorrent";1340033932;106019.759055;-1.000000;"9c0fa0e1-b625-407b-8e5d-f979a63c0e77";10796;"IN";"Terre Haute";15;6;2012;0;18;"20120618"
"68.58.125.60";"US";-86.158000;39.768400;"AS7922 Comcast Cable Communications, Inc.";"mlab3-lga01";0.037344;1555240.930720;"0.004012999";"darwin";"74.63.50.44";"speedtest";1340034476;515800.795711;0.042648;"9ad7184c-eb25-4754-a40f-91e4262a9d35";7922;"IN";"Indianapolis";15;6;2012;0;18;"20120618"
"65.32.77.45";"US";-97.000000;38.000000;"AS33363 BRIGHT HOUSE NETWORKS, LLC";"mlab3-lga01";0.053355;1695281.848000;"0.004012999";"win32";"74.63.50.44";"speedtest";1340034611;217221.184038;0.053008;"29daca95-9628-479f-b4be-ee35e322c612";33363;"";"";15;6;2012;0;18;"20120618"
"76.10.12.242";"US";-88.242600;40.112500;"AS46925 PAVLOV MEDIA INC";"mlab3-lga01";0.029095;2048028.934974;"0.004012999";"win32";"74.63.50.44";"bittorrent";1340035081;2054741.488539;-1.000000;"b2c93218-2fa2-4a04-be8b-f4553cb22e1a";46925;"IL";"Champaign";15;6;2012;0;18;"20120618"
"69.249.238.83";"US";-75.163800;39.952300;"AS7922 Comcast Cable Communications, Inc.";"mlab3-lga01";0.131955;2706232.232430;"0.004012999";"win32";"74.63.50.44";"speedtest";1340035146;125971.948933;0.213158;"a49b9e19-6f47-4dc7-8196-0fc4dbc9e641";7922;"PA";"Philadelphia";15;6;2012;0;18;"20120618"
"68.40.185.45";"US";-83.740900;42.277600;"AS7922 Comcast Cable Communications, Inc.";"mlab3-lga01";0.043121;1670231.279720;"0.004012999";"darwin";"74.63.50.44";"speedtest";1340035191;763791.366947;0.048286;"f77a7853-1ba8-4219-aa2c-2157b5e89023";7922;"MI";"Ann Arbor";15;6;2012;0;18;"20120618"
"98.22.138.166";"US";-95.790800;36.052600;"AS7029 Windstream Communications Inc";"mlab3-lga01";0.061699;312458.863165;"0.004012999";"win32";"74.63.50.44";"bittorrent";1340035214;75778.506605;-1.000000;"eb27082c-e25b-4239-869e-8ba23d438a17";7029;"OK";"Broken Arrow";16;6;2012;0;18;"20120618"
"71.192.154.157";"US";-71.051200;42.406300;"AS7922 Comcast Cable Communications, Inc.";"mlab3-lga01";0.019342;834913.894092;"0.004012999";"darwin";"74.63.50.44";"speedtest";1340035612;443566.399591;0.019379;"65fb0ed5-8aab-4ca3-973b-6f6abd2e24d4";7922;"MA";"Everett";16;6;2012;0;18;"20120618"
"184.177.72.227";"US";-97.000000;38.000000;"AS22773 Cox Communications Inc.";"mlab3-lga01";0.081979;482627.223649;"0.004012999";"win32";"74.63.50.44";"speedtest";1340036248;568121.822146;0.083791;"e9aa2936-1c50-4b9d-89e4-2daad232b753";22773;"";"";16;6;2012;0;18;"20120618"
"99.92.88.210";"US";-122.030700;37.353700;"AS7018 AT&T Services, Inc.";"mlab3-lga01";0.108140;839760.820443;"0.004012999";"darwin";"74.63.50.44";"speedtest";1340036701;173327.005638;0.107952;"13cf72ab-670c-4dc7-8fad-aa9a41f4355d";7018;"CA";"Sunnyvale";16;6;2012;0;18;"20120618"
"98.157.202.20";"US";-87.413900;39.466700;"AS10796 Time Warner Cable Internet LLC";"mlab3-lga01";0.041575;1523988.662509;"0.004011999";"win32";"74.63.50.44";"bittorrent";1340036730;98157.024236;-1.000000;"9c0fa0e1-b625-407b-8e5d-f979a63c0e77";10796;"IN";"Terre Haute";16;6;2012;0;18;"20120618"
"74.93.119.149";"US";-77.460300;37.553800;"AS7922 Comcast Cable Communications, Inc.";"mlab3-lga01";0.028895;2699774.363693;"0.004012999";"win32";"74.63.50.44";"bittorrent";1340038820;607510.241893;-1.000000;"89137afb-b348-4f18-88b5-80cee829292f";7922;"VA";"Richmond";17;6;2012;0;18;"20120618"
"68.48.221.17";"US";-76.837500;39.174900;"AS7922 Comcast Cable Communications, Inc.";"mlab3-lga01";0.017869;3282993.048150;"0.004012999";"darwin";"74.63.50.44";"speedtest";1340039013;710267.809978;0.120821;"4162ce8a-78ab-4a68-9407-13618360662f";7922;"MD";"Columbia";17;6;2012;0;18;"20120618"
"24.22.135.177";"US";-122.332100;47.606200;"AS7922 Comcast Cable Communications, Inc.";"mlab3-lga01";0.097254;2562491.373715;"0.004012999";"linux2";"74.63.50.44";"bittorrent";1340040043;429984.205151;-1.000000;"04cea472-6610-42db-acd2-c644a3d4447f";7922;"WA";"Seattle";17;6;2012;0;18;"20120618"
"71.192.154.157";"US";-71.051200;42.406300;"AS7922 Comcast Cable Communications, Inc.";"mlab3-lga01";0.071563;222498.569682;"0.004012999";"darwin";"74.63.50.44";"bittorrent";1340040168;124593.156824;-1.000000;"65fb0ed5-8aab-4ca3-973b-6f6abd2e24d4";7922;"MA";"Everett";17;6;2012;0;18;"20120618"
"69.143.19.17";"US";-77.104300;38.881000;"AS7922 Comcast Cable Communications, Inc.";"mlab3-lga01";0.060945;3159811.229256;"0.004012999";"darwin";"74.63.50.44";"bittorrent";1340041287;533975.732514;-1.000000;"9b4267aa-e8b7-40bb-a139-5ad1187a6f5d";7922;"VA";"Arlington";17;6;2012;0;18;"20120618"
"67.172.130.152";"US";-104.821400;38.833900;"AS7922 Comcast Cable Communications, Inc.";"mlab3-lga01";0.084931;3114298.734043;"0.004012999";"darwin";"74.63.50.44";"bittorrent";1340041827;534913.002848;-1.000000;"e83583f7-4c54-4291-a929-2fd12fd286f5";7922;"CO";"Colorado Springs";17;6;2012;0;18;"20120618"
"68.188.90.154";"US";-90.197900;38.627300;"AS20115 Charter Communications";"mlab3-lga01";0.078918;126144.513037;"0.004012999";"darwin";"74.63.50.44";"bittorrent";1340042133;288539.815119;-1.000000;"10349cfe-4a13-405a-99be-aabdb52920f3";20115;"MO";"Saint Louis";17;6;2012;0;18;"20120618"
"184.76.153.6";"US";-96.948900;32.814000;"AS16586 CLEARWIRE - CLEAR WIRELESS LLC";"mlab3-lga01";0.094274;542301.008518;"0.004012999";"win32";"74.63.50.44";"speedtest";1340042606;58652.467120;0.152385;"01b5bd21-bfbf-4fa6-a4bc-c89f3cfd177c";16586;"TX";"Irving";18;6;2012;0;18;"20120618"
"75.132.191.176";"US";-89.899800;38.512100;"AS20115 Charter Communications";"mlab3-lga01";0.035331;3102920.917842;"0.004012999";"win32";"74.63.50.44";"bittorrent";1340043746;406704.395141;-1.000000;"c08311ac-7edd-4390-b447-4ca484b5dacc";20115;"IL";"Belleville";18;6;2012;0;18;"20120618"
"66.66.21.182";"US";-77.602400;43.185800;"AS11351 Time Warner Cable Internet LLC";"mlab3-lga01";0.036262;3684602.957790;"0.004012999";"win32";"74.63.50.44";"speedtest";1340043993;562318.701488;0.044018;"b4fb3816-21d6-43b3-91fc-aabe40980e90";11351;"NY";"Rochester";18;6;2012;0;18;"20120618"
"50.46.199.114";"US";-122.342600;47.739600;"AS5650 Frontier Communications of America, Inc.";"mlab3-lga01";0.086257;1875781.730062;"0.004012999";"darwin";"74.63.50.44";"bittorrent";1340044020;168578.725021;-1.000000;"9c3f8949-43af-4678-be97-2082a5c82606";5650;"WA";"Seattle";18;6;2012;0;18;"20120618"
"69.143.19.17";"US";-77.104300;38.881000;"AS7922 Comcast Cable Communications, Inc.";"mlab3-lga01";0.107878;3157587.179873;"0.004012999";"darwin";"74.63.50.44";"bittorrent";1340044077;533010.564990;-1.000000;"9b4267aa-e8b7-40bb-a139-5ad1187a6f5d";7922;"VA";"Arlington";18;6;2012;0;18;"20120618"
"68.48.221.17";"US";-76.837500;39.174900;"AS7922 Comcast Cable Communications, Inc.";"mlab3-lga01";0.016691;3287291.094410;"0.004012999";"darwin";"74.63.50.44";"speedtest";1340044687;693429.617237;0.216400;"4162ce8a-78ab-4a68-9407-13618360662f";7922;"MD";"Columbia";18;6;2012;0;18;"20120618"
"99.21.145.140";"US";-121.382800;38.626300;"AS7132 AS for SBIS-AS";"mlab3-lga01";0.132032;302439.342399;"0.004012999";"win32";"74.63.50.44";"speedtest";1340045185;168393.292609;0.154821;"ebeab1c8-defc-4fef-8be3-daa7088a0954";7132;"CA";"Sacramento";18;6;2012;0;18;"20120618"
"71.190.171.206";"US";-73.525400;40.767000;"AS701 MCI Communications Services, Inc. d/b/a Verizon Business";"mlab3-lga01";0.006928;3607620.421330;"0.004012999";"linux2";"74.63.50.44";"speedtest";1340045439;2855882.773530;0.009871;"dfd87da2-1968-48ac-9bd2-5469644e29e4";701;"NY";"Hicksville";18;6;2012;0;18;"20120618"
"50.46.199.114";"US";-122.342600;47.739600;"AS5650 Frontier Communications of America, Inc.";"mlab3-lga01";0.087758;1865326.445290;"0.004012999";"darwin";"74.63.50.44";"speedtest";1340045632;642804.769862;0.091710;"9c3f8949-43af-4678-be97-2082a5c82606";5650;"WA";"Seattle";18;6;2012;0;18;"20120618"
"24.130.152.60";"US";-122.088500;37.709000;"AS7922 Comcast Cable Communications, Inc.";"mlab3-lga01";0.089854;2610664.798690;"0.004012999";"darwin";"74.63.50.44";"speedtest";1340046018;722557.950710;0.094009;"92ef1dc6-e5b9-40c8-800b-cc909779319d";7922;"CA";"Castro Valley";19;6;2012;0;18;"20120618"
"68.48.221.17";"US";-76.837500;39.174900;"AS7922 Comcast Cable Communications, Inc.";"mlab3-lga01";0.018460;3363693.449736;"0.004012999";"darwin";"74.63.50.44";"bittorrent";1340046104;707798.341940;-1.000000;"4162ce8a-78ab-4a68-9407-13618360662f";7922;"MD";"Columbia";19;6;2012;0;18;"20120618"
"69.251.194.209";"US";-77.177000;39.175200;"AS7922 Comcast Cable Communications, Inc.";"mlab3-lga01";0.034952;2008280.519262;"0.004011999";"win32";"74.63.50.44";"bittorrent";1340046263;535592.347945;-1.000000;"5ab805cf-b023-4309-9496-d8b22873a074";7922;"MD";"Montgomery Village";19;6;2012;0;18;"20120618"
"96.2.48.78";"US";-96.983300;42.836900;"AS11232 Midcontinent Media, Inc.";"mlab3-lga01";0.053880;1138380.262390;"0.004011999";"win32";"74.63.50.44";"speedtest";1340046432;557821.043041;0.050852;"a7ed429a-44c3-4195-a0e5-7eac41680125";11232;"SD";"Vermillion";19;6;2012;0;18;"20120618"
"68.188.90.154";"US";-90.197900;38.627300;"AS20115 Charter Communications";"mlab3-lga01";0.036342;145155.657676;"0.004012999";"darwin";"74.63.50.44";"speedtest";1340046684;351673.770469;0.038507;"10349cfe-4a13-405a-99be-aabdb52920f3";20115;"MO";"Saint Louis";19;6;2012;0;18;"20120618"
"97.126.49.211";"US";-122.217100;47.482900;"AS209 NOVARTIS-DMZ-US";"mlab3-lga01";0.114707;514839.427435;"0.004012999";"darwin";"74.63.50.44";"speedtest";1340046817;91819.663492;0.120825;"8e65a2a9-47d4-4adc-a937-76425a1f5bfe";209;"WA";"Renton";19;6;2012;0;18;"20120618"
"97.126.49.211";"US";-122.217100;47.482900;"AS209 NOVARTIS-DMZ-US";"mlab3-lga01";0.116959;627419.577448;"0.004012999";"darwin";"74.63.50.44";"bittorrent";1340048413;122581.737479;-1.000000;"8e65a2a9-47d4-4adc-a937-76425a1f5bfe";209;"WA";"Renton";19;6;2012;0;18;"20120618"
"68.40.93.208";"US";-82.582300;42.637600;"AS7922 Comcast Cable Communications, Inc.";"mlab3-lga01";0.045733;544681.024288;"0.004011999";"win32";"74.63.50.44";"bittorrent";1340049704;357124.981695;-1.000000;"5ddd06da-64ad-444c-b2c0-525541d4d177";7922;"MI";"Algonac";20;6;2012;0;18;"20120618"
"96.2.48.78";"US";-96.983300;42.836900;"AS11232 Midcontinent Media, Inc.";"mlab3-lga01";0.051598;1136130.998010;"0.004011999";"win32";"74.63.50.44";"speedtest";1340049755;578496.922731;0.050245;"a7ed429a-44c3-4195-a0e5-7eac41680125";11232;"SD";"Vermillion";20;6;2012;0;18;"20120618"
"96.2.48.78";"US";-96.983300;42.836900;"AS11232 Midcontinent Media, Inc.";"mlab3-lga01";0.047652;3772556.885750;"0.004012999";"win32";"74.63.50.44";"speedtest";1340049985;469448.076460;0.052865;"d4959228-fa29-4292-8c76-7ca9985284c9";11232;"SD";"Vermillion";20;6;2012;0;18;"20120618"
"75.127.236.122";"US";-97.000000;38.000000;"AS6128 Cablevision Systems Corp.";"mlab3-lga01";0.015266;4269962.416960;"0.004012999";"win32";"74.63.50.44";"speedtest";1340050107;638501.554596;0.013133;"560c097a-1dfa-4e05-9893-bdc56e35afc3";6128;"";"";20;6;2012;0;18;"20120618"
"209.155.86.74";"US";-77.426000;43.100500;"AS1785 PaeTec Communications, Inc.";"mlab3-lga01";0.035112;167753.678591;"0.004012999";"win32";"74.63.50.44";"speedtest";1340050597;57060.310138;0.045955;"4841c017-4566-4afc-a805-ba458ccb2be1";1785;"NY";"Fairport";20;6;2012;0;18;"20120618"
"76.10.12.242";"US";-88.242600;40.112500;"AS46925 PAVLOV MEDIA INC";"mlab3-lga01";0.028839;1916147.628972;"0.004012999";"win32";"74.63.50.44";"bittorrent";1340050776;1604663.541683;-1.000000;"b2c93218-2fa2-4a04-be8b-f4553cb22e1a";46925;"IL";"Champaign";20;6;2012;0;18;"20120618"
"205.178.18.107";"US";-87.623800;41.884900;"AS6079 RCN";"mlab3-lga01";0.045884;2394173.968904;"0.004011999";"win32";"74.63.50.44";"bittorrent";1340051334;234595.853194;-1.000000;"e98788b3-c49f-4266-b003-f95ea1c0e2a0";6079;"IL";"Chicago";20;6;2012;0;18;"20120618"
"208.52.154.53";"US";-84.443200;33.793000;"AS13703 BroadRiver Communication Corp.";"mlab3-lga01";0.022814;8451787.323700;"0.004010999";"win32";"74.63.50.44";"speedtest";1340051383;925068.454972;0.024775;"5a94fb06-4ffc-4b82-bc99-552f47212e96";13703;"GA";"Atlanta";20;6;2012;0;18;"20120618"
"67.172.130.152";"US";-104.821400;38.833900;"AS7922 Comcast Cable Communications, Inc.";"mlab3-lga01";0.059180;3121160.049733;"0.004012999";"darwin";"74.63.50.44";"bittorrent";1340051712;496976.810233;-1.000000;"e83583f7-4c54-4291-a929-2fd12fd286f5";7922;"CO";"Colorado Springs";20;6;2012;0;18;"20120618"
"70.114.2.130";"US";-98.399400;29.583400;"AS11427 Time Warner Cable Internet LLC";"mlab3-lga01";0.067226;978799.459568;"0.004012999";"linux2";"74.63.50.44";"speedtest";1340051932;236379.000423;0.067329;"eef1d069-de63-4f80-84c8-860f065b1f10";11427;"TX";"San Antonio";20;6;2012;0;18;"20120618"
"69.143.19.17";"US";-77.104300;38.881000;"AS7922 Comcast Cable Communications, Inc.";"mlab3-lga01";0.021159;3131732.392174;"0.004012999";"darwin";"74.63.50.44";"bittorrent";1340052433;511231.131033;-1.000000;"9b4267aa-e8b7-40bb-a139-5ad1187a6f5d";7922;"VA";"Arlington";20;6;2012;0;18;"20120618"
"74.163.8.166";"US";-86.875000;30.446700;"AS6389 BellSouth.net Inc.";"mlab3-lga01";0.072898;158295.780732;"0.004012999";"win32";"74.63.50.44";"bittorrent";1340053786;50424.292241;-1.000000;"4565989b-987f-4c3c-aa75-a740afde3068";6389;"FL";"Navarre";21;6;2012;0;18;"20120618"
"66.80.217.179";"US";-105.002200;39.545700;"AS4565 MegaPath Networks Inc.";"mlab3-lga01";0.096576;522714.061265;"0.004012999";"darwin";"74.63.50.44";"speedtest";1340054619;558770.160072;0.099920;"fd8f8cbf-53ff-44fa-8e9f-da47c60b3fce";4565;"CO";"Littleton";21;6;2012;0;18;"20120618"
"68.58.165.186";"US";-80.107000;32.841300;"AS7922 Comcast Cable Communications, Inc.";"mlab3-lga01";0.048257;1701740.146580;"0.004012999";"linux2";"74.63.50.44";"speedtest";1340055028;840474.474516;0.051176;"564f666b-3c55-40d4-a5f8-92064e970a5f";7922;"SC";"Charleston";21;6;2012;0;18;"20120618"
"97.126.49.211";"US";-122.217100;47.482900;"AS209 NOVARTIS-DMZ-US";"mlab3-lga01";0.114003;365994.750515;"0.004012999";"darwin";"74.63.50.44";"speedtest";1340056445;91298.708438;0.118559;"8e65a2a9-47d4-4adc-a937-76425a1f5bfe";209;"WA";"Renton";21;6;2012;0;18;"20120618"
"69.249.238.83";"US";-75.163800;39.952300;"AS7922 Comcast Cable Communications, Inc.";"mlab3-lga01";0.105769;2800533.107800;"0.004012999";"win32";"74.63.50.44";"speedtest";1340056905;199410.040049;0.116635;"a49b9e19-6f47-4dc7-8196-0fc4dbc9e641";7922;"PA";"Philadelphia";22;6;2012;0;18;"20120618"
"216.56.28.137";"US";-91.347900;46.585600;"AS2381 WiscNet";"mlab3-lga01";0.044857;1994693.290210;"0.004012999";"win32";"74.63.50.44";"speedtest";1340057506;2550557.581500;0.048752;"0532f16b-ef24-4682-9ee3-3c919a655ab3";2381;"WI";"Iron River";22;6;2012;0;18;"20120618"
"24.22.135.177";"US";-122.332100;47.606200;"AS7922 Comcast Cable Communications, Inc.";"mlab3-lga01";0.081041;2393225.754293;"0.004012999";"linux2";"74.63.50.44";"bittorrent";1340057700;305217.048611;-1.000000;"04cea472-6610-42db-acd2-c644a3d4447f";7922;"WA";"Seattle";22;6;2012;0;18;"20120618"
"75.127.236.122";"US";-97.000000;38.000000;"AS6128 Cablevision Systems Corp.";"mlab3-lga01";0.011742;3614543.121860;"0.004012999";"win32";"74.63.50.44";"speedtest";1340058714;631506.819370;0.012675;"560c097a-1dfa-4e05-9893-bdc56e35afc3";6128;"";"";22;6;2012;0;18;"20120618"
"99.27.132.203";"US";-122.036300;37.368800;"AS7132 AS for SBIS-AS";"mlab3-lga01";0.091545;594133.032060;"0.004012999";"linux2";"74.63.50.44";"speedtest";1340059014;78067.015837;0.096297;"d0271e0a-854f-4f73-b087-7be4c60e4f8c";7132;"CA";"Sunnyvale";22;6;2012;0;18;"20120618"
"67.80.190.212";"US";-73.623200;40.874200;"AS6128 Cablevision Systems Corp.";"mlab3-lga01";0.011508;2565142.131670;"0.004012999";"win32";"74.63.50.44";"speedtest";1340059148;263957.529516;0.015587;"103cc2f1-ddd5-4016-83cc-cdd357e7a81a";6128;"NY";"Glen Cove";22;6;2012;0;18;"20120618"
"71.206.108.75";"US";-84.525500;42.742200;"AS7922 Comcast Cable Communications, Inc.";"mlab3-lga01";0.209753;67955.050131;"0.004011999";"win32";"74.63.50.44";"speedtest";1340060218;22615.804221;0.229832;"ffaa390e-2089-4db5-9b0b-c03d5eed4c9f";7922;"MI";"Lansing";22;6;2012;0;18;"20120618"
"209.155.86.74";"US";-77.426000;43.100500;"AS1785 PaeTec Communications, Inc.";"mlab3-lga01";0.027951;359013.309722;"0.004012999";"win32";"74.63.50.44";"bittorrent";1340060363;48659.529587;-1.000000;"4841c017-4566-4afc-a805-ba458ccb2be1";1785;"NY";"Fairport";22;6;2012;0;18;"20120618"
"68.40.185.45";"US";-83.740900;42.277600;"AS7922 Comcast Cable Communications, Inc.";"mlab3-lga01";0.045214;1327982.773300;"0.004012999";"darwin";"74.63.50.44";"speedtest";1340060645;714198.743509;0.050728;"f77a7853-1ba8-4219-aa2c-2157b5e89023";7922;"MI";"Ann Arbor";23;6;2012;0;18;"20120618"
"184.76.153.6";"US";-96.948900;32.814000;"AS16586 CLEARWIRE - CLEAR WIRELESS LLC";"mlab3-lga01";0.176648;566742.629090;"0.004012999";"win32";"74.63.50.44";"bittorrent";1340061634;96840.527215;-1.000000;"01b5bd21-bfbf-4fa6-a4bc-c89f3cfd177c";16586;"TX";"Irving";23;6;2012;0;18;"20120618"
"75.145.125.61";"US";-104.984700;39.739200;"AS7922 Comcast Cable Communications, Inc.";"mlab3-lga01";0.060730;2966022.006794;"0.004012999";"linux2";"74.63.50.44";"bittorrent";1340061980;401350.784981;-1.000000;"d3080793-9920-4346-9c49-3a102587393e";7922;"CO";"Denver";23;6;2012;0;18;"20120618"
"24.111.85.175";"US";-97.440500;42.935900;"AS11232 Midcontinent Media, Inc.";"mlab3-lga01";0.053480;270779.785503;"0.004011999";"win32";"74.63.50.44";"speedtest";1340063927;552087.509628;0.050329;"d8e6a54b-6231-4d06-a9c1-bf3a10f484b1";11232;"SD";"Yankton";23;6;2012;0;18;"20120618"
"69.251.194.209";"US";-77.177000;39.175200;"AS7922 Comcast Cable Communications, Inc.";"mlab2-atl01";0.033065;2538958.063530;"0.004011999";"win32";"4.71.254.159";"speedtest";1339977607;523217.056351;0.034758;"5ab805cf-b023-4309-9496-d8b22873a074";7922;"MD";"Montgomery Village";0;6;2012;0;18;"20120618"
"173.246.102.187";"US";-76.612200;39.290400;"AS29169 Gandi SAS";"mlab2-atl01";0.016232;6017506.386787;"0.004011999";"linux2";"4.71.254.159";"bittorrent";1339978563;653051.578260;-1.000000;"a57cd6aa-6b9a-40e3-ae4c-0685546dd104";29169;"MD";"Baltimore";0;6;2012;0;18;"20120618"
"173.186.209.95";"US";-84.200300;30.975400;"AS7029 Windstream Communications Inc";"mlab2-atl01";0.040181;131618.355055;"0.004011999";"win32";"4.71.254.159";"speedtest";1339978981;79430.963117;0.035556;"de6fbf44-b9c6-4959-9089-5bd76562acd2";7029;"GA";"Cairo";0;6;2012;0;18;"20120618"
"71.206.108.75";"US";-84.525500;42.742200;"AS7922 Comcast Cable Communications, Inc.";"mlab2-atl01";0.049714;171004.297523;"0.004011999";"win32";"4.71.254.159";"speedtest";1339979777;61705.283226;0.051267;"ffaa390e-2089-4db5-9b0b-c03d5eed4c9f";7922;"MI";"Lansing";0;6;2012;0;18;"20120618"
"173.246.102.187";"US";-76.612200;39.290400;"AS29169 Gandi SAS";"mlab2-atl01";0.015900;4881371.850420;"0.004011999";"linux2";"4.71.254.159";"speedtest";1339980123;707300.829302;0.016800;"a57cd6aa-6b9a-40e3-ae4c-0685546dd104";29169;"MD";"Baltimore";0;6;2012;0;18;"20120618"
"75.75.156.100";"US";-77.229100;39.841800;"AS7922 Comcast Cable Communications, Inc.";"mlab2-atl01";0.043064;531657.545220;"0.004012999";"win32";"4.71.254.159";"speedtest";1339980548;90135.919319;0.043059;"74807f51-f20f-4c2b-8aa7-32eb64040c5e";7922;"PA";"Gettysburg";0;6;2012;0;18;"20120618"
"184.76.153.6";"US";-96.948900;32.814000;"AS16586 CLEARWIRE - CLEAR WIRELESS LLC";"mlab2-atl01";0.129412;298805.427423;"0.004012999";"win32";"4.71.254.159";"speedtest";1339981067;95491.531017;0.121948;"01b5bd21-bfbf-4fa6-a4bc-c89f3cfd177c";16586;"TX";"Irving";0;6;2012;0;18;"20120618"
"199.254.238.181";"US";-97.000000;38.000000;"AS16652 Riseup Networks";"mlab2-atl01";0.273173;119867.738384;"0.004012999";"linux2";"4.71.254.159";"bittorrent";1339981288;19038.764321;-1.000000;"e2181bc2-ad47-4da8-9301-b0a516313463";16652;"";"";1;6;2012;0;18;"20120618"
"50.83.240.108";"US";-95.977900;45.232200;"AS30036 Mediacom Communications Corp";"mlab2-atl01";0.040749;1410806.288040;"0.004012999";"darwin";"4.71.254.159";"speedtest";1339981930;319975.305332;0.044041;"43af2f72-3dc4-4824-9ff7-faa06a3cb206";30036;"MN";"Appleton";1;6;2012;0;18;"20120618"
"209.155.86.74";"US";-77.426000;43.100500;"AS1785 PaeTec Communications, Inc.";"mlab2-atl01";0.044519;330136.165879;"0.004012999";"win32";"4.71.254.159";"bittorrent";1339982218;51336.935198;-1.000000;"4841c017-4566-4afc-a805-ba458ccb2be1";1785;"NY";"Fairport";1;6;2012;0;18;"20120618"
"71.206.108.75";"US";-84.525500;42.742200;"AS7922 Comcast Cable Communications, Inc.";"mlab2-atl01";0.051279;63278.468320;"0.004011999";"win32";"4.71.254.159";"speedtest";1339982667;35346.786215;0.091239;"ffaa390e-2089-4db5-9b0b-c03d5eed4c9f";7922;"MI";"Lansing";1;6;2012;0;18;"20120618"
"98.203.140.223";"US";-122.304300;47.610200;"AS7922 Comcast Cable Communications, Inc.";"mlab2-atl01";0.080474;1834069.131810;"0.004012999";"linux2";"4.71.254.159";"speedtest";1339982729;354681.213011;0.082160;"4bf1068a-cabe-4254-a52f-c2914db03ade";7922;"WA";"Seattle";1;6;2012;0;18;"20120618"
"98.124.100.208";"US";-80.038400;33.118000;"AS16863 Home Telephone Company, Inc.";"mlab2-atl01";0.048441;1137069.531150;"0.004012999";"linux2";"4.71.254.159";"speedtest";1339983454;223105.392449;0.042237;"adcd5d0f-b5f4-47e4-9505-249669f515a0";16863;"SC";"Moncks Corner";1;6;2012;0;18;"20120618"
"209.155.86.74";"US";-77.426000;43.100500;"AS1785 PaeTec Communications, Inc.";"mlab2-atl01";0.030550;343227.400331;"0.004012999";"win32";"4.71.254.159";"speedtest";1339983611;56286.865496;0.033753;"4841c017-4566-4afc-a805-ba458ccb2be1";1785;"NY";"Fairport";1;6;2012;0;18;"20120618"
"97.126.49.211";"US";-122.217100;47.482900;"AS209 NOVARTIS-DMZ-US";"mlab2-atl01";0.116199;467656.821018;"0.004012999";"darwin";"4.71.254.159";"speedtest";1339983737;91381.525797;0.120143;"8e65a2a9-47d4-4adc-a937-76425a1f5bfe";209;"WA";"Renton";1;6;2012;0;18;"20120618"
"65.77.65.251";"US";-97.794700;35.261200;"AS22898 ATLINK SERVICES, LLC";"mlab2-atl01";0.152113;211210.307076;"0.004012999";"win32";"4.71.254.159";"speedtest";1339984258;131438.194724;0.088150;"e4a04559-218e-49d2-bbc0-71b979b87fa0";22898;"OK";"Tuttle";1;6;2012;0;18;"20120618"
"64.13.104.81";"US";-77.026100;38.990700;"AS16586 CLEARWIRE - CLEAR WIRELESS LLC";"mlab2-atl01";0.250511;183673.539528;"0.004012999";"darwin";"4.71.254.159";"speedtest";1339984052;109673.798715;0.221620;"8a5f995c-e96b-4ee9-8332-ee1284a6fd58";16586;"MD";"Silver Spring";1;6;2012;0;18;"20120618"
"98.124.100.208";"US";-80.038400;33.118000;"AS16863 Home Telephone Company, Inc.";"mlab2-atl01";0.047982;1152039.251757;"0.004012999";"linux2";"4.71.254.159";"bittorrent";1339984977;229470.307550;-1.000000;"adcd5d0f-b5f4-47e4-9505-249669f515a0";16863;"SC";"Moncks Corner";2;6;2012;0;18;"20120618"
"184.177.72.227";"US";-97.000000;38.000000;"AS22773 Cox Communications Inc.";"mlab2-atl01";0.100075;621731.081732;"0.004012999";"win32";"4.71.254.159";"speedtest";1339985210;548028.491832;0.091030;"e9aa2936-1c50-4b9d-89e4-2daad232b753";22773;"";"";2;6;2012;0;18;"20120618"
"71.187.199.3";"US";-74.216400;40.816200;"AS701 MCI Communications Services, Inc. d/b/a Verizon Business";"mlab2-atl01";0.039554;2016287.042380;"0.004011999";"win32";"4.71.254.159";"speedtest";1339985466;833138.376958;0.031338;"a9bde20f-2872-443c-8e9b-a2f6f162c91d";701;"NJ";"Montclair";2;6;2012;0;18;"20120618"
"68.40.185.45";"US";-83.740900;42.277600;"AS7922 Comcast Cable Communications, Inc.";"mlab2-atl01";0.068991;1147224.366162;"0.004012999";"darwin";"4.71.254.159";"bittorrent";1339985845;749965.030352;-1.000000;"f77a7853-1ba8-4219-aa2c-2157b5e89023";7922;"MI";"Ann Arbor";2;6;2012;0;18;"20120618"
"173.20.36.131";"US";-91.455800;40.452000;"AS30036 Mediacom Communications Corp";"mlab2-atl01";0.062370;40279.010069;"0.004012999";"win32";"4.71.254.159";"bittorrent";1339986381;176519.483898;-1.000000;"6b87ac46-1206-4d9c-afa5-d5cab4a872d6";30036;"IA";"Keokuk";2;6;2012;0;18;"20120618"
"69.249.238.83";"US";-75.163800;39.952300;"AS7922 Comcast Cable Communications, Inc.";"mlab2-atl01";0.137622;1835929.724798;"0.004012999";"win32";"4.71.254.159";"bittorrent";1339986772;146886.599534;-1.000000;"a49b9e19-6f47-4dc7-8196-0fc4dbc9e641";7922;"PA";"Philadelphia";2;6;2012;0;18;"20120618"
"74.163.8.166";"US";-86.875000;30.446700;"AS6389 BellSouth.net Inc.";"mlab2-atl01";0.065945;269600.963453;"0.004012999";"win32";"4.71.254.159";"speedtest";1339987111;42641.485638;0.077239;"4565989b-987f-4c3c-aa75-a740afde3068";6389;"FL";"Navarre";2;6;2012;0;18;"20120618"
"74.104.151.138";"US";-71.259000;42.403000;"AS701 MCI Communications Services, Inc. d/b/a Verizon Business";"mlab2-atl01";0.039239;3162625.609663;"0.004012999";"win32";"4.71.254.159";"bittorrent";1339988216;3003056.889459;-1.000000;"ecca6a63-f2be-4812-bd3f-1ac690ab31cd";701;"MA";"Waltham";2;6;2012;0;18;"20120618"
"69.251.194.209";"US";-77.177000;39.175200;"AS7922 Comcast Cable Communications, Inc.";"mlab2-atl01";0.027710;4032540.737264;"0.004011999";"win32";"4.71.254.159";"bittorrent";1339988261;557996.777636;-1.000000;"5ab805cf-b023-4309-9496-d8b22873a074";7922;"MD";"Montgomery Village";2;6;2012;0;18;"20120618"
"96.2.48.78";"US";-96.983300;42.836900;"AS11232 Midcontinent Media, Inc.";"mlab2-atl01";0.049695;1317967.275224;"0.004011999";"win32";"4.71.254.159";"bittorrent";1339988737;525539.410809;-1.000000;"a7ed429a-44c3-4195-a0e5-7eac41680125";11232;"SD";"Vermillion";3;6;2012;0;18;"20120618"
"75.25.120.24";"US";-122.030700;37.353700;"AS7018 AT&T Services, Inc.";"mlab2-atl01";0.099369;328786.059207;"0.004012999";"darwin";"4.71.254.159";"speedtest";1339989747;113192.868293;0.101322;"1ce7a86b-b408-4815-ae8b-bf0652a278f3";7018;"CA";"Sunnyvale";3;6;2012;0;18;"20120618"
"99.99.213.185";"US";-85.882800;42.855500;"AS7018 AT&T Services, Inc.";"mlab2-atl01";0.056795;1263474.855020;"0.004012999";"linux2";"4.71.254.159";"speedtest";1339989756;180467.480377;0.060468;"22998df3-a92a-4573-b9f5-476782c2c770";7018;"MI";"Hudsonville";3;6;2012;0;18;"20120618"
"71.192.154.157";"US";-71.051200;42.406300;"AS7922 Comcast Cable Communications, Inc.";"mlab2-atl01";0.120027;360210.987319;"0.004012999";"darwin";"4.71.254.159";"speedtest";1339989975;120679.003560;0.287112;"65fb0ed5-8aab-4ca3-973b-6f6abd2e24d4";7922;"MA";"Everett";3;6;2012;0;18;"20120618"
"71.206.108.75";"US";-84.525500;42.742200;"AS7922 Comcast Cable Communications, Inc.";"mlab2-atl01";0.059402;30079.017277;"0.004011999";"win32";"4.71.254.159";"bittorrent";1339990140;40552.804898;-1.000000;"ffaa390e-2089-4db5-9b0b-c03d5eed4c9f";7922;"MI";"Lansing";3;6;2012;0;18;"20120618"
"66.235.50.69";"US";-122.029600;47.586900;"AS23292 Broadstripe";"mlab2-atl01";0.087575;250963.772905;"0.004012999";"darwin";"4.71.254.159";"bittorrent";1339990415;284390.956243;-1.000000;"619f12e6-7e7a-4475-96aa-abb7e35e6c27";23292;"WA";"Sammamish";3;6;2012;0;18;"20120618"
"98.243.192.146";"US";-84.594100;42.860200;"AS7922 Comcast Cable Communications, Inc.";"mlab2-atl01";0.045816;1091885.033160;"0.004012999";"darwin";"4.71.254.159";"speedtest";1339990704;471943.806195;0.053401;"69a61dac-c7ac-4b16-b86b-4bd2f3990f62";7922;"MI";"Dewitt";3;6;2012;0;18;"20120618"
"99.99.213.185";"US";-85.882800;42.855500;"AS7018 AT&T Services, Inc.";"mlab2-atl01";0.053015;1392367.362611;"0.004012999";"linux2";"4.71.254.159";"bittorrent";1339991245;182502.681963;-1.000000;"22998df3-a92a-4573-b9f5-476782c2c770";7018;"MI";"Hudsonville";3;6;2012;0;18;"20120618"
"76.10.12.242";"US";-88.242600;40.112500;"AS46925 PAVLOV MEDIA INC";"mlab2-atl01";0.028915;1775004.549982;"0.004012999";"win32";"4.71.254.159";"bittorrent";1339991250;1770117.772065;-1.000000;"b2c93218-2fa2-4a04-be8b-f4553cb22e1a";46925;"IL";"Champaign";3;6;2012;0;18;"20120618"
"50.12.211.162";"US";-93.263800;44.980000;"AS16586 CLEARWIRE - CLEAR WIRELESS LLC";"mlab2-atl01";0.078070;495763.421120;"0.004012999";"darwin";"4.71.254.159";"speedtest";1339991346;141818.980942;0.100245;"3955a411-3e83-4a8e-aa8e-165233e306e9";16586;"MN";"Minneapolis";3;6;2012;0;18;"20120618"
"71.89.124.38";"US";-88.736400;44.638200;"AS20115 Charter Communications";"mlab2-atl01";0.055545;2509152.058980;"0.004012999";"win32";"4.71.254.159";"speedtest";1339992672;383005.708074;0.057990;"0730ff7f-47eb-4e84-99b1-016150556fb6";20115;"WI";"Clintonville";4;6;2012;0;18;"20120618"
"173.160.133.65";"US";-122.449200;47.151100;"AS7922 Comcast Cable Communications, Inc.";"mlab2-atl01";0.075013;479402.273955;"0.004012999";"win32";"4.71.254.159";"bittorrent";1339992709;355885.972013;-1.000000;"cd29f4ce-ebe9-47c8-8b18-9406a9618ac1";7922;"WA";"Tacoma";4;6;2012;0;18;"20120618"
"207.231.92.41";"US";-121.370600;38.784300;"AS14051 Roseville Telephone Company";"mlab2-atl01";0.066261;2911832.836350;"0.004012999";"win32";"4.71.254.159";"speedtest";1339992773;3607194.801840;0.073400;"cb121e1a-4701-4c5a-91b5-29c9df2b10c0";14051;"CA";"Roseville";4;6;2012;0;18;"20120618"
"65.32.77.45";"US";-97.000000;38.000000;"AS33363 BRIGHT HOUSE NETWORKS, LLC";"mlab2-atl01";0.046439;1068942.488260;"0.004012999";"win32";"4.71.254.159";"speedtest";1339993169;230751.619442;0.046844;"29daca95-9628-479f-b4be-ee35e322c612";33363;"";"";4;6;2012;0;18;"20120618"
"69.144.10.64";"US";-108.454100;43.769800;"AS33588 Bresnan Communications, LLC.";"mlab2-atl01";0.074829;1297916.865004;"0.004012999";"win32";"4.71.254.159";"bittorrent";1339993430;257907.689715;-1.000000;"eacc891a-5915-4c63-a32a-7240664eaf5a";33588;"WY";"Thermopolis";4;6;2012;0;18;"20120618"
"50.76.47.114";"US";-122.419400;37.774900;"AS7922 Comcast Cable Communications, Inc.";"mlab2-atl01";0.085271;1444243.692879;"0.004012999";"win32";"4.71.254.159";"bittorrent";1339994367;1754042.684683;-1.000000;"a0907de9-08a5-4097-8c1d-bcbf94e3986b";7922;"CA";"San Francisco";4;6;2012;0;18;"20120618"
"132.161.219.98";"US";-92.717600;41.721700;"AS22949 Grinnell College";"mlab2-atl01";0.039586;2971849.193510;"0.004012999";"win32";"4.71.254.159";"speedtest";1339994495;655422.028894;0.040988;"de23301c-c09c-4e47-aa2b-90a625720856";22949;"IA";"Grinnell";4;6;2012;0;18;"20120618"
"75.127.236.122";"US";-97.000000;38.000000;"AS6128 Cablevision Systems Corp.";"mlab2-atl01";0.031049;1858123.102275;"0.004012999";"win32";"4.71.254.159";"bittorrent";1339994782;583420.995526;-1.000000;"560c097a-1dfa-4e05-9893-bdc56e35afc3";6128;"";"";4;6;2012;0;18;"20120618"
"69.148.250.152";"US";-97.337500;37.692200;"AS7018 AT&T Services, Inc.";"mlab2-atl01";0.081038;148933.507472;"0.004012999";"win32";"4.71.254.159";"speedtest";1339995078;39494.506924;0.090052;"acd06144-444b-4f3e-8410-58a01e77f7a8";7018;"KS";"Wichita";4;6;2012;0;18;"20120618"
"24.130.152.60";"US";-122.088500;37.709000;"AS7922 Comcast Cable Communications, Inc.";"mlab2-atl01";0.077811;2249590.857770;"0.004012999";"darwin";"4.71.254.159";"speedtest";1339995151;728591.657580;0.084679;"92ef1dc6-e5b9-40c8-800b-cc909779319d";7922;"CA";"Castro Valley";4;6;2012;0;18;"20120618"
"98.22.138.166";"US";-95.790800;36.052600;"AS7029 Windstream Communications Inc";"mlab2-atl01";2.655589;7030.785273;"0.004012999";"win32";"4.71.254.159";"bittorrent";1339996428;34976.985397;-1.000000;"eb27082c-e25b-4239-869e-8ba23d438a17";7029;"OK";"Broken Arrow";5;6;2012;0;18;"20120618"
"68.40.93.208";"US";-82.582300;42.637600;"AS7922 Comcast Cable Communications, Inc.";"mlab2-atl01";0.053189;1547143.099330;"0.004011999";"win32";"4.71.254.159";"speedtest";1339996566;439113.052945;0.055944;"5ddd06da-64ad-444c-b2c0-525541d4d177";7922;"MI";"Algonac";5;6;2012;0;18;"20120618"
"70.113.90.176";"US";-97.722700;30.310600;"AS11427 Time Warner Cable Internet LLC";"mlab2-atl01";0.032757;1862956.983017;"0.004012999";"win32";"4.71.254.159";"bittorrent";1339996966;228799.543843;-1.000000;"f957f544-b6fe-4e0c-b05d-e4a409241054";11427;"TX";"Austin";5;6;2012;0;18;"20120618"
"74.103.162.36";"US";-75.114700;40.427800;"AS701 MCI Communications Services, Inc. d/b/a Verizon Business";"mlab2-atl01";0.026663;1903866.464620;"0.004012999";"darwin";"4.71.254.159";"speedtest";1339997309;661280.729208;0.027922;"4eec0d76-fa70-4b4c-91f9-8cb1b74b0682";701;"PA";"Pipersville";5;6;2012;0;18;"20120618"
"74.93.119.149";"US";-77.460300;37.553800;"AS7922 Comcast Cable Communications, Inc.";"mlab2-atl01";0.032239;2737217.339900;"0.004012999";"win32";"4.71.254.159";"bittorrent";1339997507;606242.386221;-1.000000;"89137afb-b348-4f18-88b5-80cee829292f";7922;"VA";"Richmond";5;6;2012;0;18;"20120618"
"24.22.135.177";"US";-122.332100;47.606200;"AS7922 Comcast Cable Communications, Inc.";"mlab2-atl01";0.072473;2603602.239100;"0.004012999";"linux2";"4.71.254.159";"speedtest";1339997744;397179.230867;0.073516;"04cea472-6610-42db-acd2-c644a3d4447f";7922;"WA";"Seattle";5;6;2012;0;18;"20120618"
"69.143.19.17";"US";-77.104300;38.881000;"AS7922 Comcast Cable Communications, Inc.";"mlab2-atl01";0.024978;3160832.515182;"0.004012999";"darwin";"4.71.254.159";"bittorrent";1339998346;531978.330338;-1.000000;"9b4267aa-e8b7-40bb-a139-5ad1187a6f5d";7922;"VA";"Arlington";5;6;2012;0;18;"20120618"
"99.99.213.185";"US";-85.882800;42.855500;"AS7018 AT&T Services, Inc.";"mlab2-atl01";0.051326;1306174.348890;"0.004012999";"linux2";"4.71.254.159";"speedtest";1339998689;180122.898147;0.055265;"22998df3-a92a-4573-b9f5-476782c2c770";7018;"MI";"Hudsonville";5;6;2012;0;18;"20120618"
"132.161.219.98";"US";-92.717600;41.721700;"AS22949 Grinnell College";"mlab2-atl01";0.039328;1376325.537198;"0.004012999";"win32";"4.71.254.159";"bittorrent";1339998753;454079.641079;-1.000000;"de23301c-c09c-4e47-aa2b-90a625720856";22949;"IA";"Grinnell";5;6;2012;0;18;"20120618"
"50.12.211.162";"US";-93.263800;44.980000;"AS16586 CLEARWIRE - CLEAR WIRELESS LLC";"mlab2-atl01";0.096447;583476.145363;"0.004012999";"darwin";"4.71.254.159";"bittorrent";1339998944;145566.734037;-1.000000;"3955a411-3e83-4a8e-aa8e-165233e306e9";16586;"MN";"Minneapolis";5;6;2012;0;18;"20120618"
"67.174.9.121";"US";-87.819700;41.894000;"AS7922 Comcast Cable Communications, Inc.";"mlab2-atl01";0.033031;3133163.519212;"0.004012999";"win32";"4.71.254.159";"bittorrent";1339998957;520612.608461;-1.000000;"bdaf2367-a776-4a1f-9c03-a75a6b08c6b1";7922;"IL";"River Forest";5;6;2012;0;18;"20120618"
"99.130.96.199";"US";-117.490800;33.932900;"AS7018 AT&T Services, Inc.";"mlab2-atl01";0.090550;1394129.742165;"0.004012999";"linux2";"4.71.254.159";"bittorrent";1340000645;182813.653326;-1.000000;"0a3b2944-23c0-4116-a068-0d5627c0dec9";7018;"CA";"Riverside";6;6;2012;0;18;"20120618"
"98.22.138.166";"US";-95.790800;36.052600;"AS7029 Windstream Communications Inc";"mlab2-atl01";0.080150;356182.040466;"0.004012999";"win32";"4.71.254.159";"speedtest";1340001011;79777.526827;0.086819;"eb27082c-e25b-4239-869e-8ba23d438a17";7029;"OK";"Broken Arrow";6;6;2012;0;18;"20120618"
"99.92.88.210";"US";-122.030700;37.353700;"AS7018 AT&T Services, Inc.";"mlab2-atl01";0.100632;772136.077555;"0.004012999";"darwin";"4.71.254.159";"speedtest";1340001974;173848.344485;0.103177;"13cf72ab-670c-4dc7-8fad-aa9a41f4355d";7018;"CA";"Sunnyvale";6;6;2012;0;18;"20120618"
"71.204.91.144";"US";-84.447700;34.119000;"AS7922 Comcast Cable Communications, Inc.";"mlab2-atl01";0.012613;1837613.546600;"0.004012999";"darwin";"4.71.254.159";"speedtest";1340002144;520612.420673;0.018580;"4b4fa0bc-987b-4105-9a0b-83e736a6503c";7922;"GA";"Woodstock";6;6;2012;0;18;"20120618"
"99.130.96.199";"US";-117.490800;33.932900;"AS7018 AT&T Services, Inc.";"mlab2-atl01";0.091108;1394741.965524;"0.004012999";"linux2";"4.71.254.159";"bittorrent";1340003579;183765.602127;-1.000000;"0a3b2944-23c0-4116-a068-0d5627c0dec9";7018;"CA";"Riverside";7;6;2012;0;18;"20120618"
"98.157.202.20";"US";-87.413900;39.466700;"AS10796 Time Warner Cable Internet LLC";"mlab2-atl01";0.060655;1465120.757240;"0.004011999";"win32";"4.71.254.159";"speedtest";1340003878;98666.037765;0.054903;"9c0fa0e1-b625-407b-8e5d-f979a63c0e77";10796;"IN";"Terre Haute";7;6;2012;0;18;"20120618"
"70.122.243.11";"US";-97.015000;32.954600;"AS11427 Time Warner Cable Internet LLC";"mlab2-atl01";0.037872;3732160.938116;"0.004012999";"win32";"4.71.254.159";"bittorrent";1340004160;567926.496531;-1.000000;"bab8f612-1f34-46c2-a83e-fbaa7a2f8fa7";11427;"TX";"Coppell";7;6;2012;0;18;"20120618"
"50.78.87.177";"US";-106.097500;39.574400;"AS7922 Comcast Cable Communications, Inc.";"mlab2-atl01";0.052963;1207064.368768;"0.004012999";"win32";"4.71.254.159";"bittorrent";1340005857;297050.814852;-1.000000;"c4393561-5207-49e8-879a-bbb805c9188f";7922;"CO";"Frisco";7;6;2012;0;18;"20120618"
"207.231.92.41";"US";-121.370600;38.784300;"AS14051 Roseville Telephone Company";"mlab2-atl01";0.066808;3363823.877660;"0.004012999";"win32";"4.71.254.159";"bittorrent";1340005902;2723154.145683;-1.000000;"cb121e1a-4701-4c5a-91b5-29c9df2b10c0";14051;"CA";"Roseville";7;6;2012;0;18;"20120618"
"67.174.9.121";"US";-87.819700;41.894000;"AS7922 Comcast Cable Communications, Inc.";"mlab2-atl01";0.033707;2866802.922060;"0.004012999";"win32";"4.71.254.159";"speedtest";1340006304;516786.414098;0.033548;"bdaf2367-a776-4a1f-9c03-a75a6b08c6b1";7922;"IL";"River Forest";7;6;2012;0;18;"20120618"
"69.143.19.17";"US";-77.104300;38.881000;"AS7922 Comcast Cable Communications, Inc.";"mlab2-atl01";0.025175;3160288.103166;"0.004012999";"darwin";"4.71.254.159";"bittorrent";1340006705;538302.405612;-1.000000;"9b4267aa-e8b7-40bb-a139-5ad1187a6f5d";7922;"VA";"Arlington";8;6;2012;0;18;"20120618"
"98.203.140.223";"US";-122.304300;47.610200;"AS7922 Comcast Cable Communications, Inc.";"mlab2-atl01";0.073564;2125521.139767;"0.004012999";"linux2";"4.71.254.159";"bittorrent";1340007721;489176.336053;-1.000000;"4bf1068a-cabe-4254-a52f-c2914db03ade";7922;"WA";"Seattle";8;6;2012;0;18;"20120618"
"71.204.165.181";"US";-122.036300;37.368800;"AS7922 Comcast Cable Communications, Inc.";"mlab2-atl01";0.075407;2830268.827468;"0.004012999";"darwin";"4.71.254.159";"bittorrent";1340008465;510412.936917;-1.000000;"1ce7a86b-b408-4815-ae8b-bf0652a278f3";7922;"CA";"Sunnyvale";8;6;2012;0;18;"20120618"
"67.168.66.115";"US";-122.630500;48.321800;"AS7922 Comcast Cable Communications, Inc.";"mlab2-atl01";0.072304;2431588.099186;"0.004012999";"win32";"4.71.254.159";"bittorrent";1340009027;720547.493983;-1.000000;"3ee99b5a-2c05-4823-a555-34b90b697de5";7922;"WA";"Oak Harbor";8;6;2012;0;18;"20120618"
"24.22.135.177";"US";-122.332100;47.606200;"AS7922 Comcast Cable Communications, Inc.";"mlab2-atl01";0.071708;2701468.793320;"0.004012999";"linux2";"4.71.254.159";"speedtest";1340009343;452207.657398;0.071517;"04cea472-6610-42db-acd2-c644a3d4447f";7922;"WA";"Seattle";8;6;2012;0;18;"20120618"
"71.58.226.44";"US";-75.961500;41.249000;"AS7922 Comcast Cable Communications, Inc.";"mlab2-atl01";0.048296;3922023.750946;"0.004012999";"win32";"4.71.254.159";"bittorrent";1340009845;641209.121637;-1.000000;"fb6cc5ca-37c3-44c5-8176-4a40a17f217a";7922;"PA";"Plymouth";8;6;2012;0;18;"20120618"
"74.163.8.166";"US";-86.875000;30.446700;"AS6389 BellSouth.net Inc.";"mlab2-atl01";0.042509;624192.382988;"0.004012999";"win32";"4.71.254.159";"bittorrent";1340011500;46720.890825;-1.000000;"4565989b-987f-4c3c-aa75-a740afde3068";6389;"FL";"Navarre";9;6;2012;0;18;"20120618"
"99.21.145.140";"US";-121.382800;38.626300;"AS7132 AS for SBIS-AS";"mlab2-atl01";0.164170;818792.840299;"0.004012999";"win32";"4.71.254.159";"speedtest";1340011599;138808.955754;0.163746;"ebeab1c8-defc-4fef-8be3-daa7088a0954";7132;"CA";"Sacramento";9;6;2012;0;18;"20120618"
"69.143.19.17";"US";-77.104300;38.881000;"AS7922 Comcast Cable Communications, Inc.";"mlab2-atl01";0.025301;2091691.236227;"0.004012999";"darwin";"4.71.254.159";"bittorrent";1340012277;519518.758293;-1.000000;"9b4267aa-e8b7-40bb-a139-5ad1187a6f5d";7922;"VA";"Arlington";9;6;2012;0;18;"20120618"
"98.243.192.146";"US";-84.594100;42.860200;"AS7922 Comcast Cable Communications, Inc.";"mlab2-atl01";0.043172;1323190.904890;"0.004012999";"darwin";"4.71.254.159";"speedtest";1340012604;460706.892611;0.047739;"69a61dac-c7ac-4b16-b86b-4bd2f3990f62";7922;"MI";"Dewitt";9;6;2012;0;18;"20120618"
"76.10.12.242";"US";-88.242600;40.112500;"AS46925 PAVLOV MEDIA INC";"mlab2-atl01";0.026851;2026931.541852;"0.004012999";"win32";"4.71.254.159";"bittorrent";1340013180;1579274.969143;-1.000000;"b2c93218-2fa2-4a04-be8b-f4553cb22e1a";46925;"IL";"Champaign";9;6;2012;0;18;"20120618"
"68.58.125.60";"US";-86.158000;39.768400;"AS7922 Comcast Cable Communications, Inc.";"mlab2-atl01";0.045676;1677070.682276;"0.004012999";"darwin";"4.71.254.159";"bittorrent";1340013210;513097.475772;-1.000000;"9ad7184c-eb25-4754-a40f-91e4262a9d35";7922;"IN";"Indianapolis";9;6;2012;0;18;"20120618"
"71.237.28.39";"US";-104.984700;39.739200;"AS7922 Comcast Cable Communications, Inc.";"mlab2-atl01";0.061348;884736.656883;"0.004012999";"darwin";"4.71.254.159";"speedtest";1340013385;459196.594495;0.210735;"95e96326-78fe-4507-8b06-f60611a1b7ad";7922;"CO";"Denver";9;6;2012;0;18;"20120618"
"68.40.185.45";"US";-83.740900;42.277600;"AS7922 Comcast Cable Communications, Inc.";"mlab2-atl01";0.049291;1603301.227088;"0.004012999";"darwin";"4.71.254.159";"bittorrent";1340016841;777333.752534;-1.000000;"f77a7853-1ba8-4219-aa2c-2157b5e89023";7922;"MI";"Ann Arbor";10;6;2012;0;18;"20120618"
"74.103.162.36";"US";-75.114700;40.427800;"AS701 MCI Communications Services, Inc. d/b/a Verizon Business";"mlab2-atl01";0.025157;1912413.187848;"0.004012999";"darwin";"4.71.254.159";"bittorrent";1340018259;663793.544258;-1.000000;"4eec0d76-fa70-4b4c-91f9-8cb1b74b0682";701;"PA";"Pipersville";11;6;2012;0;18;"20120618"
"98.243.192.146";"US";-84.594100;42.860200;"AS7922 Comcast Cable Communications, Inc.";"mlab2-atl01";0.045890;1379834.731864;"0.004012999";"darwin";"4.71.254.159";"bittorrent";1340020419;451931.574990;-1.000000;"69a61dac-c7ac-4b16-b86b-4bd2f3990f62";7922;"MI";"Dewitt";11;6;2012;0;18;"20120618"
"71.192.154.157";"US";-71.051200;42.406300;"AS7922 Comcast Cable Communications, Inc.";"mlab2-atl01";2.191055;851945.840149;"0.004012999";"darwin";"4.71.254.159";"speedtest";1340020430;381950.278110;0.041920;"65fb0ed5-8aab-4ca3-973b-6f6abd2e24d4";7922;"MA";"Everett";11;6;2012;0;18;"20120618"
"173.246.102.187";"US";-76.612200;39.290400;"AS29169 Gandi SAS";"mlab2-atl01";0.014869;4807504.873760;"0.004011999";"linux2";"4.71.254.159";"speedtest";1340020767;649986.181365;0.017019;"a57cd6aa-6b9a-40e3-ae4c-0685546dd104";29169;"MD";"Baltimore";11;6;2012;0;18;"20120618"
"71.58.226.44";"US";-75.961500;41.249000;"AS7922 Comcast Cable Communications, Inc.";"mlab2-atl01";0.048421;3664776.039571;"0.004012999";"win32";"4.71.254.159";"bittorrent";1340021074;704068.696125;-1.000000;"fb6cc5ca-37c3-44c5-8176-4a40a17f217a";7922;"PA";"Plymouth";12;6;2012;0;18;"20120618"
"69.249.238.83";"US";-75.163800;39.952300;"AS7922 Comcast Cable Communications, Inc.";"mlab2-atl01";0.174717;1771094.224607;"0.004012999";"win32";"4.71.254.159";"bittorrent";1340021147;139805.709919;-1.000000;"a49b9e19-6f47-4dc7-8196-0fc4dbc9e641";7922;"PA";"Philadelphia";12;6;2012;0;18;"20120618"
"72.81.232.139";"US";-76.837500;39.174900;"AS701 MCI Communications Services, Inc. d/b/a Verizon Business";"mlab2-atl01";0.078845;1652834.936050;"0.004012999";"darwin";"4.71.254.159";"speedtest";1340021340;237198.788985;0.096290;"5d2377cf-2e67-40be-b1dc-e439a545da6f";701;"MD";"Columbia";12;6;2012;0;18;"20120618"
"71.204.165.181";"US";-122.036300;37.368800;"AS7922 Comcast Cable Communications, Inc.";"mlab2-atl01";0.076530;1364253.964860;"0.004012999";"darwin";"4.71.254.159";"speedtest";1340021418;488207.414503;0.080614;"1ce7a86b-b408-4815-ae8b-bf0652a278f3";7922;"CA";"Sunnyvale";12;6;2012;0;18;"20120618"
"98.206.101.228";"US";-87.655100;41.937300;"AS7922 Comcast Cable Communications, Inc.";"mlab2-atl01";0.031271;2779121.141160;"0.004012999";"win32";"4.71.254.159";"speedtest";1340021930;512377.415661;0.033604;"1b8a7968-95b4-4827-8260-84d7e02b3d53";7922;"IL";"Chicago";12;6;2012;0;18;"20120618"
"50.78.87.177";"US";-106.097500;39.574400;"AS7922 Comcast Cable Communications, Inc.";"mlab2-atl01";0.051433;1213928.806864;"0.004012999";"win32";"4.71.254.159";"bittorrent";1340022079;720879.682127;-1.000000;"c4393561-5207-49e8-879a-bbb805c9188f";7922;"CO";"Frisco";12;6;2012;0;18;"20120618"
"76.169.71.176";"US";-118.273400;33.963800;"AS20001 Time Warner Cable Internet LLC";"mlab2-atl01";0.061497;588790.336897;"0.004011999";"win32";"4.71.254.159";"bittorrent";1340022379;88015.361586;-1.000000;"2f0c137b-7982-4d9c-b50a-c362f2d810e0";20001;"CA";"Los Angeles";12;6;2012;0;18;"20120618"
"76.10.12.242";"US";-88.242600;40.112500;"AS46925 PAVLOV MEDIA INC";"mlab2-atl01";0.039712;2147683.477362;"0.004012999";"win32";"4.71.254.159";"bittorrent";1340022558;1893144.809697;-1.000000;"b2c93218-2fa2-4a04-be8b-f4553cb22e1a";46925;"IL";"Champaign";12;6;2012;0;18;"20120618"
"72.213.144.107";"US";-95.935700;36.017300;"AS22773 Cox Communications Inc.";"mlab2-atl01";3.250132;1379071.039814;"0.004012999";"win32";"4.71.254.159";"bittorrent";1340023361;190350.081775;-1.000000;"296b8de4-8c1f-4820-ac4a-4465f9a9cf9c";22773;"OK";"Tulsa";12;6;2012;0;18;"20120618"
"68.48.221.17";"US";-76.837500;39.174900;"AS7922 Comcast Cable Communications, Inc.";"mlab2-atl01";0.029547;2021164.256361;"0.004012999";"darwin";"4.71.254.159";"bittorrent";1340023391;698234.781326;-1.000000;"4162ce8a-78ab-4a68-9407-13618360662f";7922;"MD";"Columbia";12;6;2012;0;18;"20120618"
"72.181.251.247";"US";-96.771500;32.833900;"AS11427 Time Warner Cable Internet LLC";"mlab2-atl01";0.034137;2510582.978686;"0.004012999";"darwin";"4.71.254.159";"bittorrent";1340023436;224088.200094;-1.000000;"ec56ca67-ca5b-4ee7-a615-8743ebac3e8a";11427;"TX";"Dallas";12;6;2012;0;18;"20120618"
"99.104.57.129";"US";-87.701600;41.975900;"AS7018 AT&T Services, Inc.";"mlab2-atl01";0.182053;100000.689581;"0.004012999";"darwin";"4.71.254.159";"speedtest";1340023599;25831.698437;0.242072;"d6f10baf-3b6d-47fb-999c-6d4188d2d4b2";7018;"IL";"Chicago";12;6;2012;0;18;"20120618"
"68.40.185.45";"US";-83.740900;42.277600;"AS7922 Comcast Cable Communications, Inc.";"mlab2-atl01";0.051411;985639.097674;"0.004012999";"darwin";"4.71.254.159";"speedtest";1340023898;760848.452048;0.057024;"f77a7853-1ba8-4219-aa2c-2157b5e89023";7922;"MI";"Ann Arbor";12;6;2012;0;18;"20120618"
"68.40.93.208";"US";-82.582300;42.637600;"AS7922 Comcast Cable Communications, Inc.";"mlab2-atl01";0.051057;1743271.676643;"0.004011999";"win32";"4.71.254.159";"bittorrent";1340024067;399694.203595;-1.000000;"5ddd06da-64ad-444c-b2c0-525541d4d177";7922;"MI";"Algonac";12;6;2012;0;18;"20120618"
"207.231.92.41";"US";-121.370600;38.784300;"AS14051 Roseville Telephone Company";"mlab2-atl01";0.065717;3102408.679900;"0.004012999";"win32";"4.71.254.159";"speedtest";1340024387;3653191.230500;0.071394;"cb121e1a-4701-4c5a-91b5-29c9df2b10c0";14051;"CA";"Roseville";12;6;2012;0;18;"20120618"
"24.2.64.100";"US";-112.008200;40.477400;"AS7922 Comcast Cable Communications, Inc.";"mlab2-atl01";0.070710;830783.346994;"0.004012999";"win32";"4.71.254.159";"speedtest";1340024864;137734.749747;0.071973;"9a8766b6-803d-48fa-b02a-2091ff6f496e";7922;"UT";"Riverton";13;6;2012;0;18;"20120618"
"173.160.133.65";"US";-122.449200;47.151100;"AS7922 Comcast Cable Communications, Inc.";"mlab2-atl01";0.075862;484848.861331;"0.004012999";"win32";"4.71.254.159";"bittorrent";1340025129;375172.342859;-1.000000;"cd29f4ce-ebe9-47c8-8b18-9406a9618ac1";7922;"WA";"Tacoma";13;6;2012;0;18;"20120618"
"50.78.87.177";"US";-106.097500;39.574400;"AS7922 Comcast Cable Communications, Inc.";"mlab2-atl01";0.051133;1215077.202587;"0.004012999";"win32";"4.71.254.159";"bittorrent";1340025324;541297.107547;-1.000000;"c4393561-5207-49e8-879a-bbb805c9188f";7922;"CO";"Frisco";13;6;2012;0;18;"20120618"
"67.168.59.54";"US";-122.668000;48.185500;"AS7922 Comcast Cable Communications, Inc.";"mlab2-atl01";0.072327;2331742.258008;"0.004012999";"win32";"4.71.254.159";"bittorrent";1340025384;706398.244151;-1.000000;"ea22d474-846e-407d-9ebe-cd03ff0d64f4";7922;"WA";"Coupeville";13;6;2012;0;18;"20120618"
"74.93.119.149";"US";-77.460300;37.553800;"AS7922 Comcast Cable Communications, Inc.";"mlab2-atl01";0.031496;3443288.993870;"0.004012999";"win32";"4.71.254.159";"speedtest";1340025330;592251.900154;0.033699;"89137afb-b348-4f18-88b5-80cee829292f";7922;"VA";"Richmond";13;6;2012;0;18;"20120618"
"132.161.219.98";"US";-92.717600;41.721700;"AS22949 Grinnell College";"mlab2-atl01";0.038998;2878355.199520;"0.004012999";"win32";"4.71.254.159";"speedtest";1340025772;647025.571955;0.040761;"de23301c-c09c-4e47-aa2b-90a625720856";22949;"IA";"Grinnell";13;6;2012;0;18;"20120618"
"98.214.132.10";"US";-89.589000;40.693600;"AS7922 Comcast Cable Communications, Inc.";"mlab2-atl01";0.038993;4442258.458875;"0.004012999";"darwin";"4.71.254.159";"bittorrent";1340026351;784926.364005;-1.000000;"ac008ee9-df9b-425b-a370-34b57dce1b90";7922;"IL";"Peoria";13;6;2012;0;18;"20120618"
"99.104.57.129";"US";-87.701600;41.975900;"AS7018 AT&T Services, Inc.";"mlab2-atl01";0.073687;54945.338777;"0.004012999";"darwin";"4.71.254.159";"speedtest";1340026648;12526.596341;0.267154;"d6f10baf-3b6d-47fb-999c-6d4188d2d4b2";7018;"IL";"Chicago";13;6;2012;0;18;"20120618"
"70.114.2.130";"US";-98.399400;29.583400;"AS11427 Time Warner Cable Internet LLC";"mlab2-atl01";0.034451;3117732.538983;"0.004012999";"linux2";"4.71.254.159";"bittorrent";1340027469;243604.761840;-1.000000;"eef1d069-de63-4f80-84c8-860f065b1f10";11427;"TX";"San Antonio";13;6;2012;0;18;"20120618"
"24.2.64.100";"US";-112.008200;40.477400;"AS7922 Comcast Cable Communications, Inc.";"mlab2-atl01";0.099442;757107.424025;"0.004012999";"win32";"4.71.254.159";"speedtest";1340027688;137656.880999;0.072174;"9a8766b6-803d-48fa-b02a-2091ff6f496e";7922;"UT";"Riverton";13;6;2012;0;18;"20120618"
"71.58.226.44";"US";-75.961500;41.249000;"AS7922 Comcast Cable Communications, Inc.";"mlab2-atl01";0.046275;3684920.307840;"0.004012999";"win32";"4.71.254.159";"speedtest";1340028081;731342.025819;0.048107;"fb6cc5ca-37c3-44c5-8176-4a40a17f217a";7922;"PA";"Plymouth";14;6;2012;0;18;"20120618"
"209.155.86.74";"US";-77.426000;43.100500;"AS1785 PaeTec Communications, Inc.";"mlab2-atl01";0.031127;347870.077523;"0.004012999";"win32";"4.71.254.159";"speedtest";1340028260;59458.262797;0.031623;"4841c017-4566-4afc-a805-ba458ccb2be1";1785;"NY";"Fairport";14;6;2012;0;18;"20120618"
"174.31.152.186";"US";-97.000000;38.000000;"AS209 NOVARTIS-DMZ-US";"mlab2-atl01";0.103732;2878650.518480;"0.004012999";"darwin";"4.71.254.159";"speedtest";1340028597;542718.281452;0.102426;"9da9dff5-de02-49ae-a084-b2164425feeb";209;"";"";14;6;2012;0;18;"20120618"
"75.140.153.254";"US";-121.654400;37.130500;"AS20115 Charter Communications";"mlab2-atl01";0.095634;4210009.131080;"0.004012999";"darwin";"4.71.254.159";"speedtest";1340030165;594111.641450;0.096313;"a039434c-d8c0-4f4d-8050-4153de22c986";20115;"CA";"Morgan Hill";14;6;2012;0;18;"20120618"
"76.10.12.242";"US";-88.242600;40.112500;"AS46925 PAVLOV MEDIA INC";"mlab2-atl01";0.027929;2091855.843860;"0.004012999";"win32";"4.71.254.159";"speedtest";1340030391;1049336.365120;0.029981;"b2c93218-2fa2-4a04-be8b-f4553cb22e1a";46925;"IL";"Champaign";14;6;2012;0;18;"20120618"
"96.2.48.78";"US";-96.983300;42.836900;"AS11232 Midcontinent Media, Inc.";"mlab2-atl01";0.046501;3847714.296700;"0.004012999";"win32";"4.71.254.159";"speedtest";1340031419;488752.343751;0.050609;"d4959228-fa29-4292-8c76-7ca9985284c9";11232;"SD";"Vermillion";14;6;2012;0;18;"20120618"
"68.48.221.17";"US";-76.837500;39.174900;"AS7922 Comcast Cable Communications, Inc.";"mlab2-atl01";0.029915;2026631.887822;"0.004012999";"darwin";"4.71.254.159";"bittorrent";1340031926;699366.171853;-1.000000;"4162ce8a-78ab-4a68-9407-13618360662f";7922;"MD";"Columbia";15;6;2012;0;18;"20120618"
"71.187.199.3";"US";-74.216400;40.816200;"AS701 MCI Communications Services, Inc. d/b/a Verizon Business";"mlab2-atl01";0.030299;1984531.041850;"0.004011999";"win32";"4.71.254.159";"speedtest";1340033107;1549396.861370;0.031822;"a9bde20f-2872-443c-8e9b-a2f6f162c91d";701;"NJ";"Montclair";15;6;2012;0;18;"20120618"
"75.127.236.122";"US";-97.000000;38.000000;"AS6128 Cablevision Systems Corp.";"mlab2-atl01";0.033122;1920829.503930;"0.004012999";"win32";"4.71.254.159";"speedtest";1340033114;602768.418536;0.032191;"560c097a-1dfa-4e05-9893-bdc56e35afc3";6128;"";"";15;6;2012;0;18;"20120618"
"24.61.63.89";"US";-71.031600;42.399700;"AS7922 Comcast Cable Communications, Inc.";"mlab2-atl01";0.045959;1632113.665650;"0.004012999";"win32";"4.71.254.159";"bittorrent";1340033586;489815.024917;-1.000000;"641fcec9-64c6-4ec1-a213-90d958a6f9a1";7922;"MA";"Chelsea";15;6;2012;0;18;"20120618"
"76.112.161.232";"US";-83.077200;42.375500;"AS7922 Comcast Cable Communications, Inc.";"mlab2-atl01";0.041290;543974.683618;"0.004012999";"win32";"4.71.254.159";"bittorrent";1340033872;92623.888336;-1.000000;"5cb4931f-bf67-49bf-a4ec-d36d7495a682";7922;"MI";"Detroit";15;6;2012;0;18;"20120618"
"72.81.232.139";"US";-76.837500;39.174900;"AS701 MCI Communications Services, Inc. d/b/a Verizon Business";"mlab2-atl01";0.029297;1652189.605445;"0.004012999";"darwin";"4.71.254.159";"bittorrent";1340033971;252107.597724;-1.000000;"5d2377cf-2e67-40be-b1dc-e439a545da6f";701;"MD";"Columbia";15;6;2012;0;18;"20120618"
"108.6.12.54";"US";-73.936100;40.740000;"AS701 MCI Communications Services, Inc. d/b/a Verizon Business";"mlab2-atl01";0.033409;2887857.631480;"0.004011999";"darwin";"4.71.254.159";"speedtest";1340034154;754540.006617;0.034559;"2e291570-e5e9-434c-8fc4-9496c5d43b52";701;"NY";"Long Island City";15;6;2012;0;18;"20120618"
"174.31.152.186";"US";-97.000000;38.000000;"AS209 NOVARTIS-DMZ-US";"mlab2-atl01";0.101482;2139062.038310;"0.004012999";"darwin";"4.71.254.159";"speedtest";1340035018;542907.322342;0.102132;"9da9dff5-de02-49ae-a084-b2164425feeb";209;"";"";15;6;2012;0;18;"20120618"
"99.92.88.210";"US";-122.030700;37.353700;"AS7018 AT&T Services, Inc.";"mlab2-atl01";0.100854;953640.950047;"0.004012999";"darwin";"4.71.254.159";"bittorrent";1340035236;182100.953263;-1.000000;"13cf72ab-670c-4dc7-8fad-aa9a41f4355d";7018;"CA";"Sunnyvale";16;6;2012;0;18;"20120618"
"209.155.86.74";"US";-77.426000;43.100500;"AS1785 PaeTec Communications, Inc.";"mlab2-atl01";0.042714;278422.010352;"0.004012999";"win32";"4.71.254.159";"bittorrent";1340035241;50603.262845;-1.000000;"4841c017-4566-4afc-a805-ba458ccb2be1";1785;"NY";"Fairport";16;6;2012;0;18;"20120618"
"67.172.130.152";"US";-104.821400;38.833900;"AS7922 Comcast Cable Communications, Inc.";"mlab2-atl01";0.064412;3142829.665439;"0.004012999";"darwin";"4.71.254.159";"bittorrent";1340035351;350197.315581;-1.000000;"e83583f7-4c54-4291-a929-2fd12fd286f5";7922;"CO";"Colorado Springs";16;6;2012;0;18;"20120618"
"72.81.232.139";"US";-76.837500;39.174900;"AS701 MCI Communications Services, Inc. d/b/a Verizon Business";"mlab2-atl01";0.031784;1322058.902160;"0.004012999";"darwin";"4.71.254.159";"speedtest";1340035363;229227.994840;0.061991;"5d2377cf-2e67-40be-b1dc-e439a545da6f";701;"MD";"Columbia";16;6;2012;0;18;"20120618"
"209.155.86.74";"US";-77.426000;43.100500;"AS1785 PaeTec Communications, Inc.";"mlab2-atl01";0.040565;336073.176393;"0.004012999";"win32";"4.71.254.159";"speedtest";1340036640;56237.361281;0.035243;"4841c017-4566-4afc-a805-ba458ccb2be1";1785;"NY";"Fairport";16;6;2012;0;18;"20120618"
"64.81.87.32";"US";-117.865300;34.020300;"AS18566 MegaPath Corporation";"mlab2-atl01";0.060577;799393.201877;"0.004011999";"win32";"4.71.254.159";"bittorrent";1340036778;74507.528163;-1.000000;"e94d5238-1b8c-4a39-ae43-035af5b62fa1";18566;"CA";"Walnut";16;6;2012;0;18;"20120618"
"76.24.39.72";"US";-71.691300;42.413600;"AS7922 Comcast Cable Communications, Inc.";"mlab2-atl01";0.030533;316209.473643;"0.004012999";"win32";"4.71.254.159";"bittorrent";1340037121;470334.068884;-1.000000;"d7fbbeb1-8f79-4feb-9ab1-01beb7b970aa";7922;"MA";"Clinton";16;6;2012;0;18;"20120618"
"98.243.192.146";"US";-84.594100;42.860200;"AS7922 Comcast Cable Communications, Inc.";"mlab2-atl01";0.046118;1239605.005880;"0.004012999";"darwin";"4.71.254.159";"speedtest";1340037617;473309.208474;0.048359;"69a61dac-c7ac-4b16-b86b-4bd2f3990f62";7922;"MI";"Dewitt";16;6;2012;0;18;"20120618"
"69.249.238.83";"US";-75.163800;39.952300;"AS7922 Comcast Cable Communications, Inc.";"mlab2-atl01";0.146208;1699380.840590;"0.004012999";"win32";"4.71.254.159";"speedtest";1340038252;84162.564415;0.128869;"a49b9e19-6f47-4dc7-8196-0fc4dbc9e641";7922;"PA";"Philadelphia";16;6;2012;0;18;"20120618"
"132.161.219.98";"US";-92.717600;41.721700;"AS22949 Grinnell College";"mlab2-atl01";0.039555;1119588.809261;"0.004012999";"win32";"4.71.254.159";"bittorrent";1340038557;326053.843542;-1.000000;"de23301c-c09c-4e47-aa2b-90a625720856";22949;"IA";"Grinnell";16;6;2012;0;18;"20120618"
"71.118.241.200";"US";-118.880000;34.213300;"AS701 MCI Communications Services, Inc. d/b/a Verizon Business";"mlab2-atl01";0.066866;3138106.442556;"0.004012999";"darwin";"4.71.254.159";"bittorrent";1340039568;1836261.426603;-1.000000;"6240ede4-4770-4ab9-a1a5-5df49c84c463";701;"CA";"Thousand Oaks";17;6;2012;0;18;"20120618"
"67.168.66.115";"US";-122.630500;48.321800;"AS7922 Comcast Cable Communications, Inc.";"mlab2-atl01";0.073933;1479466.592965;"0.004012999";"win32";"4.71.254.159";"bittorrent";1340040046;731854.574924;-1.000000;"3ee99b5a-2c05-4823-a555-34b90b697de5";7922;"WA";"Oak Harbor";17;6;2012;0;18;"20120618"
"69.144.10.64";"US";-108.454100;43.769800;"AS33588 Bresnan Communications, LLC.";"mlab2-atl01";0.056034;1834760.394397;"0.004012999";"win32";"4.71.254.159";"bittorrent";1340040127;261905.970065;-1.000000;"eacc891a-5915-4c63-a32a-7240664eaf5a";33588;"WY";"Thermopolis";17;6;2012;0;18;"20120618"
"24.46.196.47";"US";-73.686200;40.793900;"AS6128 Cablevision Systems Corp.";"mlab2-atl01";0.031138;2467838.111505;"0.004012999";"win32";"4.71.254.159";"bittorrent";1340040365;260896.554388;-1.000000;"103cc2f1-ddd5-4016-83cc-cdd357e7a81a";6128;"NY";"Manhasset";17;6;2012;0;18;"20120618"
"207.231.92.41";"US";-121.370600;38.784300;"AS14051 Roseville Telephone Company";"mlab2-atl01";0.067024;2994586.321936;"0.004012999";"win32";"4.71.254.159";"bittorrent";1340040539;1728744.275262;-1.000000;"cb121e1a-4701-4c5a-91b5-29c9df2b10c0";14051;"CA";"Roseville";17;6;2012;0;18;"20120618"
"98.222.147.136";"US";-85.681400;40.411900;"AS7922 Comcast Cable Communications, Inc.";"mlab2-atl01";0.048164;2984497.774600;"0.004012999";"linux2";"4.71.254.159";"bittorrent";1340041019;456488.624879;-1.000000;"247a4b73-0dbb-440a-a85f-68d042f5a3a2";7922;"IN";"Fairmount";17;6;2012;0;18;"20120618"
"66.235.50.69";"US";-122.029600;47.586900;"AS23292 Broadstripe";"mlab2-atl01";0.089846;320342.132793;"0.004012999";"darwin";"4.71.254.159";"bittorrent";1340041077;286230.139481;-1.000000;"619f12e6-7e7a-4475-96aa-abb7e35e6c27";23292;"WA";"Sammamish";17;6;2012;0;18;"20120618"
"173.246.102.187";"US";-76.612200;39.290400;"AS29169 Gandi SAS";"mlab2-atl01";0.015306;5789888.265302;"0.004011999";"linux2";"4.71.254.159";"bittorrent";1340041293;688207.740569;-1.000000;"a57cd6aa-6b9a-40e3-ae4c-0685546dd104";29169;"MD";"Baltimore";17;6;2012;0;18;"20120618"
"173.160.133.65";"US";-122.449200;47.151100;"AS7922 Comcast Cable Communications, Inc.";"mlab2-atl01";0.077447;430227.615402;"0.004012999";"win32";"4.71.254.159";"speedtest";1340041656;409336.251378;0.077247;"cd29f4ce-ebe9-47c8-8b18-9406a9618ac1";7922;"WA";"Tacoma";17;6;2012;0;18;"20120618"
"184.177.72.227";"US";-97.000000;38.000000;"AS22773 Cox Communications Inc.";"mlab2-atl01";0.091297;505309.136426;"0.004012999";"win32";"4.71.254.159";"speedtest";1340042259;534765.596943;0.092574;"e9aa2936-1c50-4b9d-89e4-2daad232b753";22773;"";"";17;6;2012;0;18;"20120618"
"66.235.50.69";"US";-122.029600;47.586900;"AS23292 Broadstripe";"mlab2-atl01";0.088599;140480.511324;"0.004012999";"darwin";"4.71.254.159";"speedtest";1340042493;278372.231732;0.091890;"619f12e6-7e7a-4475-96aa-abb7e35e6c27";23292;"WA";"Sammamish";18;6;2012;0;18;"20120618"
"50.78.87.177";"US";-106.097500;39.574400;"AS7922 Comcast Cable Communications, Inc.";"mlab2-atl01";0.052611;1111273.673380;"0.004012999";"win32";"4.71.254.159";"speedtest";1340043157;925126.672054;0.053278;"c4393561-5207-49e8-879a-bbb805c9188f";7922;"CO";"Frisco";18;6;2012;0;18;"20120618"
"71.190.171.206";"US";-73.525400;40.767000;"AS701 MCI Communications Services, Inc. d/b/a Verizon Business";"mlab2-atl01";0.024754;3457519.592549;"0.004012999";"linux2";"4.71.254.159";"bittorrent";1340043955;2763210.155236;-1.000000;"dfd87da2-1968-48ac-9bd2-5469644e29e4";701;"NY";"Hicksville";18;6;2012;0;18;"20120618"
"132.161.219.98";"US";-92.717600;41.721700;"AS22949 Grinnell College";"mlab2-atl01";0.039693;1188166.882959;"0.004012999";"win32";"4.71.254.159";"bittorrent";1340044246;306635.998462;-1.000000;"de23301c-c09c-4e47-aa2b-90a625720856";22949;"IA";"Grinnell";18;6;2012;0;18;"20120618"
"71.206.108.75";"US";-84.525500;42.742200;"AS7922 Comcast Cable Communications, Inc.";"mlab2-atl01";0.142695;114032.509762;"0.004011999";"win32";"4.71.254.159";"speedtest";1340044594;153715.114069;0.171281;"ffaa390e-2089-4db5-9b0b-c03d5eed4c9f";7922;"MI";"Lansing";18;6;2012;0;18;"20120618"
"98.207.87.80";"US";-122.299100;37.409600;"AS7922 Comcast Cable Communications, Inc.";"mlab2-atl01";0.086501;2480424.029970;"0.004012999";"darwin";"4.71.254.159";"speedtest";1340044960;231061.771836;0.086140;"0f7d671c-779f-4f63-8f54-ca28fcc35fd6";7922;"CA";"Redwood City";18;6;2012;0;18;"20120618"
"71.89.124.38";"US";-88.736400;44.638200;"AS20115 Charter Communications";"mlab2-atl01";0.055201;2098679.321830;"0.004012999";"win32";"4.71.254.159";"speedtest";1340044963;396839.192000;0.056532;"0730ff7f-47eb-4e84-99b1-016150556fb6";20115;"WI";"Clintonville";18;6;2012;0;18;"20120618"
"66.235.50.69";"US";-122.029600;47.586900;"AS23292 Broadstripe";"mlab2-atl01";0.100983;340758.716356;"0.004012999";"darwin";"4.71.254.159";"speedtest";1340045329;279195.462152;0.091387;"619f12e6-7e7a-4475-96aa-abb7e35e6c27";23292;"WA";"Sammamish";18;6;2012;0;18;"20120618"
"69.144.10.64";"US";-108.454100;43.769800;"AS33588 Bresnan Communications, LLC.";"mlab2-atl01";0.065526;1246126.858394;"0.004012999";"win32";"4.71.254.159";"bittorrent";1340046559;263176.836856;-1.000000;"eacc891a-5915-4c63-a32a-7240664eaf5a";33588;"WY";"Thermopolis";19;6;2012;0;18;"20120618"
"184.177.72.227";"US";-97.000000;38.000000;"AS22773 Cox Communications Inc.";"mlab2-atl01";0.077724;612089.138718;"0.004012999";"win32";"4.71.254.159";"bittorrent";1340046759;774234.928384;-1.000000;"e9aa2936-1c50-4b9d-89e4-2daad232b753";22773;"";"";19;6;2012;0;18;"20120618"
"71.204.91.144";"US";-84.447700;34.119000;"AS7922 Comcast Cable Communications, Inc.";"mlab2-atl01";0.017596;2005218.936980;"0.004012999";"darwin";"4.71.254.159";"speedtest";1340046851;519434.414669;0.021524;"4b4fa0bc-987b-4105-9a0b-83e736a6503c";7922;"GA";"Woodstock";19;6;2012;0;18;"20120618"
"64.81.87.32";"US";-117.865300;34.020300;"AS18566 MegaPath Corporation";"mlab2-atl01";0.060195;649458.475425;"0.004011999";"win32";"4.71.254.159";"speedtest";1340046869;106856.521963;0.062915;"e94d5238-1b8c-4a39-ae43-035af5b62fa1";18566;"CA";"Walnut";19;6;2012;0;18;"20120618"
"208.57.38.36";"US";-117.164900;32.807200;"AS14265 Telepacific Communications";"mlab2-atl01";0.069822;170470.518744;"0.004011999";"linux2";"4.71.254.159";"speedtest";1340046947;176515.493782;0.076384;"71bb2b47-414f-414d-b8ff-f1237c21f432";14265;"CA";"San Diego";19;6;2012;0;18;"20120618"
"69.249.238.83";"US";-75.163800;39.952300;"AS7922 Comcast Cable Communications, Inc.";"mlab2-atl01";0.189786;1625842.681460;"0.004012999";"win32";"4.71.254.159";"speedtest";1340047602;111324.329473;0.187804;"a49b9e19-6f47-4dc7-8196-0fc4dbc9e641";7922;"PA";"Philadelphia";19;6;2012;0;18;"20120618"
"71.192.154.157";"US";-71.051200;42.406300;"AS7922 Comcast Cable Communications, Inc.";"mlab2-atl01";0.125918;629634.704690;"0.004012999";"darwin";"4.71.254.159";"speedtest";1340047783;107553.595001;0.281452;"65fb0ed5-8aab-4ca3-973b-6f6abd2e24d4";7922;"MA";"Everett";19;6;2012;0;18;"20120618"
"71.190.171.206";"US";-73.525400;40.767000;"AS701 MCI Communications Services, Inc. d/b/a Verizon Business";"mlab2-atl01";0.029502;3600584.173430;"0.004012999";"linux2";"4.71.254.159";"speedtest";1340048422;2489462.254220;0.032371;"dfd87da2-1968-48ac-9bd2-5469644e29e4";701;"NY";"Hicksville";19;6;2012;0;18;"20120618"
"24.22.135.177";"US";-122.332100;47.606200;"AS7922 Comcast Cable Communications, Inc.";"mlab2-atl01";0.076737;2421434.355235;"0.004012999";"linux2";"4.71.254.159";"bittorrent";1340048737;413994.649186;-1.000000;"04cea472-6610-42db-acd2-c644a3d4447f";7922;"WA";"Seattle";19;6;2012;0;18;"20120618"
"66.66.21.182";"US";-77.602400;43.185800;"AS11351 Time Warner Cable Internet LLC";"mlab2-atl01";0.050877;4823515.509224;"0.004012999";"win32";"4.71.254.159";"bittorrent";1340048863;583800.413628;-1.000000;"b4fb3816-21d6-43b3-91fc-aabe40980e90";11351;"NY";"Rochester";19;6;2012;0;18;"20120618"
"69.144.10.64";"US";-108.454100;43.769800;"AS33588 Bresnan Communications, LLC.";"mlab2-atl01";0.055748;1507328.984665;"0.004012999";"win32";"4.71.254.159";"bittorrent";1340049518;224706.167302;-1.000000;"eacc891a-5915-4c63-a32a-7240664eaf5a";33588;"WY";"Thermopolis";19;6;2012;0;18;"20120618"
"68.41.24.217";"US";-83.036000;42.724500;"AS7922 Comcast Cable Communications, Inc.";"mlab2-atl01";0.047527;1899292.943280;"0.004012999";"win32";"4.71.254.159";"speedtest";1340050182;513579.572217;0.050647;"7acc5903-5884-4564-add3-0be49e9fa576";7922;"MI";"Washington";20;6;2012;0;18;"20120618"
"68.48.221.17";"US";-76.837500;39.174900;"AS7922 Comcast Cable Communications, Inc.";"mlab2-atl01";0.029030;1840267.888390;"0.004012999";"darwin";"4.71.254.159";"speedtest";1340050373;620804.671850;0.208490;"4162ce8a-78ab-4a68-9407-13618360662f";7922;"MD";"Columbia";20;6;2012;0;18;"20120618"
"66.66.21.182";"US";-77.602400;43.185800;"AS11351 Time Warner Cable Internet LLC";"mlab2-atl01";0.044161;5640615.107740;"0.004012999";"win32";"4.71.254.159";"speedtest";1340050505;614095.899494;0.053280;"b4fb3816-21d6-43b3-91fc-aabe40980e90";11351;"NY";"Rochester";20;6;2012;0;18;"20120618"
"71.118.241.200";"US";-118.880000;34.213300;"AS701 MCI Communications Services, Inc. d/b/a Verizon Business";"mlab2-atl01";0.071132;2708048.762410;"0.004012999";"darwin";"4.71.254.159";"speedtest";1340050963;1789939.332450;0.070231;"6240ede4-4770-4ab9-a1a5-5df49c84c463";701;"CA";"Thousand Oaks";20;6;2012;0;18;"20120618"
"76.24.39.72";"US";-71.691300;42.413600;"AS7922 Comcast Cable Communications, Inc.";"mlab2-atl01";0.036235;758777.353221;"0.004012999";"win32";"4.71.254.159";"bittorrent";1340051285;465984.123905;-1.000000;"d7fbbeb1-8f79-4feb-9ab1-01beb7b970aa";7922;"MA";"Clinton";20;6;2012;0;18;"20120618"
"67.130.216.230";"US";-105.937800;35.687000;"AS209 NOVARTIS-DMZ-US";"mlab2-atl01";0.155487;39864.350888;"0.004012999";"win32";"4.71.254.159";"bittorrent";1340051540;37186.459044;-1.000000;"ee8fe911-f84d-4ab8-b486-dda4c138f932";209;"NM";"Santa Fe";20;6;2012;0;18;"20120618"
"206.255.246.41";"US";-94.740500;32.500700;"AS53508 Cablelynx";"mlab2-atl01";0.049673;957968.587752;"0.004012999";"win32";"4.71.254.159";"bittorrent";1340051646;167007.421401;-1.000000;"3a5b4ca4-0887-432d-a115-9f646a867cdb";53508;"TX";"Longview";20;6;2012;0;18;"20120618"
"96.236.133.97";"US";-79.995900;40.440600;"AS701 MCI Communications Services, Inc. d/b/a Verizon Business";"mlab2-atl01";0.039474;294764.300329;"0.004012999";"linux2";"4.71.254.159";"bittorrent";1340051843;119772.421018;-1.000000;"002bd52f-5f9d-42eb-9ce6-e310c9db525a";701;"PA";"Pittsburgh";20;6;2012;0;18;"20120618"
"66.66.21.182";"US";-77.602400;43.185800;"AS11351 Time Warner Cable Internet LLC";"mlab2-atl01";0.046602;4919206.483643;"0.004012999";"win32";"4.71.254.159";"bittorrent";1340052118;578753.860771;-1.000000;"b4fb3816-21d6-43b3-91fc-aabe40980e90";11351;"NY";"Rochester";20;6;2012;0;18;"20120618"
"108.6.12.54";"US";-73.936100;40.740000;"AS701 MCI Communications Services, Inc. d/b/a Verizon Business";"mlab2-atl01";0.031661;2903152.969680;"0.004011999";"darwin";"4.71.254.159";"speedtest";1340052443;756640.304930;0.034183;"2e291570-e5e9-434c-8fc4-9496c5d43b52";701;"NY";"Long Island City";20;6;2012;0;18;"20120618"
"98.195.66.136";"US";-95.363300;29.763300;"AS7922 Comcast Cable Communications, Inc.";"mlab2-atl01";0.036196;271152.181524;"0.004012999";"darwin";"4.71.254.159";"bittorrent";1340052872;137047.726784;-1.000000;"5693d2f1-e71d-4194-954c-a189279be24c";7922;"TX";"Houston";20;6;2012;0;18;"20120618"
"174.31.152.186";"US";-97.000000;38.000000;"AS209 NOVARTIS-DMZ-US";"mlab2-atl01";0.098280;2771814.455124;"0.004012999";"darwin";"4.71.254.159";"bittorrent";1340052881;593224.100921;-1.000000;"9da9dff5-de02-49ae-a084-b2164425feeb";209;"";"";20;6;2012;0;18;"20120618"
"71.187.199.3";"US";-74.216400;40.816200;"AS701 MCI Communications Services, Inc. d/b/a Verizon Business";"mlab2-atl01";0.043248;1987827.390347;"0.004011999";"win32";"4.71.254.159";"bittorrent";1340052958;1018266.021113;-1.000000;"a9bde20f-2872-443c-8e9b-a2f6f162c91d";701;"NJ";"Montclair";20;6;2012;0;18;"20120618"
"71.89.124.38";"US";-88.736400;44.638200;"AS20115 Charter Communications";"mlab2-atl01";0.054175;1674562.592062;"0.004012999";"win32";"4.71.254.159";"bittorrent";1340052961;405513.105930;-1.000000;"0730ff7f-47eb-4e84-99b1-016150556fb6";20115;"WI";"Clintonville";20;6;2012;0;18;"20120618"
"24.61.63.89";"US";-71.031600;42.399700;"AS7922 Comcast Cable Communications, Inc.";"mlab2-atl01";0.046186;1535440.583780;"0.004012999";"win32";"4.71.254.159";"speedtest";1340053890;492658.048301;0.038829;"641fcec9-64c6-4ec1-a213-90d958a6f9a1";7922;"MA";"Chelsea";21;6;2012;0;18;"20120618"
"65.32.77.45";"US";-97.000000;38.000000;"AS33363 BRIGHT HOUSE NETWORKS, LLC";"mlab2-atl01";0.044598;2548449.143732;"0.004012999";"win32";"4.71.254.159";"bittorrent";1340055412;230988.157824;-1.000000;"29daca95-9628-479f-b4be-ee35e322c612";33363;"";"";21;6;2012;0;18;"20120618"
"71.206.108.75";"US";-84.525500;42.742200;"AS7922 Comcast Cable Communications, Inc.";"mlab2-atl01";0.212465;126980.586547;"0.004011999";"win32";"4.71.254.159";"bittorrent";1340055529;42245.769155;-1.000000;"ffaa390e-2089-4db5-9b0b-c03d5eed4c9f";7922;"MI";"Lansing";21;6;2012;0;18;"20120618"
"71.187.199.3";"US";-74.216400;40.816200;"AS701 MCI Communications Services, Inc. d/b/a Verizon Business";"mlab2-atl01";0.040260;1974837.667359;"0.004011999";"win32";"4.71.254.159";"bittorrent";1340055934;982892.885002;-1.000000;"a9bde20f-2872-443c-8e9b-a2f6f162c91d";701;"NJ";"Montclair";21;6;2012;0;18;"20120618"
"68.40.93.208";"US";-82.582300;42.637600;"AS7922 Comcast Cable Communications, Inc.";"mlab2-atl01";0.059404;1237245.956534;"0.004011999";"win32";"4.71.254.159";"bittorrent";1340056064;392692.246842;-1.000000;"5ddd06da-64ad-444c-b2c0-525541d4d177";7922;"MI";"Algonac";21;6;2012;0;18;"20120618"
"71.237.28.39";"US";-104.984700;39.739200;"AS7922 Comcast Cable Communications, Inc.";"mlab2-atl01";0.058916;1092815.712738;"0.004012999";"darwin";"4.71.254.159";"bittorrent";1340056732;470829.475524;-1.000000;"95e96326-78fe-4507-8b06-f60611a1b7ad";7922;"CO";"Denver";21;6;2012;0;18;"20120618"
"71.118.241.200";"US";-118.880000;34.213300;"AS701 MCI Communications Services, Inc. d/b/a Verizon Business";"mlab2-atl01";0.069138;2726181.850150;"0.004012999";"darwin";"4.71.254.159";"speedtest";1340057470;1912412.624970;0.067506;"6240ede4-4770-4ab9-a1a5-5df49c84c463";701;"CA";"Thousand Oaks";22;6;2012;0;18;"20120618"
"98.243.192.146";"US";-84.594100;42.860200;"AS7922 Comcast Cable Communications, Inc.";"mlab2-atl01";0.051164;1316630.931040;"0.004012999";"darwin";"4.71.254.159";"speedtest";1340057515;461095.674082;0.048561;"69a61dac-c7ac-4b16-b86b-4bd2f3990f62";7922;"MI";"Dewitt";22;6;2012;0;18;"20120618"
"98.22.138.166";"US";-95.790800;36.052600;"AS7029 Windstream Communications Inc";"mlab2-atl01";1.027121;3684.289373;"0.004012999";"win32";"4.71.254.159";"speedtest";1340057630;23580.443355;1.933254;"eb27082c-e25b-4239-869e-8ba23d438a17";7029;"OK";"Broken Arrow";22;6;2012;0;18;"20120618"
"76.10.12.242";"US";-88.242600;40.112500;"AS46925 PAVLOV MEDIA INC";"mlab2-atl01";0.032818;1727626.895770;"0.004012999";"win32";"4.71.254.159";"speedtest";1340058583;1623823.331240;0.030684;"b2c93218-2fa2-4a04-be8b-f4553cb22e1a";46925;"IL";"Champaign";22;6;2012;0;18;"20120618"
"173.20.36.131";"US";-91.455800;40.452000;"AS30036 Mediacom Communications Corp";"mlab2-atl01";0.049226;713779.202605;"0.004012999";"win32";"4.71.254.159";"bittorrent";1340059066;170597.312352;-1.000000;"6b87ac46-1206-4d9c-afa5-d5cab4a872d6";30036;"IA";"Keokuk";22;6;2012;0;18;"20120618"
"216.56.28.137";"US";-91.347900;46.585600;"AS2381 WiscNet";"mlab2-atl01";0.054486;1625922.791560;"0.004012999";"win32";"4.71.254.159";"bittorrent";1340059112;2020599.558152;-1.000000;"0532f16b-ef24-4682-9ee3-3c919a655ab3";2381;"WI";"Iron River";22;6;2012;0;18;"20120618"
"72.181.251.247";"US";-96.771500;32.833900;"AS11427 Time Warner Cable Internet LLC";"mlab2-atl01";0.036060;2282295.378148;"0.004012999";"darwin";"4.71.254.159";"bittorrent";1340059114;226105.565644;-1.000000;"ec56ca67-ca5b-4ee7-a615-8743ebac3e8a";11427;"TX";"Dallas";22;6;2012;0;18;"20120618"
"207.231.92.41";"US";-121.370600;38.784300;"AS14051 Roseville Telephone Company";"mlab2-atl01";0.066989;3045858.609230;"0.004012999";"win32";"4.71.254.159";"speedtest";1340059029;2146262.752490;0.072571;"cb121e1a-4701-4c5a-91b5-29c9df2b10c0";14051;"CA";"Roseville";22;6;2012;0;18;"20120618"
"67.172.130.152";"US";-104.821400;38.833900;"AS7922 Comcast Cable Communications, Inc.";"mlab2-atl01";0.048714;2792405.498214;"0.004012999";"darwin";"4.71.254.159";"bittorrent";1340059300;490253.218217;-1.000000;"e83583f7-4c54-4291-a929-2fd12fd286f5";7922;"CO";"Colorado Springs";22;6;2012;0;18;"20120618"
"71.65.103.69";"US";-83.902700;39.678000;"AS10796 Time Warner Cable Internet LLC";"mlab2-atl01";0.048433;1789635.270230;"0.004012999";"win32";"4.71.254.159";"speedtest";1340059786;118913.583321;0.049762;"6d6c74dc-a35c-4d7b-b891-d665072442c5";10796;"OH";"Xenia";22;6;2012;0;18;"20120618"
"65.32.77.45";"US";-97.000000;38.000000;"AS33363 BRIGHT HOUSE NETWORKS, LLC";"mlab2-atl01";0.048605;1330147.711390;"0.004012999";"win32";"4.71.254.159";"speedtest";1340060174;150813.680369;0.101239;"29daca95-9628-479f-b4be-ee35e322c612";33363;"";"";22;6;2012;0;18;"20120618"
"76.112.203.189";"US";-83.144600;42.489500;"AS7922 Comcast Cable Communications, Inc.";"mlab2-atl01";0.043490;942915.636420;"0.004012999";"win32";"4.71.254.159";"bittorrent";1340060370;786077.299538;-1.000000;"5cb4931f-bf67-49bf-a4ec-d36d7495a682";7922;"MI";"Royal Oak";22;6;2012;0;18;"20120618"
"50.83.240.108";"US";-95.977900;45.232200;"AS30036 Mediacom Communications Corp";"mlab2-atl01";0.043784;693574.879630;"0.004012999";"darwin";"4.71.254.159";"speedtest";1340060493;211271.178031;0.045671;"43af2f72-3dc4-4824-9ff7-faa06a3cb206";30036;"MN";"Appleton";23;6;2012;0;18;"20120618"
"108.0.16.252";"US";-118.142300;33.771100;"AS701 MCI Communications Services, Inc. d/b/a Verizon Business";"mlab2-atl01";0.074703;1327713.114972;"0.004012999";"darwin";"4.71.254.159";"bittorrent";1340060839;650907.605100;-1.000000;"b13eed9c-7499-4364-89ba-e85068191268";701;"CA";"Long Beach";23;6;2012;0;18;"20120618"
"75.132.191.176";"US";-89.899800;38.512100;"AS20115 Charter Communications";"mlab2-atl01";0.049313;1807076.617548;"0.004012999";"win32";"4.71.254.159";"bittorrent";1340061398;401538.925280;-1.000000;"c08311ac-7edd-4390-b447-4ca484b5dacc";20115;"IL";"Belleville";23;6;2012;0;18;"20120618"
"71.204.91.144";"US";-84.447700;34.119000;"AS7922 Comcast Cable Communications, Inc.";"mlab2-atl01";0.013246;1661078.807010;"0.004012999";"darwin";"4.71.254.159";"speedtest";1340061767;521665.190911;0.015216;"4b4fa0bc-987b-4105-9a0b-83e736a6503c";7922;"GA";"Woodstock";23;6;2012;0;18;"20120618"
"97.65.115.51";"US";-122.393300;37.769700;"AS4323 tw telecom holdings, inc.";"mlab2-atl01";0.063575;946907.093663;"0.004012999";"win32";"4.71.254.159";"bittorrent";1340062357;645452.962457;-1.000000;"e54bd867-c3d4-475c-aa3f-d513bac1c0f1";4323;"CA";"San Francisco";23;6;2012;0;18;"20120618"
"173.160.133.65";"US";-122.449200;47.151100;"AS7922 Comcast Cable Communications, Inc.";"mlab2-atl01";0.076647;485975.459275;"0.004012999";"win32";"4.71.254.159";"bittorrent";1340063930;339407.691721;-1.000000;"cd29f4ce-ebe9-47c8-8b18-9406a9618ac1";7922;"WA";"Tacoma";23;6;2012;0;18;"20120618"
"124.149.36.50";"AU";151.205500;-33.861500;"AS4802 iiNet Limited";"mlab1-syd01";0.014783;1110372.145580;"0.004012999";"darwin";"203.5.76.147";"speedtest";1339980307;105469.773176;0.016986;"55006e03-0757-4639-a9b7-34b02b3b1a04";4802;"02";"Sydney";0;6;2012;0;18;"20120618"
"203.20.167.2";"AU";151.216700;-33.883300;"AS37998 St Vincents & Mater Health Sydney";"mlab1-syd01";0.001990;9660941.192920;"0.004011999";"win32";"203.5.76.147";"speedtest";1339980594;10110201.959800;0.003220;"dfcb3c2e-91c7-49e0-9fbc-48fb488b227c";37998;"02";"Darlinghurst";0;6;2012;0;18;"20120618"
"124.149.36.50";"AU";151.205500;-33.861500;"AS4802 iiNet Limited";"mlab1-syd01";0.014714;1123321.962121;"0.004012999";"darwin";"203.5.76.147";"bittorrent";1339981846;106070.400101;-1.000000;"55006e03-0757-4639-a9b7-34b02b3b1a04";4802;"02";"Sydney";1;6;2012;0;18;"20120618"
"58.96.114.83";"AU";115.861400;-31.952200;"AS10143 Exetel Pty Ltd";"mlab1-syd01";0.084614;830862.935285;"0.004011999";"win32";"203.5.76.147";"bittorrent";1339982395;103028.075827;-1.000000;"6fe26f55-7863-4a8e-915d-1e066fe772cc";10143;"08";"Perth";1;6;2012;0;18;"20120618"
"203.20.167.2";"AU";151.216700;-33.883300;"AS37998 St Vincents & Mater Health Sydney";"mlab1-syd01";0.001635;9665773.170960;"0.004011999";"win32";"203.5.76.147";"speedtest";1339983802;10175403.425500;0.003181;"dfcb3c2e-91c7-49e0-9fbc-48fb488b227c";37998;"02";"Darlinghurst";1;6;2012;0;18;"20120618"
"203.122.246.131";"AU";138.598600;-34.928700;"AS4739 Internode Pty Ltd";"mlab1-syd01";0.055689;538908.255257;"0.004012999";"darwin";"203.5.76.147";"speedtest";1339984297;106544.224649;0.059456;"dcaf924a-16d3-41ec-a1c4-e84d7f07760a";4739;"05";"Adelaide";1;6;2012;0;18;"20120618"
"58.96.114.83";"AU";115.861400;-31.952200;"AS10143 Exetel Pty Ltd";"mlab1-syd01";0.074659;586174.520953;"0.004011999";"win32";"203.5.76.147";"speedtest";1339986822;100982.780553;0.076494;"6fe26f55-7863-4a8e-915d-1e066fe772cc";10143;"08";"Perth";2;6;2012;0;18;"20120618"
"203.20.167.2";"AU";151.216700;-33.883300;"AS37998 St Vincents & Mater Health Sydney";"mlab1-syd01";0.101235;6991066.133440;"0.004011999";"win32";"203.5.76.147";"speedtest";1339986889;8306440.695260;0.014823;"69757534-ce26-4738-ad47-c9692c23fff0";37998;"02";"Darlinghurst";2;6;2012;0;18;"20120618"
"58.96.114.83";"AU";115.861400;-31.952200;"AS10143 Exetel Pty Ltd";"mlab1-syd01";0.073679;56176.862535;"0.004011999";"win32";"203.5.76.147";"speedtest";1339998660;102332.941855;0.076655;"6fe26f55-7863-4a8e-915d-1e066fe772cc";10143;"08";"Perth";5;6;2012;0;18;"20120618"
"124.149.36.50";"AU";151.205500;-33.861500;"AS4802 iiNet Limited";"mlab1-syd01";0.014512;478474.986697;"0.004012999";"darwin";"203.5.76.147";"speedtest";1339998772;105295.100179;0.017709;"55006e03-0757-4639-a9b7-34b02b3b1a04";4802;"02";"Sydney";5;6;2012;0;18;"20120618"
"203.20.167.2";"AU";151.216700;-33.883300;"AS37998 St Vincents & Mater Health Sydney";"mlab1-syd01";0.016583;6156105.919780;"0.004011999";"win32";"203.5.76.147";"speedtest";1339999672;7898546.892740;0.014834;"69757534-ce26-4738-ad47-c9692c23fff0";37998;"02";"Darlinghurst";6;6;2012;0;18;"20120618"
"203.20.167.2";"AU";151.216700;-33.883300;"AS37998 St Vincents & Mater Health Sydney";"mlab1-syd01";0.001633;9281678.386530;"0.004011999";"win32";"203.5.76.147";"speedtest";1339999909;9137701.562680;0.003815;"dfcb3c2e-91c7-49e0-9fbc-48fb488b227c";37998;"02";"Darlinghurst";6;6;2012;0;18;"20120618"
"58.96.114.83";"AU";115.861400;-31.952200;"AS10143 Exetel Pty Ltd";"mlab1-syd01";0.072670;535099.084058;"0.004011999";"win32";"203.5.76.147";"bittorrent";1340000126;106401.549203;-1.000000;"6fe26f55-7863-4a8e-915d-1e066fe772cc";10143;"08";"Perth";6;6;2012;0;18;"20120618"
"58.96.114.83";"AU";115.861400;-31.952200;"AS10143 Exetel Pty Ltd";"mlab1-syd01";0.073711;524125.004683;"0.004011999";"win32";"203.5.76.147";"speedtest";1340001613;94879.082424;0.075598;"6fe26f55-7863-4a8e-915d-1e066fe772cc";10143;"08";"Perth";6;6;2012;0;18;"20120618"
"124.149.36.50";"AU";151.205500;-33.861500;"AS4802 iiNet Limited";"mlab1-syd01";0.014673;1109984.964720;"0.004012999";"darwin";"203.5.76.147";"speedtest";1340004925;105562.040798;0.017530;"55006e03-0757-4639-a9b7-34b02b3b1a04";4802;"02";"Sydney";7;6;2012;0;18;"20120618"
"58.96.114.83";"AU";115.861400;-31.952200;"AS10143 Exetel Pty Ltd";"mlab1-syd01";0.074157;707770.250815;"0.004011999";"win32";"203.5.76.147";"bittorrent";1340006019;113476.706563;-1.000000;"6fe26f55-7863-4a8e-915d-1e066fe772cc";10143;"08";"Perth";7;6;2012;0;18;"20120618"
"124.149.36.50";"AU";151.205500;-33.861500;"AS4802 iiNet Limited";"mlab1-syd01";0.014957;1110677.138250;"0.004012999";"darwin";"203.5.76.147";"speedtest";1340008002;105595.771078;0.017015;"55006e03-0757-4639-a9b7-34b02b3b1a04";4802;"02";"Sydney";8;6;2012;0;18;"20120618"
"58.96.114.83";"AU";115.861400;-31.952200;"AS10143 Exetel Pty Ltd";"mlab1-syd01";0.073024;430372.294079;"0.004011999";"win32";"203.5.76.147";"bittorrent";1340008972;113839.289867;-1.000000;"6fe26f55-7863-4a8e-915d-1e066fe772cc";10143;"08";"Perth";8;6;2012;0;18;"20120618"
"203.20.167.2";"AU";151.216700;-33.883300;"AS37998 St Vincents & Mater Health Sydney";"mlab1-syd01";0.001106;10844771.022000;"0.004012999";"win32";"203.5.76.147";"speedtest";1340009035;11836006.024900;0.001603;"37c67e2f-0eee-4f8c-90b1-c76aad0b580e";37998;"02";"Darlinghurst";8;6;2012;0;18;"20120618"
"203.20.167.2";"AU";151.216700;-33.883300;"AS37998 St Vincents & Mater Health Sydney";"mlab1-syd01";0.001869;10236313.806100;"0.004011999";"win32";"203.5.76.147";"speedtest";1340009526;9957268.615740;0.003000;"dfcb3c2e-91c7-49e0-9fbc-48fb488b227c";37998;"02";"Darlinghurst";8;6;2012;0;18;"20120618"
"124.149.36.50";"AU";151.205500;-33.861500;"AS4802 iiNet Limited";"mlab1-syd01";0.014777;1107106.089138;"0.004012999";"darwin";"203.5.76.147";"bittorrent";1340012618;105933.274147;-1.000000;"55006e03-0757-4639-a9b7-34b02b3b1a04";4802;"02";"Sydney";9;6;2012;0;18;"20120618"
"58.96.114.83";"AU";115.861400;-31.952200;"AS10143 Exetel Pty Ltd";"mlab1-syd01";0.073084;364168.427371;"0.004011999";"win32";"203.5.76.147";"speedtest";1340013404;93591.411350;0.076422;"6fe26f55-7863-4a8e-915d-1e066fe772cc";10143;"08";"Perth";9;6;2012;0;18;"20120618"
"124.149.36.50";"AU";151.205500;-33.861500;"AS4802 iiNet Limited";"mlab1-syd01";0.014636;1110719.424700;"0.004012999";"darwin";"203.5.76.147";"speedtest";1340014154;105587.829710;0.017216;"55006e03-0757-4639-a9b7-34b02b3b1a04";4802;"02";"Sydney";10;6;2012;0;18;"20120618"
"203.122.246.131";"AU";138.598600;-34.928700;"AS4739 Internode Pty Ltd";"mlab1-syd01";0.056046;604251.265156;"0.004012999";"darwin";"203.5.76.147";"bittorrent";1340015445;106274.706345;-1.000000;"dcaf924a-16d3-41ec-a1c4-e84d7f07760a";4739;"05";"Adelaide";10;6;2012;0;18;"20120618"
"124.168.20.100";"AU";151.205500;-33.861500;"AS4802 iiNet Limited";"mlab1-syd01";0.014566;985606.860108;"0.004012999";"darwin";"203.5.76.147";"bittorrent";1340021844;103921.858506;-1.000000;"55006e03-0757-4639-a9b7-34b02b3b1a04";4802;"02";"Sydney";12;6;2012;0;18;"20120618"
"58.96.114.83";"AU";115.861400;-31.952200;"AS10143 Exetel Pty Ltd";"mlab1-syd01";0.074666;264104.760657;"0.004011999";"win32";"203.5.76.147";"speedtest";1340022259;73092.204838;0.077329;"6fe26f55-7863-4a8e-915d-1e066fe772cc";10143;"08";"Perth";12;6;2012;0;18;"20120618"
"124.168.20.100";"AU";151.205500;-33.861500;"AS4802 iiNet Limited";"mlab1-syd01";0.014816;886376.922469;"0.004012999";"darwin";"203.5.76.147";"speedtest";1340023381;104265.305103;0.018497;"55006e03-0757-4639-a9b7-34b02b3b1a04";4802;"02";"Sydney";12;6;2012;0;18;"20120618"
"203.122.246.131";"AU";138.598600;-34.928700;"AS4739 Internode Pty Ltd";"mlab1-syd01";0.208795;577298.140920;"0.004012999";"darwin";"203.5.76.147";"speedtest";1340023589;104531.462578;0.078875;"dcaf924a-16d3-41ec-a1c4-e84d7f07760a";4739;"05";"Adelaide";12;6;2012;0;18;"20120618"
"58.96.114.83";"AU";115.861400;-31.952200;"AS10143 Exetel Pty Ltd";"mlab1-syd01";0.072163;384613.830742;"0.004011999";"win32";"203.5.76.147";"bittorrent";1340023722;86519.790552;-1.000000;"6fe26f55-7863-4a8e-915d-1e066fe772cc";10143;"08";"Perth";12;6;2012;0;18;"20120618"
"124.168.20.100";"AU";151.205500;-33.861500;"AS4802 iiNet Limited";"mlab1-syd01";0.015339;989199.039194;"0.004012999";"darwin";"203.5.76.147";"bittorrent";1340024921;104228.161104;-1.000000;"55006e03-0757-4639-a9b7-34b02b3b1a04";4802;"02";"Sydney";13;6;2012;0;18;"20120618"
"58.96.114.83";"AU";115.861400;-31.952200;"AS10143 Exetel Pty Ltd";"mlab1-syd01";0.073955;362322.071788;"0.004011999";"win32";"203.5.76.147";"speedtest";1340025201;86903.687169;0.078225;"6fe26f55-7863-4a8e-915d-1e066fe772cc";10143;"08";"Perth";13;6;2012;0;18;"20120618"
"203.20.167.2";"AU";151.216700;-33.883300;"AS37998 St Vincents & Mater Health Sydney";"mlab1-syd01";0.049068;8765702.752540;"0.004011999";"win32";"203.5.76.147";"speedtest";1340025243;8819033.511510;0.020101;"69757534-ce26-4738-ad47-c9692c23fff0";37998;"02";"Darlinghurst";13;6;2012;0;18;"20120618"
"203.20.167.2";"AU";151.216700;-33.883300;"AS37998 St Vincents & Mater Health Sydney";"mlab1-syd01";0.088933;6434788.388880;"0.004011999";"win32";"203.5.76.147";"speedtest";1340028442;8354139.081660;0.009439;"69757534-ce26-4738-ad47-c9692c23fff0";37998;"02";"Darlinghurst";14;6;2012;0;18;"20120618"
"124.168.20.100";"AU";151.205500;-33.861500;"AS4802 iiNet Limited";"mlab1-syd01";0.014721;754824.171820;"0.004012999";"darwin";"203.5.76.147";"bittorrent";1340031078;99790.172064;-1.000000;"55006e03-0757-4639-a9b7-34b02b3b1a04";4802;"02";"Sydney";14;6;2012;0;18;"20120618"
"203.122.246.131";"AU";138.598600;-34.928700;"AS4739 Internode Pty Ltd";"mlab1-syd01";0.056541;664187.433041;"0.004012999";"darwin";"203.5.76.147";"bittorrent";1340031741;104090.978877;-1.000000;"dcaf924a-16d3-41ec-a1c4-e84d7f07760a";4739;"05";"Adelaide";15;6;2012;0;18;"20120618"
"58.96.114.83";"AU";115.861400;-31.952200;"AS10143 Exetel Pty Ltd";"mlab1-syd01";0.073186;467929.157726;"0.004011999";"win32";"203.5.76.147";"speedtest";1340034057;84723.825472;0.075426;"6fe26f55-7863-4a8e-915d-1e066fe772cc";10143;"08";"Perth";15;6;2012;0;18;"20120618"
"220.237.12.58";"AU";145.083300;-37.716700;"AS4804 Microplex PTY LTD";"mlab1-syd01";0.023793;2371036.511921;"0.004011999";"win32";"203.5.76.147";"bittorrent";1340034933;61349.524799;-1.000000;"343beccc-13c6-4239-9232-3625f40b4228";4804;"07";"Watsonia";15;6;2012;0;18;"20120618"
"124.168.20.100";"AU";151.205500;-33.861500;"AS4802 iiNet Limited";"mlab1-syd01";0.014936;945092.810903;"0.004012999";"darwin";"203.5.76.147";"speedtest";1340038771;105283.987141;0.017564;"55006e03-0757-4639-a9b7-34b02b3b1a04";4802;"02";"Sydney";16;6;2012;0;18;"20120618"
"220.237.12.58";"AU";145.083300;-37.716700;"AS4804 Microplex PTY LTD";"mlab1-syd01";0.027163;2111332.095750;"0.004011999";"win32";"203.5.76.147";"speedtest";1340042716;42701.687773;0.027382;"343beccc-13c6-4239-9232-3625f40b4228";4804;"07";"Watsonia";18;6;2012;0;18;"20120618"
"58.96.114.83";"AU";115.861400;-31.952200;"AS10143 Exetel Pty Ltd";"mlab1-syd01";0.072979;698709.877820;"0.004011999";"win32";"203.5.76.147";"speedtest";1340042901;92013.065648;0.076069;"6fe26f55-7863-4a8e-915d-1e066fe772cc";10143;"08";"Perth";18;6;2012;0;18;"20120618"
"220.237.12.58";"AU";145.083300;-37.716700;"AS4804 Microplex PTY LTD";"mlab1-syd01";0.027338;2379737.050614;"0.004011999";"win32";"203.5.76.147";"bittorrent";1340044277;46858.676147;-1.000000;"343beccc-13c6-4239-9232-3625f40b4228";4804;"07";"Watsonia";18;6;2012;0;18;"20120618"
"58.96.114.83";"AU";115.861400;-31.952200;"AS10143 Exetel Pty Ltd";"mlab1-syd01";0.068354;892043.737327;"0.004011999";"win32";"203.5.76.147";"bittorrent";1340044362;109245.503737;-1.000000;"6fe26f55-7863-4a8e-915d-1e066fe772cc";10143;"08";"Perth";18;6;2012;0;18;"20120618"
"203.20.167.2";"AU";151.216700;-33.883300;"AS37998 St Vincents & Mater Health Sydney";"mlab1-syd01";0.062339;8524530.122280;"0.004011999";"win32";"203.5.76.147";"speedtest";1340044426;8801653.343830;0.019528;"69757534-ce26-4738-ad47-c9692c23fff0";37998;"02";"Darlinghurst";18;6;2012;0;18;"20120618"
"124.168.20.100";"AU";151.205500;-33.861500;"AS4802 iiNet Limited";"mlab1-syd01";0.014944;894995.954801;"0.004012999";"darwin";"203.5.76.147";"bittorrent";1340046464;105088.008090;-1.000000;"55006e03-0757-4639-a9b7-34b02b3b1a04";4802;"02";"Sydney";19;6;2012;0;18;"20120618"
"124.168.20.100";"AU";151.205500;-33.861500;"AS4802 iiNet Limited";"mlab1-syd01";0.014685;858429.804430;"0.004012999";"darwin";"203.5.76.147";"speedtest";1340048002;100453.345483;0.018975;"55006e03-0757-4639-a9b7-34b02b3b1a04";4802;"02";"Sydney";19;6;2012;0;18;"20120618"
"220.237.12.58";"AU";145.083300;-37.716700;"AS4804 Microplex PTY LTD";"mlab1-syd01";0.037501;2366639.033908;"0.004011999";"win32";"203.5.76.147";"bittorrent";1340050503;61077.382215;-1.000000;"343beccc-13c6-4239-9232-3625f40b4228";4804;"07";"Watsonia";20;6;2012;0;18;"20120618"
"124.168.20.100";"AU";151.205500;-33.861500;"AS4802 iiNet Limited";"mlab1-syd01";0.014707;976566.685455;"0.004012999";"darwin";"203.5.76.147";"speedtest";1340051077;105074.814852;0.017454;"55006e03-0757-4639-a9b7-34b02b3b1a04";4802;"02";"Sydney";20;6;2012;0;18;"20120618"
"203.122.246.131";"AU";138.598600;-34.928700;"AS4739 Internode Pty Ltd";"mlab1-syd01";0.056349;572499.265069;"0.004012999";"darwin";"203.5.76.147";"bittorrent";1340051291;106580.718426;-1.000000;"dcaf924a-16d3-41ec-a1c4-e84d7f07760a";4739;"05";"Adelaide";20;6;2012;0;18;"20120618"
"124.168.20.100";"AU";151.205500;-33.861500;"AS4802 iiNet Limited";"mlab1-syd01";0.014635;989209.864993;"0.004012999";"darwin";"203.5.76.147";"bittorrent";1340052617;104928.253945;-1.000000;"55006e03-0757-4639-a9b7-34b02b3b1a04";4802;"02";"Sydney";20;6;2012;0;18;"20120618"
"203.20.167.2";"AU";151.216700;-33.883300;"AS37998 St Vincents & Mater Health Sydney";"mlab1-syd01";0.061498;9087312.384150;"0.004011999";"win32";"203.5.76.147";"speedtest";1340054042;9354611.803010;0.013936;"69757534-ce26-4738-ad47-c9692c23fff0";37998;"02";"Darlinghurst";21;6;2012;0;18;"20120618"
"58.96.114.83";"AU";115.861400;-31.952200;"AS10143 Exetel Pty Ltd";"mlab1-syd01";0.074488;720748.562980;"0.004011999";"win32";"203.5.76.147";"speedtest";1340057623;90521.793464;0.078956;"6fe26f55-7863-4a8e-915d-1e066fe772cc";10143;"08";"Perth";22;6;2012;0;18;"20120618"
"58.96.114.83";"AU";115.861400;-31.952200;"AS10143 Exetel Pty Ltd";"mlab1-syd01";0.073587;835928.400338;"0.004011999";"win32";"203.5.76.147";"bittorrent";1340059086;103977.167252;-1.000000;"6fe26f55-7863-4a8e-915d-1e066fe772cc";10143;"08";"Perth";22;6;2012;0;18;"20120618"
"58.96.114.83";"AU";115.861400;-31.952200;"AS10143 Exetel Pty Ltd";"mlab1-syd01";0.074358;738912.398730;"0.004011999";"win32";"203.5.76.147";"speedtest";1340060567;85736.149882;0.077039;"6fe26f55-7863-4a8e-915d-1e066fe772cc";10143;"08";"Perth";23;6;2012;0;18;"20120618"
"50.12.211.162";"US";-93.263800;44.980000;"AS16586 CLEARWIRE - CLEAR WIRELESS LLC";"mlab2-iad01";0.105547;416100.596176;"0.004012999";"darwin";"216.156.197.160";"bittorrent";1339977681;131395.915603;-1.000000;"3955a411-3e83-4a8e-aa8e-165233e306e9";16586;"MN";"Minneapolis";0;6;2012;0;18;"20120618"
"186.32.56.228";"CR";-84.083300;9.933300;"AS262197 Amnet Cable Costa Rica";"mlab2-iad01";0.092987;186005.366163;"0.004012999";"win32";"216.156.197.160";"speedtest";1339977735;57895.512603;0.101172;"225c93a5-53b8-4755-a531-c9fa5f219359";262197;"08";"San José";18;6;2012;6;17;"20120618"
"69.196.168.242";"CA";-79.416700;43.666700;"AS5645 TekSavvy Solutions Inc. Toronto";"mlab2-iad01";0.035492;194276.865644;"0.004012999";"win32";"216.156.197.160";"speedtest";1339988743;14283.230252;0.966386;"448f19ce-eb05-4c94-bede-c7598765a58a";5645;"ON";"Toronto";3;6;2012;0;18;"20120618"
"177.101.99.254";"BR";-55.000000;-10.000000;"AS28343 TPA TELECOMUNICACOES LTDA";"mlab2-iad01";0.325654;118264.787594;"0.004012999";"win32";"216.156.197.160";"speedtest";1339978103;401064.044914;0.318085;"e07e7f86-2d54-4e03-a044-d3475d794c0b";28343;"";"";0;6;2012;0;18;"20120618"
"177.81.13.233";"BR";-46.665800;-23.473300;"AS28573 Serviços de Comunicação S.A.";"mlab2-iad01";0.151982;501554.651934;"0.004012999";"win32";"216.156.197.160";"speedtest";1339978112;60184.547084;0.159597;"01f13e8b-8792-465d-b299-c94a6ea6831d";28573;"27";"São Paulo";0;6;2012;0;18;"20120618"
"184.163.16.5";"CA";-73.846600;45.648800;"AS5769 Videotron Telecom Ltee";"mlab2-iad01";0.047286;1363436.801971;"0.004012999";"darwin";"216.156.197.160";"bittorrent";1339978131;261392.698216;-1.000000;"28117871-2c97-46f4-8f0f-9bcfeadac357";5769;"QC";"Blainville";0;6;2012;0;18;"20120618"
"24.246.9.229";"CA";-75.700000;45.416700;"AS5645 TekSavvy Solutions Inc. Toronto";"mlab2-iad01";0.036214;3405652.346885;"0.004012999";"darwin";"216.156.197.160";"bittorrent";1339978161;62337.108656;-1.000000;"3ca27e85-5058-4cde-a22c-eb606f55de62";5645;"ON";"Ottawa";0;6;2012;0;18;"20120618"
"190.153.2.209";"VE";-66.916700;10.500000;"AS11562 Net Uno, C.A.";"mlab2-iad01";1.629054;106210.063477;"0.004012999";"win32";"216.156.197.160";"speedtest";1339978084;88799.529070;0.076423;"fa502e52-2155-4466-8a9c-bcebe3b519d8";11562;"25";"Caracas";19;6;2012;6;17;"20120618"
"174.116.188.158";"CA";-79.416700;43.666700;"AS812 Rogers Cable Communications Inc.";"mlab2-iad01";0.388486;214522.986124;"0.004011999";"win32";"216.156.197.160";"bittorrent";1339978205;6071.880245;-1.000000;"1502ff6e-c49b-4896-8dcd-2ba9d8955e20";812;"ON";"Toronto";0;6;2012;0;18;"20120618"
"208.57.38.36";"US";-117.164900;32.807200;"AS14265 Telepacific Communications";"mlab2-iad01";0.089840;175271.074784;"0.004011999";"linux2";"216.156.197.160";"bittorrent";1339978511;181354.983187;-1.000000;"71bb2b47-414f-414d-b8ff-f1237c21f432";14265;"CA";"San Diego";0;6;2012;0;18;"20120618"
"201.47.223.245";"BR";-51.200000;-30.033300;"AS18881 Global Village Telecom";"mlab2-iad01";0.165875;304891.967880;"0.004012999";"win32";"216.156.197.160";"speedtest";1339978531;104404.829203;0.165251;"e6f34d0d-5b1a-47be-b0c0-918bd4d48fd0";18881;"23";"Porto Alegre";0;6;2012;0;18;"20120618"
"206.188.84.168";"CA";-80.268800;43.574900;"AS11814 DISTRIBUTEL COMMUNICATIONS LTD.";"mlab2-iad01";0.040147;2463956.084720;"0.004011999";"linux2";"216.156.197.160";"speedtest";1339978711;122448.415739;0.055447;"08b120a5-3b23-4e37-a868-4a69486e1bbe";11814;"ON";"Guelph";0;6;2012;0;18;"20120618"
"190.163.109.157";"CL";-70.666700;-33.450000;"AS22047 BANDA ANCHA S.A.";"mlab2-iad01";0.225755;654796.904206;"0.004012999";"win32";"216.156.197.160";"bittorrent";1339978747;182093.587420;-1.000000;"f5e5e79b-fb36-4391-8311-97964ef12297";22047;"12";"Santiago";20;6;2012;6;17;"20120618"
"24.109.74.40";"CA";-84.333300;46.500000;"AS6327 Shaw Communications Inc.";"mlab2-iad01";0.068017;2610570.173680;"0.004012999";"win32";"216.156.197.160";"speedtest";1339978990;258574.469924;0.085523;"4db83560-1617-40a4-aea0-43a437033d77";6327;"ON";"Sault Sainte Marie";0;6;2012;0;18;"20120618"
"99.255.57.221";"CA";-80.507000;43.461300;"AS812 Rogers Cable Communications Inc.";"mlab2-iad01";0.030250;3836631.329554;"0.004012999";"win32";"216.156.197.160";"bittorrent";1339979102;9927.718057;-1.000000;"e0f34017-e672-4f3e-b193-c196b727112a";812;"ON";"Waterloo";0;6;2012;0;18;"20120618"
"50.12.211.162";"US";-93.263800;44.980000;"AS16586 CLEARWIRE - CLEAR WIRELESS LLC";"mlab2-iad01";0.089246;558506.753524;"0.004012999";"darwin";"216.156.197.160";"speedtest";1339979189;140764.535474;0.109329;"3955a411-3e83-4a8e-aa8e-165233e306e9";16586;"MN";"Minneapolis";0;6;2012;0;18;"20120618"
"187.113.221.146";"BR";-55.000000;-10.000000;"AS18881 Global Village Telecom";"mlab2-iad01";0.192175;135142.794559;"0.004012999";"win32";"216.156.197.160";"speedtest";1339979202;76606.864028;0.197897;"273f7dd8-fb0b-40a3-8c33-745d25c59b22";18881;"";"";0;6;2012;0;18;"20120618"
"186.32.56.228";"CR";-84.083300;9.933300;"AS262197 Amnet Cable Costa Rica";"mlab2-iad01";0.091959;194928.296056;"0.004012999";"win32";"216.156.197.160";"bittorrent";1339979271;59201.526885;-1.000000;"225c93a5-53b8-4755-a531-c9fa5f219359";262197;"08";"San José";18;6;2012;6;17;"20120618"
"99.130.96.199";"US";-117.490800;33.932900;"AS7018 AT&T Services, Inc.";"mlab2-iad01";0.092388;1380573.208943;"0.004012999";"linux2";"216.156.197.160";"bittorrent";1339979277;184070.696929;-1.000000;"0a3b2944-23c0-4116-a068-0d5627c0dec9";7018;"CA";"Riverside";0;6;2012;0;18;"20120618"
"65.95.57.7";"CA";-79.416700;43.666700;"AS577 Bell Canada";"mlab2-iad01";0.050828;209948.913207;"0.004012999";"linux2";"216.156.197.160";"speedtest";1339979290;76657.327314;0.068405;"e629a5ed-292e-4c20-860f-40ebe4624851";577;"ON";"Toronto";0;6;2012;0;18;"20120618"
"200.193.43.254";"BR";-55.000000;-10.000000;"AS8167 Brasil Telecom S/A - Filial Distrito Federal";"mlab2-iad01";0.154786;541222.077456;"0.004012999";"win32";"216.156.197.160";"bittorrent";1339979521;611482.400639;-1.000000;"e07e7f86-2d54-4e03-a044-d3475d794c0b";8167;"";"";0;6;2012;0;18;"20120618"
"177.81.13.233";"BR";-46.665800;-23.473300;"AS28573 Serviços de Comunicação S.A.";"mlab2-iad01";0.221519;879976.642819;"0.004012999";"win32";"216.156.197.160";"bittorrent";1339979603;70919.722678;-1.000000;"01f13e8b-8792-465d-b299-c94a6ea6831d";28573;"27";"São Paulo";0;6;2012;0;18;"20120618"
"69.196.168.242";"CA";-79.416700;43.666700;"AS5645 TekSavvy Solutions Inc. Toronto";"mlab2-iad01";0.029263;348435.735134;"0.004012999";"win32";"216.156.197.160";"bittorrent";1339979612;31150.913137;-1.000000;"448f19ce-eb05-4c94-bede-c7598765a58a";5645;"ON";"Toronto";0;6;2012;0;18;"20120618"
"190.153.2.209";"VE";-66.916700;10.500000;"AS11562 Net Uno, C.A.";"mlab2-iad01";0.075740;111937.326666;"0.004012999";"win32";"216.156.197.160";"bittorrent";1339979683;85517.848466;-1.000000;"fa502e52-2155-4466-8a9c-bcebe3b519d8";11562;"25";"Caracas";20;6;2012;6;17;"20120618"
"184.163.16.5";"CA";-73.846600;45.648800;"AS5769 Videotron Telecom Ltee";"mlab2-iad01";0.047125;1216664.712690;"0.004012999";"darwin";"216.156.197.160";"speedtest";1339979684;258860.501516;0.052376;"28117871-2c97-46f4-8f0f-9bcfeadac357";5769;"QC";"Blainville";0;6;2012;0;18;"20120618"
"174.116.188.158";"CA";-79.416700;43.666700;"AS812 Rogers Cable Communications Inc.";"mlab2-iad01";0.585601;22663.324313;"0.004011999";"win32";"216.156.197.160";"speedtest";1339979734;3496.953902;0.503952;"1502ff6e-c49b-4896-8dcd-2ba9d8955e20";812;"ON";"Toronto";0;6;2012;0;18;"20120618"
"98.207.87.80";"US";-122.299100;37.409600;"AS7922 Comcast Cable Communications, Inc.";"mlab2-iad01";0.173584;446666.534990;"0.004012999";"darwin";"216.156.197.160";"bittorrent";1339979747;255173.121306;-1.000000;"0f7d671c-779f-4f63-8f54-ca28fcc35fd6";7922;"CA";"Redwood City";0;6;2012;0;18;"20120618"
"24.246.9.229";"CA";-75.700000;45.416700;"AS5645 TekSavvy Solutions Inc. Toronto";"mlab2-iad01";0.033629;2991140.429120;"0.004012999";"darwin";"216.156.197.160";"speedtest";1339979767;62179.943015;0.038808;"3ca27e85-5058-4cde-a22c-eb606f55de62";5645;"ON";"Ottawa";0;6;2012;0;18;"20120618"
"71.237.28.39";"US";-104.984700;39.739200;"AS7922 Comcast Cable Communications, Inc.";"mlab2-iad01";0.066204;725291.670101;"0.004012999";"darwin";"216.156.197.160";"speedtest";1339979819;462368.818881;0.223695;"95e96326-78fe-4507-8b06-f60611a1b7ad";7922;"CO";"Denver";0;6;2012;0;18;"20120618"
"71.89.124.38";"US";-88.736400;44.638200;"AS20115 Charter Communications";"mlab2-iad01";0.054273;3290472.605070;"0.004012999";"win32";"216.156.197.160";"speedtest";1339980000;385036.643287;0.056775;"0730ff7f-47eb-4e84-99b1-016150556fb6";20115;"WI";"Clintonville";0;6;2012;0;18;"20120618"
"201.47.223.245";"BR";-51.200000;-30.033300;"AS18881 Global Village Telecom";"mlab2-iad01";0.177422;419133.694425;"0.004012999";"win32";"216.156.197.160";"bittorrent";1339980074;104087.097765;-1.000000;"e6f34d0d-5b1a-47be-b0c0-918bd4d48fd0";18881;"23";"Porto Alegre";0;6;2012;0;18;"20120618"
"24.109.74.40";"CA";-84.333300;46.500000;"AS6327 Shaw Communications Inc.";"mlab2-iad01";0.066821;1286697.842447;"0.004012999";"win32";"216.156.197.160";"bittorrent";1339980190;250038.680548;-1.000000;"4db83560-1617-40a4-aea0-43a437033d77";6327;"ON";"Sault Sainte Marie";0;6;2012;0;18;"20120618"
"206.188.84.168";"CA";-80.268800;43.574900;"AS11814 DISTRIBUTEL COMMUNICATIONS LTD.";"mlab2-iad01";0.041822;2904837.842353;"0.004011999";"linux2";"216.156.197.160";"bittorrent";1339980318;123838.342217;-1.000000;"08b120a5-3b23-4e37-a868-4a69486e1bbe";11814;"ON";"Guelph";0;6;2012;0;18;"20120618"
"190.163.109.157";"CL";-70.666700;-33.450000;"AS22047 BANDA ANCHA S.A.";"mlab2-iad01";0.178979;155601.013370;"0.004012999";"win32";"216.156.197.160";"speedtest";1339980329;113649.497148;0.182095;"f5e5e79b-fb36-4391-8311-97964ef12297";22047;"12";"Santiago";20;6;2012;6;17;"20120618"
"71.58.226.44";"US";-75.961500;41.249000;"AS7922 Comcast Cable Communications, Inc.";"mlab2-iad01";0.044439;3361214.981420;"0.004012999";"win32";"216.156.197.160";"speedtest";1339980360;749350.408439;0.033068;"fb6cc5ca-37c3-44c5-8176-4a40a17f217a";7922;"PA";"Plymouth";0;6;2012;0;18;"20120618"
"99.255.57.221";"CA";-80.507000;43.461300;"AS812 Rogers Cable Communications Inc.";"mlab2-iad01";0.029941;6189525.375240;"0.004012999";"win32";"216.156.197.160";"speedtest";1339980578;247808.011844;0.032706;"e0f34017-e672-4f3e-b193-c196b727112a";812;"ON";"Waterloo";0;6;2012;0;18;"20120618"
"24.141.10.185";"CA";-79.980000;43.225000;"AS7992 Cogeco Cable";"mlab2-iad01";0.050032;1803607.481032;"0.004011999";"win32";"216.156.197.160";"bittorrent";1339980738;195106.803522;-1.000000;"e7527bec-ae1a-4191-9d10-e40fdee2a5b1";7992;"ON";"Ancaster";0;6;2012;0;18;"20120618"
"65.95.57.7";"CA";-79.416700;43.666700;"AS577 Bell Canada";"mlab2-iad01";0.051341;301693.882758;"0.004012999";"linux2";"216.156.197.160";"bittorrent";1339980799;78077.492280;-1.000000;"e629a5ed-292e-4c20-860f-40ebe4624851";577;"ON";"Toronto";0;6;2012;0;18;"20120618"
"186.32.56.228";"CR";-84.083300;9.933300;"AS262197 Amnet Cable Costa Rica";"mlab2-iad01";0.229564;127226.439296;"0.004012999";"win32";"216.156.197.160";"speedtest";1339980816;50081.116302;0.226181;"225c93a5-53b8-4755-a531-c9fa5f219359";262197;"08";"San José";18;6;2012;6;17;"20120618"
"173.20.36.131";"US";-91.455800;40.452000;"AS30036 Mediacom Communications Corp";"mlab2-iad01";0.064119;114765.570905;"0.004012999";"win32";"216.156.197.160";"speedtest";1339980902;117322.370746;0.063575;"6b87ac46-1206-4d9c-afa5-d5cab4a872d6";30036;"IA";"Keokuk";0;6;2012;0;18;"20120618"
"201.22.246.133";"BR";-55.000000;-10.000000;"AS18881 Global Village Telecom";"mlab2-iad01";0.152046;14149.064492;"0.004012999";"win32";"216.156.197.160";"bittorrent";1339980938;110351.298681;-1.000000;"273f7dd8-fb0b-40a3-8c33-745d25c59b22";18881;"";"";0;6;2012;0;18;"20120618"
"201.6.232.83";"BR";-46.665800;-23.473300;"AS28573 Serviços de Comunicação S.A.";"mlab2-iad01";0.132712;197397.324616;"0.004012999";"win32";"216.156.197.160";"bittorrent";1339980942;93698.742498;-1.000000;"d965a30b-55ec-45ea-9e34-6b396fd7235d";28573;"27";"São Paulo";0;6;2012;0;18;"20120618"
"200.193.43.254";"BR";-55.000000;-10.000000;"AS8167 Brasil Telecom S/A - Filial Distrito Federal";"mlab2-iad01";0.185017;370722.370503;"0.004012999";"win32";"216.156.197.160";"speedtest";1339980946;134309.068322;0.182013;"e07e7f86-2d54-4e03-a044-d3475d794c0b";8167;"";"";0;6;2012;0;18;"20120618"
"177.81.13.233";"BR";-46.665800;-23.473300;"AS28573 Serviços de Comunicação S.A.";"mlab2-iad01";0.189899;496553.461012;"0.004012999";"win32";"216.156.197.160";"speedtest";1339981087;54529.016088;0.207946;"01f13e8b-8792-465d-b299-c94a6ea6831d";28573;"27";"São Paulo";0;6;2012;0;18;"20120618"
"190.153.2.209";"VE";-66.916700;10.500000;"AS11562 Net Uno, C.A.";"mlab2-iad01";1.748893;108929.755430;"0.004012999";"win32";"216.156.197.160";"speedtest";1339981069;88316.512561;0.077446;"fa502e52-2155-4466-8a9c-bcebe3b519d8";11562;"25";"Caracas";20;6;2012;6;17;"20120618"
"184.163.16.5";"CA";-73.846600;45.648800;"AS5769 Videotron Telecom Ltee";"mlab2-iad01";0.049157;1349342.080902;"0.004012999";"darwin";"216.156.197.160";"bittorrent";1339981237;261705.295786;-1.000000;"28117871-2c97-46f4-8f0f-9bcfeadac357";5769;"QC";"Blainville";1;6;2012;0;18;"20120618"
"69.196.168.242";"CA";-79.416700;43.666700;"AS5645 TekSavvy Solutions Inc. Toronto";"mlab2-iad01";0.135370;311059.487011;"0.004012999";"win32";"216.156.197.160";"speedtest";1339992041;30439.856437;0.128648;"448f19ce-eb05-4c94-bede-c7598765a58a";5645;"ON";"Toronto";4;6;2012;0;18;"20120618"
"174.116.188.158";"CA";-79.416700;43.666700;"AS812 Rogers Cable Communications Inc.";"mlab2-iad01";0.254029;286621.957075;"0.004011999";"win32";"216.156.197.160";"bittorrent";1339981284;21580.595960;-1.000000;"1502ff6e-c49b-4896-8dcd-2ba9d8955e20";812;"ON";"Toronto";1;6;2012;0;18;"20120618"
"24.246.9.229";"CA";-75.700000;45.416700;"AS5645 TekSavvy Solutions Inc. Toronto";"mlab2-iad01";0.036625;4897988.564282;"0.004012999";"darwin";"216.156.197.160";"bittorrent";1339981377;62315.813605;-1.000000;"3ca27e85-5058-4cde-a22c-eb606f55de62";5645;"ON";"Ottawa";1;6;2012;0;18;"20120618"
"24.109.74.40";"CA";-84.333300;46.500000;"AS6327 Shaw Communications Inc.";"mlab2-iad01";0.149147;2347519.456170;"0.004012999";"win32";"216.156.197.160";"speedtest";1339981790;227849.502191;0.080333;"4db83560-1617-40a4-aea0-43a437033d77";6327;"ON";"Sault Sainte Marie";1;6;2012;0;18;"20120618"
"201.47.223.245";"BR";-51.200000;-30.033300;"AS18881 Global Village Telecom";"mlab2-iad01";0.197813;252532.112131;"0.004012999";"win32";"216.156.197.160";"speedtest";1339981616;104197.374869;0.197226;"e6f34d0d-5b1a-47be-b0c0-918bd4d48fd0";18881;"23";"Porto Alegre";1;6;2012;0;18;"20120618"
"177.133.120.42";"BR";-34.933300;-8.350000;"AS18881 Global Village Telecom";"mlab2-iad01";0.249069;1627339.163639;"0.004011999";"win32";"216.156.197.160";"bittorrent";1339981622;256376.982273;-1.000000;"6a35591a-27a2-484e-842b-15ad4f0ef4df";18881;"30";"Santo Agostinho";1;6;2012;0;18;"20120618"
"190.163.109.157";"CL";-70.666700;-33.450000;"AS22047 BANDA ANCHA S.A.";"mlab2-iad01";0.221400;173646.726440;"0.004012999";"win32";"216.156.197.160";"bittorrent";1339981924;191780.840594;-1.000000;"f5e5e79b-fb36-4391-8311-97964ef12297";22047;"12";"Santiago";21;6;2012;6;17;"20120618"
"206.188.84.168";"CA";-80.268800;43.574900;"AS11814 DISTRIBUTEL COMMUNICATIONS LTD.";"mlab2-iad01";0.046483;1262454.516630;"0.004011999";"linux2";"216.156.197.160";"speedtest";1339981925;122434.762095;0.051711;"08b120a5-3b23-4e37-a868-4a69486e1bbe";11814;"ON";"Guelph";1;6;2012;0;18;"20120618"
"173.183.65.14";"CA";-122.343400;49.133700;"AS852 TELUS Communications Inc.";"mlab2-iad01";0.128712;132310.451698;"0.004012999";"darwin";"216.156.197.160";"bittorrent";1339981959;96057.463878;-1.000000;"ce87578f-c38b-457f-ac58-62a6dcdb269f";852;"BC";"Mission";1;6;2012;0;18;"20120618"
"24.141.10.185";"CA";-79.980000;43.225000;"AS7992 Cogeco Cable";"mlab2-iad01";0.062235;2234508.862960;"0.004011999";"win32";"216.156.197.160";"speedtest";1339982159;189626.919239;0.052460;"e7527bec-ae1a-4191-9d10-e40fdee2a5b1";7992;"ON";"Ancaster";1;6;2012;0;18;"20120618"
"66.66.21.182";"US";-77.602400;43.185800;"AS11351 Time Warner Cable Internet LLC";"mlab2-iad01";0.046026;468035.130107;"0.004012999";"win32";"216.156.197.160";"speedtest";1339982179;606545.652444;0.047183;"b4fb3816-21d6-43b3-91fc-aabe40980e90";11351;"NY";"Rochester";1;6;2012;0;18;"20120618"
"65.95.57.7";"CA";-79.416700;43.666700;"AS577 Bell Canada";"mlab2-iad01";0.050287;223063.535864;"0.004012999";"linux2";"216.156.197.160";"speedtest";1339982289;76830.962535;0.052271;"e629a5ed-292e-4c20-860f-40ebe4624851";577;"ON";"Toronto";1;6;2012;0;18;"20120618"
"99.255.57.221";"CA";-80.507000;43.461300;"AS812 Rogers Cable Communications Inc.";"mlab2-iad01";0.031658;919434.589041;"0.004012999";"win32";"216.156.197.160";"bittorrent";1339982330;4063.748308;-1.000000;"e0f34017-e672-4f3e-b193-c196b727112a";812;"ON";"Waterloo";1;6;2012;0;18;"20120618"
"201.6.232.83";"BR";-46.665800;-23.473300;"AS28573 Serviços de Comunicação S.A.";"mlab2-iad01";0.131089;234970.226987;"0.004012999";"win32";"216.156.197.160";"speedtest";1339982349;79980.204607;0.135168;"d965a30b-55ec-45ea-9e34-6b396fd7235d";28573;"27";"São Paulo";1;6;2012;0;18;"20120618"
"186.32.56.228";"CR";-84.083300;9.933300;"AS262197 Amnet Cable Costa Rica";"mlab2-iad01";0.089946;233991.526421;"0.004012999";"win32";"216.156.197.160";"bittorrent";1339982349;58644.260167;-1.000000;"225c93a5-53b8-4755-a531-c9fa5f219359";262197;"08";"San José";19;6;2012;6;17;"20120618"
"177.101.99.254";"BR";-55.000000;-10.000000;"AS28343 TPA TELECOMUNICACOES LTDA";"mlab2-iad01";0.139451;837479.036696;"0.004012999";"win32";"216.156.197.160";"bittorrent";1339982371;594330.052316;-1.000000;"e07e7f86-2d54-4e03-a044-d3475d794c0b";28343;"";"";1;6;2012;0;18;"20120618"
"177.81.13.233";"BR";-46.665800;-23.473300;"AS28573 Serviços de Comunicação S.A.";"mlab2-iad01";0.180725;624240.305339;"0.004012999";"win32";"216.156.197.160";"bittorrent";1339982580;86073.335459;-1.000000;"01f13e8b-8792-465d-b299-c94a6ea6831d";28573;"27";"São Paulo";1;6;2012;0;18;"20120618"
"50.12.79.116";"US";-73.876900;40.849900;"AS16586 CLEARWIRE - CLEAR WIRELESS LLC";"mlab2-iad01";0.256329;409959.157046;"0.004010999";"win32";"216.156.197.160";"speedtest";1339982597;126795.278604;0.167314;"a62d4695-657b-4d69-857e-e59cfb8a3ea0";16586;"NY";"Bronx";1;6;2012;0;18;"20120618"
"201.22.246.133";"BR";-55.000000;-10.000000;"AS18881 Global Village Telecom";"mlab2-iad01";0.205061;10867.483933;"0.004012999";"win32";"216.156.197.160";"speedtest";1339982632;70308.696949;0.410184;"273f7dd8-fb0b-40a3-8c33-745d25c59b22";18881;"";"";1;6;2012;0;18;"20120618"
"190.153.2.209";"VE";-66.916700;10.500000;"AS11562 Net Uno, C.A.";"mlab2-iad01";0.085270;84392.178573;"0.004012999";"win32";"216.156.197.160";"bittorrent";1339982674;74117.041700;-1.000000;"fa502e52-2155-4466-8a9c-bcebe3b519d8";11562;"25";"Caracas";20;6;2012;6;17;"20120618"
"174.116.188.158";"CA";-79.416700;43.666700;"AS812 Rogers Cable Communications Inc.";"mlab2-iad01";3.574003;22098.837545;"0.004011999";"win32";"216.156.197.160";"speedtest";1339982819;1083.948004;0.560961;"1502ff6e-c49b-4896-8dcd-2ba9d8955e20";812;"ON";"Toronto";1;6;2012;0;18;"20120618"
"69.196.168.242";"CA";-79.416700;43.666700;"AS5645 TekSavvy Solutions Inc. Toronto";"mlab2-iad01";0.031900;393730.570139;"0.004012999";"win32";"216.156.197.160";"bittorrent";1339982891;42370.578191;-1.000000;"448f19ce-eb05-4c94-bede-c7598765a58a";5645;"ON";"Toronto";1;6;2012;0;18;"20120618"
"24.109.74.40";"CA";-84.333300;46.500000;"AS6327 Shaw Communications Inc.";"mlab2-iad01";0.081412;2301507.782755;"0.004012999";"win32";"216.156.197.160";"bittorrent";1339982982;254215.956948;-1.000000;"4db83560-1617-40a4-aea0-43a437033d77";6327;"ON";"Sault Sainte Marie";1;6;2012;0;18;"20120618"
"177.133.120.42";"BR";-34.933300;-8.350000;"AS18881 Global Village Telecom";"mlab2-iad01";0.138387;217654.126097;"0.004011999";"win32";"216.156.197.160";"speedtest";1339983139;308730.614755;0.163360;"6a35591a-27a2-484e-842b-15ad4f0ef4df";18881;"30";"Santo Agostinho";1;6;2012;0;18;"20120618"
"201.47.223.245";"BR";-51.200000;-30.033300;"AS18881 Global Village Telecom";"mlab2-iad01";0.178701;353454.752018;"0.004012999";"win32";"216.156.197.160";"bittorrent";1339983159;98576.922450;-1.000000;"e6f34d0d-5b1a-47be-b0c0-918bd4d48fd0";18881;"23";"Porto Alegre";1;6;2012;0;18;"20120618"
"190.163.109.157";"CL";-70.666700;-33.450000;"AS22047 BANDA ANCHA S.A.";"mlab2-iad01";0.221536;90112.973348;"0.004012999";"win32";"216.156.197.160";"speedtest";1339983505;151438.849635;0.228670;"f5e5e79b-fb36-4391-8311-97964ef12297";22047;"12";"Santiago";21;6;2012;6;17;"20120618"
"173.183.65.14";"CA";-122.343400;49.133700;"AS852 TELUS Communications Inc.";"mlab2-iad01";0.266530;104284.857611;"0.004012999";"darwin";"216.156.197.160";"speedtest";1339983530;40663.425601;0.389223;"ce87578f-c38b-457f-ac58-62a6dcdb269f";852;"BC";"Mission";1;6;2012;0;18;"20120618"
"206.188.84.168";"CA";-80.268800;43.574900;"AS11814 DISTRIBUTEL COMMUNICATIONS LTD.";"mlab2-iad01";0.056145;637976.137066;"0.004011999";"linux2";"216.156.197.160";"bittorrent";1339983551;123124.830583;-1.000000;"08b120a5-3b23-4e37-a868-4a69486e1bbe";11814;"ON";"Guelph";1;6;2012;0;18;"20120618"
"24.141.10.185";"CA";-79.980000;43.225000;"AS7992 Cogeco Cable";"mlab2-iad01";0.049743;1660738.619539;"0.004011999";"win32";"216.156.197.160";"bittorrent";1339983568;190837.042057;-1.000000;"e7527bec-ae1a-4191-9d10-e40fdee2a5b1";7992;"ON";"Ancaster";1;6;2012;0;18;"20120618"
"201.6.232.83";"BR";-46.665800;-23.473300;"AS28573 Serviços de Comunicação S.A.";"mlab2-iad01";0.142110;255842.788861;"0.004012999";"win32";"216.156.197.160";"bittorrent";1339983758;93187.021933;-1.000000;"d965a30b-55ec-45ea-9e34-6b396fd7235d";28573;"27";"São Paulo";1;6;2012;0;18;"20120618"
"200.193.43.254";"BR";-55.000000;-10.000000;"AS8167 Brasil Telecom S/A - Filial Distrito Federal";"mlab2-iad01";0.176698;566580.730875;"0.004012999";"win32";"216.156.197.160";"speedtest";1339983783;193570.170114;0.171522;"e07e7f86-2d54-4e03-a044-d3475d794c0b";8167;"";"";1;6;2012;0;18;"20120618"
"65.95.57.7";"CA";-79.416700;43.666700;"AS577 Bell Canada";"mlab2-iad01";0.052033;285215.413004;"0.004012999";"linux2";"216.156.197.160";"bittorrent";1339983783;75622.659906;-1.000000;"e629a5ed-292e-4c20-860f-40ebe4624851";577;"ON";"Toronto";1;6;2012;0;18;"20120618"
"99.255.57.221";"CA";-80.507000;43.461300;"AS812 Rogers Cable Communications Inc.";"mlab2-iad01";0.033415;5693814.939300;"0.004012999";"win32";"216.156.197.160";"speedtest";1339983809;186582.219331;0.033734;"e0f34017-e672-4f3e-b193-c196b727112a";812;"ON";"Waterloo";1;6;2012;0;18;"20120618"
"186.32.56.228";"CR";-84.083300;9.933300;"AS262197 Amnet Cable Costa Rica";"mlab2-iad01";0.189502;174328.414375;"0.004012999";"win32";"216.156.197.160";"speedtest";1339983888;59056.403221;0.159577;"225c93a5-53b8-4755-a531-c9fa5f219359";262197;"08";"San José";19;6;2012;6;17;"20120618"
"96.55.129.11";"CA";-122.821300;49.136400;"AS6327 Shaw Communications Inc.";"mlab2-iad01";0.092800;622309.804775;"0.004012999";"win32";"216.156.197.160";"speedtest";1339983926;349201.253561;0.097729;"cfc648a7-65e6-466c-96bc-f3440297cd8f";6327;"BC";"Surrey";1;6;2012;0;18;"20120618"
"177.81.13.233";"BR";-46.665800;-23.473300;"AS28573 Serviços de Comunicação S.A.";"mlab2-iad01";0.138272;521397.301288;"0.004012999";"win32";"216.156.197.160";"speedtest";1339984062;57477.256342;0.140515;"01f13e8b-8792-465d-b299-c94a6ea6831d";28573;"27";"São Paulo";1;6;2012;0;18;"20120618"
"190.153.2.209";"VE";-66.916700;10.500000;"AS11562 Net Uno, C.A.";"mlab2-iad01";1.458395;85131.687043;"0.004012999";"win32";"216.156.197.160";"speedtest";1339984063;79730.189987;0.078734;"fa502e52-2155-4466-8a9c-bcebe3b519d8";11562;"25";"Caracas";21;6;2012;6;17;"20120618"
"201.22.246.133";"BR";-55.000000;-10.000000;"AS18881 Global Village Telecom";"mlab2-iad01";0.167578;17560.290571;"0.004012999";"win32";"216.156.197.160";"bittorrent";1339984289;95414.375796;-1.000000;"273f7dd8-fb0b-40a3-8c33-745d25c59b22";18881;"";"";1;6;2012;0;18;"20120618"
"24.109.74.40";"CA";-84.333300;46.500000;"AS6327 Shaw Communications Inc.";"mlab2-iad01";0.098450;2600733.594320;"0.004012999";"win32";"216.156.197.160";"speedtest";1339984579;291635.282788;0.086012;"4db83560-1617-40a4-aea0-43a437033d77";6327;"ON";"Sault Sainte Marie";1;6;2012;0;18;"20120618"
"174.116.188.158";"CA";-79.416700;43.666700;"AS812 Rogers Cable Communications Inc.";"mlab2-iad01";0.311480;242409.828061;"0.004011999";"win32";"216.156.197.160";"bittorrent";1339984387;7127.108674;-1.000000;"1502ff6e-c49b-4896-8dcd-2ba9d8955e20";812;"ON";"Toronto";1;6;2012;0;18;"20120618"
"74.103.162.36";"US";-75.114700;40.427800;"AS701 MCI Communications Services, Inc. d/b/a Verizon Business";"mlab2-iad01";0.013430;1889017.495210;"0.004012999";"darwin";"216.156.197.160";"speedtest";1339984398;659399.489247;0.016813;"4eec0d76-fa70-4b4c-91f9-8cb1b74b0682";701;"PA";"Pipersville";1;6;2012;0;18;"20120618"
"69.196.168.242";"CA";-79.416700;43.666700;"AS5645 TekSavvy Solutions Inc. Toronto";"mlab2-iad01";0.136978;174732.736157;"0.004012999";"win32";"216.156.197.160";"speedtest";1339995322;48393.146582;0.136662;"448f19ce-eb05-4c94-bede-c7598765a58a";5645;"ON";"Toronto";4;6;2012;0;18;"20120618"
"177.133.120.42";"BR";-34.933300;-8.350000;"AS18881 Global Village Telecom";"mlab2-iad01";0.114612;1494605.211990;"0.004011999";"win32";"216.156.197.160";"bittorrent";1339984650;321764.952117;-1.000000;"6a35591a-27a2-484e-842b-15ad4f0ef4df";18881;"30";"Santo Agostinho";1;6;2012;0;18;"20120618"
"201.47.223.245";"BR";-51.200000;-30.033300;"AS18881 Global Village Telecom";"mlab2-iad01";0.160500;302023.977476;"0.004012999";"win32";"216.156.197.160";"speedtest";1339984699;107529.669559;0.159586;"e6f34d0d-5b1a-47be-b0c0-918bd4d48fd0";18881;"23";"Porto Alegre";1;6;2012;0;18;"20120618"
"71.89.124.38";"US";-88.736400;44.638200;"AS20115 Charter Communications";"mlab2-iad01";0.057071;1584059.122946;"0.004012999";"win32";"216.156.197.160";"bittorrent";1339984769;395790.547596;-1.000000;"0730ff7f-47eb-4e84-99b1-016150556fb6";20115;"WI";"Clintonville";1;6;2012;0;18;"20120618"
"24.246.9.229";"CA";-75.700000;45.416700;"AS5645 TekSavvy Solutions Inc. Toronto";"mlab2-iad01";0.040908;1445144.856348;"0.004012999";"darwin";"216.156.197.160";"bittorrent";1339984911;43677.002614;-1.000000;"3ca27e85-5058-4cde-a22c-eb606f55de62";5645;"ON";"Ottawa";2;6;2012;0;18;"20120618"
"24.141.10.185";"CA";-79.980000;43.225000;"AS7992 Cogeco Cable";"mlab2-iad01";0.062737;1205207.046970;"0.004011999";"win32";"216.156.197.160";"speedtest";1339984992;183095.216338;0.052819;"e7527bec-ae1a-4191-9d10-e40fdee2a5b1";7992;"ON";"Ancaster";2;6;2012;0;18;"20120618"
"184.163.16.5";"CA";-73.846600;45.648800;"AS5769 Videotron Telecom Ltee";"mlab2-iad01";0.049189;1234073.388850;"0.004012999";"darwin";"216.156.197.160";"speedtest";1339985088;257790.827169;0.053906;"28117871-2c97-46f4-8f0f-9bcfeadac357";5769;"QC";"Blainville";2;6;2012;0;18;"20120618"
"190.163.109.157";"CL";-70.666700;-33.450000;"AS22047 BANDA ANCHA S.A.";"mlab2-iad01";0.219902;95647.106282;"0.004012999";"win32";"216.156.197.160";"bittorrent";1339985103;192884.756236;-1.000000;"f5e5e79b-fb36-4391-8311-97964ef12297";22047;"12";"Santiago";22;6;2012;6;17;"20120618"
"173.183.65.14";"CA";-122.343400;49.133700;"AS852 TELUS Communications Inc.";"mlab2-iad01";0.137445;73000.578666;"0.004012999";"darwin";"216.156.197.160";"bittorrent";1339985114;100549.367887;-1.000000;"ce87578f-c38b-457f-ac58-62a6dcdb269f";852;"BC";"Mission";2;6;2012;0;18;"20120618"
"201.6.232.83";"BR";-46.665800;-23.473300;"AS28573 Serviços de Comunicação S.A.";"mlab2-iad01";0.131342;450845.245593;"0.004012999";"win32";"216.156.197.160";"speedtest";1339985160;89726.157159;0.134360;"d965a30b-55ec-45ea-9e34-6b396fd7235d";28573;"27";"São Paulo";2;6;2012;0;18;"20120618"
"206.188.84.168";"CA";-80.268800;43.574900;"AS11814 DISTRIBUTEL COMMUNICATIONS LTD.";"mlab2-iad01";0.044314;492327.108592;"0.004011999";"linux2";"216.156.197.160";"speedtest";1339985161;122110.377930;0.056000;"08b120a5-3b23-4e37-a868-4a69486e1bbe";11814;"ON";"Guelph";2;6;2012;0;18;"20120618"
"200.193.43.254";"BR";-55.000000;-10.000000;"AS8167 Brasil Telecom S/A - Filial Distrito Federal";"mlab2-iad01";0.193269;167145.956174;"0.004012999";"win32";"216.156.197.160";"bittorrent";1339985234;157356.851729;-1.000000;"e07e7f86-2d54-4e03-a044-d3475d794c0b";8167;"";"";2;6;2012;0;18;"20120618"
"71.190.171.206";"US";-73.525400;40.767000;"AS701 MCI Communications Services, Inc. d/b/a Verizon Business";"mlab2-iad01";0.014386;3733536.377540;"0.004012999";"linux2";"216.156.197.160";"speedtest";1339985262;2875724.378580;0.017441;"dfd87da2-1968-48ac-9bd2-5469644e29e4";701;"NY";"Hicksville";2;6;2012;0;18;"20120618"
"65.95.57.7";"CA";-79.416700;43.666700;"AS577 Bell Canada";"mlab2-iad01";0.048483;207492.517695;"0.004012999";"linux2";"216.156.197.160";"speedtest";1339985273;76757.923689;0.051777;"e629a5ed-292e-4c20-860f-40ebe4624851";577;"ON";"Toronto";2;6;2012;0;18;"20120618"
"173.160.133.65";"US";-122.449200;47.151100;"AS7922 Comcast Cable Communications, Inc.";"mlab2-iad01";0.100890;360855.065261;"0.004012999";"win32";"216.156.197.160";"speedtest";1339985336;327713.230650;0.117076;"cd29f4ce-ebe9-47c8-8b18-9406a9618ac1";7922;"WA";"Tacoma";2;6;2012;0;18;"20120618"
"96.55.129.11";"CA";-122.821300;49.136400;"AS6327 Shaw Communications Inc.";"mlab2-iad01";0.092882;623487.394913;"0.004012999";"win32";"216.156.197.160";"bittorrent";1339985383;368487.771972;-1.000000;"cfc648a7-65e6-466c-96bc-f3440297cd8f";6327;"BC";"Surrey";2;6;2012;0;18;"20120618"
"186.32.56.228";"CR";-84.083300;9.933300;"AS262197 Amnet Cable Costa Rica";"mlab2-iad01";0.089910;190181.982806;"0.004012999";"win32";"216.156.197.160";"bittorrent";1339985424;58328.739273;-1.000000;"225c93a5-53b8-4755-a531-c9fa5f219359";262197;"08";"San José";20;6;2012;6;17;"20120618"
"177.81.13.233";"BR";-46.665800;-23.473300;"AS28573 Serviços de Comunicação S.A.";"mlab2-iad01";0.135632;751956.314349;"0.004012999";"win32";"216.156.197.160";"bittorrent";1339985552;94315.043551;-1.000000;"01f13e8b-8792-465d-b299-c94a6ea6831d";28573;"27";"São Paulo";2;6;2012;0;18;"20120618"
"190.153.2.209";"VE";-66.916700;10.500000;"AS11562 Net Uno, C.A.";"mlab2-iad01";0.071505;67484.801660;"0.004012999";"win32";"216.156.197.160";"bittorrent";1339985665;81206.562027;-1.000000;"fa502e52-2155-4466-8a9c-bcebe3b519d8";11562;"25";"Caracas";21;6;2012;6;17;"20120618"
"24.109.74.40";"CA";-84.333300;46.500000;"AS6327 Shaw Communications Inc.";"mlab2-iad01";0.094347;3156430.574912;"0.004012999";"win32";"216.156.197.160";"bittorrent";1339985765;323656.749359;-1.000000;"4db83560-1617-40a4-aea0-43a437033d77";6327;"ON";"Sault Sainte Marie";2;6;2012;0;18;"20120618"
"71.204.91.144";"US";-84.447700;34.119000;"AS7922 Comcast Cable Communications, Inc.";"mlab2-iad01";0.035665;92440.111249;"0.004012999";"darwin";"216.156.197.160";"bittorrent";1339985889;365364.464076;-1.000000;"4b4fa0bc-987b-4105-9a0b-83e736a6503c";7922;"GA";"Woodstock";2;6;2012;0;18;"20120618"
"174.116.188.158";"CA";-79.416700;43.666700;"AS812 Rogers Cable Communications Inc.";"mlab2-iad01";0.390147;221004.423876;"0.004011999";"win32";"216.156.197.160";"speedtest";1339985918;2922.109048;0.452069;"1502ff6e-c49b-4896-8dcd-2ba9d8955e20";812;"ON";"Toronto";2;6;2012;0;18;"20120618"
"201.22.246.133";"BR";-55.000000;-10.000000;"AS18881 Global Village Telecom";"mlab2-iad01";0.213202;7531.987536;"0.004012999";"win32";"216.156.197.160";"speedtest";1339985928;51133.624766;0.273240;"273f7dd8-fb0b-40a3-8c33-745d25c59b22";18881;"";"";2;6;2012;0;18;"20120618"
"177.133.120.42";"BR";-34.933300;-8.350000;"AS18881 Global Village Telecom";"mlab2-iad01";0.104847;173425.110647;"0.004011999";"win32";"216.156.197.160";"speedtest";1339986160;281798.488187;0.119615;"6a35591a-27a2-484e-842b-15ad4f0ef4df";18881;"30";"Santo Agostinho";2;6;2012;0;18;"20120618"
"69.196.168.242";"CA";-79.416700;43.666700;"AS5645 TekSavvy Solutions Inc. Toronto";"mlab2-iad01";0.029501;509059.681823;"0.004012999";"win32";"216.156.197.160";"bittorrent";1339986164;63434.195068;-1.000000;"448f19ce-eb05-4c94-bede-c7598765a58a";5645;"ON";"Toronto";2;6;2012;0;18;"20120618"
"201.47.223.245";"BR";-51.200000;-30.033300;"AS18881 Global Village Telecom";"mlab2-iad01";0.158169;406956.023823;"0.004012999";"win32";"216.156.197.160";"bittorrent";1339986239;125362.640970;-1.000000;"e6f34d0d-5b1a-47be-b0c0-918bd4d48fd0";18881;"23";"Porto Alegre";2;6;2012;0;18;"20120618"
"24.141.10.185";"CA";-79.980000;43.225000;"AS7992 Cogeco Cable";"mlab2-iad01";0.066483;1167053.923297;"0.004011999";"win32";"216.156.197.160";"bittorrent";1339986404;184329.208420;-1.000000;"e7527bec-ae1a-4191-9d10-e40fdee2a5b1";7992;"ON";"Ancaster";2;6;2012;0;18;"20120618"
"24.246.9.229";"CA";-75.700000;45.416700;"AS5645 TekSavvy Solutions Inc. Toronto";"mlab2-iad01";0.037151;1217501.387570;"0.004012999";"darwin";"216.156.197.160";"speedtest";1339986527;47013.017649;0.038938;"3ca27e85-5058-4cde-a22c-eb606f55de62";5645;"ON";"Ottawa";2;6;2012;0;18;"20120618"
"201.6.232.83";"BR";-46.665800;-23.473300;"AS28573 Serviços de Comunicação S.A.";"mlab2-iad01";0.132027;581384.975725;"0.004012999";"win32";"216.156.197.160";"bittorrent";1339986563;88028.222599;-1.000000;"d965a30b-55ec-45ea-9e34-6b396fd7235d";28573;"27";"São Paulo";2;6;2012;0;18;"20120618"
"189.26.124.130";"BR";-55.000000;-10.000000;"AS18881 Global Village Telecom";"mlab2-iad01";0.148369;857431.629049;"0.004012999";"win32";"216.156.197.160";"speedtest";1339986647;590871.477639;0.149512;"e07e7f86-2d54-4e03-a044-d3475d794c0b";18881;"";"";2;6;2012;0;18;"20120618"
"173.183.65.14";"CA";-122.343400;49.133700;"AS852 TELUS Communications Inc.";"mlab2-iad01";0.491698;140135.832739;"0.004012999";"darwin";"216.156.197.160";"speedtest";1339986669;38226.814038;0.270076;"ce87578f-c38b-457f-ac58-62a6dcdb269f";852;"BC";"Mission";2;6;2012;0;18;"20120618"
"190.163.109.157";"CL";-70.666700;-33.450000;"AS22047 BANDA ANCHA S.A.";"mlab2-iad01";0.226944;38518.036144;"0.004012999";"win32";"216.156.197.160";"speedtest";1339986696;65347.747117;0.295544;"f5e5e79b-fb36-4391-8311-97964ef12297";22047;"12";"Santiago";22;6;2012;6;17;"20120618"
"206.188.84.168";"CA";-80.268800;43.574900;"AS11814 DISTRIBUTEL COMMUNICATIONS LTD.";"mlab2-iad01";0.044122;2888541.231066;"0.004011999";"linux2";"216.156.197.160";"bittorrent";1339986768;123485.356486;-1.000000;"08b120a5-3b23-4e37-a868-4a69486e1bbe";11814;"ON";"Guelph";2;6;2012;0;18;"20120618"
"65.95.57.7";"CA";-79.416700;43.666700;"AS577 Bell Canada";"mlab2-iad01";0.048295;286147.602002;"0.004012999";"linux2";"216.156.197.160";"bittorrent";1339986769;55420.149709;-1.000000;"e629a5ed-292e-4c20-860f-40ebe4624851";577;"ON";"Toronto";2;6;2012;0;18;"20120618"
"96.55.129.11";"CA";-122.821300;49.136400;"AS6327 Shaw Communications Inc.";"mlab2-iad01";0.094888;465651.245453;"0.004012999";"win32";"216.156.197.160";"speedtest";1339986830;349016.694004;0.094629;"cfc648a7-65e6-466c-96bc-f3440297cd8f";6327;"BC";"Surrey";2;6;2012;0;18;"20120618"
"186.32.56.228";"CR";-84.083300;9.933300;"AS262197 Amnet Cable Costa Rica";"mlab2-iad01";0.157993;148158.217127;"0.004012999";"win32";"216.156.197.160";"speedtest";1339986970;37996.774851;0.141016;"225c93a5-53b8-4755-a531-c9fa5f219359";262197;"08";"San José";20;6;2012;6;17;"20120618"
"71.65.103.69";"US";-83.902700;39.678000;"AS10796 Time Warner Cable Internet LLC";"mlab2-iad01";0.047109;1957415.344300;"0.004012999";"win32";"216.156.197.160";"speedtest";1339987000;117539.018305;0.050947;"6d6c74dc-a35c-4d7b-b891-d665072442c5";10796;"OH";"Xenia";2;6;2012;0;18;"20120618"
"177.81.13.233";"BR";-46.665800;-23.473300;"AS28573 Serviços de Comunicação S.A.";"mlab2-iad01";0.135587;579086.341793;"0.004012999";"win32";"216.156.197.160";"speedtest";1339987034;56377.083167;0.142447;"01f13e8b-8792-465d-b299-c94a6ea6831d";28573;"27";"São Paulo";2;6;2012;0;18;"20120618"
"99.255.57.221";"CA";-80.507000;43.461300;"AS812 Rogers Cable Communications Inc.";"mlab2-iad01";0.037973;5809622.593790;"0.004012999";"win32";"216.156.197.160";"speedtest";1339987109;167452.383072;0.033365;"e0f34017-e672-4f3e-b193-c196b727112a";812;"ON";"Waterloo";2;6;2012;0;18;"20120618"
"24.109.74.40";"CA";-84.333300;46.500000;"AS6327 Shaw Communications Inc.";"mlab2-iad01";0.066940;2823874.556780;"0.004012999";"win32";"216.156.197.160";"speedtest";1339987365;234829.948994;0.075659;"4db83560-1617-40a4-aea0-43a437033d77";6327;"ON";"Sault Sainte Marie";2;6;2012;0;18;"20120618"
"190.153.2.209";"VE";-66.916700;10.500000;"AS11562 Net Uno, C.A.";"mlab2-iad01";1.345849;34712.821794;"0.004012999";"win32";"216.156.197.160";"speedtest";1339987061;65531.349264;0.177146;"fa502e52-2155-4466-8a9c-bcebe3b519d8";11562;"25";"Caracas";22;6;2012;6;17;"20120618"
"98.251.77.68";"US";-83.949600;33.512000;"AS7922 Comcast Cable Communications, Inc.";"mlab2-iad01";0.025663;3183667.810174;"0.004011999";"win32";"216.156.197.160";"bittorrent";1339987364;438763.369401;-1.000000;"cbfab653-aed3-47c3-b7d0-e4159cab6582";7922;"GA";"Covington";2;6;2012;0;18;"20120618"
"174.116.188.158";"CA";-79.416700;43.666700;"AS812 Rogers Cable Communications Inc.";"mlab2-iad01";0.442867;165031.733157;"0.004011999";"win32";"216.156.197.160";"bittorrent";1339987534;6110.396446;-1.000000;"1502ff6e-c49b-4896-8dcd-2ba9d8955e20";812;"ON";"Toronto";2;6;2012;0;18;"20120618"
"68.175.101.106";"US";-74.006000;40.714300;"AS12271 Time Warner Cable Internet LLC";"mlab2-iad01";0.015514;2102582.030540;"0.004012999";"darwin";"216.156.197.160";"bittorrent";1339987547;638716.038689;-1.000000;"bff92ae8-06db-4514-9002-ba6c8f7bec43";12271;"NY";"New York";2;6;2012;0;18;"20120618"
"201.22.246.133";"BR";-55.000000;-10.000000;"AS18881 Global Village Telecom";"mlab2-iad01";0.498514;27120.113510;"0.004012999";"win32";"216.156.197.160";"bittorrent";1339987594;82108.444709;-1.000000;"273f7dd8-fb0b-40a3-8c33-745d25c59b22";18881;"";"";2;6;2012;0;18;"20120618"
"177.133.120.42";"BR";-34.933300;-8.350000;"AS18881 Global Village Telecom";"mlab2-iad01";0.103976;206669.609900;"0.004011999";"win32";"216.156.197.160";"bittorrent";1339987708;220336.301231;-1.000000;"6a35591a-27a2-484e-842b-15ad4f0ef4df";18881;"30";"Santo Agostinho";2;6;2012;0;18;"20120618"
"201.47.223.245";"BR";-51.200000;-30.033300;"AS18881 Global Village Telecom";"mlab2-iad01";0.157050;316794.313300;"0.004012999";"win32";"216.156.197.160";"speedtest";1339987778;115002.264647;0.158821;"e6f34d0d-5b1a-47be-b0c0-918bd4d48fd0";18881;"23";"Porto Alegre";2;6;2012;0;18;"20120618"
"69.196.168.242";"CA";-79.416700;43.666700;"AS5645 TekSavvy Solutions Inc. Toronto";"mlab2-iad01";0.199417;266598.044125;"0.004012999";"win32";"216.156.197.160";"speedtest";1339998596;25251.799093;0.160392;"448f19ce-eb05-4c94-bede-c7598765a58a";5645;"ON";"Toronto";5;6;2012;0;18;"20120618"
"201.6.232.83";"BR";-46.665800;-23.473300;"AS28573 Serviços de Comunicação S.A.";"mlab2-iad01";0.131426;507306.359033;"0.004012999";"win32";"216.156.197.160";"speedtest";1339987963;90506.065983;0.134115;"d965a30b-55ec-45ea-9e34-6b396fd7235d";28573;"27";"São Paulo";2;6;2012;0;18;"20120618"
"190.163.109.157";"CL";-70.666700;-33.450000;"AS22047 BANDA ANCHA S.A.";"mlab2-iad01";0.518420;15764.039996;"0.004012999";"darwin";"216.156.197.160";"speedtest";1339988053;86858.011391;1.112946;"56e84b5c-6262-4a01-8875-e389e4879c9a";22047;"12";"Santiago";22;6;2012;6;17;"20120618"
"200.193.43.254";"BR";-55.000000;-10.000000;"AS8167 Brasil Telecom S/A - Filial Distrito Federal";"mlab2-iad01";0.172753;865509.129983;"0.004012999";"win32";"216.156.197.160";"bittorrent";1339988063;214373.190358;-1.000000;"e07e7f86-2d54-4e03-a044-d3475d794c0b";8167;"";"";2;6;2012;0;18;"20120618"
"24.246.9.229";"CA";-75.700000;45.416700;"AS5645 TekSavvy Solutions Inc. Toronto";"mlab2-iad01";0.033284;3796199.908577;"0.004012999";"darwin";"216.156.197.160";"bittorrent";1339988141;44210.158811;-1.000000;"3ca27e85-5058-4cde-a22c-eb606f55de62";5645;"ON";"Ottawa";2;6;2012;0;18;"20120618"
"65.95.57.7";"CA";-79.416700;43.666700;"AS577 Bell Canada";"mlab2-iad01";0.051205;287482.216262;"0.004012999";"linux2";"216.156.197.160";"speedtest";1339988258;73876.792007;0.053392;"e629a5ed-292e-4c20-860f-40ebe4624851";577;"ON";"Toronto";2;6;2012;0;18;"20120618"
"173.183.65.14";"CA";-122.343400;49.133700;"AS852 TELUS Communications Inc.";"mlab2-iad01";0.462936;25290.549621;"0.004012999";"darwin";"216.156.197.160";"bittorrent";1339988279;15424.936379;-1.000000;"ce87578f-c38b-457f-ac58-62a6dcdb269f";852;"BC";"Mission";2;6;2012;0;18;"20120618"
"190.163.109.157";"CL";-70.666700;-33.450000;"AS22047 BANDA ANCHA S.A.";"mlab2-iad01";0.238691;110206.724008;"0.004012999";"win32";"216.156.197.160";"bittorrent";1339988288;82500.887730;-1.000000;"f5e5e79b-fb36-4391-8311-97964ef12297";22047;"12";"Santiago";22;6;2012;6;17;"20120618"
"96.55.129.11";"CA";-122.821300;49.136400;"AS6327 Shaw Communications Inc.";"mlab2-iad01";0.092952;596213.452201;"0.004012999";"win32";"216.156.197.160";"bittorrent";1339988289;368335.079710;-1.000000;"cfc648a7-65e6-466c-96bc-f3440297cd8f";6327;"BC";"Surrey";2;6;2012;0;18;"20120618"
"206.188.84.168";"CA";-80.268800;43.574900;"AS11814 DISTRIBUTEL COMMUNICATIONS LTD.";"mlab2-iad01";0.049924;379818.580287;"0.004011999";"linux2";"216.156.197.160";"speedtest";1339988372;122520.870669;0.054929;"08b120a5-3b23-4e37-a868-4a69486e1bbe";11814;"ON";"Guelph";2;6;2012;0;18;"20120618"
"71.65.103.69";"US";-83.902700;39.678000;"AS10796 Time Warner Cable Internet LLC";"mlab2-iad01";0.046420;2380489.510409;"0.004012999";"win32";"216.156.197.160";"bittorrent";1339988456;112931.247204;-1.000000;"6d6c74dc-a35c-4d7b-b891-d665072442c5";10796;"OH";"Xenia";3;6;2012;0;18;"20120618"
"186.32.56.228";"CR";-84.083300;9.933300;"AS262197 Amnet Cable Costa Rica";"mlab2-iad01";0.108161;92884.975979;"0.004012999";"win32";"216.156.197.160";"bittorrent";1339988510;55965.800854;-1.000000;"225c93a5-53b8-4755-a531-c9fa5f219359";262197;"08";"San José";21;6;2012;6;17;"20120618"
"177.81.13.233";"BR";-46.665800;-23.473300;"AS28573 Serviços de Comunicação S.A.";"mlab2-iad01";0.136518;784130.363940;"0.004012999";"win32";"216.156.197.160";"bittorrent";1339988526;81911.794205;-1.000000;"01f13e8b-8792-465d-b299-c94a6ea6831d";28573;"27";"São Paulo";3;6;2012;0;18;"20120618"
"24.109.74.40";"CA";-84.333300;46.500000;"AS6327 Shaw Communications Inc.";"mlab2-iad01";0.072899;3363624.050714;"0.004012999";"win32";"216.156.197.160";"bittorrent";1339988554;347871.572567;-1.000000;"4db83560-1617-40a4-aea0-43a437033d77";6327;"ON";"Sault Sainte Marie";3;6;2012;0;18;"20120618"
"190.153.2.209";"VE";-66.916700;10.500000;"AS11562 Net Uno, C.A.";"mlab2-iad01";0.071847;79085.322704;"0.004012999";"win32";"216.156.197.160";"bittorrent";1339988659;68553.030767;-1.000000;"fa502e52-2155-4466-8a9c-bcebe3b519d8";11562;"25";"Caracas";22;6;2012;6;17;"20120618"
"99.255.57.221";"CA";-80.507000;43.461300;"AS812 Rogers Cable Communications Inc.";"mlab2-iad01";0.045410;1140813.425269;"0.004012999";"win32";"216.156.197.160";"bittorrent";1339988867;4019.394749;-1.000000;"e0f34017-e672-4f3e-b193-c196b727112a";812;"ON";"Waterloo";3;6;2012;0;18;"20120618"
"72.81.232.139";"US";-76.837500;39.174900;"AS701 MCI Communications Services, Inc. d/b/a Verizon Business";"mlab2-iad01";0.029002;1632911.705532;"0.004012999";"darwin";"216.156.197.160";"bittorrent";1339988941;254886.405043;-1.000000;"5d2377cf-2e67-40be-b1dc-e439a545da6f";701;"MD";"Columbia";3;6;2012;0;18;"20120618"
"75.75.156.100";"US";-77.229100;39.841800;"AS7922 Comcast Cable Communications, Inc.";"mlab2-iad01";0.578096;556184.710896;"0.004012999";"win32";"216.156.197.160";"speedtest";1339988969;91524.814223;0.030470;"74807f51-f20f-4c2b-8aa7-32eb64040c5e";7922;"PA";"Gettysburg";3;6;2012;0;18;"20120618"
"173.186.209.95";"US";-84.200300;30.975400;"AS7029 Windstream Communications Inc";"mlab2-iad01";0.058266;23713.689474;"0.004011999";"win32";"216.156.197.160";"bittorrent";1339989033;25458.760161;-1.000000;"de6fbf44-b9c6-4959-9089-5bd76562acd2";7029;"GA";"Cairo";3;6;2012;0;18;"20120618"
"174.116.188.158";"CA";-79.416700;43.666700;"AS812 Rogers Cable Communications Inc.";"mlab2-iad01";0.419737;170332.711807;"0.004011999";"win32";"216.156.197.160";"speedtest";1339989053;6683.807890;0.435767;"1502ff6e-c49b-4896-8dcd-2ba9d8955e20";812;"ON";"Toronto";3;6;2012;0;18;"20120618"
"177.133.120.42";"BR";-34.933300;-8.350000;"AS18881 Global Village Telecom";"mlab2-iad01";0.106407;1100790.594880;"0.004011999";"win32";"216.156.197.160";"speedtest";1339989220;345181.455648;0.106578;"6a35591a-27a2-484e-842b-15ad4f0ef4df";18881;"30";"Santo Agostinho";3;6;2012;0;18;"20120618"
"201.22.246.133";"BR";-55.000000;-10.000000;"AS18881 Global Village Telecom";"mlab2-iad01";0.187703;43595.036507;"0.004012999";"win32";"216.156.197.160";"speedtest";1339989230;68675.196783;0.204994;"273f7dd8-fb0b-40a3-8c33-745d25c59b22";18881;"";"";3;6;2012;0;18;"20120618"
"201.47.223.245";"BR";-51.200000;-30.033300;"AS18881 Global Village Telecom";"mlab2-iad01";0.157017;411978.735926;"0.004012999";"win32";"216.156.197.160";"bittorrent";1339989319;129433.593594;-1.000000;"e6f34d0d-5b1a-47be-b0c0-918bd4d48fd0";18881;"23";"Porto Alegre";3;6;2012;0;18;"20120618"
"201.6.232.83";"BR";-46.665800;-23.473300;"AS28573 Serviços de Comunicação S.A.";"mlab2-iad01";0.134189;325853.699153;"0.004012999";"win32";"216.156.197.160";"bittorrent";1339989379;67155.775379;-1.000000;"d965a30b-55ec-45ea-9e34-6b396fd7235d";28573;"27";"São Paulo";3;6;2012;0;18;"20120618"
"72.181.251.247";"US";-96.771500;32.833900;"AS11427 Time Warner Cable Internet LLC";"mlab2-iad01";0.060858;1990241.088830;"0.004012999";"darwin";"216.156.197.160";"speedtest";1339989392;213301.700657;0.064442;"ec56ca67-ca5b-4ee7-a615-8743ebac3e8a";11427;"TX";"Dallas";3;6;2012;0;18;"20120618"
"69.196.168.242";"CA";-79.416700;43.666700;"AS5645 TekSavvy Solutions Inc. Toronto";"mlab2-iad01";0.066570;266840.911724;"0.004012999";"win32";"216.156.197.160";"bittorrent";1339989456;21278.096661;-1.000000;"448f19ce-eb05-4c94-bede-c7598765a58a";5645;"ON";"Toronto";3;6;2012;0;18;"20120618"
"190.163.109.157";"CL";-70.666700;-33.450000;"AS22047 BANDA ANCHA S.A.";"mlab2-iad01";0.313101;306023.872269;"0.004012999";"darwin";"216.156.197.160";"bittorrent";1339989467;52394.093277;-1.000000;"56e84b5c-6262-4a01-8875-e389e4879c9a";22047;"12";"Santiago";23;6;2012;6;17;"20120618"
"200.193.43.254";"BR";-55.000000;-10.000000;"AS8167 Brasil Telecom S/A - Filial Distrito Federal";"mlab2-iad01";0.169377;916391.848932;"0.004012999";"win32";"216.156.197.160";"speedtest";1339989490;159509.587604;0.169909;"e07e7f86-2d54-4e03-a044-d3475d794c0b";8167;"";"";3;6;2012;0;18;"20120618"
"71.89.124.38";"US";-88.736400;44.638200;"AS20115 Charter Communications";"mlab2-iad01";0.052964;3275849.215900;"0.004012999";"win32";"216.156.197.160";"speedtest";1339989504;387654.637774;0.055245;"0730ff7f-47eb-4e84-99b1-016150556fb6";20115;"WI";"Clintonville";3;6;2012;0;18;"20120618"
"76.112.203.189";"US";-83.144600;42.489500;"AS7922 Comcast Cable Communications, Inc.";"mlab2-iad01";0.046901;1428290.966840;"0.004012999";"win32";"216.156.197.160";"speedtest";1339989582;760460.527774;0.047513;"5cb4931f-bf67-49bf-a4ec-d36d7495a682";7922;"MI";"Royal Oak";3;6;2012;0;18;"20120618"
"96.55.129.11";"CA";-122.821300;49.136400;"AS6327 Shaw Communications Inc.";"mlab2-iad01";0.097593;418211.094264;"0.004012999";"win32";"216.156.197.160";"speedtest";1339989735;339895.727671;0.102387;"cfc648a7-65e6-466c-96bc-f3440297cd8f";6327;"BC";"Surrey";3;6;2012;0;18;"20120618"
"65.95.57.7";"CA";-79.416700;43.666700;"AS577 Bell Canada";"mlab2-iad01";0.051201;307018.151987;"0.004012999";"linux2";"216.156.197.160";"bittorrent";1339989750;73267.274303;-1.000000;"e629a5ed-292e-4c20-860f-40ebe4624851";577;"ON";"Toronto";3;6;2012;0;18;"20120618"
"24.246.9.229";"CA";-75.700000;45.416700;"AS5645 TekSavvy Solutions Inc. Toronto";"mlab2-iad01";0.033213;2637635.074920;"0.004012999";"darwin";"216.156.197.160";"speedtest";1339989751;51575.854536;0.042667;"3ca27e85-5058-4cde-a22c-eb606f55de62";5645;"ON";"Ottawa";3;6;2012;0;18;"20120618"
"173.183.65.14";"CA";-122.343400;49.133700;"AS852 TELUS Communications Inc.";"mlab2-iad01";0.429657;24367.620133;"0.004012999";"darwin";"216.156.197.160";"speedtest";1339989858;28271.272754;0.388817;"ce87578f-c38b-457f-ac58-62a6dcdb269f";852;"BC";"Mission";3;6;2012;0;18;"20120618"
"190.163.109.157";"CL";-70.666700;-33.450000;"AS22047 BANDA ANCHA S.A.";"mlab2-iad01";0.239106;47565.044947;"0.004012999";"win32";"216.156.197.160";"speedtest";1339989866;63065.325536;0.361511;"f5e5e79b-fb36-4391-8311-97964ef12297";22047;"12";"Santiago";23;6;2012;6;17;"20120618"
"24.109.74.40";"CA";-84.333300;46.500000;"AS6327 Shaw Communications Inc.";"mlab2-iad01";0.074868;2810849.983080;"0.004012999";"win32";"216.156.197.160";"speedtest";1339990150;339500.557305;0.070940;"4db83560-1617-40a4-aea0-43a437033d77";6327;"ON";"Sault Sainte Marie";3;6;2012;0;18;"20120618"
"206.188.84.168";"CA";-80.268800;43.574900;"AS11814 DISTRIBUTEL COMMUNICATIONS LTD.";"mlab2-iad01";0.054739;659404.559707;"0.004011999";"linux2";"216.156.197.160";"bittorrent";1339989996;121844.615844;-1.000000;"08b120a5-3b23-4e37-a868-4a69486e1bbe";11814;"ON";"Guelph";3;6;2012;0;18;"20120618"
"177.81.13.233";"BR";-46.665800;-23.473300;"AS28573 Serviços de Comunicação S.A.";"mlab2-iad01";0.134961;617551.640414;"0.004012999";"win32";"216.156.197.160";"speedtest";1339990008;55786.461782;0.139881;"01f13e8b-8792-465d-b299-c94a6ea6831d";28573;"27";"São Paulo";3;6;2012;0;18;"20120618"
"186.32.56.228";"CR";-84.083300;9.933300;"AS262197 Amnet Cable Costa Rica";"mlab2-iad01";0.172380;84850.978552;"0.004012999";"win32";"216.156.197.160";"speedtest";1339990058;22174.874529;0.168176;"225c93a5-53b8-4755-a531-c9fa5f219359";262197;"08";"San José";21;6;2012;6;17;"20120618"
"190.153.2.209";"VE";-66.916700;10.500000;"AS11562 Net Uno, C.A.";"mlab2-iad01";1.596872;28743.235900;"0.004012999";"win32";"216.156.197.160";"speedtest";1339990054;38577.665580;0.369203;"fa502e52-2155-4466-8a9c-bcebe3b519d8";11562;"25";"Caracas";22;6;2012;6;17;"20120618"
"99.255.57.221";"CA";-80.507000;43.461300;"AS812 Rogers Cable Communications Inc.";"mlab2-iad01";0.030177;6123650.869800;"0.004012999";"win32";"216.156.197.160";"speedtest";1339990342;241666.534365;0.033391;"e0f34017-e672-4f3e-b193-c196b727112a";812;"ON";"Waterloo";3;6;2012;0;18;"20120618"
"98.222.147.136";"US";-85.681400;40.411900;"AS7922 Comcast Cable Communications, Inc.";"mlab2-iad01";0.052289;323558.586405;"0.004012999";"linux2";"216.156.197.160";"bittorrent";1339990480;519421.702081;-1.000000;"247a4b73-0dbb-440a-a85f-68d042f5a3a2";7922;"IN";"Fairmount";3;6;2012;0;18;"20120618"
"174.116.188.158";"CA";-79.416700;43.666700;"AS812 Rogers Cable Communications Inc.";"mlab2-iad01";3.459660;168622.863426;"0.004011999";"win32";"216.156.197.160";"bittorrent";1339990650;3502.771284;-1.000000;"1502ff6e-c49b-4896-8dcd-2ba9d8955e20";812;"ON";"Toronto";3;6;2012;0;18;"20120618"
"177.133.120.42";"BR";-34.933300;-8.350000;"AS18881 Global Village Telecom";"mlab2-iad01";0.104539;1768571.331741;"0.004011999";"win32";"216.156.197.160";"bittorrent";1339990733;314952.602454;-1.000000;"6a35591a-27a2-484e-842b-15ad4f0ef4df";18881;"30";"Santo Agostinho";3;6;2012;0;18;"20120618"
"201.6.232.83";"BR";-46.665800;-23.473300;"AS28573 Serviços de Comunicação S.A.";"mlab2-iad01";0.131012;704278.544161;"0.004012999";"win32";"216.156.197.160";"speedtest";1339990778;90576.717661;0.134330;"d965a30b-55ec-45ea-9e34-6b396fd7235d";28573;"27";"São Paulo";3;6;2012;0;18;"20120618"
"201.22.246.133";"BR";-55.000000;-10.000000;"AS18881 Global Village Telecom";"mlab2-iad01";0.245035;431840.304058;"0.004012999";"win32";"216.156.197.160";"bittorrent";1339990875;35423.911523;-1.000000;"273f7dd8-fb0b-40a3-8c33-745d25c59b22";18881;"";"";3;6;2012;0;18;"20120618"
"190.163.109.157";"CL";-70.666700;-33.450000;"AS22047 BANDA ANCHA S.A.";"mlab2-iad01";0.490649;98673.359407;"0.004012999";"darwin";"216.156.197.160";"speedtest";1339990895;39254.998766;0.501793;"56e84b5c-6262-4a01-8875-e389e4879c9a";22047;"12";"Santiago";23;6;2012;6;17;"20120618"
"177.101.99.254";"BR";-55.000000;-10.000000;"AS28343 TPA TELECOMUNICACOES LTDA";"mlab2-iad01";0.170953;720309.024524;"0.004012999";"win32";"216.156.197.160";"bittorrent";1339990914;109057.120631;-1.000000;"e07e7f86-2d54-4e03-a044-d3475d794c0b";28343;"";"";3;6;2012;0;18;"20120618"
"69.196.168.242";"CA";-79.416700;43.666700;"AS5645 TekSavvy Solutions Inc. Toronto";"mlab2-iad01";0.028610;352115.417264;"0.004012999";"win32";"216.156.197.160";"speedtest";1340001886;32842.307910;0.039597;"448f19ce-eb05-4c94-bede-c7598765a58a";5645;"ON";"Toronto";6;6;2012;0;18;"20120618"
"96.55.129.11";"CA";-122.821300;49.136400;"AS6327 Shaw Communications Inc.";"mlab2-iad01";0.103011;536671.241174;"0.004012999";"win32";"216.156.197.160";"bittorrent";1339991194;369153.781095;-1.000000;"cfc648a7-65e6-466c-96bc-f3440297cd8f";6327;"BC";"Surrey";3;6;2012;0;18;"20120618"
"65.95.57.7";"CA";-79.416700;43.666700;"AS577 Bell Canada";"mlab2-iad01";0.160362;154244.345594;"0.004012999";"linux2";"216.156.197.160";"speedtest";1339991249;67514.286015;0.330424;"e629a5ed-292e-4c20-860f-40ebe4624851";577;"ON";"Toronto";3;6;2012;0;18;"20120618"
"24.109.74.40";"CA";-84.333300;46.500000;"AS6327 Shaw Communications Inc.";"mlab2-iad01";0.068751;2890638.835101;"0.004012999";"win32";"216.156.197.160";"bittorrent";1339991343;250223.513095;-1.000000;"4db83560-1617-40a4-aea0-43a437033d77";6327;"ON";"Sault Sainte Marie";3;6;2012;0;18;"20120618"
"24.246.9.229";"CA";-75.700000;45.416700;"AS5645 TekSavvy Solutions Inc. Toronto";"mlab2-iad01";0.035105;1365734.948786;"0.004012999";"darwin";"216.156.197.160";"bittorrent";1339991376;39606.602488;-1.000000;"3ca27e85-5058-4cde-a22c-eb606f55de62";5645;"ON";"Ottawa";3;6;2012;0;18;"20120618"
"173.183.65.14";"CA";-122.343400;49.133700;"AS852 TELUS Communications Inc.";"mlab2-iad01";0.168810;23369.590453;"0.004012999";"darwin";"216.156.197.160";"bittorrent";1339991461;19746.417816;-1.000000;"ce87578f-c38b-457f-ac58-62a6dcdb269f";852;"BC";"Mission";3;6;2012;0;18;"20120618"
"190.163.109.157";"CL";-70.666700;-33.450000;"AS22047 BANDA ANCHA S.A.";"mlab2-iad01";0.306581;847643.035299;"0.004012999";"win32";"216.156.197.160";"bittorrent";1339991466;62923.204813;-1.000000;"f5e5e79b-fb36-4391-8311-97964ef12297";22047;"12";"Santiago";23;6;2012;6;17;"20120618"
"177.81.13.233";"BR";-46.665800;-23.473300;"AS28573 Serviços de Comunicação S.A.";"mlab2-iad01";0.134587;812640.894608;"0.004012999";"win32";"216.156.197.160";"bittorrent";1339991499;94921.188421;-1.000000;"01f13e8b-8792-465d-b299-c94a6ea6831d";28573;"27";"São Paulo";3;6;2012;0;18;"20120618"
"184.163.16.5";"CA";-73.846600;45.648800;"AS5769 Videotron Telecom Ltee";"mlab2-iad01";0.049247;1356201.545441;"0.004012999";"darwin";"216.156.197.160";"bittorrent";1339991575;261927.184210;-1.000000;"28117871-2c97-46f4-8f0f-9bcfeadac357";5769;"QC";"Blainville";3;6;2012;0;18;"20120618"
"186.32.56.228";"CR";-84.083300;9.933300;"AS262197 Amnet Cable Costa Rica";"mlab2-iad01";0.094375;255069.260484;"0.004012999";"win32";"216.156.197.160";"bittorrent";1339991596;58384.844475;-1.000000;"225c93a5-53b8-4755-a531-c9fa5f219359";262197;"08";"San José";21;6;2012;6;17;"20120618"
"206.188.84.168";"CA";-80.268800;43.574900;"AS11814 DISTRIBUTEL COMMUNICATIONS LTD.";"mlab2-iad01";0.050095;187948.461361;"0.004011999";"linux2";"216.156.197.160";"speedtest";1339991604;122496.203237;0.064100;"08b120a5-3b23-4e37-a868-4a69486e1bbe";11814;"ON";"Guelph";3;6;2012;0;18;"20120618"
"98.251.77.68";"US";-83.949600;33.512000;"AS7922 Comcast Cable Communications, Inc.";"mlab2-iad01";0.029428;3020157.615860;"0.004011999";"win32";"216.156.197.160";"speedtest";1339991899;478609.061287;0.041791;"cbfab653-aed3-47c3-b7d0-e4159cab6582";7922;"GA";"Covington";3;6;2012;0;18;"20120618"
"99.255.57.221";"CA";-80.507000;43.461300;"AS812 Rogers Cable Communications Inc.";"mlab2-iad01";0.031110;2065282.022504;"0.004012999";"win32";"216.156.197.160";"bittorrent";1339991929;8759.279341;-1.000000;"e0f34017-e672-4f3e-b193-c196b727112a";812;"ON";"Waterloo";3;6;2012;0;18;"20120618"
"205.178.18.107";"US";-87.623800;41.884900;"AS6079 RCN";"mlab2-iad01";0.036589;701733.348845;"0.004011999";"win32";"216.156.197.160";"bittorrent";1339991996;224657.578350;-1.000000;"e98788b3-c49f-4266-b003-f95ea1c0e2a0";6079;"IL";"Chicago";3;6;2012;0;18;"20120618"
"174.116.188.158";"CA";-79.416700;43.666700;"AS812 Rogers Cable Communications Inc.";"mlab2-iad01";0.399732;150000.497861;"0.004011999";"win32";"216.156.197.160";"speedtest";1339992169;6000.169323;0.442767;"1502ff6e-c49b-4896-8dcd-2ba9d8955e20";812;"ON";"Toronto";4;6;2012;0;18;"20120618"
"201.6.232.83";"BR";-46.665800;-23.473300;"AS28573 Serviços de Comunicação S.A.";"mlab2-iad01";0.132091;1188550.912026;"0.004012999";"win32";"216.156.197.160";"bittorrent";1339992177;86353.933561;-1.000000;"d965a30b-55ec-45ea-9e34-6b396fd7235d";28573;"27";"São Paulo";4;6;2012;0;18;"20120618"
"177.133.120.42";"BR";-34.933300;-8.350000;"AS18881 Global Village Telecom";"mlab2-iad01";0.105684;1174697.623200;"0.004011999";"win32";"216.156.197.160";"speedtest";1339992242;326044.208100;0.111276;"6a35591a-27a2-484e-842b-15ad4f0ef4df";18881;"30";"Santo Agostinho";4;6;2012;0;18;"20120618"
"190.163.109.157";"CL";-70.666700;-33.450000;"AS22047 BANDA ANCHA S.A.";"mlab2-iad01";0.340066;328558.692439;"0.004012999";"darwin";"216.156.197.160";"bittorrent";1339992297;62556.222027;-1.000000;"56e84b5c-6262-4a01-8875-e389e4879c9a";22047;"12";"Santiago";0;6;2012;0;18;"20120618"
"200.193.43.254";"BR";-55.000000;-10.000000;"AS8167 Brasil Telecom S/A - Filial Distrito Federal";"mlab2-iad01";0.170320;687325.162485;"0.004012999";"win32";"216.156.197.160";"speedtest";1339992329;182304.712700;0.172935;"e07e7f86-2d54-4e03-a044-d3475d794c0b";8167;"";"";4;6;2012;0;18;"20120618"
"64.13.104.81";"US";-77.026100;38.990700;"AS16586 CLEARWIRE - CLEAR WIRELESS LLC";"mlab2-iad01";0.089827;325006.384537;"0.004012999";"darwin";"216.156.197.160";"speedtest";1339992430;146162.742900;0.118434;"8a5f995c-e96b-4ee9-8332-ee1284a6fd58";16586;"MD";"Silver Spring";4;6;2012;0;18;"20120618"
"72.181.251.247";"US";-96.771500;32.833900;"AS11427 Time Warner Cable Internet LLC";"mlab2-iad01";0.062899;2057460.321230;"0.004012999";"darwin";"216.156.197.160";"speedtest";1339992634;213516.335723;0.068133;"ec56ca67-ca5b-4ee7-a615-8743ebac3e8a";11427;"TX";"Dallas";4;6;2012;0;18;"20120618"
"96.55.129.11";"CA";-122.821300;49.136400;"AS6327 Shaw Communications Inc.";"mlab2-iad01";0.095603;495092.074841;"0.004012999";"win32";"216.156.197.160";"speedtest";1339992640;339747.850187;0.094453;"cfc648a7-65e6-466c-96bc-f3440297cd8f";6327;"BC";"Surrey";4;6;2012;0;18;"20120618"
"69.196.168.242";"CA";-79.416700;43.666700;"AS5645 TekSavvy Solutions Inc. Toronto";"mlab2-iad01";0.027111;517037.541722;"0.004012999";"win32";"216.156.197.160";"bittorrent";1339992729;51420.136779;-1.000000;"448f19ce-eb05-4c94-bede-c7598765a58a";5645;"ON";"Toronto";4;6;2012;0;18;"20120618"
"24.109.74.40";"CA";-84.333300;46.500000;"AS6327 Shaw Communications Inc.";"mlab2-iad01";0.069289;2974791.816300;"0.004012999";"win32";"216.156.197.160";"speedtest";1339992940;347298.390742;0.069718;"4db83560-1617-40a4-aea0-43a437033d77";6327;"ON";"Sault Sainte Marie";4;6;2012;0;18;"20120618"
"50.76.47.114";"US";-122.419400;37.774900;"AS7922 Comcast Cable Communications, Inc.";"mlab2-iad01";0.087816;1743114.017410;"0.004012999";"win32";"216.156.197.160";"speedtest";1339992799;1658175.185370;0.097657;"a0907de9-08a5-4097-8c1d-bcbf94e3986b";7922;"CA";"San Francisco";4;6;2012;0;18;"20120618"
"67.172.130.152";"US";-104.821400;38.833900;"AS7922 Comcast Cable Communications, Inc.";"mlab2-iad01";0.069697;3125792.928041;"0.004012999";"darwin";"216.156.197.160";"bittorrent";1339992909;357981.571939;-1.000000;"e83583f7-4c54-4291-a929-2fd12fd286f5";7922;"CO";"Colorado Springs";4;6;2012;0;18;"20120618"
"177.81.13.233";"BR";-46.665800;-23.473300;"AS28573 Serviços de Comunicação S.A.";"mlab2-iad01";0.135288;603964.049075;"0.004012999";"win32";"216.156.197.160";"speedtest";1339992981;54646.258699;0.142264;"01f13e8b-8792-465d-b299-c94a6ea6831d";28573;"27";"São Paulo";4;6;2012;0;18;"20120618"
"173.183.65.14";"CA";-122.343400;49.133700;"AS852 TELUS Communications Inc.";"mlab2-iad01";1.045033;19609.583473;"0.004012999";"darwin";"216.156.197.160";"speedtest";1339993010;93412.984210;0.165099;"ce87578f-c38b-457f-ac58-62a6dcdb269f";852;"BC";"Mission";4;6;2012;0;18;"20120618"
"190.163.109.157";"CL";-70.666700;-33.450000;"AS22047 BANDA ANCHA S.A.";"mlab2-iad01";0.582477;73420.965555;"0.004012999";"win32";"216.156.197.160";"speedtest";1339993046;54965.119521;0.374252;"f5e5e79b-fb36-4391-8311-97964ef12297";22047;"12";"Santiago";0;6;2012;0;18;"20120618"
"186.32.56.228";"CR";-84.083300;9.933300;"AS262197 Amnet Cable Costa Rica";"mlab2-iad01";0.103474;99745.623882;"0.004012999";"win32";"216.156.197.160";"speedtest";1339993136;59251.524088;0.139576;"225c93a5-53b8-4755-a531-c9fa5f219359";262197;"08";"San José";22;6;2012;6;17;"20120618"
"206.188.84.168";"CA";-80.268800;43.574900;"AS11814 DISTRIBUTEL COMMUNICATIONS LTD.";"mlab2-iad01";0.044563;1145313.390250;"0.004011999";"linux2";"216.156.197.160";"bittorrent";1339993214;122074.051928;-1.000000;"08b120a5-3b23-4e37-a868-4a69486e1bbe";11814;"ON";"Guelph";4;6;2012;0;18;"20120618"
"98.22.138.166";"US";-95.790800;36.052600;"AS7029 Windstream Communications Inc";"mlab2-iad01";0.099242;91921.365683;"0.004012999";"win32";"216.156.197.160";"bittorrent";1339993324;81021.915583;-1.000000;"eb27082c-e25b-4239-869e-8ba23d438a17";7029;"OK";"Broken Arrow";4;6;2012;0;18;"20120618"
"99.255.57.221";"CA";-80.507000;43.461300;"AS812 Rogers Cable Communications Inc.";"mlab2-iad01";0.029558;5964810.446700;"0.004012999";"win32";"216.156.197.160";"speedtest";1339993406;248842.156288;0.034241;"e0f34017-e672-4f3e-b193-c196b727112a";812;"ON";"Waterloo";4;6;2012;0;18;"20120618"
"70.122.243.11";"US";-97.015000;32.954600;"AS11427 Time Warner Cable Internet LLC";"mlab2-iad01";0.064100;1701535.849050;"0.004012999";"win32";"216.156.197.160";"speedtest";1339993566;379271.940589;0.062350;"bab8f612-1f34-46c2-a83e-fbaa7a2f8fa7";11427;"TX";"Coppell";4;6;2012;0;18;"20120618"
"201.6.232.83";"BR";-46.665800;-23.473300;"AS28573 Serviços de Comunicação S.A.";"mlab2-iad01";0.133264;759807.298255;"0.004012999";"win32";"216.156.197.160";"speedtest";1339993577;88587.982058;0.134153;"d965a30b-55ec-45ea-9e34-6b396fd7235d";28573;"27";"São Paulo";4;6;2012;0;18;"20120618"
"208.57.38.36";"US";-117.164900;32.807200;"AS14265 Telepacific Communications";"mlab2-iad01";0.096904;175500.446014;"0.004011999";"linux2";"216.156.197.160";"bittorrent";1339993602;178623.378571;-1.000000;"71bb2b47-414f-414d-b8ff-f1237c21f432";14265;"CA";"San Diego";4;6;2012;0;18;"20120618"
"189.26.124.130";"BR";-55.000000;-10.000000;"AS18881 Global Village Telecom";"mlab2-iad01";0.167774;584234.350618;"0.004012999";"win32";"216.156.197.160";"bittorrent";1339993760;790189.886904;-1.000000;"e07e7f86-2d54-4e03-a044-d3475d794c0b";18881;"";"";4;6;2012;0;18;"20120618"
"177.133.120.42";"BR";-34.933300;-8.350000;"AS18881 Global Village Telecom";"mlab2-iad01";0.107057;809450.133295;"0.004011999";"win32";"216.156.197.160";"bittorrent";1339993763;233315.670017;-1.000000;"6a35591a-27a2-484e-842b-15ad4f0ef4df";18881;"30";"Santo Agostinho";4;6;2012;0;18;"20120618"
"174.116.188.158";"CA";-79.416700;43.666700;"AS812 Rogers Cable Communications Inc.";"mlab2-iad01";0.406779;174520.559684;"0.004011999";"win32";"216.156.197.160";"bittorrent";1339993820;5827.319770;-1.000000;"1502ff6e-c49b-4896-8dcd-2ba9d8955e20";812;"ON";"Toronto";4;6;2012;0;18;"20120618"
"96.55.129.11";"CA";-122.821300;49.136400;"AS6327 Shaw Communications Inc.";"mlab2-iad01";0.093084;584154.494941;"0.004012999";"win32";"216.156.197.160";"bittorrent";1339994098;369300.503758;-1.000000;"cfc648a7-65e6-466c-96bc-f3440297cd8f";6327;"BC";"Surrey";4;6;2012;0;18;"20120618"
"24.109.74.40";"CA";-84.333300;46.500000;"AS6327 Shaw Communications Inc.";"mlab2-iad01";0.139155;3269747.610703;"0.004012999";"win32";"216.156.197.160";"bittorrent";1339994127;346333.688005;-1.000000;"4db83560-1617-40a4-aea0-43a437033d77";6327;"ON";"Sault Sainte Marie";4;6;2012;0;18;"20120618"
"69.196.168.242";"CA";-79.416700;43.666700;"AS5645 TekSavvy Solutions Inc. Toronto";"mlab2-iad01";0.033055;487007.637518;"0.004012999";"win32";"216.156.197.160";"speedtest";1340005153;41224.425278;0.034378;"448f19ce-eb05-4c94-bede-c7598765a58a";5645;"ON";"Toronto";7;6;2012;0;18;"20120618"
"67.77.90.108";"US";-82.079100;29.925400;"AS2379 Embarq Corporation";"mlab2-iad01";0.046062;356650.941435;"0.004012999";"win32";"216.156.197.160";"speedtest";1339994353;71651.137479;0.051035;"b931e1a4-35d0-4ccf-96a9-c4a7c2d31f8b";2379;"FL";"Starke";4;6;2012;0;18;"20120618"
"177.81.13.233";"BR";-46.665800;-23.473300;"AS28573 Serviços de Comunicação S.A.";"mlab2-iad01";0.134936;819681.790007;"0.004012999";"win32";"216.156.197.160";"bittorrent";1339994473;91758.234098;-1.000000;"01f13e8b-8792-465d-b299-c94a6ea6831d";28573;"27";"São Paulo";4;6;2012;0;18;"20120618"
"173.183.65.14";"CA";-122.343400;49.133700;"AS852 TELUS Communications Inc.";"mlab2-iad01";0.132332;38396.457663;"0.004012999";"darwin";"216.156.197.160";"bittorrent";1339994595;100593.656569;-1.000000;"ce87578f-c38b-457f-ac58-62a6dcdb269f";852;"BC";"Mission";4;6;2012;0;18;"20120618"
"190.163.109.157";"CL";-70.666700;-33.450000;"AS22047 BANDA ANCHA S.A.";"mlab2-iad01";0.171955;614960.849989;"0.004012999";"win32";"216.156.197.160";"bittorrent";1339994634;69978.145383;-1.000000;"f5e5e79b-fb36-4391-8311-97964ef12297";22047;"12";"Santiago";0;6;2012;0;18;"20120618"
"186.32.56.228";"CR";-84.083300;9.933300;"AS262197 Amnet Cable Costa Rica";"mlab2-iad01";0.091668;201741.544254;"0.004012999";"win32";"216.156.197.160";"bittorrent";1339994674;56897.538703;-1.000000;"225c93a5-53b8-4755-a531-c9fa5f219359";262197;"08";"San José";22;6;2012;6;17;"20120618"
"99.21.145.140";"US";-121.382800;38.626300;"AS7132 AS for SBIS-AS";"mlab2-iad01";0.097665;1046998.604090;"0.004012999";"win32";"216.156.197.160";"speedtest";1339994705;108143.838739;0.098429;"ebeab1c8-defc-4fef-8be3-daa7088a0954";7132;"CA";"Sacramento";4;6;2012;0;18;"20120618"
"206.188.84.168";"CA";-80.268800;43.574900;"AS11814 DISTRIBUTEL COMMUNICATIONS LTD.";"mlab2-iad01";0.049796;941519.068157;"0.004011999";"linux2";"216.156.197.160";"speedtest";1339994817;122649.193340;0.054123;"08b120a5-3b23-4e37-a868-4a69486e1bbe";11814;"ON";"Guelph";4;6;2012;0;18;"20120618"
"24.246.9.229";"CA";-75.700000;45.416700;"AS5645 TekSavvy Solutions Inc. Toronto";"mlab2-iad01";0.034077;2479692.032149;"0.004012999";"darwin";"216.156.197.160";"bittorrent";1339994890;43643.606957;-1.000000;"3ca27e85-5058-4cde-a22c-eb606f55de62";5645;"ON";"Ottawa";4;6;2012;0;18;"20120618"
"201.6.232.83";"BR";-46.665800;-23.473300;"AS28573 Serviços de Comunicação S.A.";"mlab2-iad01";0.140497;1136230.610009;"0.004012999";"win32";"216.156.197.160";"bittorrent";1339994977;83747.019367;-1.000000;"d965a30b-55ec-45ea-9e34-6b396fd7235d";28573;"27";"São Paulo";4;6;2012;0;18;"20120618"
"68.40.93.208";"US";-82.582300;42.637600;"AS7922 Comcast Cable Communications, Inc.";"mlab2-iad01";0.027658;1554873.211503;"0.004011999";"win32";"216.156.197.160";"bittorrent";1339994985;433424.630468;-1.000000;"5ddd06da-64ad-444c-b2c0-525541d4d177";7922;"MI";"Algonac";4;6;2012;0;18;"20120618"
"99.255.57.221";"CA";-80.507000;43.461300;"AS812 Rogers Cable Communications Inc.";"mlab2-iad01";0.030303;2932359.546076;"0.004012999";"win32";"216.156.197.160";"bittorrent";1339995009;7980.000871;-1.000000;"e0f34017-e672-4f3e-b193-c196b727112a";812;"ON";"Waterloo";4;6;2012;0;18;"20120618"
"200.193.43.254";"BR";-55.000000;-10.000000;"AS8167 Brasil Telecom S/A - Filial Distrito Federal";"mlab2-iad01";0.163773;649455.987683;"0.004012999";"win32";"216.156.197.160";"speedtest";1339995179;1132778.279250;0.164250;"e07e7f86-2d54-4e03-a044-d3475d794c0b";8167;"";"";4;6;2012;0;18;"20120618"
"177.133.120.42";"BR";-34.933300;-8.350000;"AS18881 Global Village Telecom";"mlab2-iad01";0.105486;547703.796852;"0.004011999";"win32";"216.156.197.160";"speedtest";1339995278;285914.280650;0.112996;"6a35591a-27a2-484e-842b-15ad4f0ef4df";18881;"30";"Santo Agostinho";4;6;2012;0;18;"20120618"
"174.116.188.158";"CA";-79.416700;43.666700;"AS812 Rogers Cable Communications Inc.";"mlab2-iad01";0.349013;328721.750079;"0.004011999";"win32";"216.156.197.160";"speedtest";1339995339;8791.202547;0.425495;"1502ff6e-c49b-4896-8dcd-2ba9d8955e20";812;"ON";"Toronto";4;6;2012;0;18;"20120618"
"24.109.74.40";"CA";-84.333300;46.500000;"AS6327 Shaw Communications Inc.";"mlab2-iad01";0.069783;2985980.509240;"0.004012999";"win32";"216.156.197.160";"speedtest";1339995727;295211.894773;0.073593;"4db83560-1617-40a4-aea0-43a437033d77";6327;"ON";"Sault Sainte Marie";5;6;2012;0;18;"20120618"
"96.55.129.11";"CA";-122.821300;49.136400;"AS6327 Shaw Communications Inc.";"mlab2-iad01";0.101987;452544.616741;"0.004012999";"win32";"216.156.197.160";"speedtest";1339995543;345486.217721;0.095202;"cfc648a7-65e6-466c-96bc-f3440297cd8f";6327;"BC";"Surrey";4;6;2012;0;18;"20120618"
"67.130.216.230";"US";-105.937800;35.687000;"AS209 NOVARTIS-DMZ-US";"mlab2-iad01";0.226677;21822.061393;"0.004012999";"win32";"216.156.197.160";"bittorrent";1339995657;51112.471381;-1.000000;"ee8fe911-f84d-4ab8-b486-dda4c138f932";209;"NM";"Santa Fe";5;6;2012;0;18;"20120618"
"69.196.168.242";"CA";-79.416700;43.666700;"AS5645 TekSavvy Solutions Inc. Toronto";"mlab2-iad01";0.028567;535333.022686;"0.004012999";"win32";"216.156.197.160";"bittorrent";1339995993;45868.628843;-1.000000;"448f19ce-eb05-4c94-bede-c7598765a58a";5645;"ON";"Toronto";5;6;2012;0;18;"20120618"
"177.81.13.233";"BR";-46.665800;-23.473300;"AS28573 Serviços de Comunicação S.A.";"mlab2-iad01";0.197511;73155.586254;"0.004012999";"win32";"216.156.197.160";"speedtest";1339995993;48792.290280;0.189941;"01f13e8b-8792-465d-b299-c94a6ea6831d";28573;"27";"São Paulo";5;6;2012;0;18;"20120618"
"71.206.108.75";"US";-84.525500;42.742200;"AS7922 Comcast Cable Communications, Inc.";"mlab2-iad01";0.065436;258008.487576;"0.004011999";"win32";"216.156.197.160";"bittorrent";1339996187;47502.385460;-1.000000;"ffaa390e-2089-4db5-9b0b-c03d5eed4c9f";7922;"MI";"Lansing";5;6;2012;0;18;"20120618"
"186.32.56.228";"CR";-84.083300;9.933300;"AS262197 Amnet Cable Costa Rica";"mlab2-iad01";0.120389;161333.473042;"0.004012999";"win32";"216.156.197.160";"speedtest";1339996211;58644.061056;0.096089;"225c93a5-53b8-4755-a531-c9fa5f219359";262197;"08";"San José";23;6;2012;6;17;"20120618"
"190.163.109.157";"CL";-70.666700;-33.450000;"AS22047 BANDA ANCHA S.A.";"mlab2-iad01";0.181654;95058.265949;"0.004012999";"win32";"216.156.197.160";"speedtest";1339996210;80077.250199;0.293048;"f5e5e79b-fb36-4391-8311-97964ef12297";22047;"12";"Santiago";1;6;2012;0;18;"20120618"
"201.6.232.83";"BR";-46.665800;-23.473300;"AS28573 Serviços de Comunicação S.A.";"mlab2-iad01";0.142056;800355.281783;"0.004012999";"win32";"216.156.197.160";"speedtest";1339996377;88646.517372;0.141061;"d965a30b-55ec-45ea-9e34-6b396fd7235d";28573;"27";"São Paulo";5;6;2012;0;18;"20120618"
"173.183.65.14";"CA";-122.343400;49.133700;"AS852 TELUS Communications Inc.";"mlab2-iad01";0.421138;86871.634134;"0.004012999";"darwin";"216.156.197.160";"speedtest";1339996387;83089.888634;0.134879;"ce87578f-c38b-457f-ac58-62a6dcdb269f";852;"BC";"Mission";5;6;2012;0;18;"20120618"
"206.188.84.168";"CA";-80.268800;43.574900;"AS11814 DISTRIBUTEL COMMUNICATIONS LTD.";"mlab2-iad01";0.044056;2205904.626433;"0.004011999";"linux2";"216.156.197.160";"bittorrent";1339996427;123988.695803;-1.000000;"08b120a5-3b23-4e37-a868-4a69486e1bbe";11814;"ON";"Guelph";5;6;2012;0;18;"20120618"
"99.255.57.221";"CA";-80.507000;43.461300;"AS812 Rogers Cable Communications Inc.";"mlab2-iad01";0.032703;6180593.209080;"0.004012999";"win32";"216.156.197.160";"speedtest";1339996486;248788.581924;0.032476;"e0f34017-e672-4f3e-b193-c196b727112a";812;"ON";"Waterloo";5;6;2012;0;18;"20120618"
"200.193.43.254";"BR";-55.000000;-10.000000;"AS8167 Brasil Telecom S/A - Filial Distrito Federal";"mlab2-iad01";0.138728;1041602.392558;"0.004012999";"win32";"216.156.197.160";"bittorrent";1339996601;614826.548742;-1.000000;"e07e7f86-2d54-4e03-a044-d3475d794c0b";8167;"";"";5;6;2012;0;18;"20120618"
"201.22.246.133";"BR";-55.000000;-10.000000;"AS18881 Global Village Telecom";"mlab2-iad01";0.157078;458414.974749;"0.004012999";"win32";"216.156.197.160";"speedtest";1339996624;95543.907054;0.160225;"273f7dd8-fb0b-40a3-8c33-745d25c59b22";18881;"";"";5;6;2012;0;18;"20120618"
"177.133.120.42";"BR";-34.933300;-8.350000;"AS18881 Global Village Telecom";"mlab2-iad01";0.105785;1488277.604818;"0.004011999";"win32";"216.156.197.160";"bittorrent";1339996792;322914.801218;-1.000000;"6a35591a-27a2-484e-842b-15ad4f0ef4df";18881;"30";"Santo Agostinho";5;6;2012;0;18;"20120618"
"174.116.188.158";"CA";-79.416700;43.666700;"AS812 Rogers Cable Communications Inc.";"mlab2-iad01";0.530986;134726.658965;"0.004011999";"win32";"216.156.197.160";"bittorrent";1339996909;14886.778382;-1.000000;"1502ff6e-c49b-4896-8dcd-2ba9d8955e20";812;"ON";"Toronto";5;6;2012;0;18;"20120618"
"24.109.74.40";"CA";-84.333300;46.500000;"AS6327 Shaw Communications Inc.";"mlab2-iad01";0.067189;3176134.922340;"0.004012999";"win32";"216.156.197.160";"bittorrent";1339996917;278376.348855;-1.000000;"4db83560-1617-40a4-aea0-43a437033d77";6327;"ON";"Sault Sainte Marie";5;6;2012;0;18;"20120618"
"96.55.129.11";"CA";-122.821300;49.136400;"AS6327 Shaw Communications Inc.";"mlab2-iad01";0.092555;573349.236948;"0.004012999";"win32";"216.156.197.160";"bittorrent";1339997002;366042.601782;-1.000000;"cfc648a7-65e6-466c-96bc-f3440297cd8f";6327;"BC";"Surrey";5;6;2012;0;18;"20120618"
"68.40.185.45";"US";-83.740900;42.277600;"AS7922 Comcast Cable Communications, Inc.";"mlab2-iad01";0.050819;1422807.201253;"0.004012999";"darwin";"216.156.197.160";"bittorrent";1339997117;779596.338847;-1.000000;"f77a7853-1ba8-4219-aa2c-2157b5e89023";7922;"MI";"Ann Arbor";5;6;2012;0;18;"20120618"
"173.160.133.65";"US";-122.449200;47.151100;"AS7922 Comcast Cable Communications, Inc.";"mlab2-iad01";0.101579;368085.441008;"0.004012999";"win32";"216.156.197.160";"speedtest";1339997128;350068.277378;0.102533;"cd29f4ce-ebe9-47c8-8b18-9406a9618ac1";7922;"WA";"Tacoma";5;6;2012;0;18;"20120618"
"71.118.241.200";"US";-118.880000;34.213300;"AS701 MCI Communications Services, Inc. d/b/a Verizon Business";"mlab2-iad01";0.089295;3085318.052498;"0.004012999";"darwin";"216.156.197.160";"bittorrent";1339997281;652912.750628;-1.000000;"6240ede4-4770-4ab9-a1a5-5df49c84c463";701;"CA";"Thousand Oaks";5;6;2012;0;18;"20120618"
"71.187.199.3";"US";-74.216400;40.816200;"AS701 MCI Communications Services, Inc. d/b/a Verizon Business";"mlab2-iad01";0.017178;3530631.807990;"0.004011999";"win32";"216.156.197.160";"speedtest";1339997298;1008274.287970;0.019081;"a9bde20f-2872-443c-8e9b-a2f6f162c91d";701;"NJ";"Montclair";5;6;2012;0;18;"20120618"
"177.81.13.233";"BR";-46.665800;-23.473300;"AS28573 Serviços de Comunicação S.A.";"mlab2-iad01";0.202745;107958.585609;"0.004012999";"win32";"216.156.197.160";"bittorrent";1339997529;73735.643757;-1.000000;"01f13e8b-8792-465d-b299-c94a6ea6831d";28573;"27";"São Paulo";5;6;2012;0;18;"20120618"
"69.196.168.242";"CA";-79.416700;43.666700;"AS5645 TekSavvy Solutions Inc. Toronto";"mlab2-iad01";0.029482;517455.265474;"0.004012999";"win32";"216.156.197.160";"speedtest";1340008419;45751.388763;0.031345;"448f19ce-eb05-4c94-bede-c7598765a58a";5645;"ON";"Toronto";8;6;2012;0;18;"20120618"
"186.32.56.228";"CR";-84.083300;9.933300;"AS262197 Amnet Cable Costa Rica";"mlab2-iad01";0.090441;151729.964051;"0.004012999";"win32";"216.156.197.160";"bittorrent";1339997748;54628.012449;-1.000000;"225c93a5-53b8-4755-a531-c9fa5f219359";262197;"08";"San José";23;6;2012;6;17;"20120618"
"190.163.109.157";"CL";-70.666700;-33.450000;"AS22047 BANDA ANCHA S.A.";"mlab2-iad01";0.178947;432259.830522;"0.004012999";"win32";"216.156.197.160";"bittorrent";1339997799;59279.672765;-1.000000;"f5e5e79b-fb36-4391-8311-97964ef12297";22047;"12";"Santiago";1;6;2012;0;18;"20120618"
"173.183.65.14";"CA";-122.343400;49.133700;"AS852 TELUS Communications Inc.";"mlab2-iad01";0.134547;86788.079270;"0.004012999";"darwin";"216.156.197.160";"bittorrent";1339997939;100521.671559;-1.000000;"ce87578f-c38b-457f-ac58-62a6dcdb269f";852;"BC";"Mission";5;6;2012;0;18;"20120618"
"177.101.99.254";"BR";-55.000000;-10.000000;"AS28343 TPA TELECOMUNICACOES LTDA";"mlab2-iad01";0.176203;727134.418743;"0.004012999";"win32";"216.156.197.160";"speedtest";1339998020;563412.999201;0.177054;"e07e7f86-2d54-4e03-a044-d3475d794c0b";28343;"";"";5;6;2012;0;18;"20120618"
"206.188.84.168";"CA";-80.268800;43.574900;"AS11814 DISTRIBUTEL COMMUNICATIONS LTD.";"mlab2-iad01";0.050013;436898.499606;"0.004011999";"linux2";"216.156.197.160";"speedtest";1339998036;122219.138702;0.056719;"08b120a5-3b23-4e37-a868-4a69486e1bbe";11814;"ON";"Guelph";5;6;2012;0;18;"20120618"
"201.22.246.133";"BR";-55.000000;-10.000000;"AS18881 Global Village Telecom";"mlab2-iad01";0.159381;139793.287630;"0.004012999";"win32";"216.156.197.160";"bittorrent";1339998045;112432.398861;-1.000000;"273f7dd8-fb0b-40a3-8c33-745d25c59b22";18881;"";"";5;6;2012;0;18;"20120618"
"99.255.57.221";"CA";-80.507000;43.461300;"AS812 Rogers Cable Communications Inc.";"mlab2-iad01";0.029434;3792607.750775;"0.004012999";"win32";"216.156.197.160";"bittorrent";1339998055;8949.329387;-1.000000;"e0f34017-e672-4f3e-b193-c196b727112a";812;"ON";"Waterloo";5;6;2012;0;18;"20120618"
"67.168.59.54";"US";-122.668000;48.185500;"AS7922 Comcast Cable Communications, Inc.";"mlab2-iad01";0.095817;1879954.847232;"0.004012999";"win32";"216.156.197.160";"bittorrent";1339998246;716240.453446;-1.000000;"ea22d474-846e-407d-9ebe-cd03ff0d64f4";7922;"WA";"Coupeville";5;6;2012;0;18;"20120618"
"177.133.120.42";"BR";-34.933300;-8.350000;"AS18881 Global Village Telecom";"mlab2-iad01";0.103561;1198027.255630;"0.004011999";"win32";"216.156.197.160";"speedtest";1339998302;269892.414623;0.106101;"6a35591a-27a2-484e-842b-15ad4f0ef4df";18881;"30";"Santo Agostinho";5;6;2012;0;18;"20120618"
"24.109.74.40";"CA";-84.333300;46.500000;"AS6327 Shaw Communications Inc.";"mlab2-iad01";0.137943;2835134.173600;"0.004012999";"win32";"216.156.197.160";"speedtest";1339998518;190389.584407;0.080115;"4db83560-1617-40a4-aea0-43a437033d77";6327;"ON";"Sault Sainte Marie";5;6;2012;0;18;"20120618"
"24.246.9.229";"CA";-75.700000;45.416700;"AS5645 TekSavvy Solutions Inc. Toronto";"mlab2-iad01";0.034428;2253328.217753;"0.004012999";"darwin";"216.156.197.160";"bittorrent";1339998414;47600.190630;-1.000000;"3ca27e85-5058-4cde-a22c-eb606f55de62";5645;"ON";"Ottawa";5;6;2012;0;18;"20120618"
"66.66.21.182";"US";-77.602400;43.185800;"AS11351 Time Warner Cable Internet LLC";"mlab2-iad01";0.062878;3534369.739970;"0.004012999";"win32";"216.156.197.160";"speedtest";1339998438;624332.464414;0.051844;"b4fb3816-21d6-43b3-91fc-aabe40980e90";11351;"NY";"Rochester";5;6;2012;0;18;"20120618"
"174.116.188.158";"CA";-79.416700;43.666700;"AS812 Rogers Cable Communications Inc.";"mlab2-iad01";0.436871;97591.807836;"0.004011999";"win32";"216.156.197.160";"speedtest";1339998442;7541.261427;0.644445;"1502ff6e-c49b-4896-8dcd-2ba9d8955e20";812;"ON";"Toronto";5;6;2012;0;18;"20120618"
"96.55.129.11";"CA";-122.821300;49.136400;"AS6327 Shaw Communications Inc.";"mlab2-iad01";0.098501;277278.312576;"0.004012999";"win32";"216.156.197.160";"speedtest";1339998451;349022.815866;0.101661;"cfc648a7-65e6-466c-96bc-f3440297cd8f";6327;"BC";"Surrey";5;6;2012;0;18;"20120618"
"177.81.13.233";"BR";-46.665800;-23.473300;"AS28573 Serviços de Comunicação S.A.";"mlab2-iad01";0.187571;71738.734347;"0.004012999";"win32";"216.156.197.160";"speedtest";1339999013;45991.617656;0.196046;"01f13e8b-8792-465d-b299-c94a6ea6831d";28573;"27";"São Paulo";5;6;2012;0;18;"20120618"
"186.32.56.228";"CR";-84.083300;9.933300;"AS262197 Amnet Cable Costa Rica";"mlab2-iad01";0.108935;197456.596017;"0.004012999";"win32";"216.156.197.160";"speedtest";1339999286;59212.603302;0.093737;"225c93a5-53b8-4755-a531-c9fa5f219359";262197;"08";"San José";0;6;2012;0;18;"20120618"
"190.163.109.157";"CL";-70.666700;-33.450000;"AS22047 BANDA ANCHA S.A.";"mlab2-iad01";0.312294;115928.306564;"0.004012999";"win32";"216.156.197.160";"speedtest";1339999381;44737.511242;0.255417;"f5e5e79b-fb36-4391-8311-97964ef12297";22047;"12";"Santiago";2;6;2012;0;18;"20120618"
"200.193.43.254";"BR";-55.000000;-10.000000;"AS8167 Brasil Telecom S/A - Filial Distrito Federal";"mlab2-iad01";0.156999;1043095.131169;"0.004012999";"win32";"216.156.197.160";"bittorrent";1339999434;910408.856160;-1.000000;"e07e7f86-2d54-4e03-a044-d3475d794c0b";8167;"";"";6;6;2012;0;18;"20120618"
"201.22.246.133";"BR";-55.000000;-10.000000;"AS18881 Global Village Telecom";"mlab2-iad01";0.160163;423184.776414;"0.004012999";"win32";"216.156.197.160";"speedtest";1339999460;68426.093044;0.163781;"273f7dd8-fb0b-40a3-8c33-745d25c59b22";18881;"";"";6;6;2012;0;18;"20120618"
"173.183.65.14";"CA";-122.343400;49.133700;"AS852 TELUS Communications Inc.";"mlab2-iad01";0.131091;520491.856212;"0.004012999";"darwin";"216.156.197.160";"speedtest";1339999488;91193.013669;0.123735;"ce87578f-c38b-457f-ac58-62a6dcdb269f";852;"BC";"Mission";6;6;2012;0;18;"20120618"
"99.255.57.221";"CA";-80.507000;43.461300;"AS812 Rogers Cable Communications Inc.";"mlab2-iad01";0.030329;6417227.057900;"0.004012999";"win32";"216.156.197.160";"speedtest";1339999532;249790.130305;0.032228;"e0f34017-e672-4f3e-b193-c196b727112a";812;"ON";"Waterloo";6;6;2012;0;18;"20120618"
"206.188.84.168";"CA";-80.268800;43.574900;"AS11814 DISTRIBUTEL COMMUNICATIONS LTD.";"mlab2-iad01";0.055240;1889837.863959;"0.004011999";"linux2";"216.156.197.160";"bittorrent";1339999642;121838.594795;-1.000000;"08b120a5-3b23-4e37-a868-4a69486e1bbe";11814;"ON";"Guelph";6;6;2012;0;18;"20120618"
"24.109.74.40";"CA";-84.333300;46.500000;"AS6327 Shaw Communications Inc.";"mlab2-iad01";0.076763;3311087.260617;"0.004012999";"win32";"216.156.197.160";"bittorrent";1339999705;342971.904914;-1.000000;"4db83560-1617-40a4-aea0-43a437033d77";6327;"ON";"Sault Sainte Marie";6;6;2012;0;18;"20120618"
"177.133.120.42";"BR";-34.933300;-8.350000;"AS18881 Global Village Telecom";"mlab2-iad01";0.103723;1031631.767853;"0.004011999";"win32";"216.156.197.160";"bittorrent";1339999817;298249.500448;-1.000000;"6a35591a-27a2-484e-842b-15ad4f0ef4df";18881;"30";"Santo Agostinho";6;6;2012;0;18;"20120618"
"24.246.9.229";"CA";-75.700000;45.416700;"AS5645 TekSavvy Solutions Inc. Toronto";"mlab2-iad01";0.034036;4115202.620470;"0.004012999";"darwin";"216.156.197.160";"speedtest";1340000020;55110.889619;0.038896;"3ca27e85-5058-4cde-a22c-eb606f55de62";5645;"ON";"Ottawa";6;6;2012;0;18;"20120618"
"174.116.188.158";"CA";-79.416700;43.666700;"AS812 Rogers Cable Communications Inc.";"mlab2-iad01";0.440284;79966.797559;"0.004011999";"win32";"216.156.197.160";"bittorrent";1340000041;6861.569114;-1.000000;"1502ff6e-c49b-4896-8dcd-2ba9d8955e20";812;"ON";"Toronto";6;6;2012;0;18;"20120618"
"177.81.13.233";"BR";-46.665800;-23.473300;"AS28573 Serviços de Comunicação S.A.";"mlab2-iad01";0.185712;118363.225881;"0.004012999";"win32";"216.156.197.160";"bittorrent";1340000518;67505.822381;-1.000000;"01f13e8b-8792-465d-b299-c94a6ea6831d";28573;"27";"São Paulo";6;6;2012;0;18;"20120618"
"76.169.71.176";"US";-118.273400;33.963800;"AS20001 Time Warner Cable Internet LLC";"mlab2-iad01";0.090486;901058.356232;"0.004011999";"win32";"216.156.197.160";"speedtest";1340000647;118322.074211;0.089332;"2f0c137b-7982-4d9c-b50a-c362f2d810e0";20001;"CA";"Los Angeles";6;6;2012;0;18;"20120618"
"71.206.108.75";"US";-84.525500;42.742200;"AS7922 Comcast Cable Communications, Inc.";"mlab2-iad01";0.158728;44468.228900;"0.004011999";"win32";"216.156.197.160";"speedtest";1340000766;14879.648012;0.233563;"ffaa390e-2089-4db5-9b0b-c03d5eed4c9f";7922;"MI";"Lansing";6;6;2012;0;18;"20120618"
"186.32.56.228";"CR";-84.083300;9.933300;"AS262197 Amnet Cable Costa Rica";"mlab2-iad01";0.089563;220220.449502;"0.004012999";"win32";"216.156.197.160";"bittorrent";1340000819;51066.830878;-1.000000;"225c93a5-53b8-4755-a531-c9fa5f219359";262197;"08";"San José";0;6;2012;0;18;"20120618"
"200.193.43.254";"BR";-55.000000;-10.000000;"AS8167 Brasil Telecom S/A - Filial Distrito Federal";"mlab2-iad01";0.154436;855436.623294;"0.004012999";"win32";"216.156.197.160";"speedtest";1340000846;872493.503973;0.156132;"e07e7f86-2d54-4e03-a044-d3475d794c0b";8167;"";"";6;6;2012;0;18;"20120618"
"173.20.36.131";"US";-91.455800;40.452000;"AS30036 Mediacom Communications Corp";"mlab2-iad01";0.055122;730212.796869;"0.004012999";"win32";"216.156.197.160";"bittorrent";1340000928;177898.571628;-1.000000;"6b87ac46-1206-4d9c-afa5-d5cab4a872d6";30036;"IA";"Keokuk";6;6;2012;0;18;"20120618"
"190.163.109.157";"CL";-70.666700;-33.450000;"AS22047 BANDA ANCHA S.A.";"mlab2-iad01";0.404952;446563.265436;"0.004012999";"win32";"216.156.197.160";"bittorrent";1340000971;46593.221161;-1.000000;"f5e5e79b-fb36-4391-8311-97964ef12297";22047;"12";"Santiago";2;6;2012;0;18;"20120618"
"173.183.65.14";"CA";-122.343400;49.133700;"AS852 TELUS Communications Inc.";"mlab2-iad01";0.106059;695019.046015;"0.004012999";"darwin";"216.156.197.160";"bittorrent";1340001042;100414.221652;-1.000000;"ce87578f-c38b-457f-ac58-62a6dcdb269f";852;"BC";"Mission";6;6;2012;0;18;"20120618"
"24.109.74.40";"CA";-84.333300;46.500000;"AS6327 Shaw Communications Inc.";"mlab2-iad01";0.075209;2656901.739090;"0.004012999";"win32";"216.156.197.160";"speedtest";1340001304;229252.358753;0.083910;"4db83560-1617-40a4-aea0-43a437033d77";6327;"ON";"Sault Sainte Marie";6;6;2012;0;18;"20120618"
"99.255.57.221";"CA";-80.507000;43.461300;"AS812 Rogers Cable Communications Inc.";"mlab2-iad01";0.030015;5239793.814895;"0.004012999";"win32";"216.156.197.160";"bittorrent";1340001102;9277.749386;-1.000000;"e0f34017-e672-4f3e-b193-c196b727112a";812;"ON";"Waterloo";6;6;2012;0;18;"20120618"
"206.188.84.168";"CA";-80.268800;43.574900;"AS11814 DISTRIBUTEL COMMUNICATIONS LTD.";"mlab2-iad01";0.049558;1123327.603980;"0.004011999";"linux2";"216.156.197.160";"speedtest";1340001250;122226.805838;0.053834;"08b120a5-3b23-4e37-a868-4a69486e1bbe";11814;"ON";"Guelph";6;6;2012;0;18;"20120618"
"177.133.120.42";"BR";-34.933300;-8.350000;"AS18881 Global Village Telecom";"mlab2-iad01";0.106980;1318139.791140;"0.004011999";"win32";"216.156.197.160";"speedtest";1340001325;259521.195064;0.106338;"6a35591a-27a2-484e-842b-15ad4f0ef4df";18881;"30";"Santo Agostinho";6;6;2012;0;18;"20120618"
"174.116.188.158";"CA";-79.416700;43.666700;"AS812 Rogers Cable Communications Inc.";"mlab2-iad01";0.285346;110493.856351;"0.004011999";"win32";"216.156.197.160";"speedtest";1340001566;7149.612764;0.337833;"1502ff6e-c49b-4896-8dcd-2ba9d8955e20";812;"ON";"Toronto";6;6;2012;0;18;"20120618"
"24.246.9.229";"CA";-75.700000;45.416700;"AS5645 TekSavvy Solutions Inc. Toronto";"mlab2-iad01";0.035083;2357360.961777;"0.004012999";"darwin";"216.156.197.160";"bittorrent";1340001641;47951.682666;-1.000000;"3ca27e85-5058-4cde-a22c-eb606f55de62";5645;"ON";"Ottawa";6;6;2012;0;18;"20120618"
"177.81.13.233";"BR";-46.665800;-23.473300;"AS28573 Serviços de Comunicação S.A.";"mlab2-iad01";0.135062;559798.996292;"0.004012999";"win32";"216.156.197.160";"speedtest";1340002002;57407.433369;0.139943;"01f13e8b-8792-465d-b299-c94a6ea6831d";28573;"27";"São Paulo";6;6;2012;0;18;"20120618"
"189.26.124.130";"BR";-55.000000;-10.000000;"AS18881 Global Village Telecom";"mlab2-iad01";0.154458;1653776.278475;"0.004012999";"win32";"216.156.197.160";"bittorrent";1340002260;941266.108245;-1.000000;"e07e7f86-2d54-4e03-a044-d3475d794c0b";18881;"";"";6;6;2012;0;18;"20120618"
"186.32.56.228";"CR";-84.083300;9.933300;"AS262197 Amnet Cable Costa Rica";"mlab2-iad01";0.093633;219595.967487;"0.004012999";"win32";"216.156.197.160";"speedtest";1340002358;59290.837513;0.092630;"225c93a5-53b8-4755-a531-c9fa5f219359";262197;"08";"San José";0;6;2012;0;18;"20120618"
"24.109.74.40";"CA";-84.333300;46.500000;"AS6327 Shaw Communications Inc.";"mlab2-iad01";0.084818;3603390.158015;"0.004012999";"win32";"216.156.197.160";"bittorrent";1340002492;356450.086035;-1.000000;"4db83560-1617-40a4-aea0-43a437033d77";6327;"ON";"Sault Sainte Marie";6;6;2012;0;18;"20120618"
"190.163.109.157";"CL";-70.666700;-33.450000;"AS22047 BANDA ANCHA S.A.";"mlab2-iad01";0.180389;143688.531673;"0.004012999";"win32";"216.156.197.160";"speedtest";1340002547;53699.028789;0.182580;"f5e5e79b-fb36-4391-8311-97964ef12297";22047;"12";"Santiago";2;6;2012;0;18;"20120618"
"173.183.65.14";"CA";-122.343400;49.133700;"AS852 TELUS Communications Inc.";"mlab2-iad01";0.105443;564520.174883;"0.004012999";"darwin";"216.156.197.160";"speedtest";1340002586;94787.484796;0.112819;"ce87578f-c38b-457f-ac58-62a6dcdb269f";852;"BC";"Mission";6;6;2012;0;18;"20120618"
"99.255.57.221";"CA";-80.507000;43.461300;"AS812 Rogers Cable Communications Inc.";"mlab2-iad01";0.032091;6420147.474820;"0.004012999";"win32";"216.156.197.160";"speedtest";1340002582;167058.386744;0.031954;"e0f34017-e672-4f3e-b193-c196b727112a";812;"ON";"Waterloo";6;6;2012;0;18;"20120618"
"177.133.120.42";"BR";-34.933300;-8.350000;"AS18881 Global Village Telecom";"mlab2-iad01";0.103854;1691860.765506;"0.004011999";"win32";"216.156.197.160";"bittorrent";1340002836;274119.515772;-1.000000;"6a35591a-27a2-484e-842b-15ad4f0ef4df";18881;"30";"Santo Agostinho";7;6;2012;0;18;"20120618"
"206.188.84.168";"CA";-80.268800;43.574900;"AS11814 DISTRIBUTEL COMMUNICATIONS LTD.";"mlab2-iad01";0.042575;2667884.272051;"0.004011999";"linux2";"216.156.197.160";"bittorrent";1340002854;122820.576015;-1.000000;"08b120a5-3b23-4e37-a868-4a69486e1bbe";11814;"ON";"Guelph";7;6;2012;0;18;"20120618"
"132.161.219.98";"US";-92.717600;41.721700;"AS22949 Grinnell College";"mlab2-iad01";0.070084;1017129.823200;"0.004012999";"win32";"216.156.197.160";"speedtest";1340003013;538462.514070;0.071027;"de23301c-c09c-4e47-aa2b-90a625720856";22949;"IA";"Grinnell";7;6;2012;0;18;"20120618"
"209.155.86.74";"US";-77.426000;43.100500;"AS1785 PaeTec Communications, Inc.";"mlab2-iad01";0.019222;356172.127458;"0.004012999";"win32";"216.156.197.160";"speedtest";1340003166;60367.511839;0.020416;"4841c017-4566-4afc-a805-ba458ccb2be1";1785;"NY";"Fairport";7;6;2012;0;18;"20120618"
"174.116.188.158";"CA";-79.416700;43.666700;"AS812 Rogers Cable Communications Inc.";"mlab2-iad01";0.335337;34505.529823;"0.004011999";"win32";"216.156.197.160";"bittorrent";1340003169;2758.878983;-1.000000;"1502ff6e-c49b-4896-8dcd-2ba9d8955e20";812;"ON";"Toronto";7;6;2012;0;18;"20120618"
"184.177.72.227";"US";-97.000000;38.000000;"AS22773 Cox Communications Inc.";"mlab2-iad01";0.075822;635158.830463;"0.004012999";"win32";"216.156.197.160";"speedtest";1340003236;603673.364462;0.076660;"e9aa2936-1c50-4b9d-89e4-2daad232b753";22773;"";"";7;6;2012;0;18;"20120618"
"24.246.9.229";"CA";-75.700000;45.416700;"AS5645 TekSavvy Solutions Inc. Toronto";"mlab2-iad01";0.037206;4074063.289530;"0.004012999";"darwin";"216.156.197.160";"speedtest";1340003248;55601.439778;0.039241;"3ca27e85-5058-4cde-a22c-eb606f55de62";5645;"ON";"Ottawa";7;6;2012;0;18;"20120618"
"177.81.13.233";"BR";-46.665800;-23.473300;"AS28573 Serviços de Comunicação S.A.";"mlab2-iad01";0.133943;711057.621145;"0.004012999";"win32";"216.156.197.160";"bittorrent";1340003499;87005.906819;-1.000000;"01f13e8b-8792-465d-b299-c94a6ea6831d";28573;"27";"São Paulo";7;6;2012;0;18;"20120618"
"24.22.135.177";"US";-122.332100;47.606200;"AS7922 Comcast Cable Communications, Inc.";"mlab2-iad01";0.095182;2572694.543750;"0.004012999";"linux2";"216.156.197.160";"speedtest";1340003545;425788.496871;0.096036;"04cea472-6610-42db-acd2-c644a3d4447f";7922;"WA";"Seattle";7;6;2012;0;18;"20120618"
"200.193.43.254";"BR";-55.000000;-10.000000;"AS8167 Brasil Telecom S/A - Filial Distrito Federal";"mlab2-iad01";0.153391;994929.817852;"0.004012999";"win32";"216.156.197.160";"speedtest";1340003673;879737.669953;0.155668;"e07e7f86-2d54-4e03-a044-d3475d794c0b";8167;"";"";7;6;2012;0;18;"20120618"
"186.32.56.228";"CR";-84.083300;9.933300;"AS262197 Amnet Cable Costa Rica";"mlab2-iad01";0.089740;237901.267665;"0.004012999";"win32";"216.156.197.160";"bittorrent";1340003892;59232.402475;-1.000000;"225c93a5-53b8-4755-a531-c9fa5f219359";262197;"08";"San José";1;6;2012;0;18;"20120618"
"24.109.74.40";"CA";-84.333300;46.500000;"AS6327 Shaw Communications Inc.";"mlab2-iad01";0.071087;2721048.501750;"0.004012999";"win32";"216.156.197.160";"speedtest";1340004098;84482.355972;0.100614;"4db83560-1617-40a4-aea0-43a437033d77";6327;"ON";"Sault Sainte Marie";7;6;2012;0;18;"20120618"
"173.183.65.14";"CA";-122.343400;49.133700;"AS852 TELUS Communications Inc.";"mlab2-iad01";0.104509;711245.785163;"0.004012999";"darwin";"216.156.197.160";"bittorrent";1340004135;99125.706202;-1.000000;"ce87578f-c38b-457f-ac58-62a6dcdb269f";852;"BC";"Mission";7;6;2012;0;18;"20120618"
"190.163.109.157";"CL";-70.666700;-33.450000;"AS22047 BANDA ANCHA S.A.";"mlab2-iad01";0.183756;548669.368374;"0.004012999";"win32";"216.156.197.160";"bittorrent";1340004138;65356.350598;-1.000000;"f5e5e79b-fb36-4391-8311-97964ef12297";22047;"12";"Santiago";3;6;2012;0;18;"20120618"
"98.207.87.80";"US";-122.299100;37.409600;"AS7922 Comcast Cable Communications, Inc.";"mlab2-iad01";0.126437;2978889.517822;"0.004012999";"darwin";"216.156.197.160";"bittorrent";1340004145;255205.928860;-1.000000;"0f7d671c-779f-4f63-8f54-ca28fcc35fd6";7922;"CA";"Redwood City";7;6;2012;0;18;"20120618"
"99.255.57.221";"CA";-80.507000;43.461300;"AS812 Rogers Cable Communications Inc.";"mlab2-iad01";0.029202;3175701.245059;"0.004012999";"win32";"216.156.197.160";"bittorrent";1340004151;9184.661208;-1.000000;"e0f34017-e672-4f3e-b193-c196b727112a";812;"ON";"Waterloo";7;6;2012;0;18;"20120618"
"177.133.120.42";"BR";-34.933300;-8.350000;"AS18881 Global Village Telecom";"mlab2-iad01";0.104196;1332512.604330;"0.004011999";"win32";"216.156.197.160";"speedtest";1340004344;240239.124730;0.110365;"6a35591a-27a2-484e-842b-15ad4f0ef4df";18881;"30";"Santo Agostinho";7;6;2012;0;18;"20120618"
"206.188.84.168";"CA";-80.268800;43.574900;"AS11814 DISTRIBUTEL COMMUNICATIONS LTD.";"mlab2-iad01";0.049852;314591.168504;"0.004011999";"linux2";"216.156.197.160";"speedtest";1340004470;120846.204808;0.047655;"08b120a5-3b23-4e37-a868-4a69486e1bbe";11814;"ON";"Guelph";7;6;2012;0;18;"20120618"
"184.163.16.5";"CA";-73.846600;45.648800;"AS5769 Videotron Telecom Ltee";"mlab2-iad01";0.051286;1220879.203920;"0.004012999";"darwin";"216.156.197.160";"speedtest";1340004543;259253.083887;0.053081;"28117871-2c97-46f4-8f0f-9bcfeadac357";5769;"QC";"Blainville";7;6;2012;0;18;"20120618"
"174.116.188.158";"CA";-79.416700;43.666700;"AS812 Rogers Cable Communications Inc.";"mlab2-iad01";9.180918;37703.136019;"0.004011999";"win32";"216.156.197.160";"speedtest";1340004710;3821.881386;0.535095;"1502ff6e-c49b-4896-8dcd-2ba9d8955e20";812;"ON";"Toronto";7;6;2012;0;18;"20120618"
"24.246.9.229";"CA";-75.700000;45.416700;"AS5645 TekSavvy Solutions Inc. Toronto";"mlab2-iad01";0.036652;2575586.419607;"0.004012999";"darwin";"216.156.197.160";"bittorrent";1340004868;49204.643100;-1.000000;"3ca27e85-5058-4cde-a22c-eb606f55de62";5645;"ON";"Ottawa";7;6;2012;0;18;"20120618"
"177.81.13.233";"BR";-46.665800;-23.473300;"AS28573 Serviços de Comunicação S.A.";"mlab2-iad01";0.134754;556705.455814;"0.004012999";"win32";"216.156.197.160";"speedtest";1340004981;56128.974527;0.139946;"01f13e8b-8792-465d-b299-c94a6ea6831d";28573;"27";"São Paulo";7;6;2012;0;18;"20120618"
"200.193.43.254";"BR";-55.000000;-10.000000;"AS8167 Brasil Telecom S/A - Filial Distrito Federal";"mlab2-iad01";0.177960;787550.943229;"0.004012999";"win32";"216.156.197.160";"bittorrent";1340005098;595939.565748;-1.000000;"e07e7f86-2d54-4e03-a044-d3475d794c0b";8167;"";"";7;6;2012;0;18;"20120618"
"71.192.154.157";"US";-71.051200;42.406300;"AS7922 Comcast Cable Communications, Inc.";"mlab2-iad01";0.044377;437153.421816;"0.004012999";"darwin";"216.156.197.160";"speedtest";1340005244;438716.972081;0.050105;"65fb0ed5-8aab-4ca3-973b-6f6abd2e24d4";7922;"MA";"Everett";7;6;2012;0;18;"20120618"
"24.109.74.40";"CA";-84.333300;46.500000;"AS6327 Shaw Communications Inc.";"mlab2-iad01";0.064363;3365377.582600;"0.004012999";"win32";"216.156.197.160";"bittorrent";1340005307;90557.141734;-1.000000;"4db83560-1617-40a4-aea0-43a437033d77";6327;"ON";"Sault Sainte Marie";7;6;2012;0;18;"20120618"
"186.32.56.228";"CR";-84.083300;9.933300;"AS262197 Amnet Cable Costa Rica";"mlab2-iad01";0.089505;197912.759163;"0.004012999";"win32";"216.156.197.160";"speedtest";1340005431;59344.118583;0.090673;"225c93a5-53b8-4755-a531-c9fa5f219359";262197;"08";"San José";1;6;2012;0;18;"20120618"
"99.255.57.221";"CA";-80.507000;43.461300;"AS812 Rogers Cable Communications Inc.";"mlab2-iad01";0.030140;6488086.907910;"0.004012999";"win32";"216.156.197.160";"speedtest";1340005626;248656.444361;0.031709;"e0f34017-e672-4f3e-b193-c196b727112a";812;"ON";"Waterloo";7;6;2012;0;18;"20120618"
"173.183.65.14";"CA";-122.343400;49.133700;"AS852 TELUS Communications Inc.";"mlab2-iad01";0.103421;599497.016088;"0.004012999";"darwin";"216.156.197.160";"speedtest";1340005680;86342.668922;0.193564;"ce87578f-c38b-457f-ac58-62a6dcdb269f";852;"BC";"Mission";7;6;2012;0;18;"20120618"
"190.163.109.157";"CL";-70.666700;-33.450000;"AS22047 BANDA ANCHA S.A.";"mlab2-iad01";0.182962;134375.248660;"0.004012999";"win32";"216.156.197.160";"speedtest";1340005715;65333.984776;0.186941;"f5e5e79b-fb36-4391-8311-97964ef12297";22047;"12";"Santiago";3;6;2012;0;18;"20120618"
"132.161.219.98";"US";-92.717600;41.721700;"AS22949 Grinnell College";"mlab2-iad01";0.069388;859331.371445;"0.004012999";"win32";"216.156.197.160";"speedtest";1340005856;625778.910770;0.070653;"de23301c-c09c-4e47-aa2b-90a625720856";22949;"IA";"Grinnell";7;6;2012;0;18;"20120618"
"177.133.120.42";"BR";-34.933300;-8.350000;"AS18881 Global Village Telecom";"mlab2-iad01";0.106265;1727199.070463;"0.004011999";"win32";"216.156.197.160";"bittorrent";1340005856;276793.145664;-1.000000;"6a35591a-27a2-484e-842b-15ad4f0ef4df";18881;"30";"Santo Agostinho";7;6;2012;0;18;"20120618"
"206.188.84.168";"CA";-80.268800;43.574900;"AS11814 DISTRIBUTEL COMMUNICATIONS LTD.";"mlab2-iad01";0.045078;2183794.468685;"0.004011999";"linux2";"216.156.197.160";"bittorrent";1340006077;119594.469873;-1.000000;"08b120a5-3b23-4e37-a868-4a69486e1bbe";11814;"ON";"Guelph";7;6;2012;0;18;"20120618"
"174.116.188.158";"CA";-79.416700;43.666700;"AS812 Rogers Cable Communications Inc.";"mlab2-iad01";0.424200;107744.228221;"0.004011999";"win32";"216.156.197.160";"bittorrent";1340006308;9691.826579;-1.000000;"1502ff6e-c49b-4896-8dcd-2ba9d8955e20";812;"ON";"Toronto";7;6;2012;0;18;"20120618"
"71.237.28.39";"US";-104.984700;39.739200;"AS7922 Comcast Cable Communications, Inc.";"mlab2-iad01";0.064761;957583.838883;"0.004012999";"darwin";"216.156.197.160";"bittorrent";1340006410;473157.873832;-1.000000;"95e96326-78fe-4507-8b06-f60611a1b7ad";7922;"CO";"Denver";8;6;2012;0;18;"20120618"
"108.0.16.252";"US";-118.142300;33.771100;"AS701 MCI Communications Services, Inc. d/b/a Verizon Business";"mlab2-iad01";0.082383;1589746.700860;"0.004012999";"darwin";"216.156.197.160";"speedtest";1340006419;613457.183200;0.085407;"b13eed9c-7499-4364-89ba-e85068191268";701;"CA";"Long Beach";8;6;2012;0;18;"20120618"
"177.81.13.233";"BR";-46.665800;-23.473300;"AS28573 Serviços de Comunicação S.A.";"mlab2-iad01";0.133750;800374.491171;"0.004012999";"win32";"216.156.197.160";"bittorrent";1340006472;92189.451590;-1.000000;"01f13e8b-8792-465d-b299-c94a6ea6831d";28573;"27";"São Paulo";8;6;2012;0;18;"20120618"
"24.246.9.229";"CA";-75.700000;45.416700;"AS5645 TekSavvy Solutions Inc. Toronto";"mlab2-iad01";0.033513;3966816.008570;"0.004012999";"darwin";"216.156.197.160";"speedtest";1340006476;55558.540668;0.037949;"3ca27e85-5058-4cde-a22c-eb606f55de62";5645;"ON";"Ottawa";8;6;2012;0;18;"20120618"
"177.101.99.254";"BR";-55.000000;-10.000000;"AS28343 TPA TELECOMUNICACOES LTDA";"mlab2-iad01";0.175597;967752.646448;"0.004012999";"win32";"216.156.197.160";"speedtest";1340006515;542953.570673;0.176710;"e07e7f86-2d54-4e03-a044-d3475d794c0b";28343;"";"";8;6;2012;0;18;"20120618"
"24.109.74.40";"CA";-84.333300;46.500000;"AS6327 Shaw Communications Inc.";"mlab2-iad01";0.069109;2955551.389520;"0.004012999";"win32";"216.156.197.160";"speedtest";1340006905;326117.366679;0.068491;"4db83560-1617-40a4-aea0-43a437033d77";6327;"ON";"Sault Sainte Marie";8;6;2012;0;18;"20120618"
"70.113.90.176";"US";-97.722700;30.310600;"AS11427 Time Warner Cable Internet LLC";"mlab2-iad01";0.070092;1714742.560940;"0.004012999";"win32";"216.156.197.160";"speedtest";1340006908;224594.089684;0.061354;"f957f544-b6fe-4e0c-b05d-e4a409241054";11427;"TX";"Austin";8;6;2012;0;18;"20120618"
"98.22.138.166";"US";-95.790800;36.052600;"AS7029 Windstream Communications Inc";"mlab2-iad01";0.070168;344579.936320;"0.004012999";"win32";"216.156.197.160";"speedtest";1340006937;79805.157947;0.065728;"eb27082c-e25b-4239-869e-8ba23d438a17";7029;"OK";"Broken Arrow";8;6;2012;0;18;"20120618"
"186.32.56.228";"CR";-84.083300;9.933300;"AS262197 Amnet Cable Costa Rica";"mlab2-iad01";0.091021;226901.021022;"0.004012999";"win32";"216.156.197.160";"bittorrent";1340006967;55185.509087;-1.000000;"225c93a5-53b8-4755-a531-c9fa5f219359";262197;"08";"San José";2;6;2012;0;18;"20120618"
"71.58.226.44";"US";-75.961500;41.249000;"AS7922 Comcast Cable Communications, Inc.";"mlab2-iad01";0.044562;4249345.292183;"0.004012999";"win32";"216.156.197.160";"bittorrent";1340007041;775537.433222;-1.000000;"fb6cc5ca-37c3-44c5-8176-4a40a17f217a";7922;"PA";"Plymouth";8;6;2012;0;18;"20120618"
"99.255.57.221";"CA";-80.507000;43.461300;"AS812 Rogers Cable Communications Inc.";"mlab2-iad01";0.028437;4511815.016536;"0.004012999";"win32";"216.156.197.160";"bittorrent";1340007197;8344.613102;-1.000000;"e0f34017-e672-4f3e-b193-c196b727112a";812;"ON";"Waterloo";8;6;2012;0;18;"20120618"
"173.183.65.14";"CA";-122.343400;49.133700;"AS852 TELUS Communications Inc.";"mlab2-iad01";0.104916;709346.905439;"0.004012999";"darwin";"216.156.197.160";"bittorrent";1340007230;99398.444541;-1.000000;"ce87578f-c38b-457f-ac58-62a6dcdb269f";852;"BC";"Mission";8;6;2012;0;18;"20120618"
"190.163.109.157";"CL";-70.666700;-33.450000;"AS22047 BANDA ANCHA S.A.";"mlab2-iad01";0.263168;473144.545273;"0.004012999";"win32";"216.156.197.160";"bittorrent";1340007304;65407.751647;-1.000000;"f5e5e79b-fb36-4391-8311-97964ef12297";22047;"12";"Santiago";4;6;2012;0;18;"20120618"
"177.133.120.42";"BR";-34.933300;-8.350000;"AS18881 Global Village Telecom";"mlab2-iad01";0.104330;1250846.065400;"0.004011999";"win32";"216.156.197.160";"speedtest";1340007364;219738.852731;0.107448;"6a35591a-27a2-484e-842b-15ad4f0ef4df";18881;"30";"Santo Agostinho";8;6;2012;0;18;"20120618"
"208.57.38.36";"US";-117.164900;32.807200;"AS14265 Telepacific Communications";"mlab2-iad01";0.091101;165108.852537;"0.004011999";"linux2";"216.156.197.160";"speedtest";1340007452;175376.975862;0.099941;"71bb2b47-414f-414d-b8ff-f1237c21f432";14265;"CA";"San Diego";8;6;2012;0;18;"20120618"
"206.188.84.168";"CA";-80.268800;43.574900;"AS11814 DISTRIBUTEL COMMUNICATIONS LTD.";"mlab2-iad01";0.042594;1294073.199950;"0.004011999";"linux2";"216.156.197.160";"speedtest";1340007689;122531.257735;0.051080;"08b120a5-3b23-4e37-a868-4a69486e1bbe";11814;"ON";"Guelph";8;6;2012;0;18;"20120618"
"174.116.188.158";"CA";-79.416700;43.666700;"AS812 Rogers Cable Communications Inc.";"mlab2-iad01";3.253896;60141.263500;"0.004011999";"win32";"216.156.197.160";"speedtest";1340007823;6293.862219;0.313524;"1502ff6e-c49b-4896-8dcd-2ba9d8955e20";812;"ON";"Toronto";8;6;2012;0;18;"20120618"
"200.193.43.254";"BR";-55.000000;-10.000000;"AS8167 Brasil Telecom S/A - Filial Distrito Federal";"mlab2-iad01";0.174835;1143128.439979;"0.004012999";"win32";"216.156.197.160";"bittorrent";1340007933;398289.112082;-1.000000;"e07e7f86-2d54-4e03-a044-d3475d794c0b";8167;"";"";8;6;2012;0;18;"20120618"
"177.81.13.233";"BR";-46.665800;-23.473300;"AS28573 Serviços de Comunicação S.A.";"mlab2-iad01";0.134388;584424.901115;"0.004012999";"win32";"216.156.197.160";"speedtest";1340007954;54498.989133;0.139163;"01f13e8b-8792-465d-b299-c94a6ea6831d";28573;"27";"São Paulo";8;6;2012;0;18;"20120618"
"69.143.19.17";"US";-77.104300;38.881000;"AS7922 Comcast Cable Communications, Inc.";"mlab2-iad01";0.014632;3088191.601830;"0.004012999";"darwin";"216.156.197.160";"speedtest";1340008096;519344.311066;0.017141;"9b4267aa-e8b7-40bb-a139-5ad1187a6f5d";7922;"VA";"Arlington";8;6;2012;0;18;"20120618"
"24.246.9.229";"CA";-75.700000;45.416700;"AS5645 TekSavvy Solutions Inc. Toronto";"mlab2-iad01";0.034605;2396200.299674;"0.004012999";"darwin";"216.156.197.160";"bittorrent";1340008096;49862.202801;-1.000000;"3ca27e85-5058-4cde-a22c-eb606f55de62";5645;"ON";"Ottawa";8;6;2012;0;18;"20120618"
"24.109.74.40";"CA";-84.333300;46.500000;"AS6327 Shaw Communications Inc.";"mlab2-iad01";0.068969;2318089.611494;"0.004012999";"win32";"216.156.197.160";"bittorrent";1340008098;362481.469639;-1.000000;"4db83560-1617-40a4-aea0-43a437033d77";6327;"ON";"Sault Sainte Marie";8;6;2012;0;18;"20120618"
"98.22.138.166";"US";-95.790800;36.052600;"AS7029 Windstream Communications Inc";"mlab2-iad01";0.061548;382763.931658;"0.004012999";"win32";"216.156.197.160";"bittorrent";1340008405;80351.162624;-1.000000;"eb27082c-e25b-4239-869e-8ba23d438a17";7029;"OK";"Broken Arrow";8;6;2012;0;18;"20120618"
"186.32.56.228";"CR";-84.083300;9.933300;"AS262197 Amnet Cable Costa Rica";"mlab2-iad01";0.237435;145535.801820;"0.004012999";"win32";"216.156.197.160";"speedtest";1340008508;55373.858697;0.106901;"225c93a5-53b8-4755-a531-c9fa5f219359";262197;"08";"San José";2;6;2012;0;18;"20120618"
"98.251.77.68";"US";-83.949600;33.512000;"AS7922 Comcast Cable Communications, Inc.";"mlab2-iad01";0.028690;3175383.103849;"0.004011999";"win32";"216.156.197.160";"bittorrent";1340008568;500876.940533;-1.000000;"cbfab653-aed3-47c3-b7d0-e4159cab6582";7922;"GA";"Covington";8;6;2012;0;18;"20120618"
"99.255.57.221";"CA";-80.507000;43.461300;"AS812 Rogers Cable Communications Inc.";"mlab2-iad01";0.030235;6560934.334110;"0.004012999";"win32";"216.156.197.160";"speedtest";1340008674;249709.320596;0.031631;"e0f34017-e672-4f3e-b193-c196b727112a";812;"ON";"Waterloo";8;6;2012;0;18;"20120618"
"173.183.65.14";"CA";-122.343400;49.133700;"AS852 TELUS Communications Inc.";"mlab2-iad01";0.107762;610439.140969;"0.004012999";"darwin";"216.156.197.160";"speedtest";1340008775;75703.014962;0.110315;"ce87578f-c38b-457f-ac58-62a6dcdb269f";852;"BC";"Mission";8;6;2012;0;18;"20120618"
"190.163.109.157";"CL";-70.666700;-33.450000;"AS22047 BANDA ANCHA S.A.";"mlab2-iad01";0.360707;141573.532107;"0.004012999";"win32";"216.156.197.160";"speedtest";1340008882;75140.923507;0.261426;"f5e5e79b-fb36-4391-8311-97964ef12297";22047;"12";"Santiago";4;6;2012;0;18;"20120618"
"177.133.120.42";"BR";-34.933300;-8.350000;"AS18881 Global Village Telecom";"mlab2-iad01";0.104216;571908.757190;"0.004011999";"win32";"216.156.197.160";"bittorrent";1340008889;282814.323554;-1.000000;"6a35591a-27a2-484e-842b-15ad4f0ef4df";18881;"30";"Santo Agostinho";8;6;2012;0;18;"20120618"
"206.188.84.168";"CA";-80.268800;43.574900;"AS11814 DISTRIBUTEL COMMUNICATIONS LTD.";"mlab2-iad01";0.042302;2360667.080204;"0.004011999";"linux2";"216.156.197.160";"bittorrent";1340009294;118281.579892;-1.000000;"08b120a5-3b23-4e37-a868-4a69486e1bbe";11814;"ON";"Guelph";8;6;2012;0;18;"20120618"
"200.193.43.254";"BR";-55.000000;-10.000000;"AS8167 Brasil Telecom S/A - Filial Distrito Federal";"mlab2-iad01";0.159089;756209.293921;"0.004012999";"win32";"216.156.197.160";"speedtest";1340009347;813801.651459;0.160278;"e07e7f86-2d54-4e03-a044-d3475d794c0b";8167;"";"";8;6;2012;0;18;"20120618"
"177.81.13.233";"BR";-46.665800;-23.473300;"AS28573 Serviços de Comunicação S.A.";"mlab2-iad01";0.136041;830311.767198;"0.004012999";"win32";"216.156.197.160";"bittorrent";1340009446;91479.698491;-1.000000;"01f13e8b-8792-465d-b299-c94a6ea6831d";28573;"27";"São Paulo";8;6;2012;0;18;"20120618"
"67.172.130.152";"US";-104.821400;38.833900;"AS7922 Comcast Cable Communications, Inc.";"mlab2-iad01";0.069800;3131458.580297;"0.004012999";"darwin";"216.156.197.160";"bittorrent";1340009455;296883.840076;-1.000000;"e83583f7-4c54-4291-a929-2fd12fd286f5";7922;"CO";"Colorado Springs";8;6;2012;0;18;"20120618"
"174.116.188.158";"CA";-79.416700;43.666700;"AS812 Rogers Cable Communications Inc.";"mlab2-iad01";0.596286;171996.772890;"0.004011999";"win32";"216.156.197.160";"bittorrent";1340009473;2454.054156;-1.000000;"1502ff6e-c49b-4896-8dcd-2ba9d8955e20";812;"ON";"Toronto";8;6;2012;0;18;"20120618"
"24.109.74.40";"CA";-84.333300;46.500000;"AS6327 Shaw Communications Inc.";"mlab2-iad01";0.071982;3103404.070840;"0.004012999";"win32";"216.156.197.160";"speedtest";1340009696;347646.094891;0.070946;"4db83560-1617-40a4-aea0-43a437033d77";6327;"ON";"Sault Sainte Marie";8;6;2012;0;18;"20120618"
"24.246.9.229";"CA";-75.700000;45.416700;"AS5645 TekSavvy Solutions Inc. Toronto";"mlab2-iad01";0.033148;4009303.349850;"0.004012999";"darwin";"216.156.197.160";"speedtest";1340009704;56264.655491;0.039995;"3ca27e85-5058-4cde-a22c-eb606f55de62";5645;"ON";"Ottawa";8;6;2012;0;18;"20120618"
"71.192.154.157";"US";-71.051200;42.406300;"AS7922 Comcast Cable Communications, Inc.";"mlab2-iad01";0.684928;106963.766826;"0.004012999";"darwin";"216.156.197.160";"bittorrent";1340009832;126705.449967;-1.000000;"65fb0ed5-8aab-4ca3-973b-6f6abd2e24d4";7922;"MA";"Everett";8;6;2012;0;18;"20120618"
"71.204.165.181";"US";-122.036300;37.368800;"AS7922 Comcast Cable Communications, Inc.";"mlab2-iad01";0.088904;2494168.107260;"0.004012999";"darwin";"216.156.197.160";"speedtest";1340009901;496445.461545;0.093564;"1ce7a86b-b408-4815-ae8b-bf0652a278f3";7922;"CA";"Sunnyvale";8;6;2012;0;18;"20120618"
"186.32.56.228";"CR";-84.083300;9.933300;"AS262197 Amnet Cable Costa Rica";"mlab2-iad01";0.157414;191527.138544;"0.004012999";"win32";"216.156.197.160";"bittorrent";1340010047;45560.040175;-1.000000;"225c93a5-53b8-4755-a531-c9fa5f219359";262197;"08";"San José";3;6;2012;0;18;"20120618"
"99.255.57.221";"CA";-80.507000;43.461300;"AS812 Rogers Cable Communications Inc.";"mlab2-iad01";0.029192;3443583.224756;"0.004012999";"win32";"216.156.197.160";"bittorrent";1340010242;9038.089495;-1.000000;"e0f34017-e672-4f3e-b193-c196b727112a";812;"ON";"Waterloo";9;6;2012;0;18;"20120618"
"173.183.65.14";"CA";-122.343400;49.133700;"AS852 TELUS Communications Inc.";"mlab2-iad01";0.103218;708304.618923;"0.004012999";"darwin";"216.156.197.160";"bittorrent";1340010324;100277.765529;-1.000000;"ce87578f-c38b-457f-ac58-62a6dcdb269f";852;"BC";"Mission";9;6;2012;0;18;"20120618"
"177.133.120.42";"BR";-34.933300;-8.350000;"AS18881 Global Village Telecom";"mlab2-iad01";0.104321;1439227.713240;"0.004011999";"win32";"216.156.197.160";"speedtest";1340010396;199550.723385;0.111413;"6a35591a-27a2-484e-842b-15ad4f0ef4df";18881;"30";"Santo Agostinho";9;6;2012;0;18;"20120618"
"190.163.109.157";"CL";-70.666700;-33.450000;"AS22047 BANDA ANCHA S.A.";"mlab2-iad01";0.181429;417647.434783;"0.004012999";"win32";"216.156.197.160";"bittorrent";1340010474;130397.284514;-1.000000;"f5e5e79b-fb36-4391-8311-97964ef12297";22047;"12";"Santiago";5;6;2012;0;18;"20120618"
"71.237.28.39";"US";-104.984700;39.739200;"AS7922 Comcast Cable Communications, Inc.";"mlab2-iad01";0.064053;858626.791870;"0.004012999";"darwin";"216.156.197.160";"speedtest";1340010594;422501.934202;0.160027;"95e96326-78fe-4507-8b06-f60611a1b7ad";7922;"CO";"Denver";9;6;2012;0;18;"20120618"
"98.203.140.223";"US";-122.304300;47.610200;"AS7922 Comcast Cable Communications, Inc.";"mlab2-iad01";0.096405;1611711.260786;"0.004012999";"linux2";"216.156.197.160";"bittorrent";1340010623;486641.455189;-1.000000;"4bf1068a-cabe-4254-a52f-c2914db03ade";7922;"WA";"Seattle";9;6;2012;0;18;"20120618"
"177.101.99.254";"BR";-55.000000;-10.000000;"AS28343 TPA TELECOMUNICACOES LTDA";"mlab2-iad01";0.148271;1536283.881759;"0.004012999";"win32";"216.156.197.160";"bittorrent";1340010759;615287.363586;-1.000000;"e07e7f86-2d54-4e03-a044-d3475d794c0b";28343;"";"";9;6;2012;0;18;"20120618"
"76.169.71.176";"US";-118.273400;33.963800;"AS20001 Time Warner Cable Internet LLC";"mlab2-iad01";0.097241;1406013.477202;"0.004011999";"win32";"216.156.197.160";"bittorrent";1340010799;94681.365138;-1.000000;"2f0c137b-7982-4d9c-b50a-c362f2d810e0";20001;"CA";"Los Angeles";9;6;2012;0;18;"20120618"
"24.109.74.40";"CA";-84.333300;46.500000;"AS6327 Shaw Communications Inc.";"mlab2-iad01";0.082709;3397769.463950;"0.004012999";"win32";"216.156.197.160";"bittorrent";1340010883;354370.081425;-1.000000;"4db83560-1617-40a4-aea0-43a437033d77";6327;"ON";"Sault Sainte Marie";9;6;2012;0;18;"20120618"
"206.188.84.168";"CA";-80.268800;43.574900;"AS11814 DISTRIBUTEL COMMUNICATIONS LTD.";"mlab2-iad01";0.041869;252392.921955;"0.004011999";"linux2";"216.156.197.160";"speedtest";1340010919;122476.029992;0.051530;"08b120a5-3b23-4e37-a868-4a69486e1bbe";11814;"ON";"Guelph";9;6;2012;0;18;"20120618"
"177.81.13.233";"BR";-46.665800;-23.473300;"AS28573 Serviços de Comunicação S.A.";"mlab2-iad01";0.136500;589652.242685;"0.004012999";"win32";"216.156.197.160";"speedtest";1340010927;54832.609756;0.139912;"01f13e8b-8792-465d-b299-c94a6ea6831d";28573;"27";"São Paulo";9;6;2012;0;18;"20120618"
"24.130.152.60";"US";-122.088500;37.709000;"AS7922 Comcast Cable Communications, Inc.";"mlab2-iad01";0.088518;2790506.255580;"0.004012999";"darwin";"216.156.197.160";"speedtest";1340010986;700739.914350;0.093249;"92ef1dc6-e5b9-40c8-800b-cc909779319d";7922;"CA";"Castro Valley";9;6;2012;0;18;"20120618"
"174.116.188.158";"CA";-79.416700;43.666700;"AS812 Rogers Cable Communications Inc.";"mlab2-iad01";0.451517;10043.251678;"0.004011999";"win32";"216.156.197.160";"speedtest";1340011053;1030.270088;0.775412;"1502ff6e-c49b-4896-8dcd-2ba9d8955e20";812;"ON";"Toronto";9;6;2012;0;18;"20120618"
"24.246.9.229";"CA";-75.700000;45.416700;"AS5645 TekSavvy Solutions Inc. Toronto";"mlab2-iad01";0.034200;2484821.673031;"0.004012999";"darwin";"216.156.197.160";"bittorrent";1340011324;52020.538601;-1.000000;"3ca27e85-5058-4cde-a22c-eb606f55de62";5645;"ON";"Ottawa";9;6;2012;0;18;"20120618"
"206.255.246.41";"US";-94.740500;32.500700;"AS53508 Cablelynx";"mlab2-iad01";0.056846;1418553.389988;"0.004012999";"win32";"216.156.197.160";"bittorrent";1340011446;182718.101615;-1.000000;"3a5b4ca4-0887-432d-a115-9f646a867cdb";53508;"TX";"Longview";9;6;2012;0;18;"20120618"
"186.32.56.228";"CR";-84.083300;9.933300;"AS262197 Amnet Cable Costa Rica";"mlab2-iad01";0.088679;194224.489884;"0.004012999";"win32";"216.156.197.160";"speedtest";1340011585;52625.305217;0.092303;"225c93a5-53b8-4755-a531-c9fa5f219359";262197;"08";"San José";3;6;2012;0;18;"20120618"
"96.236.133.97";"US";-79.995900;40.440600;"AS701 MCI Communications Services, Inc. d/b/a Verizon Business";"mlab2-iad01";0.012689;331698.092109;"0.004012999";"linux2";"216.156.197.160";"bittorrent";1340011641;129165.929374;-1.000000;"002bd52f-5f9d-42eb-9ce6-e310c9db525a";701;"PA";"Pittsburgh";9;6;2012;0;18;"20120618"
"99.255.57.221";"CA";-80.507000;43.461300;"AS812 Rogers Cable Communications Inc.";"mlab2-iad01";0.030216;6437007.270510;"0.004012999";"win32";"216.156.197.160";"speedtest";1340011719;249752.409613;0.031008;"e0f34017-e672-4f3e-b193-c196b727112a";812;"ON";"Waterloo";9;6;2012;0;18;"20120618"
"173.183.65.14";"CA";-122.343400;49.133700;"AS852 TELUS Communications Inc.";"mlab2-iad01";0.104117;611012.828852;"0.004012999";"darwin";"216.156.197.160";"speedtest";1340011869;94345.852907;0.109123;"ce87578f-c38b-457f-ac58-62a6dcdb269f";852;"BC";"Mission";9;6;2012;0;18;"20120618"
"177.133.120.42";"BR";-34.933300;-8.350000;"AS18881 Global Village Telecom";"mlab2-iad01";0.105543;2138113.267315;"0.004011999";"win32";"216.156.197.160";"bittorrent";1340011910;293064.111226;-1.000000;"6a35591a-27a2-484e-842b-15ad4f0ef4df";18881;"30";"Santo Agostinho";9;6;2012;0;18;"20120618"
"190.163.109.157";"CL";-70.666700;-33.450000;"AS22047 BANDA ANCHA S.A.";"mlab2-iad01";0.374166;154084.392696;"0.004012999";"win32";"216.156.197.160";"speedtest";1340012055;71518.757095;0.286282;"f5e5e79b-fb36-4391-8311-97964ef12297";22047;"12";"Santiago";5;6;2012;0;18;"20120618"
"177.101.99.254";"BR";-55.000000;-10.000000;"AS28343 TPA TELECOMUNICACOES LTDA";"mlab2-iad01";0.175639;818655.323693;"0.004012999";"win32";"216.156.197.160";"speedtest";1340012176;527588.660898;0.176801;"e07e7f86-2d54-4e03-a044-d3475d794c0b";28343;"";"";9;6;2012;0;18;"20120618"
"76.169.71.176";"US";-118.273400;33.963800;"AS20001 Time Warner Cable Internet LLC";"mlab2-iad01";0.094816;1358147.282110;"0.004011999";"win32";"216.156.197.160";"speedtest";1340012209;119748.636444;0.086983;"2f0c137b-7982-4d9c-b50a-c362f2d810e0";20001;"CA";"Los Angeles";9;6;2012;0;18;"20120618"
"24.109.74.40";"CA";-84.333300;46.500000;"AS6327 Shaw Communications Inc.";"mlab2-iad01";0.065478;3144211.700480;"0.004012999";"win32";"216.156.197.160";"speedtest";1340012484;256228.746302;0.070294;"4db83560-1617-40a4-aea0-43a437033d77";6327;"ON";"Sault Sainte Marie";9;6;2012;0;18;"20120618"
"99.130.96.199";"US";-117.490800;33.932900;"AS7018 AT&T Services, Inc.";"mlab2-iad01";0.093635;1390183.840563;"0.004012999";"linux2";"216.156.197.160";"bittorrent";1340012386;183291.460908;-1.000000;"0a3b2944-23c0-4116-a068-0d5627c0dec9";7018;"CA";"Riverside";9;6;2012;0;18;"20120618"
"177.81.13.233";"BR";-46.665800;-23.473300;"AS28573 Serviços de Comunicação S.A.";"mlab2-iad01";0.134464;823493.448088;"0.004012999";"win32";"216.156.197.160";"bittorrent";1340012420;90034.594363;-1.000000;"01f13e8b-8792-465d-b299-c94a6ea6831d";28573;"27";"São Paulo";9;6;2012;0;18;"20120618"
"206.188.84.168";"CA";-80.268800;43.574900;"AS11814 DISTRIBUTEL COMMUNICATIONS LTD.";"mlab2-iad01";0.052679;2218357.546501;"0.004011999";"linux2";"216.156.197.160";"bittorrent";1340012524;123523.088752;-1.000000;"08b120a5-3b23-4e37-a868-4a69486e1bbe";11814;"ON";"Guelph";9;6;2012;0;18;"20120618"
"174.116.188.158";"CA";-79.416700;43.666700;"AS812 Rogers Cable Communications Inc.";"mlab2-iad01";0.287704;125296.233788;"0.004011999";"win32";"216.156.197.160";"bittorrent";1340012659;8145.584806;-1.000000;"1502ff6e-c49b-4896-8dcd-2ba9d8955e20";812;"ON";"Toronto";9;6;2012;0;18;"20120618"
"98.124.100.208";"US";-80.038400;33.118000;"AS16863 Home Telephone Company, Inc.";"mlab2-iad01";0.042735;1191902.631011;"0.004012999";"linux2";"216.156.197.160";"bittorrent";1340012665;216855.882013;-1.000000;"adcd5d0f-b5f4-47e4-9505-249669f515a0";16863;"SC";"Moncks Corner";9;6;2012;0;18;"20120618"
"24.246.9.229";"CA";-75.700000;45.416700;"AS5645 TekSavvy Solutions Inc. Toronto";"mlab2-iad01";0.034098;3990792.924060;"0.004012999";"darwin";"216.156.197.160";"speedtest";1340012931;55936.290971;0.037680;"3ca27e85-5058-4cde-a22c-eb606f55de62";5645;"ON";"Ottawa";9;6;2012;0;18;"20120618"
"186.32.56.228";"CR";-84.083300;9.933300;"AS262197 Amnet Cable Costa Rica";"mlab2-iad01";0.091383;214387.955108;"0.004012999";"win32";"216.156.197.160";"bittorrent";1340013119;50517.328233;-1.000000;"225c93a5-53b8-4755-a531-c9fa5f219359";262197;"08";"San José";3;6;2012;0;18;"20120618"
"99.255.57.221";"CA";-80.507000;43.461300;"AS812 Rogers Cable Communications Inc.";"mlab2-iad01";0.029300;2680096.754437;"0.004012999";"win32";"216.156.197.160";"bittorrent";1340013354;4349.439463;-1.000000;"e0f34017-e672-4f3e-b193-c196b727112a";812;"ON";"Waterloo";9;6;2012;0;18;"20120618"
"74.103.162.36";"US";-75.114700;40.427800;"AS701 MCI Communications Services, Inc. d/b/a Verizon Business";"mlab2-iad01";0.015956;1883544.363330;"0.004012999";"darwin";"216.156.197.160";"speedtest";1340013424;664646.248577;0.015636;"4eec0d76-fa70-4b4c-91f9-8cb1b74b0682";701;"PA";"Pipersville";9;6;2012;0;18;"20120618"
"177.101.99.254";"BR";-55.000000;-10.000000;"AS28343 TPA TELECOMUNICACOES LTDA";"mlab2-iad01";0.148285;1993561.958443;"0.004012999";"win32";"216.156.197.160";"bittorrent";1340013590;599392.685105;-1.000000;"e07e7f86-2d54-4e03-a044-d3475d794c0b";28343;"";"";9;6;2012;0;18;"20120618"
"24.61.63.89";"US";-71.031600;42.399700;"AS7922 Comcast Cable Communications, Inc.";"mlab2-iad01";0.057336;1343539.135460;"0.004012999";"win32";"216.156.197.160";"speedtest";1340013680;534891.178658;0.045652;"641fcec9-64c6-4ec1-a213-90d958a6f9a1";7922;"MA";"Chelsea";10;6;2012;0;18;"20120618"
"190.163.109.157";"CL";-70.666700;-33.450000;"AS22047 BANDA ANCHA S.A.";"mlab2-iad01";0.378372;371655.226523;"0.004012999";"win32";"216.156.197.160";"bittorrent";1340013644;103615.980504;-1.000000;"f5e5e79b-fb36-4391-8311-97964ef12297";22047;"12";"Santiago";6;6;2012;0;18;"20120618"
"24.109.74.40";"CA";-84.333300;46.500000;"AS6327 Shaw Communications Inc.";"mlab2-iad01";0.066756;3616164.765359;"0.004012999";"win32";"216.156.197.160";"bittorrent";1340013671;354164.875269;-1.000000;"4db83560-1617-40a4-aea0-43a437033d77";6327;"ON";"Sault Sainte Marie";10;6;2012;0;18;"20120618"
"71.187.199.3";"US";-74.216400;40.816200;"AS701 MCI Communications Services, Inc. d/b/a Verizon Business";"mlab2-iad01";0.027600;3631433.458480;"0.004011999";"win32";"216.156.197.160";"bittorrent";1340013833;1925071.433342;-1.000000;"a9bde20f-2872-443c-8e9b-a2f6f162c91d";701;"NJ";"Montclair";10;6;2012;0;18;"20120618"
"177.81.13.233";"BR";-46.665800;-23.473300;"AS28573 Serviços de Comunicação S.A.";"mlab2-iad01";0.135846;592287.118560;"0.004012999";"win32";"216.156.197.160";"speedtest";1340013901;54784.394407;0.138856;"01f13e8b-8792-465d-b299-c94a6ea6831d";28573;"27";"São Paulo";10;6;2012;0;18;"20120618"
"50.78.87.177";"US";-106.097500;39.574400;"AS7922 Comcast Cable Communications, Inc.";"mlab2-iad01";0.073256;843807.003357;"0.004012999";"win32";"216.156.197.160";"speedtest";1340013952;699646.712754;0.070266;"c4393561-5207-49e8-879a-bbb805c9188f";7922;"CO";"Frisco";10;6;2012;0;18;"20120618"
"206.188.84.168";"CA";-80.268800;43.574900;"AS11814 DISTRIBUTEL COMMUNICATIONS LTD.";"mlab2-iad01";0.041992;1647340.886210;"0.004011999";"linux2";"216.156.197.160";"speedtest";1340014128;121700.060214;0.053128;"08b120a5-3b23-4e37-a868-4a69486e1bbe";11814;"ON";"Guelph";10;6;2012;0;18;"20120618"
"174.116.188.158";"CA";-79.416700;43.666700;"AS812 Rogers Cable Communications Inc.";"mlab2-iad01";0.437940;12918.729420;"0.004011999";"win32";"216.156.197.160";"speedtest";1340014191;1998.474462;0.967381;"1502ff6e-c49b-4896-8dcd-2ba9d8955e20";812;"ON";"Toronto";10;6;2012;0;18;"20120618"
"75.132.191.176";"US";-89.899800;38.512100;"AS20115 Charter Communications";"mlab2-iad01";0.038203;1927763.029452;"0.004012999";"win32";"216.156.197.160";"bittorrent";1340014323;399690.327477;-1.000000;"c08311ac-7edd-4390-b447-4ca484b5dacc";20115;"IL";"Belleville";10;6;2012;0;18;"20120618"
"24.246.9.229";"CA";-75.700000;45.416700;"AS5645 TekSavvy Solutions Inc. Toronto";"mlab2-iad01";0.033594;2407183.916076;"0.004012999";"darwin";"216.156.197.160";"bittorrent";1340014553;48431.778501;-1.000000;"3ca27e85-5058-4cde-a22c-eb606f55de62";5645;"ON";"Ottawa";10;6;2012;0;18;"20120618"
"186.32.56.228";"CR";-84.083300;9.933300;"AS262197 Amnet Cable Costa Rica";"mlab2-iad01";0.089545;216548.635758;"0.004012999";"win32";"216.156.197.160";"speedtest";1340014657;57298.675107;0.093366;"225c93a5-53b8-4755-a531-c9fa5f219359";262197;"08";"San José";4;6;2012;0;18;"20120618"
"76.10.12.242";"US";-88.242600;40.112500;"AS46925 PAVLOV MEDIA INC";"mlab2-iad01";0.039428;1488477.773410;"0.004012999";"win32";"216.156.197.160";"speedtest";1340014737;1397455.053740;0.038954;"b2c93218-2fa2-4a04-be8b-f4553cb22e1a";46925;"IL";"Champaign";10;6;2012;0;18;"20120618"
"99.255.57.221";"CA";-80.507000;43.461300;"AS812 Rogers Cable Communications Inc.";"mlab2-iad01";0.029745;6887624.357260;"0.004012999";"win32";"216.156.197.160";"speedtest";1340014830;248921.917608;0.032241;"e0f34017-e672-4f3e-b193-c196b727112a";812;"ON";"Waterloo";10;6;2012;0;18;"20120618"
"177.133.120.42";"BR";-34.933300;-8.350000;"AS18881 Global Village Telecom";"mlab2-iad01";0.103736;671726.143062;"0.004011999";"win32";"216.156.197.160";"bittorrent";1340014961;269293.458956;-1.000000;"6a35591a-27a2-484e-842b-15ad4f0ef4df";18881;"30";"Santo Agostinho";10;6;2012;0;18;"20120618"
"177.101.99.254";"BR";-55.000000;-10.000000;"AS28343 TPA TELECOMUNICACOES LTDA";"mlab2-iad01";0.175380;923382.756777;"0.004012999";"win32";"216.156.197.160";"speedtest";1340015005;497520.357489;0.177180;"e07e7f86-2d54-4e03-a044-d3475d794c0b";28343;"";"";10;6;2012;0;18;"20120618"
"24.109.74.40";"CA";-84.333300;46.500000;"AS6327 Shaw Communications Inc.";"mlab2-iad01";0.071319;3128172.545030;"0.004012999";"win32";"216.156.197.160";"speedtest";1340015269;343865.506914;0.074559;"4db83560-1617-40a4-aea0-43a437033d77";6327;"ON";"Sault Sainte Marie";10;6;2012;0;18;"20120618"
"190.163.109.157";"CL";-70.666700;-33.450000;"AS22047 BANDA ANCHA S.A.";"mlab2-iad01";0.349777;154907.063903;"0.004012999";"win32";"216.156.197.160";"speedtest";1340015226;63785.781430;0.378152;"f5e5e79b-fb36-4391-8311-97964ef12297";22047;"12";"Santiago";6;6;2012;0;18;"20120618"
"177.81.13.233";"BR";-46.665800;-23.473300;"AS28573 Serviços de Comunicação S.A.";"mlab2-iad01";0.139605;814549.982568;"0.004012999";"win32";"216.156.197.160";"bittorrent";1340015396;86451.684153;-1.000000;"01f13e8b-8792-465d-b299-c94a6ea6831d";28573;"27";"São Paulo";10;6;2012;0;18;"20120618"
"71.204.165.181";"US";-122.036300;37.368800;"AS7922 Comcast Cable Communications, Inc.";"mlab2-iad01";0.088880;2516880.019770;"0.004012999";"darwin";"216.156.197.160";"speedtest";1340015652;515258.093203;0.093192;"1ce7a86b-b408-4815-ae8b-bf0652a278f3";7922;"CA";"Sunnyvale";10;6;2012;0;18;"20120618"
"206.188.84.168";"CA";-80.268800;43.574900;"AS11814 DISTRIBUTEL COMMUNICATIONS LTD.";"mlab2-iad01";0.054075;2180535.662945;"0.004011999";"linux2";"216.156.197.160";"bittorrent";1340015732;123642.784827;-1.000000;"08b120a5-3b23-4e37-a868-4a69486e1bbe";11814;"ON";"Guelph";10;6;2012;0;18;"20120618"
"184.163.16.5";"CA";-73.846600;45.648800;"AS5769 Videotron Telecom Ltee";"mlab2-iad01";0.048941;1221966.737560;"0.004012999";"darwin";"216.156.197.160";"speedtest";1340015739;259035.408834;0.052214;"28117871-2c97-46f4-8f0f-9bcfeadac357";5769;"QC";"Blainville";10;6;2012;0;18;"20120618"
"174.116.188.158";"CA";-79.416700;43.666700;"AS812 Rogers Cable Communications Inc.";"mlab2-iad01";0.315989;256642.460078;"0.004011999";"win32";"216.156.197.160";"bittorrent";1340015799;7735.550256;-1.000000;"1502ff6e-c49b-4896-8dcd-2ba9d8955e20";812;"ON";"Toronto";10;6;2012;0;18;"20120618"
"76.168.80.127";"US";-118.243700;34.052200;"AS20001 Time Warner Cable Internet LLC";"mlab2-iad01";0.086379;1449544.971580;"0.004012999";"darwin";"216.156.197.160";"speedtest";1340015926;118809.207986;0.086711;"90d62fdd-a880-469e-bb3b-4bf575cfed10";20001;"CA";"Los Angeles";10;6;2012;0;18;"20120618"
"71.192.154.157";"US";-71.051200;42.406300;"AS7922 Comcast Cable Communications, Inc.";"mlab2-iad01";0.044756;445279.956147;"0.004012999";"darwin";"216.156.197.160";"bittorrent";1340015884;387661.234723;-1.000000;"65fb0ed5-8aab-4ca3-973b-6f6abd2e24d4";7922;"MA";"Everett";10;6;2012;0;18;"20120618"
"67.172.130.152";"US";-104.821400;38.833900;"AS7922 Comcast Cable Communications, Inc.";"mlab2-iad01";0.077379;3116562.972211;"0.004012999";"darwin";"216.156.197.160";"bittorrent";1340015935;315077.005750;-1.000000;"e83583f7-4c54-4291-a929-2fd12fd286f5";7922;"CO";"Colorado Springs";10;6;2012;0;18;"20120618"
"75.127.236.122";"US";-97.000000;38.000000;"AS6128 Cablevision Systems Corp.";"mlab2-iad01";0.017338;3339150.847140;"0.004012999";"win32";"216.156.197.160";"speedtest";1340015942;637734.015191;0.019083;"560c097a-1dfa-4e05-9893-bdc56e35afc3";6128;"";"";10;6;2012;0;18;"20120618"
"24.246.9.229";"CA";-75.700000;45.416700;"AS5645 TekSavvy Solutions Inc. Toronto";"mlab2-iad01";0.035708;3972788.309860;"0.004012999";"darwin";"216.156.197.160";"speedtest";1340016160;55417.483890;0.038145;"3ca27e85-5058-4cde-a22c-eb606f55de62";5645;"ON";"Ottawa";10;6;2012;0;18;"20120618"
"186.32.56.228";"CR";-84.083300;9.933300;"AS262197 Amnet Cable Costa Rica";"mlab2-iad01";0.088216;212077.499283;"0.004012999";"win32";"216.156.197.160";"bittorrent";1340016197;40916.781892;-1.000000;"225c93a5-53b8-4755-a531-c9fa5f219359";262197;"08";"San José";4;6;2012;0;18;"20120618"
"200.193.43.254";"BR";-55.000000;-10.000000;"AS8167 Brasil Telecom S/A - Filial Distrito Federal";"mlab2-iad01";0.157864;520637.879581;"0.004012999";"win32";"216.156.197.160";"bittorrent";1340016433;835225.694788;-1.000000;"e07e7f86-2d54-4e03-a044-d3475d794c0b";8167;"";"";10;6;2012;0;18;"20120618"
"99.255.57.221";"CA";-80.507000;43.461300;"AS812 Rogers Cable Communications Inc.";"mlab2-iad01";0.029234;3099334.448872;"0.004012999";"win32";"216.156.197.160";"bittorrent";1340016450;4237.949599;-1.000000;"e0f34017-e672-4f3e-b193-c196b727112a";812;"ON";"Waterloo";10;6;2012;0;18;"20120618"
"24.109.74.40";"CA";-84.333300;46.500000;"AS6327 Shaw Communications Inc.";"mlab2-iad01";0.088338;3606679.354226;"0.004012999";"win32";"216.156.197.160";"bittorrent";1340016456;360202.893669;-1.000000;"4db83560-1617-40a4-aea0-43a437033d77";6327;"ON";"Sault Sainte Marie";10;6;2012;0;18;"20120618"
"177.133.120.42";"BR";-34.933300;-8.350000;"AS18881 Global Village Telecom";"mlab2-iad01";3.102293;1113545.100780;"0.004011999";"win32";"216.156.197.160";"speedtest";1340016472;206688.371439;0.132991;"6a35591a-27a2-484e-842b-15ad4f0ef4df";18881;"30";"Santo Agostinho";10;6;2012;0;18;"20120618"
"74.2.122.133";"US";-97.000000;38.000000;"AS18566 MegaPath Corporation";"mlab2-iad01";0.039564;233041.630909;"0.004010999";"win32";"216.156.197.160";"speedtest";1340016608;236000.382492;0.042186;"f4acb085-b5ee-429a-a232-3ae956a10cf5";18566;"";"";10;6;2012;0;18;"20120618"
"190.163.109.157";"CL";-70.666700;-33.450000;"AS22047 BANDA ANCHA S.A.";"mlab2-iad01";0.548051;499839.158484;"0.004012999";"win32";"216.156.197.160";"bittorrent";1340016822;55055.422813;-1.000000;"f5e5e79b-fb36-4391-8311-97964ef12297";22047;"12";"Santiago";6;6;2012;0;18;"20120618"
"177.81.13.233";"BR";-46.665800;-23.473300;"AS28573 Serviços de Comunicação S.A.";"mlab2-iad01";0.134421;606756.457146;"0.004012999";"win32";"216.156.197.160";"speedtest";1340016876;54944.938561;0.140344;"01f13e8b-8792-465d-b299-c94a6ea6831d";28573;"27";"São Paulo";10;6;2012;0;18;"20120618"
"184.163.16.5";"CA";-73.846600;45.648800;"AS5769 Videotron Telecom Ltee";"mlab2-iad01";0.046900;1367591.996026;"0.004012999";"darwin";"216.156.197.160";"bittorrent";1340017292;261716.504146;-1.000000;"28117871-2c97-46f4-8f0f-9bcfeadac357";5769;"QC";"Blainville";11;6;2012;0;18;"20120618"
"24.130.152.60";"US";-122.088500;37.709000;"AS7922 Comcast Cable Communications, Inc.";"mlab2-iad01";0.088503;2823287.255250;"0.004012999";"darwin";"216.156.197.160";"speedtest";1340017319;680168.267243;0.093813;"92ef1dc6-e5b9-40c8-800b-cc909779319d";7922;"CA";"Castro Valley";11;6;2012;0;18;"20120618"
"174.116.188.158";"CA";-79.416700;43.666700;"AS812 Rogers Cable Communications Inc.";"mlab2-iad01";0.335331;18336.029576;"0.004011999";"win32";"216.156.197.160";"speedtest";1340017320;7226.742238;0.678157;"1502ff6e-c49b-4896-8dcd-2ba9d8955e20";812;"ON";"Toronto";11;6;2012;0;18;"20120618"
"206.188.84.168";"CA";-80.268800;43.574900;"AS11814 DISTRIBUTEL COMMUNICATIONS LTD.";"mlab2-iad01";0.042228;300975.507769;"0.004011999";"linux2";"216.156.197.160";"speedtest";1340017360;122310.432286;0.055044;"08b120a5-3b23-4e37-a868-4a69486e1bbe";11814;"ON";"Guelph";11;6;2012;0;18;"20120618"
"186.32.56.228";"CR";-84.083300;9.933300;"AS262197 Amnet Cable Costa Rica";"mlab2-iad01";0.147959;181222.602622;"0.004012999";"win32";"216.156.197.160";"speedtest";1340017739;41506.211813;0.110587;"225c93a5-53b8-4755-a531-c9fa5f219359";262197;"08";"San José";5;6;2012;0;18;"20120618"
"24.246.9.229";"CA";-75.700000;45.416700;"AS5645 TekSavvy Solutions Inc. Toronto";"mlab2-iad01";0.034051;2404835.641202;"0.004012999";"darwin";"216.156.197.160";"bittorrent";1340017780;50470.172246;-1.000000;"3ca27e85-5058-4cde-a22c-eb606f55de62";5645;"ON";"Ottawa";11;6;2012;0;18;"20120618"
"189.26.124.130";"BR";-55.000000;-10.000000;"AS18881 Global Village Telecom";"mlab2-iad01";0.147361;911800.468821;"0.004012999";"win32";"216.156.197.160";"speedtest";1340017847;521676.953986;0.148334;"e07e7f86-2d54-4e03-a044-d3475d794c0b";18881;"";"";11;6;2012;0;18;"20120618"
"24.109.74.40";"CA";-84.333300;46.500000;"AS6327 Shaw Communications Inc.";"mlab2-iad01";0.069735;2935326.170060;"0.004012999";"win32";"216.156.197.160";"speedtest";1340018055;342169.850857;0.074044;"4db83560-1617-40a4-aea0-43a437033d77";6327;"ON";"Sault Sainte Marie";11;6;2012;0;18;"20120618"
"99.255.57.221";"CA";-80.507000;43.461300;"AS812 Rogers Cable Communications Inc.";"mlab2-iad01";0.030260;6660418.227880;"0.004012999";"win32";"216.156.197.160";"speedtest";1340017928;249949.346831;0.031515;"e0f34017-e672-4f3e-b193-c196b727112a";812;"ON";"Waterloo";11;6;2012;0;18;"20120618"
"177.133.120.42";"BR";-34.933300;-8.350000;"AS18881 Global Village Telecom";"mlab2-iad01";0.105623;192255.994115;"0.004011999";"win32";"216.156.197.160";"bittorrent";1340018017;258912.134961;-1.000000;"6a35591a-27a2-484e-842b-15ad4f0ef4df";18881;"30";"Santo Agostinho";11;6;2012;0;18;"20120618"
"208.57.38.36";"US";-117.164900;32.807200;"AS14265 Telepacific Communications";"mlab2-iad01";0.098193;178229.384862;"0.004011999";"linux2";"216.156.197.160";"bittorrent";1340018274;181418.748450;-1.000000;"71bb2b47-414f-414d-b8ff-f1237c21f432";14265;"CA";"San Diego";11;6;2012;0;18;"20120618"
"177.81.13.233";"BR";-46.665800;-23.473300;"AS28573 Serviços de Comunicação S.A.";"mlab2-iad01";0.135082;601004.365344;"0.004012999";"win32";"216.156.197.160";"bittorrent";1340018370;94793.106272;-1.000000;"01f13e8b-8792-465d-b299-c94a6ea6831d";28573;"27";"São Paulo";11;6;2012;0;18;"20120618"
"98.214.132.10";"US";-89.589000;40.693600;"AS7922 Comcast Cable Communications, Inc.";"mlab2-iad01";0.051674;1189872.424870;"0.004012999";"darwin";"216.156.197.160";"speedtest";1340018388;771969.779125;0.058546;"ac008ee9-df9b-425b-a370-34b57dce1b90";7922;"IL";"Peoria";11;6;2012;0;18;"20120618"
"190.163.109.157";"CL";-70.666700;-33.450000;"AS22047 BANDA ANCHA S.A.";"mlab2-iad01";0.171784;134963.198063;"0.004012999";"win32";"216.156.197.160";"speedtest";1340018402;134892.321366;0.177801;"f5e5e79b-fb36-4391-8311-97964ef12297";22047;"12";"Santiago";7;6;2012;0;18;"20120618"
"72.181.251.247";"US";-96.771500;32.833900;"AS11427 Time Warner Cable Internet LLC";"mlab2-iad01";0.061765;2148362.964050;"0.004012999";"darwin";"216.156.197.160";"speedtest";1340018572;217509.126094;0.067509;"ec56ca67-ca5b-4ee7-a615-8743ebac3e8a";11427;"TX";"Dallas";11;6;2012;0;18;"20120618"
"201.87.46.78";"BR";-46.665800;-23.473300;"AS19182 AJATO TELECOMUNICACAO LTDA";"mlab2-iad01";0.167639;279963.421156;"0.004012999";"darwin";"216.156.197.160";"speedtest";1340018646;113456.172794;0.172477;"f48ef4fb-0a2d-43a3-8ee2-d895edfd8dd5";19182;"27";"São Paulo";11;6;2012;0;18;"20120618"
"71.192.154.157";"US";-71.051200;42.406300;"AS7922 Comcast Cable Communications, Inc.";"mlab2-iad01";0.045295;861989.001468;"0.004012999";"darwin";"216.156.197.160";"bittorrent";1340018918;405706.554505;-1.000000;"65fb0ed5-8aab-4ca3-973b-6f6abd2e24d4";7922;"MA";"Everett";11;6;2012;0;18;"20120618"
"174.116.188.158";"CA";-79.416700;43.666700;"AS812 Rogers Cable Communications Inc.";"mlab2-iad01";0.389187;134278.867172;"0.004011999";"win32";"216.156.197.160";"bittorrent";1340018926;3262.305864;-1.000000;"1502ff6e-c49b-4896-8dcd-2ba9d8955e20";812;"ON";"Toronto";11;6;2012;0;18;"20120618"
"75.127.236.122";"US";-97.000000;38.000000;"AS6128 Cablevision Systems Corp.";"mlab2-iad01";0.020327;3247351.027390;"0.004012999";"win32";"216.156.197.160";"speedtest";1340018932;638364.375712;0.019187;"560c097a-1dfa-4e05-9893-bdc56e35afc3";6128;"";"";11;6;2012;0;18;"20120618"
"206.188.84.168";"CA";-80.268800;43.574900;"AS11814 DISTRIBUTEL COMMUNICATIONS LTD.";"mlab2-iad01";0.058877;209168.450710;"0.004011999";"linux2";"216.156.197.160";"bittorrent";1340019011;118869.417654;-1.000000;"08b120a5-3b23-4e37-a868-4a69486e1bbe";11814;"ON";"Guelph";11;6;2012;0;18;"20120618"
"24.109.74.40";"CA";-84.333300;46.500000;"AS6327 Shaw Communications Inc.";"mlab2-iad01";0.068719;3555091.805466;"0.004012999";"win32";"216.156.197.160";"bittorrent";1340019244;360195.584928;-1.000000;"4db83560-1617-40a4-aea0-43a437033d77";6327;"ON";"Sault Sainte Marie";11;6;2012;0;18;"20120618"
"186.32.56.228";"CR";-84.083300;9.933300;"AS262197 Amnet Cable Costa Rica";"mlab2-iad01";0.088985;206042.037865;"0.004012999";"win32";"216.156.197.160";"bittorrent";1340019274;41239.335322;-1.000000;"225c93a5-53b8-4755-a531-c9fa5f219359";262197;"08";"San José";5;6;2012;0;18;"20120618"
"189.26.124.130";"BR";-55.000000;-10.000000;"AS18881 Global Village Telecom";"mlab2-iad01";0.164062;88682.596229;"0.004012999";"win32";"216.156.197.160";"bittorrent";1340019288;938828.387572;-1.000000;"e07e7f86-2d54-4e03-a044-d3475d794c0b";18881;"";"";11;6;2012;0;18;"20120618"
"24.246.9.229";"CA";-75.700000;45.416700;"AS5645 TekSavvy Solutions Inc. Toronto";"mlab2-iad01";0.032098;3833074.479860;"0.004012999";"darwin";"216.156.197.160";"speedtest";1340019388;60442.157504;0.038122;"3ca27e85-5058-4cde-a22c-eb606f55de62";5645;"ON";"Ottawa";11;6;2012;0;18;"20120618"
"99.255.57.221";"CA";-80.507000;43.461300;"AS812 Rogers Cable Communications Inc.";"mlab2-iad01";0.029888;3455459.136437;"0.004012999";"win32";"216.156.197.160";"bittorrent";1340019501;6396.290967;-1.000000;"e0f34017-e672-4f3e-b193-c196b727112a";812;"ON";"Waterloo";11;6;2012;0;18;"20120618"
"177.133.120.42";"BR";-34.933300;-8.350000;"AS18881 Global Village Telecom";"mlab2-iad01";0.105717;1435631.973240;"0.004011999";"win32";"216.156.197.160";"speedtest";1340019522;235604.658067;0.104280;"6a35591a-27a2-484e-842b-15ad4f0ef4df";18881;"30";"Santo Agostinho";11;6;2012;0;18;"20120618"
"76.112.161.232";"US";-83.077200;42.375500;"AS7922 Comcast Cable Communications, Inc.";"mlab2-iad01";0.029685;438219.187697;"0.004012999";"win32";"216.156.197.160";"speedtest";1340019808;90761.662099;0.030687;"5cb4931f-bf67-49bf-a4ec-d36d7495a682";7922;"MI";"Detroit";11;6;2012;0;18;"20120618"
"177.81.13.233";"BR";-46.665800;-23.473300;"AS28573 Serviços de Comunicação S.A.";"mlab2-iad01";0.135903;588980.491283;"0.004012999";"win32";"216.156.197.160";"speedtest";1340019852;53677.622489;0.139642;"01f13e8b-8792-465d-b299-c94a6ea6831d";28573;"27";"São Paulo";11;6;2012;0;18;"20120618"
"190.163.109.157";"CL";-70.666700;-33.450000;"AS22047 BANDA ANCHA S.A.";"mlab2-iad01";0.175534;479145.938717;"0.004012999";"win32";"216.156.197.160";"bittorrent";1340019994;145843.001725;-1.000000;"f5e5e79b-fb36-4391-8311-97964ef12297";22047;"12";"Santiago";7;6;2012;0;18;"20120618"
"72.181.251.247";"US";-96.771500;32.833900;"AS11427 Time Warner Cable Internet LLC";"mlab2-iad01";0.058897;2418544.754329;"0.004012999";"darwin";"216.156.197.160";"bittorrent";1340020194;225547.222269;-1.000000;"ec56ca67-ca5b-4ee7-a615-8743ebac3e8a";11427;"TX";"Dallas";11;6;2012;0;18;"20120618"
"173.183.65.14";"CA";-122.343400;49.133700;"AS852 TELUS Communications Inc.";"mlab2-iad01";0.103634;695432.384778;"0.004012999";"darwin";"216.156.197.160";"bittorrent";1340020217;97497.424005;-1.000000;"ce87578f-c38b-457f-ac58-62a6dcdb269f";852;"BC";"Mission";11;6;2012;0;18;"20120618"
"201.87.46.78";"BR";-46.665800;-23.473300;"AS19182 AJATO TELECOMUNICACAO LTDA";"mlab2-iad01";0.197422;608104.106679;"0.004012999";"darwin";"216.156.197.160";"bittorrent";1340020238;116055.041480;-1.000000;"f48ef4fb-0a2d-43a3-8ee2-d895edfd8dd5";19182;"27";"São Paulo";11;6;2012;0;18;"20120618"
"98.124.100.208";"US";-80.038400;33.118000;"AS16863 Home Telephone Company, Inc.";"mlab2-iad01";0.044050;1165361.246060;"0.004012999";"linux2";"216.156.197.160";"speedtest";1340020280;234282.399432;0.110286;"adcd5d0f-b5f4-47e4-9505-249669f515a0";16863;"SC";"Moncks Corner";11;6;2012;0;18;"20120618"
"71.237.28.39";"US";-104.984700;39.739200;"AS7922 Comcast Cable Communications, Inc.";"mlab2-iad01";0.064511;1007905.104980;"0.004012999";"darwin";"216.156.197.160";"bittorrent";1340020360;468242.362760;-1.000000;"95e96326-78fe-4507-8b06-f60611a1b7ad";7922;"CO";"Denver";11;6;2012;0;18;"20120618"
"174.116.188.158";"CA";-79.416700;43.666700;"AS812 Rogers Cable Communications Inc.";"mlab2-iad01";0.594947;30085.178765;"0.004011999";"win32";"216.156.197.160";"speedtest";1340020449;3347.686039;0.554437;"1502ff6e-c49b-4896-8dcd-2ba9d8955e20";812;"ON";"Toronto";11;6;2012;0;18;"20120618"
"206.188.84.168";"CA";-80.268800;43.574900;"AS11814 DISTRIBUTEL COMMUNICATIONS LTD.";"mlab2-iad01";0.050256;453786.385542;"0.004011999";"linux2";"216.156.197.160";"speedtest";1340020622;122445.528410;0.054080;"08b120a5-3b23-4e37-a868-4a69486e1bbe";11814;"ON";"Guelph";11;6;2012;0;18;"20120618"
"24.109.74.40";"CA";-84.333300;46.500000;"AS6327 Shaw Communications Inc.";"mlab2-iad01";0.068756;2971041.701220;"0.004012999";"win32";"216.156.197.160";"speedtest";1340020847;159811.493434;0.069801;"4db83560-1617-40a4-aea0-43a437033d77";6327;"ON";"Sault Sainte Marie";12;6;2012;0;18;"20120618"
"189.26.124.130";"BR";-55.000000;-10.000000;"AS18881 Global Village Telecom";"mlab2-iad01";0.147797;1014256.624650;"0.004012999";"win32";"216.156.197.160";"speedtest";1340020702;518574.490909;0.149298;"e07e7f86-2d54-4e03-a044-d3475d794c0b";18881;"";"";11;6;2012;0;18;"20120618"
"173.160.133.65";"US";-122.449200;47.151100;"AS7922 Comcast Cable Communications, Inc.";"mlab2-iad01";0.100117;370308.777350;"0.004012999";"win32";"216.156.197.160";"speedtest";1340020706;333095.081528;0.100381;"cd29f4ce-ebe9-47c8-8b18-9406a9618ac1";7922;"WA";"Tacoma";11;6;2012;0;18;"20120618"
"186.32.56.228";"CR";-84.083300;9.933300;"AS262197 Amnet Cable Costa Rica";"mlab2-iad01";0.087765;202585.626887;"0.004012999";"win32";"216.156.197.160";"speedtest";1340020813;39084.159581;0.091905;"225c93a5-53b8-4755-a531-c9fa5f219359";262197;"08";"San José";6;6;2012;0;18;"20120618"
"99.255.57.221";"CA";-80.507000;43.461300;"AS812 Rogers Cable Communications Inc.";"mlab2-iad01";0.030567;6304548.791270;"0.004012999";"win32";"216.156.197.160";"speedtest";1340020978;249299.993119;0.032283;"e0f34017-e672-4f3e-b193-c196b727112a";812;"ON";"Waterloo";12;6;2012;0;18;"20120618"
"24.246.9.229";"CA";-75.700000;45.416700;"AS5645 TekSavvy Solutions Inc. Toronto";"mlab2-iad01";0.036012;2385100.972204;"0.004012999";"darwin";"216.156.197.160";"bittorrent";1340021008;59073.354893;-1.000000;"3ca27e85-5058-4cde-a22c-eb606f55de62";5645;"ON";"Ottawa";12;6;2012;0;18;"20120618"
"99.99.213.185";"US";-85.882800;42.855500;"AS7018 AT&T Services, Inc.";"mlab2-iad01";0.060859;1419912.375654;"0.004012999";"linux2";"216.156.197.160";"bittorrent";1340021022;184118.351218;-1.000000;"22998df3-a92a-4573-b9f5-476782c2c770";7018;"MI";"Hudsonville";12;6;2012;0;18;"20120618"
"177.133.120.42";"BR";-34.933300;-8.350000;"AS18881 Global Village Telecom";"mlab2-iad01";0.105289;2097997.083118;"0.004011999";"win32";"216.156.197.160";"bittorrent";1340021039;293348.232440;-1.000000;"6a35591a-27a2-484e-842b-15ad4f0ef4df";18881;"30";"Santo Agostinho";12;6;2012;0;18;"20120618"
"201.74.153.130";"BR";-45.883300;-23.183300;"AS28573 Serviços de Comunicação S.A.";"mlab2-iad01";0.138443;1135633.814080;"0.004012999";"win32";"216.156.197.160";"speedtest";1340021083;86838.675638;0.142713;"85079d2a-87b8-4176-acd6-24bc5d74ec4b";28573;"27";"São José Dos Campos";12;6;2012;0;18;"20120618"
"99.21.145.140";"US";-121.382800;38.626300;"AS7132 AS for SBIS-AS";"mlab2-iad01";0.132266;668728.597485;"0.004012999";"win32";"216.156.197.160";"speedtest";1340021153;116893.149367;0.162632;"ebeab1c8-defc-4fef-8be3-daa7088a0954";7132;"CA";"Sacramento";12;6;2012;0;18;"20120618"
"177.81.13.233";"BR";-46.665800;-23.473300;"AS28573 Serviços de Comunicação S.A.";"mlab2-iad01";0.134742;780039.894553;"0.004012999";"win32";"216.156.197.160";"bittorrent";1340021343;94876.268428;-1.000000;"01f13e8b-8792-465d-b299-c94a6ea6831d";28573;"27";"São Paulo";12;6;2012;0;18;"20120618"
"132.161.219.98";"US";-92.717600;41.721700;"AS22949 Grinnell College";"mlab2-iad01";0.069820;687365.131711;"0.004012999";"win32";"216.156.197.160";"bittorrent";1340021506;281109.892445;-1.000000;"de23301c-c09c-4e47-aa2b-90a625720856";22949;"IA";"Grinnell";12;6;2012;0;18;"20120618"
"173.183.65.14";"CA";-122.343400;49.133700;"AS852 TELUS Communications Inc.";"mlab2-iad01";0.103401;606444.094019;"0.004012999";"darwin";"216.156.197.160";"speedtest";1340021762;86267.863587;0.194942;"ce87578f-c38b-457f-ac58-62a6dcdb269f";852;"BC";"Mission";12;6;2012;0;18;"20120618"
"201.87.46.78";"BR";-46.665800;-23.473300;"AS19182 AJATO TELECOMUNICACAO LTDA";"mlab2-iad01";0.174510;435146.738442;"0.004012999";"darwin";"216.156.197.160";"speedtest";1340021808;107360.344271;0.175079;"f48ef4fb-0a2d-43a3-8ee2-d895edfd8dd5";19182;"27";"São Paulo";12;6;2012;0;18;"20120618"
"174.116.188.158";"CA";-79.416700;43.666700;"AS812 Rogers Cable Communications Inc.";"mlab2-iad01";0.338485;182338.617445;"0.004011999";"win32";"216.156.197.160";"bittorrent";1340022018;6790.656348;-1.000000;"1502ff6e-c49b-4896-8dcd-2ba9d8955e20";812;"ON";"Toronto";12;6;2012;0;18;"20120618"
"24.109.74.40";"CA";-84.333300;46.500000;"AS6327 Shaw Communications Inc.";"mlab2-iad01";0.071946;3178387.206727;"0.004012999";"win32";"216.156.197.160";"bittorrent";1340022037;342082.443000;-1.000000;"4db83560-1617-40a4-aea0-43a437033d77";6327;"ON";"Sault Sainte Marie";12;6;2012;0;18;"20120618"
"201.6.232.83";"BR";-46.665800;-23.473300;"AS28573 Serviços de Comunicação S.A.";"mlab2-iad01";0.133634;1187963.104057;"0.004012999";"win32";"216.156.197.160";"bittorrent";1340022092;95011.137485;-1.000000;"d965a30b-55ec-45ea-9e34-6b396fd7235d";28573;"27";"São Paulo";12;6;2012;0;18;"20120618"
"200.193.43.254";"BR";-55.000000;-10.000000;"AS8167 Brasil Telecom S/A - Filial Distrito Federal";"mlab2-iad01";0.138677;225451.199368;"0.004012999";"win32";"216.156.197.160";"bittorrent";1340022120;547806.209305;-1.000000;"e07e7f86-2d54-4e03-a044-d3475d794c0b";8167;"";"";12;6;2012;0;18;"20120618"
"206.188.84.168";"CA";-80.268800;43.574900;"AS11814 DISTRIBUTEL COMMUNICATIONS LTD.";"mlab2-iad01";0.063029;235993.419541;"0.004011999";"linux2";"216.156.197.160";"bittorrent";1340022225;123924.191492;-1.000000;"08b120a5-3b23-4e37-a868-4a69486e1bbe";11814;"ON";"Guelph";12;6;2012;0;18;"20120618"
"186.32.56.228";"CR";-84.083300;9.933300;"AS262197 Amnet Cable Costa Rica";"mlab2-iad01";0.087074;219426.257403;"0.004012999";"win32";"216.156.197.160";"bittorrent";1340022352;39749.271648;-1.000000;"225c93a5-53b8-4755-a531-c9fa5f219359";262197;"08";"San José";6;6;2012;0;18;"20120618"
"177.133.120.42";"BR";-34.933300;-8.350000;"AS18881 Global Village Telecom";"mlab2-iad01";0.104172;1474160.986620;"0.004011999";"win32";"216.156.197.160";"speedtest";1340022544;271332.667774;0.111411;"6a35591a-27a2-484e-842b-15ad4f0ef4df";18881;"30";"Santo Agostinho";12;6;2012;0;18;"20120618"
"99.255.57.221";"CA";-80.507000;43.461300;"AS812 Rogers Cable Communications Inc.";"mlab2-iad01";0.030174;4010524.605748;"0.004012999";"win32";"216.156.197.160";"bittorrent";1340022576;8373.771986;-1.000000;"e0f34017-e672-4f3e-b193-c196b727112a";812;"ON";"Waterloo";12;6;2012;0;18;"20120618"
"201.74.153.130";"BR";-45.883300;-23.183300;"AS28573 Serviços de Comunicação S.A.";"mlab2-iad01";0.169584;1185218.959978;"0.004012999";"win32";"216.156.197.160";"bittorrent";1340022604;92737.953763;-1.000000;"85079d2a-87b8-4176-acd6-24bc5d74ec4b";28573;"27";"São José Dos Campos";12;6;2012;0;18;"20120618"
"24.246.9.229";"CA";-75.700000;45.416700;"AS5645 TekSavvy Solutions Inc. Toronto";"mlab2-iad01";0.034910;4285452.998450;"0.004012999";"darwin";"216.156.197.160";"speedtest";1340022615;59880.237598;0.038504;"3ca27e85-5058-4cde-a22c-eb606f55de62";5645;"ON";"Ottawa";12;6;2012;0;18;"20120618"
"184.163.16.5";"CA";-73.846600;45.648800;"AS5769 Videotron Telecom Ltee";"mlab2-iad01";0.051459;1229963.800410;"0.004012999";"darwin";"216.156.197.160";"speedtest";1340022753;258675.059991;0.052847;"28117871-2c97-46f4-8f0f-9bcfeadac357";5769;"QC";"Blainville";12;6;2012;0;18;"20120618"
"177.81.13.233";"BR";-46.665800;-23.473300;"AS28573 Serviços de Comunicação S.A.";"mlab2-iad01";0.134835;592994.964693;"0.004012999";"win32";"216.156.197.160";"speedtest";1340022824;53971.500310;0.139772;"01f13e8b-8792-465d-b299-c94a6ea6831d";28573;"27";"São Paulo";12;6;2012;0;18;"20120618"
"74.163.8.166";"US";-86.875000;30.446700;"AS6389 BellSouth.net Inc.";"mlab2-iad01";0.058742;310223.460821;"0.004012999";"win32";"216.156.197.160";"speedtest";1340022873;48725.986175;0.074627;"4565989b-987f-4c3c-aa75-a740afde3068";6389;"FL";"Navarre";12;6;2012;0;18;"20120618"
"190.163.109.157";"CL";-70.666700;-33.450000;"AS22047 BANDA ANCHA S.A.";"mlab2-iad01";0.173497;276636.711458;"0.004012999";"darwin";"216.156.197.160";"bittorrent";1340023094;34140.903846;-1.000000;"56e84b5c-6262-4a01-8875-e389e4879c9a";22047;"12";"Santiago";8;6;2012;0;18;"20120618"
"96.236.133.97";"US";-79.995900;40.440600;"AS701 MCI Communications Services, Inc. d/b/a Verizon Business";"mlab2-iad01";0.016557;646588.610450;"0.004012999";"linux2";"216.156.197.160";"bittorrent";1340023109;423097.626092;-1.000000;"002bd52f-5f9d-42eb-9ce6-e310c9db525a";701;"PA";"Pittsburgh";12;6;2012;0;18;"20120618"
"190.163.109.157";"CL";-70.666700;-33.450000;"AS22047 BANDA ANCHA S.A.";"mlab2-iad01";0.335762;344499.810148;"0.004012999";"win32";"216.156.197.160";"bittorrent";1340023206;37720.474567;-1.000000;"f5e5e79b-fb36-4391-8311-97964ef12297";22047;"12";"Santiago";8;6;2012;0;18;"20120618"
"98.206.101.228";"US";-87.655100;41.937300;"AS7922 Comcast Cable Communications, Inc.";"mlab2-iad01";0.044037;3056163.654566;"0.004012999";"win32";"216.156.197.160";"bittorrent";1340023207;518156.691617;-1.000000;"1b8a7968-95b4-4827-8260-84d7e02b3d53";7922;"IL";"Chicago";12;6;2012;0;18;"20120618"
"201.87.46.78";"BR";-46.665800;-23.473300;"AS19182 AJATO TELECOMUNICACAO LTDA";"mlab2-iad01";0.173225;791851.527195;"0.004012999";"darwin";"216.156.197.160";"bittorrent";1340023382;112930.982610;-1.000000;"f48ef4fb-0a2d-43a3-8ee2-d895edfd8dd5";19182;"27";"São Paulo";12;6;2012;0;18;"20120618"
"24.109.74.40";"CA";-84.333300;46.500000;"AS6327 Shaw Communications Inc.";"mlab2-iad01";0.073886;2881797.597780;"0.004012999";"win32";"216.156.197.160";"speedtest";1340023639;229906.409064;0.073610;"4db83560-1617-40a4-aea0-43a437033d77";6327;"ON";"Sault Sainte Marie";12;6;2012;0;18;"20120618"
"174.116.188.158";"CA";-79.416700;43.666700;"AS812 Rogers Cable Communications Inc.";"mlab2-iad01";0.307684;35022.745351;"0.004011999";"win32";"216.156.197.160";"speedtest";1340023535;4712.926355;0.420702;"1502ff6e-c49b-4896-8dcd-2ba9d8955e20";812;"ON";"Toronto";12;6;2012;0;18;"20120618"
"200.193.43.254";"BR";-55.000000;-10.000000;"AS8167 Brasil Telecom S/A - Filial Distrito Federal";"mlab2-iad01";0.159197;563232.853802;"0.004012999";"win32";"216.156.197.160";"speedtest";1340023539;538655.495132;0.189378;"e07e7f86-2d54-4e03-a044-d3475d794c0b";8167;"";"";12;6;2012;0;18;"20120618"
"24.130.152.60";"US";-122.088500;37.709000;"AS7922 Comcast Cable Communications, Inc.";"mlab2-iad01";0.088448;3048407.236320;"0.004012999";"darwin";"216.156.197.160";"speedtest";1340023657;728449.498175;0.093835;"92ef1dc6-e5b9-40c8-800b-cc909779319d";7922;"CA";"Castro Valley";12;6;2012;0;18;"20120618"
"201.6.232.83";"BR";-46.665800;-23.473300;"AS28573 Serviços de Comunicação S.A.";"mlab2-iad01";0.157159;1097009.876070;"0.004012999";"win32";"216.156.197.160";"speedtest";1340023718;91960.392193;0.134136;"d965a30b-55ec-45ea-9e34-6b396fd7235d";28573;"27";"São Paulo";12;6;2012;0;18;"20120618"
"206.188.84.168";"CA";-80.268800;43.574900;"AS11814 DISTRIBUTEL COMMUNICATIONS LTD.";"mlab2-iad01";0.050619;1000697.098480;"0.004011999";"linux2";"216.156.197.160";"speedtest";1340023835;122603.018522;0.054044;"08b120a5-3b23-4e37-a868-4a69486e1bbe";11814;"ON";"Guelph";12;6;2012;0;18;"20120618"
"177.133.120.42";"BR";-34.933300;-8.350000;"AS18881 Global Village Telecom";"mlab2-iad01";0.107335;673853.006276;"0.004011999";"win32";"216.156.197.160";"bittorrent";1340024077;135131.728174;-1.000000;"6a35591a-27a2-484e-842b-15ad4f0ef4df";18881;"30";"Santo Agostinho";12;6;2012;0;18;"20120618"
"99.255.57.221";"CA";-80.507000;43.461300;"AS812 Rogers Cable Communications Inc.";"mlab2-iad01";0.030639;6285280.673250;"0.004012999";"win32";"216.156.197.160";"speedtest";1340024053;248963.394815;0.032694;"e0f34017-e672-4f3e-b193-c196b727112a";812;"ON";"Waterloo";12;6;2012;0;18;"20120618"
"201.74.153.130";"BR";-45.883300;-23.183300;"AS28573 Serviços de Comunicação S.A.";"mlab2-iad01";0.167997;840469.403815;"0.004012999";"win32";"216.156.197.160";"speedtest";1340024117;87486.628489;0.149273;"85079d2a-87b8-4176-acd6-24bc5d74ec4b";28573;"27";"São José Dos Campos";12;6;2012;0;18;"20120618"
"98.157.202.20";"US";-87.413900;39.466700;"AS10796 Time Warner Cable Internet LLC";"mlab2-iad01";0.052689;1747122.630400;"0.004011999";"win32";"216.156.197.160";"speedtest";1340024135;107671.022002;0.055348;"9c0fa0e1-b625-407b-8e5d-f979a63c0e77";10796;"IN";"Terre Haute";12;6;2012;0;18;"20120618"
"24.246.9.229";"CA";-75.700000;45.416700;"AS5645 TekSavvy Solutions Inc. Toronto";"mlab2-iad01";0.033798;2441375.423100;"0.004012999";"darwin";"216.156.197.160";"bittorrent";1340024236;58897.898263;-1.000000;"3ca27e85-5058-4cde-a22c-eb606f55de62";5645;"ON";"Ottawa";12;6;2012;0;18;"20120618"
"177.81.13.233";"BR";-46.665800;-23.473300;"AS28573 Serviços de Comunicação S.A.";"mlab2-iad01";0.132230;827290.328070;"0.004012999";"win32";"216.156.197.160";"bittorrent";1340024317;86184.239806;-1.000000;"01f13e8b-8792-465d-b299-c94a6ea6831d";28573;"27";"São Paulo";12;6;2012;0;18;"20120618"
"190.163.109.157";"CL";-70.666700;-33.450000;"AS22047 BANDA ANCHA S.A.";"mlab2-iad01";0.447621;144213.900043;"0.004012999";"darwin";"216.156.197.160";"speedtest";1340024514;17277.024096;0.409221;"56e84b5c-6262-4a01-8875-e389e4879c9a";22047;"12";"Santiago";9;6;2012;0;18;"20120618"
"68.58.125.60";"US";-86.158000;39.768400;"AS7922 Comcast Cable Communications, Inc.";"mlab2-iad01";0.053600;1600033.288770;"0.004012999";"darwin";"216.156.197.160";"speedtest";1340024628;507714.399693;0.053914;"9ad7184c-eb25-4754-a40f-91e4262a9d35";7922;"IN";"Indianapolis";13;6;2012;0;18;"20120618"
"190.163.109.157";"CL";-70.666700;-33.450000;"AS22047 BANDA ANCHA S.A.";"mlab2-iad01";0.251958;114679.577652;"0.004012999";"win32";"216.156.197.160";"speedtest";1340024822;37135.991297;0.430524;"f5e5e79b-fb36-4391-8311-97964ef12297";22047;"12";"Santiago";9;6;2012;0;18;"20120618"
"24.109.74.40";"CA";-84.333300;46.500000;"AS6327 Shaw Communications Inc.";"mlab2-iad01";0.078253;2879259.601891;"0.004012999";"win32";"216.156.197.160";"bittorrent";1340024829;320100.592918;-1.000000;"4db83560-1617-40a4-aea0-43a437033d77";6327;"ON";"Sault Sainte Marie";13;6;2012;0;18;"20120618"
"201.47.223.245";"BR";-51.200000;-30.033300;"AS18881 Global Village Telecom";"mlab2-iad01";0.159431;197116.929195;"0.004012999";"win32";"216.156.197.160";"speedtest";1340024890;117126.431812;0.169774;"5fca90cc-75dd-481e-b933-dec99e365ac6";18881;"23";"Porto Alegre";13;6;2012;0;18;"20120618"
"201.87.46.78";"BR";-46.665800;-23.473300;"AS19182 AJATO TELECOMUNICACAO LTDA";"mlab2-iad01";0.170010;506920.241897;"0.004012999";"darwin";"216.156.197.160";"speedtest";1340024953;105708.836209;0.183274;"f48ef4fb-0a2d-43a3-8ee2-d895edfd8dd5";19182;"27";"São Paulo";13;6;2012;0;18;"20120618"
"200.193.43.254";"BR";-55.000000;-10.000000;"AS8167 Brasil Telecom S/A - Filial Distrito Federal";"mlab2-iad01";0.182454;412494.183991;"0.004012999";"win32";"216.156.197.160";"bittorrent";1340024960;550907.210337;-1.000000;"e07e7f86-2d54-4e03-a044-d3475d794c0b";8167;"";"";13;6;2012;0;18;"20120618"
"190.153.2.209";"VE";-66.916700;10.500000;"AS11562 Net Uno, C.A.";"mlab2-iad01";0.075040;121209.508153;"0.004012999";"win32";"216.156.197.160";"bittorrent";1340025002;86115.508338;-1.000000;"fa502e52-2155-4466-8a9c-bcebe3b519d8";11562;"25";"Caracas";8;6;2012;0;18;"20120618"
"174.116.188.158";"CA";-79.416700;43.666700;"AS812 Rogers Cable Communications Inc.";"mlab2-iad01";0.402164;277447.565306;"0.004011999";"win32";"216.156.197.160";"bittorrent";1340025146;5664.247824;-1.000000;"1502ff6e-c49b-4896-8dcd-2ba9d8955e20";812;"ON";"Toronto";13;6;2012;0;18;"20120618"
"24.130.152.60";"US";-122.088500;37.709000;"AS7922 Comcast Cable Communications, Inc.";"mlab2-iad01";0.088875;3085638.093142;"0.004012999";"darwin";"216.156.197.160";"bittorrent";1340025241;787800.191126;-1.000000;"92ef1dc6-e5b9-40c8-800b-cc909779319d";7922;"CA";"Castro Valley";13;6;2012;0;18;"20120618"
"201.6.232.83";"BR";-46.665800;-23.473300;"AS28573 Serviços de Comunicação S.A.";"mlab2-iad01";0.139824;1131764.039907;"0.004012999";"win32";"216.156.197.160";"bittorrent";1340025340;85083.903013;-1.000000;"d965a30b-55ec-45ea-9e34-6b396fd7235d";28573;"27";"São Paulo";13;6;2012;0;18;"20120618"
"206.188.84.168";"CA";-80.268800;43.574900;"AS11814 DISTRIBUTEL COMMUNICATIONS LTD.";"mlab2-iad01";0.050334;1777716.120772;"0.004011999";"linux2";"216.156.197.160";"bittorrent";1340025441;123998.793041;-1.000000;"08b120a5-3b23-4e37-a868-4a69486e1bbe";11814;"ON";"Guelph";13;6;2012;0;18;"20120618"
"177.133.120.42";"BR";-34.933300;-8.350000;"AS18881 Global Village Telecom";"mlab2-iad01";0.106194;1100059.693970;"0.004011999";"win32";"216.156.197.160";"speedtest";1340025585;256016.060154;0.153443;"6a35591a-27a2-484e-842b-15ad4f0ef4df";18881;"30";"Santo Agostinho";13;6;2012;0;18;"20120618"
"201.74.153.130";"BR";-45.883300;-23.183300;"AS28573 Serviços de Comunicação S.A.";"mlab2-iad01";0.135982;984918.629732;"0.004012999";"win32";"216.156.197.160";"bittorrent";1340025624;94821.699782;-1.000000;"85079d2a-87b8-4176-acd6-24bc5d74ec4b";28573;"27";"São José Dos Campos";13;6;2012;0;18;"20120618"
"99.255.57.221";"CA";-80.507000;43.461300;"AS812 Rogers Cable Communications Inc.";"mlab2-iad01";0.030927;3343195.936761;"0.004012999";"win32";"216.156.197.160";"bittorrent";1340025712;3556.323798;-1.000000;"e0f34017-e672-4f3e-b193-c196b727112a";812;"ON";"Waterloo";13;6;2012;0;18;"20120618"
"177.81.13.233";"BR";-46.665800;-23.473300;"AS28573 Serviços de Comunicação S.A.";"mlab2-iad01";0.133525;604175.463286;"0.004012999";"win32";"216.156.197.160";"speedtest";1340025798;53237.474564;0.138482;"01f13e8b-8792-465d-b299-c94a6ea6831d";28573;"27";"São Paulo";13;6;2012;0;18;"20120618"
"24.246.9.229";"CA";-75.700000;45.416700;"AS5645 TekSavvy Solutions Inc. Toronto";"mlab2-iad01";0.033945;3750525.693750;"0.004012999";"darwin";"216.156.197.160";"speedtest";1340025844;61344.654677;0.038092;"3ca27e85-5058-4cde-a22c-eb606f55de62";5645;"ON";"Ottawa";13;6;2012;0;18;"20120618"
"190.163.109.157";"CL";-70.666700;-33.450000;"AS22047 BANDA ANCHA S.A.";"mlab2-iad01";0.273907;306209.916147;"0.004012999";"darwin";"216.156.197.160";"bittorrent";1340025925;59821.852566;-1.000000;"56e84b5c-6262-4a01-8875-e389e4879c9a";22047;"12";"Santiago";9;6;2012;0;18;"20120618"
"24.109.74.40";"CA";-84.333300;46.500000;"AS6327 Shaw Communications Inc.";"mlab2-iad01";0.072538;2834890.756050;"0.004012999";"win32";"216.156.197.160";"speedtest";1340026428;280556.466728;0.076791;"4db83560-1617-40a4-aea0-43a437033d77";6327;"ON";"Sault Sainte Marie";13;6;2012;0;18;"20120618"
"201.47.223.245";"BR";-51.200000;-30.033300;"AS18881 Global Village Telecom";"mlab2-iad01";0.173844;356744.993847;"0.004012999";"win32";"216.156.197.160";"bittorrent";1340026319;111867.481945;-1.000000;"5fca90cc-75dd-481e-b933-dec99e365ac6";18881;"23";"Porto Alegre";13;6;2012;0;18;"20120618"
"200.193.43.254";"BR";-55.000000;-10.000000;"AS8167 Brasil Telecom S/A - Filial Distrito Federal";"mlab2-iad01";0.155538;127273.699819;"0.004012999";"win32";"216.156.197.160";"speedtest";1340026390;798806.993893;0.155277;"e07e7f86-2d54-4e03-a044-d3475d794c0b";8167;"";"";13;6;2012;0;18;"20120618"
"190.163.109.157";"CL";-70.666700;-33.450000;"AS22047 BANDA ANCHA S.A.";"mlab2-iad01";0.305098;311128.791516;"0.004012999";"win32";"216.156.197.160";"bittorrent";1340026419;40583.509531;-1.000000;"f5e5e79b-fb36-4391-8311-97964ef12297";22047;"12";"Santiago";9;6;2012;0;18;"20120618"
"190.153.2.209";"VE";-66.916700;10.500000;"AS11562 Net Uno, C.A.";"mlab2-iad01";0.735044;94852.034043;"0.004012999";"win32";"216.156.197.160";"speedtest";1340026390;88979.280640;0.074392;"fa502e52-2155-4466-8a9c-bcebe3b519d8";11562;"25";"Caracas";9;6;2012;0;18;"20120618"
"201.87.46.78";"BR";-46.665800;-23.473300;"AS19182 AJATO TELECOMUNICACAO LTDA";"mlab2-iad01";0.169794;549018.635812;"0.004012999";"darwin";"216.156.197.160";"bittorrent";1340026530;115451.422065;-1.000000;"f48ef4fb-0a2d-43a3-8ee2-d895edfd8dd5";19182;"27";"São Paulo";13;6;2012;0;18;"20120618"
"174.116.188.158";"CA";-79.416700;43.666700;"AS812 Rogers Cable Communications Inc.";"mlab2-iad01";0.390768;34974.482823;"0.004011999";"win32";"216.156.197.160";"speedtest";1340026660;7466.089628;0.354821;"1502ff6e-c49b-4896-8dcd-2ba9d8955e20";812;"ON";"Toronto";13;6;2012;0;18;"20120618"
"69.196.168.242";"CA";-79.416700;43.666700;"AS5645 TekSavvy Solutions Inc. Toronto";"mlab2-iad01";0.026423;377539.399487;"0.004012999";"win32";"216.156.197.160";"speedtest";1340037650;36664.896033;0.069154;"448f19ce-eb05-4c94-bede-c7598765a58a";5645;"ON";"Toronto";16;6;2012;0;18;"20120618"
"201.6.232.83";"BR";-46.665800;-23.473300;"AS28573 Serviços de Comunicação S.A.";"mlab2-iad01";0.173442;873750.353509;"0.004012999";"win32";"216.156.197.160";"speedtest";1340026968;55964.866337;0.318077;"d965a30b-55ec-45ea-9e34-6b396fd7235d";28573;"27";"São Paulo";13;6;2012;0;18;"20120618"
"206.188.84.168";"CA";-80.268800;43.574900;"AS11814 DISTRIBUTEL COMMUNICATIONS LTD.";"mlab2-iad01";0.049925;1817898.985830;"0.004011999";"linux2";"216.156.197.160";"speedtest";1340027049;122665.755627;0.054094;"08b120a5-3b23-4e37-a868-4a69486e1bbe";11814;"ON";"Guelph";13;6;2012;0;18;"20120618"
"99.130.96.199";"US";-117.490800;33.932900;"AS7018 AT&T Services, Inc.";"mlab2-iad01";0.091803;1391417.839365;"0.004012999";"linux2";"216.156.197.160";"bittorrent";1340027076;172804.956508;-1.000000;"0a3b2944-23c0-4116-a068-0d5627c0dec9";7018;"CA";"Riverside";13;6;2012;0;18;"20120618"
"177.133.120.42";"BR";-34.933300;-8.350000;"AS18881 Global Village Telecom";"mlab2-iad01";0.106920;1300478.737799;"0.004011999";"win32";"216.156.197.160";"bittorrent";1340027104;148703.927465;-1.000000;"6a35591a-27a2-484e-842b-15ad4f0ef4df";18881;"30";"Santo Agostinho";13;6;2012;0;18;"20120618"
"201.74.153.130";"BR";-45.883300;-23.183300;"AS28573 Serviços de Comunicação S.A.";"mlab2-iad01";0.141591;745752.624612;"0.004012999";"win32";"216.156.197.160";"speedtest";1340027136;88360.548245;0.156132;"85079d2a-87b8-4176-acd6-24bc5d74ec4b";28573;"27";"São José Dos Campos";13;6;2012;0;18;"20120618"
"99.255.57.221";"CA";-80.507000;43.461300;"AS812 Rogers Cable Communications Inc.";"mlab2-iad01";0.029379;6089954.913230;"0.004012999";"win32";"216.156.197.160";"speedtest";1340027190;249558.708239;0.031867;"e0f34017-e672-4f3e-b193-c196b727112a";812;"ON";"Waterloo";13;6;2012;0;18;"20120618"
"177.81.13.233";"BR";-46.665800;-23.473300;"AS28573 Serviços de Comunicação S.A.";"mlab2-iad01";0.133805;836592.919302;"0.004012999";"win32";"216.156.197.160";"bittorrent";1340027291;85402.389124;-1.000000;"01f13e8b-8792-465d-b299-c94a6ea6831d";28573;"27";"São Paulo";13;6;2012;0;18;"20120618"
"98.251.77.68";"US";-83.949600;33.512000;"AS7922 Comcast Cable Communications, Inc.";"mlab2-iad01";0.026322;2953525.437491;"0.004011999";"win32";"216.156.197.160";"bittorrent";1340027319;512629.939549;-1.000000;"cbfab653-aed3-47c3-b7d0-e4159cab6582";7922;"GA";"Covington";13;6;2012;0;18;"20120618"
"190.163.109.157";"CL";-70.666700;-33.450000;"AS22047 BANDA ANCHA S.A.";"mlab2-iad01";0.195941;154689.008570;"0.004012999";"darwin";"216.156.197.160";"speedtest";1340027342;35561.011027;0.367477;"56e84b5c-6262-4a01-8875-e389e4879c9a";22047;"12";"Santiago";9;6;2012;0;18;"20120618"
"69.249.238.83";"US";-75.163800;39.952300;"AS7922 Comcast Cable Communications, Inc.";"mlab2-iad01";0.183130;2653706.020204;"0.004012999";"win32";"216.156.197.160";"bittorrent";1340027357;59657.903031;-1.000000;"a49b9e19-6f47-4dc7-8196-0fc4dbc9e641";7922;"PA";"Philadelphia";13;6;2012;0;18;"20120618"
"24.246.9.229";"CA";-75.700000;45.416700;"AS5645 TekSavvy Solutions Inc. Toronto";"mlab2-iad01";0.034416;2466848.209216;"0.004012999";"darwin";"216.156.197.160";"bittorrent";1340027465;58313.981623;-1.000000;"3ca27e85-5058-4cde-a22c-eb606f55de62";5645;"ON";"Ottawa";13;6;2012;0;18;"20120618"
"24.109.74.40";"CA";-84.333300;46.500000;"AS6327 Shaw Communications Inc.";"mlab2-iad01";0.067934;3216243.547813;"0.004012999";"win32";"216.156.197.160";"bittorrent";1340027635;72048.545426;-1.000000;"4db83560-1617-40a4-aea0-43a437033d77";6327;"ON";"Sault Sainte Marie";13;6;2012;0;18;"20120618"
"68.58.165.186";"US";-80.107000;32.841300;"AS7922 Comcast Cable Communications, Inc.";"mlab2-iad01";0.043311;2032338.277428;"0.004012999";"linux2";"216.156.197.160";"bittorrent";1340027680;878188.342826;-1.000000;"564f666b-3c55-40d4-a5f8-92064e970a5f";7922;"SC";"Charleston";13;6;2012;0;18;"20120618"
"201.47.223.245";"BR";-51.200000;-30.033300;"AS18881 Global Village Telecom";"mlab2-iad01";0.173157;159786.300534;"0.004012999";"win32";"216.156.197.160";"speedtest";1340027737;80000.369862;0.177708;"5fca90cc-75dd-481e-b933-dec99e365ac6";18881;"23";"Porto Alegre";13;6;2012;0;18;"20120618"
"99.92.88.210";"US";-122.030700;37.353700;"AS7018 AT&T Services, Inc.";"mlab2-iad01";0.099294;1079377.643430;"0.004012999";"darwin";"216.156.197.160";"speedtest";1340027741;170387.765358;0.102124;"13cf72ab-670c-4dc7-8fad-aa9a41f4355d";7018;"CA";"Sunnyvale";13;6;2012;0;18;"20120618"
"189.26.124.130";"BR";-55.000000;-10.000000;"AS18881 Global Village Telecom";"mlab2-iad01";0.153988;195256.098835;"0.004012999";"win32";"216.156.197.160";"bittorrent";1340027811;531862.777920;-1.000000;"e07e7f86-2d54-4e03-a044-d3475d794c0b";18881;"";"";13;6;2012;0;18;"20120618"
"190.153.2.209";"VE";-66.916700;10.500000;"AS11562 Net Uno, C.A.";"mlab2-iad01";0.076510;83786.921566;"0.004012999";"win32";"216.156.197.160";"bittorrent";1340027991;91906.449478;-1.000000;"fa502e52-2155-4466-8a9c-bcebe3b519d8";11562;"25";"Caracas";9;6;2012;0;18;"20120618"
"190.163.109.157";"CL";-70.666700;-33.450000;"AS22047 BANDA ANCHA S.A.";"mlab2-iad01";0.271186;122496.466699;"0.004012999";"win32";"216.156.197.160";"speedtest";1340028004;24311.427537;0.439482;"f5e5e79b-fb36-4391-8311-97964ef12297";22047;"12";"Santiago";10;6;2012;0;18;"20120618"
"201.87.46.78";"BR";-46.665800;-23.473300;"AS19182 AJATO TELECOMUNICACAO LTDA";"mlab2-iad01";0.180808;313612.540028;"0.004012999";"darwin";"216.156.197.160";"speedtest";1340028105;101129.542670;0.179269;"f48ef4fb-0a2d-43a3-8ee2-d895edfd8dd5";19182;"27";"São Paulo";14;6;2012;0;18;"20120618"
"69.196.168.242";"CA";-79.416700;43.666700;"AS5645 TekSavvy Solutions Inc. Toronto";"mlab2-iad01";0.077294;359915.192983;"0.004012999";"win32";"216.156.197.160";"bittorrent";1340028332;38021.726999;-1.000000;"448f19ce-eb05-4c94-bede-c7598765a58a";5645;"ON";"Toronto";14;6;2012;0;18;"20120618"
"174.116.188.158";"CA";-79.416700;43.666700;"AS812 Rogers Cable Communications Inc.";"mlab2-iad01";0.303547;297806.044691;"0.004011999";"win32";"216.156.197.160";"bittorrent";1340028428;5613.389746;-1.000000;"1502ff6e-c49b-4896-8dcd-2ba9d8955e20";812;"ON";"Toronto";14;6;2012;0;18;"20120618"
"99.99.213.185";"US";-85.882800;42.855500;"AS7018 AT&T Services, Inc.";"mlab2-iad01";0.060931;1278463.174000;"0.004012999";"linux2";"216.156.197.160";"speedtest";1340028460;179796.941672;0.063720;"22998df3-a92a-4573-b9f5-476782c2c770";7018;"MI";"Hudsonville";14;6;2012;0;18;"20120618"
"201.6.232.83";"BR";-46.665800;-23.473300;"AS28573 Serviços de Comunicação S.A.";"mlab2-iad01";0.465643;1096842.717938;"0.004012999";"win32";"216.156.197.160";"bittorrent";1340028600;51342.228103;-1.000000;"d965a30b-55ec-45ea-9e34-6b396fd7235d";28573;"27";"São Paulo";14;6;2012;0;18;"20120618"
"177.133.120.42";"BR";-34.933300;-8.350000;"AS18881 Global Village Telecom";"mlab2-iad01";0.106812;1272457.556750;"0.004011999";"win32";"216.156.197.160";"speedtest";1340028611;172879.100845;0.112232;"6a35591a-27a2-484e-842b-15ad4f0ef4df";18881;"30";"Santo Agostinho";14;6;2012;0;18;"20120618"
"201.74.153.130";"BR";-45.883300;-23.183300;"AS28573 Serviços de Comunicação S.A.";"mlab2-iad01";0.135610;925965.979664;"0.004012999";"win32";"216.156.197.160";"bittorrent";1340028643;93733.069737;-1.000000;"85079d2a-87b8-4176-acd6-24bc5d74ec4b";28573;"27";"São José Dos Campos";14;6;2012;0;18;"20120618"
"206.188.84.168";"CA";-80.268800;43.574900;"AS11814 DISTRIBUTEL COMMUNICATIONS LTD.";"mlab2-iad01";0.060484;403791.030271;"0.004011999";"linux2";"216.156.197.160";"bittorrent";1340028670;123946.545207;-1.000000;"08b120a5-3b23-4e37-a868-4a69486e1bbe";11814;"ON";"Guelph";14;6;2012;0;18;"20120618"
"208.52.154.53";"US";-84.443200;33.793000;"AS13703 BroadRiver Communication Corp.";"mlab2-iad01";0.024883;7491338.051800;"0.004010999";"win32";"216.156.197.160";"speedtest";1340028692;874823.162890;0.016387;"5a94fb06-4ffc-4b82-bc99-552f47212e96";13703;"GA";"Atlanta";14;6;2012;0;18;"20120618"
"184.177.72.227";"US";-97.000000;38.000000;"AS22773 Cox Communications Inc.";"mlab2-iad01";0.076507;697852.894137;"0.004012999";"win32";"216.156.197.160";"bittorrent";1340028745;743055.497481;-1.000000;"e9aa2936-1c50-4b9d-89e4-2daad232b753";22773;"";"";14;6;2012;0;18;"20120618"
"190.163.109.157";"CL";-70.666700;-33.450000;"AS22047 BANDA ANCHA S.A.";"mlab2-iad01";0.217021;299486.309631;"0.004012999";"darwin";"216.156.197.160";"bittorrent";1340028767;24311.586656;-1.000000;"56e84b5c-6262-4a01-8875-e389e4879c9a";22047;"12";"Santiago";10;6;2012;0;18;"20120618"
"177.81.13.233";"BR";-46.665800;-23.473300;"AS28573 Serviços de Comunicação S.A.";"mlab2-iad01";0.132882;613265.677537;"0.004012999";"win32";"216.156.197.160";"speedtest";1340028771;54291.278602;0.147494;"01f13e8b-8792-465d-b299-c94a6ea6831d";28573;"27";"São Paulo";14;6;2012;0;18;"20120618"
"99.255.57.221";"CA";-80.507000;43.461300;"AS812 Rogers Cable Communications Inc.";"mlab2-iad01";0.030000;3284953.387780;"0.004012999";"win32";"216.156.197.160";"bittorrent";1340028796;5628.278508;-1.000000;"e0f34017-e672-4f3e-b193-c196b727112a";812;"ON";"Waterloo";14;6;2012;0;18;"20120618"
"76.10.12.242";"US";-88.242600;40.112500;"AS46925 PAVLOV MEDIA INC";"mlab2-iad01";0.035406;1669564.401490;"0.004012999";"win32";"216.156.197.160";"bittorrent";1340028829;1691479.522682;-1.000000;"b2c93218-2fa2-4a04-be8b-f4553cb22e1a";46925;"IL";"Champaign";14;6;2012;0;18;"20120618"
"24.109.74.40";"CA";-84.333300;46.500000;"AS6327 Shaw Communications Inc.";"mlab2-iad01";0.073968;2615540.086030;"0.004012999";"win32";"216.156.197.160";"speedtest";1340029236;236775.984449;0.076231;"4db83560-1617-40a4-aea0-43a437033d77";6327;"ON";"Sault Sainte Marie";14;6;2012;0;18;"20120618"
"24.246.9.229";"CA";-75.700000;45.416700;"AS5645 TekSavvy Solutions Inc. Toronto";"mlab2-iad01";0.037597;4289132.832910;"0.004012999";"darwin";"216.156.197.160";"speedtest";1340029072;60159.286002;0.037523;"3ca27e85-5058-4cde-a22c-eb606f55de62";5645;"ON";"Ottawa";14;6;2012;0;18;"20120618"
"189.26.124.130";"BR";-55.000000;-10.000000;"AS18881 Global Village Telecom";"mlab2-iad01";0.139909;80851.813186;"0.004012999";"win32";"216.156.197.160";"speedtest";1340029231;538250.884691;0.140992;"e07e7f86-2d54-4e03-a044-d3475d794c0b";18881;"";"";14;6;2012;0;18;"20120618"
"190.153.2.209";"VE";-66.916700;10.500000;"AS11562 Net Uno, C.A.";"mlab2-iad01";0.985872;110657.626376;"0.004012999";"win32";"216.156.197.160";"speedtest";1340029376;80094.228161;0.076807;"fa502e52-2155-4466-8a9c-bcebe3b519d8";11562;"25";"Caracas";9;6;2012;0;18;"20120618"
"98.206.101.228";"US";-87.655100;41.937300;"AS7922 Comcast Cable Communications, Inc.";"mlab2-iad01";0.043664;2799085.776670;"0.004012999";"win32";"216.156.197.160";"speedtest";1340029508;511964.582828;0.043522;"1b8a7968-95b4-4827-8260-84d7e02b3d53";7922;"IL";"Chicago";14;6;2012;0;18;"20120618"
"190.163.109.157";"CL";-70.666700;-33.450000;"AS22047 BANDA ANCHA S.A.";"mlab2-iad01";0.311304;309355.998362;"0.004012999";"win32";"216.156.197.160";"bittorrent";1340029597;93174.262459;-1.000000;"f5e5e79b-fb36-4391-8311-97964ef12297";22047;"12";"Santiago";10;6;2012;0;18;"20120618"
"201.87.46.78";"BR";-46.665800;-23.473300;"AS19182 AJATO TELECOMUNICACAO LTDA";"mlab2-iad01";0.172191;497711.512540;"0.004012999";"darwin";"216.156.197.160";"bittorrent";1340029682;103745.662339;-1.000000;"f48ef4fb-0a2d-43a3-8ee2-d895edfd8dd5";19182;"27";"São Paulo";14;6;2012;0;18;"20120618"
"69.196.168.242";"CA";-79.416700;43.666700;"AS5645 TekSavvy Solutions Inc. Toronto";"mlab2-iad01";0.034606;314269.091831;"0.004012999";"win32";"216.156.197.160";"speedtest";1340040589;29253.605552;0.034933;"448f19ce-eb05-4c94-bede-c7598765a58a";5645;"ON";"Toronto";17;6;2012;0;18;"20120618"
"68.41.24.217";"US";-83.036000;42.724500;"AS7922 Comcast Cable Communications, Inc.";"mlab2-iad01";0.046097;2855678.990420;"0.004012999";"win32";"216.156.197.160";"bittorrent";1340029848;518332.924878;-1.000000;"7acc5903-5884-4564-add3-0be49e9fa576";7922;"MI";"Washington";14;6;2012;0;18;"20120618"
"174.116.188.158";"CA";-79.416700;43.666700;"AS812 Rogers Cable Communications Inc.";"mlab2-iad01";0.183202;49990.879815;"0.004011999";"win32";"216.156.197.160";"speedtest";1340029940;11922.079189;0.278032;"1502ff6e-c49b-4896-8dcd-2ba9d8955e20";812;"ON";"Toronto";14;6;2012;0;18;"20120618"
"177.133.120.42";"BR";-34.933300;-8.350000;"AS18881 Global Village Telecom";"mlab2-iad01";0.103809;800462.831843;"0.004011999";"win32";"216.156.197.160";"bittorrent";1340030129;235812.091225;-1.000000;"6a35591a-27a2-484e-842b-15ad4f0ef4df";18881;"30";"Santo Agostinho";14;6;2012;0;18;"20120618"
"201.74.153.130";"BR";-45.883300;-23.183300;"AS28573 Serviços de Comunicação S.A.";"mlab2-iad01";0.136860;749459.296840;"0.004012999";"win32";"216.156.197.160";"speedtest";1340030154;89544.194273;0.148485;"85079d2a-87b8-4176-acd6-24bc5d74ec4b";28573;"27";"São José Dos Campos";14;6;2012;0;18;"20120618"
"190.163.109.157";"CL";-70.666700;-33.450000;"AS22047 BANDA ANCHA S.A.";"mlab2-iad01";0.187253;173927.884005;"0.004012999";"darwin";"216.156.197.160";"speedtest";1340030169;132518.047115;0.209148;"56e84b5c-6262-4a01-8875-e389e4879c9a";22047;"12";"Santiago";10;6;2012;0;18;"20120618"
"201.6.232.83";"BR";-46.665800;-23.473300;"AS28573 Serviços de Comunicação S.A.";"mlab2-iad01";0.398292;786124.601670;"0.004012999";"win32";"216.156.197.160";"speedtest";1340030226;53080.617600;0.414582;"d965a30b-55ec-45ea-9e34-6b396fd7235d";28573;"27";"São Paulo";14;6;2012;0;18;"20120618"
"177.81.13.233";"BR";-46.665800;-23.473300;"AS28573 Serviços de Comunicação S.A.";"mlab2-iad01";0.134392;827016.332526;"0.004012999";"win32";"216.156.197.160";"bittorrent";1340030265;85835.580917;-1.000000;"01f13e8b-8792-465d-b299-c94a6ea6831d";28573;"27";"São Paulo";14;6;2012;0;18;"20120618"
"206.188.84.168";"CA";-80.268800;43.574900;"AS11814 DISTRIBUTEL COMMUNICATIONS LTD.";"mlab2-iad01";0.044692;588546.490328;"0.004011999";"linux2";"216.156.197.160";"speedtest";1340030287;121893.289698;0.055015;"08b120a5-3b23-4e37-a868-4a69486e1bbe";11814;"ON";"Guelph";14;6;2012;0;18;"20120618"
"99.255.57.221";"CA";-80.507000;43.461300;"AS812 Rogers Cable Communications Inc.";"mlab2-iad01";0.029586;6827012.515100;"0.004012999";"win32";"216.156.197.160";"speedtest";1340030273;249873.227236;0.032101;"e0f34017-e672-4f3e-b193-c196b727112a";812;"ON";"Waterloo";14;6;2012;0;18;"20120618"
"66.80.217.179";"US";-105.002200;39.545700;"AS4565 MegaPath Networks Inc.";"mlab2-iad01";0.091547;533039.669627;"0.004012999";"darwin";"216.156.197.160";"speedtest";1340030310;368594.185991;0.099752;"fd8f8cbf-53ff-44fa-8e9f-da47c60b3fce";4565;"CO";"Littleton";14;6;2012;0;18;"20120618"
"24.109.74.40";"CA";-84.333300;46.500000;"AS6327 Shaw Communications Inc.";"mlab2-iad01";0.067393;2572280.846958;"0.004012999";"win32";"216.156.197.160";"bittorrent";1340030429;180640.869024;-1.000000;"4db83560-1617-40a4-aea0-43a437033d77";6327;"ON";"Sault Sainte Marie";14;6;2012;0;18;"20120618"
"201.47.223.245";"BR";-51.200000;-30.033300;"AS18881 Global Village Telecom";"mlab2-iad01";0.165197;98179.405571;"0.004012999";"win32";"216.156.197.160";"speedtest";1340030590;89004.275105;0.218248;"5fca90cc-75dd-481e-b933-dec99e365ac6";18881;"23";"Porto Alegre";14;6;2012;0;18;"20120618"
"177.101.99.254";"BR";-55.000000;-10.000000;"AS28343 TPA TELECOMUNICACOES LTDA";"mlab2-iad01";0.173432;105998.745759;"0.004012999";"win32";"216.156.197.160";"bittorrent";1340030651;537797.425287;-1.000000;"e07e7f86-2d54-4e03-a044-d3475d794c0b";28343;"";"";14;6;2012;0;18;"20120618"
"24.246.9.229";"CA";-75.700000;45.416700;"AS5645 TekSavvy Solutions Inc. Toronto";"mlab2-iad01";0.032976;1759070.888805;"0.004012999";"darwin";"216.156.197.160";"bittorrent";1340030686;59526.750602;-1.000000;"3ca27e85-5058-4cde-a22c-eb606f55de62";5645;"ON";"Ottawa";14;6;2012;0;18;"20120618"
"98.124.100.208";"US";-80.038400;33.118000;"AS16863 Home Telephone Company, Inc.";"mlab2-iad01";0.043859;1205948.428195;"0.004012999";"linux2";"216.156.197.160";"bittorrent";1340030947;237484.535520;-1.000000;"adcd5d0f-b5f4-47e4-9505-249669f515a0";16863;"SC";"Moncks Corner";14;6;2012;0;18;"20120618"
"68.40.185.45";"US";-83.740900;42.277600;"AS7922 Comcast Cable Communications, Inc.";"mlab2-iad01";0.049012;2137013.860038;"0.004012999";"darwin";"216.156.197.160";"bittorrent";1340030964;744160.862087;-1.000000;"f77a7853-1ba8-4219-aa2c-2157b5e89023";7922;"MI";"Ann Arbor";14;6;2012;0;18;"20120618"
"66.66.21.182";"US";-77.602400;43.185800;"AS11351 Time Warner Cable Internet LLC";"mlab2-iad01";0.045859;2490071.665560;"0.004012999";"win32";"216.156.197.160";"speedtest";1340030979;557620.411784;0.047209;"b4fb3816-21d6-43b3-91fc-aabe40980e90";11351;"NY";"Rochester";14;6;2012;0;18;"20120618"
"190.153.2.209";"VE";-66.916700;10.500000;"AS11562 Net Uno, C.A.";"mlab2-iad01";0.349820;54472.777685;"0.004012999";"win32";"216.156.197.160";"bittorrent";1340030989;49426.422070;-1.000000;"fa502e52-2155-4466-8a9c-bcebe3b519d8";11562;"25";"Caracas";10;6;2012;0;18;"20120618"
"190.163.109.157";"CL";-70.666700;-33.450000;"AS22047 BANDA ANCHA S.A.";"mlab2-iad01";0.339718;114793.745281;"0.004012999";"win32";"216.156.197.160";"speedtest";1340031177;64260.976292;0.233659;"f5e5e79b-fb36-4391-8311-97964ef12297";22047;"12";"Santiago";10;6;2012;0;18;"20120618"
"68.175.101.106";"US";-74.006000;40.714300;"AS12271 Time Warner Cable Internet LLC";"mlab2-iad01";0.015997;3795885.855616;"0.004012999";"darwin";"216.156.197.160";"bittorrent";1340031225;638710.281246;-1.000000;"bff92ae8-06db-4514-9002-ba6c8f7bec43";12271;"NY";"New York";14;6;2012;0;18;"20120618"
"201.87.46.78";"BR";-46.665800;-23.473300;"AS19182 AJATO TELECOMUNICACAO LTDA";"mlab2-iad01";0.184938;342482.921185;"0.004012999";"darwin";"216.156.197.160";"speedtest";1340031253;104234.587170;0.189641;"f48ef4fb-0a2d-43a3-8ee2-d895edfd8dd5";19182;"27";"São Paulo";14;6;2012;0;18;"20120618"
"70.122.243.11";"US";-97.015000;32.954600;"AS11427 Time Warner Cable Internet LLC";"mlab2-iad01";0.063683;3589996.946243;"0.004012999";"win32";"216.156.197.160";"bittorrent";1340031456;549235.343734;-1.000000;"bab8f612-1f34-46c2-a83e-fbaa7a2f8fa7";11427;"TX";"Coppell";14;6;2012;0;18;"20120618"
"132.161.219.98";"US";-92.717600;41.721700;"AS22949 Grinnell College";"mlab2-iad01";0.069364;2620780.101980;"0.004012999";"win32";"216.156.197.160";"speedtest";1340031463;564128.401149;0.070683;"de23301c-c09c-4e47-aa2b-90a625720856";22949;"IA";"Grinnell";14;6;2012;0;18;"20120618"
"174.116.188.158";"CA";-79.416700;43.666700;"AS812 Rogers Cable Communications Inc.";"mlab2-iad01";9.447307;138605.842974;"0.004011999";"win32";"216.156.197.160";"bittorrent";1340031552;10154.838331;-1.000000;"1502ff6e-c49b-4896-8dcd-2ba9d8955e20";812;"ON";"Toronto";14;6;2012;0;18;"20120618"
"190.163.109.157";"CL";-70.666700;-33.450000;"AS22047 BANDA ANCHA S.A.";"mlab2-iad01";0.187050;300852.750893;"0.004012999";"darwin";"216.156.197.160";"bittorrent";1340031591;62040.240301;-1.000000;"56e84b5c-6262-4a01-8875-e389e4879c9a";22047;"12";"Santiago";10;6;2012;0;18;"20120618"
"71.187.199.3";"US";-74.216400;40.816200;"AS701 MCI Communications Services, Inc. d/b/a Verizon Business";"mlab2-iad01";0.026618;3698560.256357;"0.004011999";"win32";"216.156.197.160";"bittorrent";1340031626;1362218.526693;-1.000000;"a9bde20f-2872-443c-8e9b-a2f6f162c91d";701;"NJ";"Montclair";15;6;2012;0;18;"20120618"
"177.133.120.42";"BR";-34.933300;-8.350000;"AS18881 Global Village Telecom";"mlab2-iad01";0.104895;1126870.385590;"0.004011999";"win32";"216.156.197.160";"speedtest";1340031634;218278.690331;0.105894;"6a35591a-27a2-484e-842b-15ad4f0ef4df";18881;"30";"Santo Agostinho";15;6;2012;0;18;"20120618"
"201.74.153.130";"BR";-45.883300;-23.183300;"AS28573 Serviços de Comunicação S.A.";"mlab2-iad01";0.146649;933213.575375;"0.004012999";"win32";"216.156.197.160";"bittorrent";1340031661;94288.894729;-1.000000;"85079d2a-87b8-4176-acd6-24bc5d74ec4b";28573;"27";"São José Dos Campos";15;6;2012;0;18;"20120618"
"96.236.133.97";"US";-79.995900;40.440600;"AS701 MCI Communications Services, Inc. d/b/a Verizon Business";"mlab2-iad01";0.035029;344361.340308;"0.004012999";"linux2";"216.156.197.160";"bittorrent";1340031721;257142.022289;-1.000000;"002bd52f-5f9d-42eb-9ce6-e310c9db525a";701;"PA";"Pittsburgh";15;6;2012;0;18;"20120618"
"177.81.13.233";"BR";-46.665800;-23.473300;"AS28573 Serviços de Comunicação S.A.";"mlab2-iad01";0.133634;614572.203329;"0.004012999";"win32";"216.156.197.160";"speedtest";1340031745;53399.957419;0.139901;"01f13e8b-8792-465d-b299-c94a6ea6831d";28573;"27";"São Paulo";15;6;2012;0;18;"20120618"
"24.109.74.40";"CA";-84.333300;46.500000;"AS6327 Shaw Communications Inc.";"mlab2-iad01";0.135690;2808449.321000;"0.004012999";"win32";"216.156.197.160";"speedtest";1340032028;210823.736809;0.070486;"4db83560-1617-40a4-aea0-43a437033d77";6327;"ON";"Sault Sainte Marie";15;6;2012;0;18;"20120618"
"99.255.57.221";"CA";-80.507000;43.461300;"AS812 Rogers Cable Communications Inc.";"mlab2-iad01";0.031775;3055792.181544;"0.004012999";"win32";"216.156.197.160";"bittorrent";1340031836;9350.111206;-1.000000;"e0f34017-e672-4f3e-b193-c196b727112a";812;"ON";"Waterloo";15;6;2012;0;18;"20120618"
"201.6.232.83";"BR";-46.665800;-23.473300;"AS28573 Serviços de Comunicação S.A.";"mlab2-iad01";0.524373;1013069.543195;"0.004012999";"win32";"216.156.197.160";"bittorrent";1340031867;17695.859787;-1.000000;"d965a30b-55ec-45ea-9e34-6b396fd7235d";28573;"27";"São Paulo";15;6;2012;0;18;"20120618"
"206.188.84.168";"CA";-80.268800;43.574900;"AS11814 DISTRIBUTEL COMMUNICATIONS LTD.";"mlab2-iad01";0.056384;520784.568031;"0.004011999";"linux2";"216.156.197.160";"bittorrent";1340031888;123871.650138;-1.000000;"08b120a5-3b23-4e37-a868-4a69486e1bbe";11814;"ON";"Guelph";15;6;2012;0;18;"20120618"
"201.47.223.245";"BR";-51.200000;-30.033300;"AS18881 Global Village Telecom";"mlab2-iad01";0.169376;259363.349004;"0.004012999";"win32";"216.156.197.160";"bittorrent";1340032007;99622.057781;-1.000000;"5fca90cc-75dd-481e-b933-dec99e365ac6";18881;"23";"Porto Alegre";15;6;2012;0;18;"20120618"
"200.193.43.254";"BR";-55.000000;-10.000000;"AS8167 Brasil Telecom S/A - Filial Distrito Federal";"mlab2-iad01";0.154015;341325.036526;"0.004012999";"win32";"216.156.197.160";"speedtest";1340032070;804103.471794;0.154583;"e07e7f86-2d54-4e03-a044-d3475d794c0b";8167;"";"";15;6;2012;0;18;"20120618"
"24.246.9.229";"CA";-75.700000;45.416700;"AS5645 TekSavvy Solutions Inc. Toronto";"mlab2-iad01";0.034674;3916511.749270;"0.004012999";"darwin";"216.156.197.160";"speedtest";1340032294;61210.124177;0.037830;"3ca27e85-5058-4cde-a22c-eb606f55de62";5645;"ON";"Ottawa";15;6;2012;0;18;"20120618"
"68.40.185.45";"US";-83.740900;42.277600;"AS7922 Comcast Cable Communications, Inc.";"mlab2-iad01";0.049645;1459421.079600;"0.004012999";"darwin";"216.156.197.160";"speedtest";1340032370;758169.542593;0.053785;"f77a7853-1ba8-4219-aa2c-2157b5e89023";7922;"MI";"Ann Arbor";15;6;2012;0;18;"20120618"
"190.153.2.209";"VE";-66.916700;10.500000;"AS11562 Net Uno, C.A.";"mlab2-iad01";0.715028;72314.256324;"0.004012999";"win32";"216.156.197.160";"speedtest";1340032377;73634.103827;0.101420;"fa502e52-2155-4466-8a9c-bcebe3b519d8";11562;"25";"Caracas";10;6;2012;0;18;"20120618"
"75.145.125.61";"US";-104.984700;39.739200;"AS7922 Comcast Cable Communications, Inc.";"mlab2-iad01";0.065877;2629051.893590;"0.004012999";"linux2";"216.156.197.160";"bittorrent";1340032528;941628.863405;-1.000000;"d3080793-9920-4346-9c49-3a102587393e";7922;"CO";"Denver";15;6;2012;0;18;"20120618"
"72.81.232.139";"US";-76.837500;39.174900;"AS701 MCI Communications Services, Inc. d/b/a Verizon Business";"mlab2-iad01";0.136717;1307657.989480;"0.004012999";"darwin";"216.156.197.160";"speedtest";1340032570;240997.403761;0.096914;"5d2377cf-2e67-40be-b1dc-e439a545da6f";701;"MD";"Columbia";15;6;2012;0;18;"20120618"
"190.163.109.157";"CL";-70.666700;-33.450000;"AS22047 BANDA ANCHA S.A.";"mlab2-iad01";0.204258;286024.881276;"0.004012999";"win32";"216.156.197.160";"bittorrent";1340032768;39531.876024;-1.000000;"f5e5e79b-fb36-4391-8311-97964ef12297";22047;"12";"Santiago";11;6;2012;0;18;"20120618"
"201.87.46.78";"BR";-46.665800;-23.473300;"AS19182 AJATO TELECOMUNICACAO LTDA";"mlab2-iad01";0.188641;719015.360724;"0.004012999";"darwin";"216.156.197.160";"bittorrent";1340032827;117463.521496;-1.000000;"f48ef4fb-0a2d-43a3-8ee2-d895edfd8dd5";19182;"27";"São Paulo";15;6;2012;0;18;"20120618"
"71.204.165.181";"US";-122.036300;37.368800;"AS7922 Comcast Cable Communications, Inc.";"mlab2-iad01";0.089445;2450629.905320;"0.004012999";"darwin";"216.156.197.160";"speedtest";1340032913;516237.676759;0.094099;"1ce7a86b-b408-4815-ae8b-bf0652a278f3";7922;"CA";"Sunnyvale";15;6;2012;0;18;"20120618"
"190.163.109.157";"CL";-70.666700;-33.450000;"AS22047 BANDA ANCHA S.A.";"mlab2-iad01";0.237738;62535.677165;"0.004012999";"darwin";"216.156.197.160";"speedtest";1340033010;56291.208365;0.366358;"56e84b5c-6262-4a01-8875-e389e4879c9a";22047;"12";"Santiago";11;6;2012;0;18;"20120618"
"71.118.241.200";"US";-118.880000;34.213300;"AS701 MCI Communications Services, Inc. d/b/a Verizon Business";"mlab2-iad01";0.086715;3084749.226317;"0.004012999";"darwin";"216.156.197.160";"bittorrent";1340033067;1153443.437778;-1.000000;"6240ede4-4770-4ab9-a1a5-5df49c84c463";701;"CA";"Thousand Oaks";15;6;2012;0;18;"20120618"
"174.116.188.158";"CA";-79.416700;43.666700;"AS812 Rogers Cable Communications Inc.";"mlab2-iad01";3.356858;27465.269095;"0.004011999";"win32";"216.156.197.160";"speedtest";1340033083;7158.666656;0.470283;"1502ff6e-c49b-4896-8dcd-2ba9d8955e20";812;"ON";"Toronto";15;6;2012;0;18;"20120618"
"201.74.153.130";"BR";-45.883300;-23.183300;"AS28573 Serviços de Comunicação S.A.";"mlab2-iad01";0.133786;633475.714386;"0.004012999";"win32";"216.156.197.160";"speedtest";1340033173;83580.753419;0.153444;"85079d2a-87b8-4176-acd6-24bc5d74ec4b";28573;"27";"São José Dos Campos";15;6;2012;0;18;"20120618"
"177.133.120.42";"BR";-34.933300;-8.350000;"AS18881 Global Village Telecom";"mlab2-iad01";0.103617;213208.126506;"0.004011999";"win32";"216.156.197.160";"bittorrent";1340033183;53773.974127;-1.000000;"6a35591a-27a2-484e-842b-15ad4f0ef4df";18881;"30";"Santo Agostinho";15;6;2012;0;18;"20120618"
"24.109.74.40";"CA";-84.333300;46.500000;"AS6327 Shaw Communications Inc.";"mlab2-iad01";0.069301;3277860.381338;"0.004012999";"win32";"216.156.197.160";"bittorrent";1340033215;274305.440016;-1.000000;"4db83560-1617-40a4-aea0-43a437033d77";6327;"ON";"Sault Sainte Marie";15;6;2012;0;18;"20120618"
"177.81.13.233";"BR";-46.665800;-23.473300;"AS28573 Serviços de Comunicação S.A.";"mlab2-iad01";0.133183;861816.616667;"0.004012999";"win32";"216.156.197.160";"bittorrent";1340033238;86252.015654;-1.000000;"01f13e8b-8792-465d-b299-c94a6ea6831d";28573;"27";"São Paulo";15;6;2012;0;18;"20120618"
"24.2.64.100";"US";-112.008200;40.477400;"AS7922 Comcast Cable Communications, Inc.";"mlab2-iad01";0.154468;834257.343821;"0.004012999";"win32";"216.156.197.160";"speedtest";1340033334;137898.341363;0.080454;"9a8766b6-803d-48fa-b02a-2091ff6f496e";7922;"UT";"Riverton";15;6;2012;0;18;"20120618"
"99.255.57.221";"CA";-80.507000;43.461300;"AS812 Rogers Cable Communications Inc.";"mlab2-iad01";0.030749;6179739.744580;"0.004012999";"win32";"216.156.197.160";"speedtest";1340033314;249593.427515;0.033029;"e0f34017-e672-4f3e-b193-c196b727112a";812;"ON";"Waterloo";15;6;2012;0;18;"20120618"
"201.47.223.245";"BR";-51.200000;-30.033300;"AS18881 Global Village Telecom";"mlab2-iad01";0.167234;216686.010961;"0.004012999";"win32";"216.156.197.160";"speedtest";1340033423;81838.535335;0.170715;"5fca90cc-75dd-481e-b933-dec99e365ac6";18881;"23";"Porto Alegre";15;6;2012;0;18;"20120618"
"201.6.232.83";"BR";-46.665800;-23.473300;"AS28573 Serviços de Comunicação S.A.";"mlab2-iad01";0.133640;799381.361689;"0.004012999";"win32";"216.156.197.160";"speedtest";1340033490;51678.458196;0.237722;"d965a30b-55ec-45ea-9e34-6b396fd7235d";28573;"27";"São Paulo";15;6;2012;0;18;"20120618"
"206.188.84.168";"CA";-80.268800;43.574900;"AS11814 DISTRIBUTEL COMMUNICATIONS LTD.";"mlab2-iad01";0.049971;797305.622430;"0.004011999";"linux2";"216.156.197.160";"speedtest";1340033503;122433.898941;0.055500;"08b120a5-3b23-4e37-a868-4a69486e1bbe";11814;"ON";"Guelph";15;6;2012;0;18;"20120618"
"200.193.43.254";"BR";-55.000000;-10.000000;"AS8167 Brasil Telecom S/A - Filial Distrito Federal";"mlab2-iad01";0.147825;119777.942524;"0.004012999";"win32";"216.156.197.160";"bittorrent";1340033508;548246.308270;-1.000000;"e07e7f86-2d54-4e03-a044-d3475d794c0b";8167;"";"";15;6;2012;0;18;"20120618"
"24.246.9.229";"CA";-75.700000;45.416700;"AS5645 TekSavvy Solutions Inc. Toronto";"mlab2-iad01";0.033023;2636440.845141;"0.004012999";"darwin";"216.156.197.160";"bittorrent";1340033912;60102.923608;-1.000000;"3ca27e85-5058-4cde-a22c-eb606f55de62";5645;"ON";"Ottawa";15;6;2012;0;18;"20120618"
"190.153.2.209";"VE";-66.916700;10.500000;"AS11562 Net Uno, C.A.";"mlab2-iad01";0.072626;14128.931939;"0.004012999";"win32";"216.156.197.160";"bittorrent";1340033993;79765.631187;-1.000000;"fa502e52-2155-4466-8a9c-bcebe3b519d8";11562;"25";"Caracas";11;6;2012;0;18;"20120618"
"96.2.48.78";"US";-96.983300;42.836900;"AS11232 Midcontinent Media, Inc.";"mlab2-iad01";0.282659;654116.780719;"0.004011999";"win32";"216.156.197.160";"speedtest";1340034314;493911.913628;0.102437;"a7ed429a-44c3-4195-a0e5-7eac41680125";11232;"SD";"Vermillion";15;6;2012;0;18;"20120618"
"190.163.109.157";"CL";-70.666700;-33.450000;"AS22047 BANDA ANCHA S.A.";"mlab2-iad01";0.289806;130107.336022;"0.004012999";"win32";"216.156.197.160";"speedtest";1340034347;57757.319228;0.293871;"f5e5e79b-fb36-4391-8311-97964ef12297";22047;"12";"Santiago";11;6;2012;0;18;"20120618"
"201.87.46.78";"BR";-46.665800;-23.473300;"AS19182 AJATO TELECOMUNICACAO LTDA";"mlab2-iad01";0.187922;436731.172513;"0.004012999";"darwin";"216.156.197.160";"speedtest";1340034397;99991.269148;0.191410;"f48ef4fb-0a2d-43a3-8ee2-d895edfd8dd5";19182;"27";"São Paulo";15;6;2012;0;18;"20120618"
"190.163.109.157";"CL";-70.666700;-33.450000;"AS22047 BANDA ANCHA S.A.";"mlab2-iad01";0.188814;291535.917399;"0.004012999";"darwin";"216.156.197.160";"bittorrent";1340034427;43674.697488;-1.000000;"56e84b5c-6262-4a01-8875-e389e4879c9a";22047;"12";"Santiago";11;6;2012;0;18;"20120618"
"24.109.74.40";"CA";-84.333300;46.500000;"AS6327 Shaw Communications Inc.";"mlab2-iad01";0.073036;2471818.942150;"0.004012999";"win32";"216.156.197.160";"speedtest";1340034812;330913.672323;0.081478;"4db83560-1617-40a4-aea0-43a437033d77";6327;"ON";"Sault Sainte Marie";15;6;2012;0;18;"20120618"
"201.74.153.130";"BR";-45.883300;-23.183300;"AS28573 Serviços de Comunicação S.A.";"mlab2-iad01";0.157087;546580.149282;"0.004012999";"win32";"216.156.197.160";"bittorrent";1340034685;86202.191510;-1.000000;"85079d2a-87b8-4176-acd6-24bc5d74ec4b";28573;"27";"São José Dos Campos";15;6;2012;0;18;"20120618"
"177.133.120.42";"BR";-34.933300;-8.350000;"AS18881 Global Village Telecom";"mlab2-iad01";0.105747;1008209.712760;"0.004011999";"win32";"216.156.197.160";"speedtest";1340034689;235919.492433;0.112383;"6a35591a-27a2-484e-842b-15ad4f0ef4df";18881;"30";"Santo Agostinho";15;6;2012;0;18;"20120618"
"177.81.13.233";"BR";-46.665800;-23.473300;"AS28573 Serviços de Comunicação S.A.";"mlab2-iad01";0.132318;604759.740974;"0.004012999";"win32";"216.156.197.160";"speedtest";1340034719;54055.471660;0.137899;"01f13e8b-8792-465d-b299-c94a6ea6831d";28573;"27";"São Paulo";15;6;2012;0;18;"20120618"
"174.116.188.158";"CA";-79.416700;43.666700;"AS812 Rogers Cable Communications Inc.";"mlab2-iad01";0.399037;175693.740511;"0.004011999";"win32";"216.156.197.160";"bittorrent";1340034748;6910.243143;-1.000000;"1502ff6e-c49b-4896-8dcd-2ba9d8955e20";812;"ON";"Toronto";15;6;2012;0;18;"20120618"
"201.47.223.245";"BR";-51.200000;-30.033300;"AS18881 Global Village Telecom";"mlab2-iad01";0.216154;299996.656265;"0.004012999";"win32";"216.156.197.160";"bittorrent";1340034838;89731.655934;-1.000000;"5fca90cc-75dd-481e-b933-dec99e365ac6";18881;"23";"Porto Alegre";15;6;2012;0;18;"20120618"
"24.130.152.60";"US";-122.088500;37.709000;"AS7922 Comcast Cable Communications, Inc.";"mlab2-iad01";0.087507;3447217.240511;"0.004012999";"darwin";"216.156.197.160";"bittorrent";1340034919;781174.490931;-1.000000;"92ef1dc6-e5b9-40c8-800b-cc909779319d";7922;"CA";"Castro Valley";15;6;2012;0;18;"20120618"
"200.193.43.254";"BR";-55.000000;-10.000000;"AS8167 Brasil Telecom S/A - Filial Distrito Federal";"mlab2-iad01";0.166068;808183.468274;"0.004012999";"win32";"216.156.197.160";"speedtest";1340034924;847813.761449;0.163254;"e07e7f86-2d54-4e03-a044-d3475d794c0b";8167;"";"";15;6;2012;0;18;"20120618"
"99.255.57.221";"CA";-80.507000;43.461300;"AS812 Rogers Cable Communications Inc.";"mlab2-iad01";0.030981;4135090.810911;"0.004012999";"win32";"216.156.197.160";"bittorrent";1340034940;5002.155563;-1.000000;"e0f34017-e672-4f3e-b193-c196b727112a";812;"ON";"Waterloo";15;6;2012;0;18;"20120618"
"50.78.87.177";"US";-106.097500;39.574400;"AS7922 Comcast Cable Communications, Inc.";"mlab2-iad01";0.070813;849194.589605;"0.004012999";"win32";"216.156.197.160";"bittorrent";1340035064;570574.710298;-1.000000;"c4393561-5207-49e8-879a-bbb805c9188f";7922;"CO";"Frisco";15;6;2012;0;18;"20120618"
"71.58.226.44";"US";-75.961500;41.249000;"AS7922 Comcast Cable Communications, Inc.";"mlab2-iad01";0.030920;4244718.756065;"0.004012999";"win32";"216.156.197.160";"bittorrent";1340035097;706601.930356;-1.000000;"fb6cc5ca-37c3-44c5-8176-4a40a17f217a";7922;"PA";"Plymouth";15;6;2012;0;18;"20120618"
"206.188.84.168";"CA";-80.268800;43.574900;"AS11814 DISTRIBUTEL COMMUNICATIONS LTD.";"mlab2-iad01";0.049502;175443.032714;"0.004011999";"linux2";"216.156.197.160";"bittorrent";1340035116;123262.891815;-1.000000;"08b120a5-3b23-4e37-a868-4a69486e1bbe";11814;"ON";"Guelph";15;6;2012;0;18;"20120618"
"201.6.232.83";"BR";-46.665800;-23.473300;"AS28573 Serviços de Comunicação S.A.";"mlab2-iad01";0.242805;845144.107985;"0.004012999";"win32";"216.156.197.160";"bittorrent";1340035126;22679.819172;-1.000000;"d965a30b-55ec-45ea-9e34-6b396fd7235d";28573;"27";"São Paulo";15;6;2012;0;18;"20120618"
"66.235.50.69";"US";-122.029600;47.586900;"AS23292 Broadstripe";"mlab2-iad01";0.085005;468341.739936;"0.004012999";"darwin";"216.156.197.160";"bittorrent";1340035406;282280.071904;-1.000000;"619f12e6-7e7a-4475-96aa-abb7e35e6c27";23292;"WA";"Sammamish";16;6;2012;0;18;"20120618"
"190.153.2.209";"VE";-66.916700;10.500000;"AS11562 Net Uno, C.A.";"mlab2-iad01";1.145793;35868.032872;"0.004012999";"win32";"216.156.197.160";"speedtest";1340035384;81540.775793;0.167587;"fa502e52-2155-4466-8a9c-bcebe3b519d8";11562;"25";"Caracas";11;6;2012;0;18;"20120618"
"24.246.9.229";"CA";-75.700000;45.416700;"AS5645 TekSavvy Solutions Inc. Toronto";"mlab2-iad01";0.034119;1662158.084930;"0.004012999";"darwin";"216.156.197.160";"speedtest";1340035526;62104.703081;0.039949;"3ca27e85-5058-4cde-a22c-eb606f55de62";5645;"ON";"Ottawa";16;6;2012;0;18;"20120618"
"69.143.19.17";"US";-77.104300;38.881000;"AS7922 Comcast Cable Communications, Inc.";"mlab2-iad01";0.015172;2871831.030548;"0.004012999";"darwin";"216.156.197.160";"bittorrent";1340035716;509255.698922;-1.000000;"9b4267aa-e8b7-40bb-a139-5ad1187a6f5d";7922;"VA";"Arlington";16;6;2012;0;18;"20120618"
"190.163.109.157";"CL";-70.666700;-33.450000;"AS22047 BANDA ANCHA S.A.";"mlab2-iad01";0.431586;98957.722141;"0.004012999";"darwin";"216.156.197.160";"speedtest";1340035831;50941.185957;0.425472;"56e84b5c-6262-4a01-8875-e389e4879c9a";22047;"12";"Santiago";12;6;2012;0;18;"20120618"
"69.73.194.208";"GD";-61.666700;12.116700;"AS11139 CWRIN CW BARBADOS";"mlab2-iad01";0.571563;420132.314805;"0.004010999";"win32";"216.156.197.160";"speedtest";1340035975;98074.712359;0.108367;"d3c13d7a-e6db-48af-ade7-4cbb1e3e33db";11139;"";"";12;6;2012;0;18;"20120618"
"201.87.46.78";"BR";-46.665800;-23.473300;"AS19182 AJATO TELECOMUNICACAO LTDA";"mlab2-iad01";0.173152;135308.685449;"0.004012999";"darwin";"216.156.197.160";"bittorrent";1340035998;116089.464822;-1.000000;"f48ef4fb-0a2d-43a3-8ee2-d895edfd8dd5";19182;"27";"São Paulo";16;6;2012;0;18;"20120618"
"24.109.74.40";"CA";-84.333300;46.500000;"AS6327 Shaw Communications Inc.";"mlab2-iad01";0.067883;3077929.229197;"0.004012999";"win32";"216.156.197.160";"bittorrent";1340036002;256574.511165;-1.000000;"4db83560-1617-40a4-aea0-43a437033d77";6327;"ON";"Sault Sainte Marie";16;6;2012;0;18;"20120618"
"201.74.153.130";"BR";-45.883300;-23.183300;"AS28573 Serviços de Comunicação S.A.";"mlab2-iad01";0.143730;552609.203381;"0.004012999";"win32";"216.156.197.160";"speedtest";1340036197;78798.807028;0.150415;"85079d2a-87b8-4176-acd6-24bc5d74ec4b";28573;"27";"São José Dos Campos";16;6;2012;0;18;"20120618"
"177.133.120.42";"BR";-34.933300;-8.350000;"AS18881 Global Village Telecom";"mlab2-iad01";0.104539;1403183.861827;"0.004011999";"win32";"216.156.197.160";"bittorrent";1340036212;302031.659864;-1.000000;"6a35591a-27a2-484e-842b-15ad4f0ef4df";18881;"30";"Santo Agostinho";16;6;2012;0;18;"20120618"
"177.81.13.233";"BR";-46.665800;-23.473300;"AS28573 Serviços de Comunicação S.A.";"mlab2-iad01";0.136865;845910.658648;"0.004012999";"win32";"216.156.197.160";"bittorrent";1340036212;87112.396079;-1.000000;"01f13e8b-8792-465d-b299-c94a6ea6831d";28573;"27";"São Paulo";16;6;2012;0;18;"20120618"
"201.47.223.245";"BR";-51.200000;-30.033300;"AS18881 Global Village Telecom";"mlab2-iad01";0.165337;109630.138774;"0.004012999";"win32";"216.156.197.160";"speedtest";1340036257;83079.480815;0.189280;"5fca90cc-75dd-481e-b933-dec99e365ac6";18881;"23";"Porto Alegre";16;6;2012;0;18;"20120618"
"174.116.188.158";"CA";-79.416700;43.666700;"AS812 Rogers Cable Communications Inc.";"mlab2-iad01";0.391819;42737.895554;"0.004011999";"win32";"216.156.197.160";"speedtest";1340036262;6633.163313;0.316212;"1502ff6e-c49b-4896-8dcd-2ba9d8955e20";812;"ON";"Toronto";16;6;2012;0;18;"20120618"
"200.193.43.254";"BR";-55.000000;-10.000000;"AS8167 Brasil Telecom S/A - Filial Distrito Federal";"mlab2-iad01";0.171224;352624.506928;"0.004012999";"win32";"216.156.197.160";"bittorrent";1340036340;770227.917772;-1.000000;"e07e7f86-2d54-4e03-a044-d3475d794c0b";8167;"";"";16;6;2012;0;18;"20120618"
"99.255.57.221";"CA";-80.507000;43.461300;"AS812 Rogers Cable Communications Inc.";"mlab2-iad01";0.029843;6109321.049290;"0.004012999";"win32";"216.156.197.160";"speedtest";1340036417;249066.968237;0.032078;"e0f34017-e672-4f3e-b193-c196b727112a";812;"ON";"Waterloo";16;6;2012;0;18;"20120618"
"206.188.84.168";"CA";-80.268800;43.574900;"AS11814 DISTRIBUTEL COMMUNICATIONS LTD.";"mlab2-iad01";0.049745;277751.240405;"0.004011999";"linux2";"216.156.197.160";"speedtest";1340036732;122602.863874;0.059159;"08b120a5-3b23-4e37-a868-4a69486e1bbe";11814;"ON";"Guelph";16;6;2012;0;18;"20120618"
"201.6.232.83";"BR";-46.665800;-23.473300;"AS28573 Serviços de Comunicação S.A.";"mlab2-iad01";0.134675;773342.304493;"0.004012999";"win32";"216.156.197.160";"speedtest";1340036747;55879.593009;0.144200;"d965a30b-55ec-45ea-9e34-6b396fd7235d";28573;"27";"São Paulo";16;6;2012;0;18;"20120618"
"190.153.2.209";"VE";-66.916700;10.500000;"AS11562 Net Uno, C.A.";"mlab2-iad01";0.162009;90452.685155;"0.004012999";"win32";"216.156.197.160";"bittorrent";1340037005;39334.187861;-1.000000;"fa502e52-2155-4466-8a9c-bcebe3b519d8";11562;"25";"Caracas";12;6;2012;0;18;"20120618"
"24.246.9.229";"CA";-75.700000;45.416700;"AS5645 TekSavvy Solutions Inc. Toronto";"mlab2-iad01";0.046652;2378511.377219;"0.004012999";"darwin";"216.156.197.160";"bittorrent";1340037148;60609.887055;-1.000000;"3ca27e85-5058-4cde-a22c-eb606f55de62";5645;"ON";"Ottawa";16;6;2012;0;18;"20120618"
"190.163.109.157";"CL";-70.666700;-33.450000;"AS22047 BANDA ANCHA S.A.";"mlab2-iad01";0.458745;303455.606446;"0.004012999";"darwin";"216.156.197.160";"bittorrent";1340037245;31194.452467;-1.000000;"56e84b5c-6262-4a01-8875-e389e4879c9a";22047;"12";"Santiago";12;6;2012;0;18;"20120618"
"184.163.16.5";"CA";-73.846600;45.648800;"AS5769 Videotron Telecom Ltee";"mlab2-iad01";0.047939;1229330.455700;"0.004012999";"darwin";"216.156.197.160";"speedtest";1340037259;259128.683274;0.054129;"28117871-2c97-46f4-8f0f-9bcfeadac357";5769;"QC";"Blainville";16;6;2012;0;18;"20120618"
"24.109.74.40";"CA";-84.333300;46.500000;"AS6327 Shaw Communications Inc.";"mlab2-iad01";0.088852;2464933.688220;"0.004012999";"win32";"216.156.197.160";"speedtest";1340037605;164352.103078;0.080375;"4db83560-1617-40a4-aea0-43a437033d77";6327;"ON";"Sault Sainte Marie";16;6;2012;0;18;"20120618"
"201.87.46.78";"BR";-46.665800;-23.473300;"AS19182 AJATO TELECOMUNICACAO LTDA";"mlab2-iad01";0.186145;243578.665345;"0.004012999";"darwin";"216.156.197.160";"speedtest";1340037574;97223.679668;0.194422;"f48ef4fb-0a2d-43a3-8ee2-d895edfd8dd5";19182;"27";"São Paulo";16;6;2012;0;18;"20120618"
"177.81.13.233";"BR";-46.665800;-23.473300;"AS28573 Serviços de Comunicação S.A.";"mlab2-iad01";0.136439;244496.991326;"0.004012999";"win32";"216.156.197.160";"speedtest";1340037701;48316.419092;0.151125;"01f13e8b-8792-465d-b299-c94a6ea6831d";28573;"27";"São Paulo";16;6;2012;0;18;"20120618"
"201.74.153.130";"BR";-45.883300;-23.183300;"AS28573 Serviços de Comunicação S.A.";"mlab2-iad01";0.147632;610435.788246;"0.004012999";"win32";"216.156.197.160";"bittorrent";1340037706;78601.069620;-1.000000;"85079d2a-87b8-4176-acd6-24bc5d74ec4b";28573;"27";"São José Dos Campos";16;6;2012;0;18;"20120618"
"177.133.120.42";"BR";-34.933300;-8.350000;"AS18881 Global Village Telecom";"mlab2-iad01";0.104389;1344204.272500;"0.004011999";"win32";"216.156.197.160";"speedtest";1340037714;330162.610847;0.104460;"6a35591a-27a2-484e-842b-15ad4f0ef4df";18881;"30";"Santo Agostinho";16;6;2012;0;18;"20120618"
"189.26.124.130";"BR";-55.000000;-10.000000;"AS18881 Global Village Telecom";"mlab2-iad01";0.147406;176502.691184;"0.004012999";"win32";"216.156.197.160";"speedtest";1340037775;542360.477498;0.149363;"e07e7f86-2d54-4e03-a044-d3475d794c0b";18881;"";"";16;6;2012;0;18;"20120618"
"174.116.188.158";"CA";-79.416700;43.666700;"AS812 Rogers Cable Communications Inc.";"mlab2-iad01";0.561443;119352.390043;"0.004011999";"win32";"216.156.197.160";"bittorrent";1340037817;5104.105668;-1.000000;"1502ff6e-c49b-4896-8dcd-2ba9d8955e20";812;"ON";"Toronto";16;6;2012;0;18;"20120618"
"190.163.109.157";"CL";-70.666700;-33.450000;"AS22047 BANDA ANCHA S.A.";"mlab2-iad01";0.250374;125066.804469;"0.004012999";"win32";"216.156.197.160";"speedtest";1340037840;128536.117886;0.469174;"f5e5e79b-fb36-4391-8311-97964ef12297";22047;"12";"Santiago";12;6;2012;0;18;"20120618"
"75.132.191.176";"US";-89.899800;38.512100;"AS20115 Charter Communications";"mlab2-iad01";0.037903;2990016.618917;"0.004012999";"win32";"216.156.197.160";"bittorrent";1340037864;404153.916993;-1.000000;"c08311ac-7edd-4390-b447-4ca484b5dacc";20115;"IL";"Belleville";16;6;2012;0;18;"20120618"
"207.34.171.98";"CA";-95.000000;60.000000;"AS852 TELUS Communications Inc.";"mlab2-iad01";0.145465;304750.929647;"0.004012999";"win32";"216.156.197.160";"speedtest";1340038129;671737.100902;0.168448;"cc98364e-3c42-4878-ac11-5b85bef11b7d";852;"";"";16;6;2012;0;18;"20120618"
"99.255.57.221";"CA";-80.507000;43.461300;"AS812 Rogers Cable Communications Inc.";"mlab2-iad01";0.030599;2467524.699739;"0.004012999";"win32";"216.156.197.160";"bittorrent";1340038173;2545.683584;-1.000000;"e0f34017-e672-4f3e-b193-c196b727112a";812;"ON";"Waterloo";16;6;2012;0;18;"20120618"
"66.235.50.69";"US";-122.029600;47.586900;"AS23292 Broadstripe";"mlab2-iad01";0.083151;583357.505836;"0.004012999";"darwin";"216.156.197.160";"bittorrent";1340038242;287764.994622;-1.000000;"619f12e6-7e7a-4475-96aa-abb7e35e6c27";23292;"WA";"Sammamish";16;6;2012;0;18;"20120618"
"206.188.84.168";"CA";-80.268800;43.574900;"AS11814 DISTRIBUTEL COMMUNICATIONS LTD.";"mlab2-iad01";0.043032;1843930.082587;"0.004011999";"linux2";"216.156.197.160";"bittorrent";1340038339;123904.185226;-1.000000;"08b120a5-3b23-4e37-a868-4a69486e1bbe";11814;"ON";"Guelph";16;6;2012;0;18;"20120618"
"74.60.227.223";"US";-84.561300;39.399500;"AS16586 CLEARWIRE - CLEAR WIRELESS LLC";"mlab2-iad01";0.088766;233551.168416;"0.004012999";"win32";"216.156.197.160";"speedtest";1340038369;37267.672367;0.128732;"59bc30c0-4f87-4fbd-8bb7-35768315d718";16586;"OH";"Hamilton";16;6;2012;0;18;"20120618"
"201.6.232.83";"BR";-46.665800;-23.473300;"AS28573 Serviços de Comunicação S.A.";"mlab2-iad01";0.619435;990767.296158;"0.004012999";"win32";"216.156.197.160";"bittorrent";1340038396;26273.922029;-1.000000;"d965a30b-55ec-45ea-9e34-6b396fd7235d";28573;"27";"São Paulo";16;6;2012;0;18;"20120618"
"190.153.2.209";"VE";-66.916700;10.500000;"AS11562 Net Uno, C.A.";"mlab2-iad01";1.168807;28678.126827;"0.004012999";"win32";"216.156.197.160";"speedtest";1340038397;52603.125882;0.216608;"fa502e52-2155-4466-8a9c-bcebe3b519d8";11562;"25";"Caracas";12;6;2012;0;18;"20120618"
"190.163.109.157";"CL";-70.666700;-33.450000;"AS22047 BANDA ANCHA S.A.";"mlab2-iad01";0.180854;124901.281047;"0.004012999";"darwin";"216.156.197.160";"speedtest";1340038649;45572.216633;0.306985;"56e84b5c-6262-4a01-8875-e389e4879c9a";22047;"12";"Santiago";12;6;2012;0;18;"20120618"
"24.246.9.229";"CA";-75.700000;45.416700;"AS5645 TekSavvy Solutions Inc. Toronto";"mlab2-iad01";0.034175;3284329.870560;"0.004012999";"darwin";"216.156.197.160";"speedtest";1340038758;59925.942732;0.037919;"3ca27e85-5058-4cde-a22c-eb606f55de62";5645;"ON";"Ottawa";16;6;2012;0;18;"20120618"
"24.109.74.40";"CA";-84.333300;46.500000;"AS6327 Shaw Communications Inc.";"mlab2-iad01";0.167963;1841767.143560;"0.004012999";"win32";"216.156.197.160";"bittorrent";1340038800;201549.183877;-1.000000;"4db83560-1617-40a4-aea0-43a437033d77";6327;"ON";"Sault Sainte Marie";17;6;2012;0;18;"20120618"
"96.2.48.78";"US";-96.983300;42.836900;"AS11232 Midcontinent Media, Inc.";"mlab2-iad01";0.082757;747037.441865;"0.004011999";"win32";"216.156.197.160";"bittorrent";1340038860;457792.690822;-1.000000;"a7ed429a-44c3-4195-a0e5-7eac41680125";11232;"SD";"Vermillion";17;6;2012;0;18;"20120618"
"68.58.165.186";"US";-80.107000;32.841300;"AS7922 Comcast Cable Communications, Inc.";"mlab2-iad01";0.044959;933199.765209;"0.004012999";"linux2";"216.156.197.160";"speedtest";1340038958;821294.449171;0.046080;"564f666b-3c55-40d4-a5f8-92064e970a5f";7922;"SC";"Charleston";17;6;2012;0;18;"20120618"
"201.87.46.78";"BR";-46.665800;-23.473300;"AS19182 AJATO TELECOMUNICACAO LTDA";"mlab2-iad01";0.186819;96116.975859;"0.004012999";"darwin";"216.156.197.160";"bittorrent";1340039152;105464.674851;-1.000000;"f48ef4fb-0a2d-43a3-8ee2-d895edfd8dd5";19182;"27";"São Paulo";17;6;2012;0;18;"20120618"
"177.101.99.254";"BR";-55.000000;-10.000000;"AS28343 TPA TELECOMUNICACOES LTDA";"mlab2-iad01";0.138525;485124.774369;"0.004012999";"win32";"216.156.197.160";"bittorrent";1340039191;554935.564292;-1.000000;"e07e7f86-2d54-4e03-a044-d3475d794c0b";28343;"";"";17;6;2012;0;18;"20120618"
"177.81.13.233";"BR";-46.665800;-23.473300;"AS28573 Serviços de Comunicação S.A.";"mlab2-iad01";0.152184;701294.164992;"0.004012999";"win32";"216.156.197.160";"bittorrent";1340039209;41008.256929;-1.000000;"01f13e8b-8792-465d-b299-c94a6ea6831d";28573;"27";"São Paulo";17;6;2012;0;18;"20120618"
"201.74.153.130";"BR";-45.883300;-23.183300;"AS28573 Serviços de Comunicação S.A.";"mlab2-iad01";0.172104;503721.492085;"0.004012999";"win32";"216.156.197.160";"speedtest";1340039219;64254.309937;0.178402;"85079d2a-87b8-4176-acd6-24bc5d74ec4b";28573;"27";"São José Dos Campos";17;6;2012;0;18;"20120618"
"177.133.120.42";"BR";-34.933300;-8.350000;"AS18881 Global Village Telecom";"mlab2-iad01";0.115822;229461.411225;"0.004011999";"win32";"216.156.197.160";"bittorrent";1340039257;250486.469000;-1.000000;"6a35591a-27a2-484e-842b-15ad4f0ef4df";18881;"30";"Santo Agostinho";17;6;2012;0;18;"20120618"
"174.116.188.158";"CA";-79.416700;43.666700;"AS812 Rogers Cable Communications Inc.";"mlab2-iad01";0.571693;41724.535348;"0.004011999";"win32";"216.156.197.160";"speedtest";1340039337;6076.766284;0.497030;"1502ff6e-c49b-4896-8dcd-2ba9d8955e20";812;"ON";"Toronto";17;6;2012;0;18;"20120618"
"190.163.109.157";"CL";-70.666700;-33.450000;"AS22047 BANDA ANCHA S.A.";"mlab2-iad01";0.318505;396399.264514;"0.004012999";"win32";"216.156.197.160";"bittorrent";1340039426;37773.292725;-1.000000;"f5e5e79b-fb36-4391-8311-97964ef12297";22047;"12";"Santiago";13;6;2012;0;18;"20120618"
"99.92.88.210";"US";-122.030700;37.353700;"AS7018 AT&T Services, Inc.";"mlab2-iad01";0.100522;1016800.661490;"0.004012999";"darwin";"216.156.197.160";"speedtest";1340039631;172399.186068;0.101879;"13cf72ab-670c-4dc7-8fad-aa9a41f4355d";7018;"CA";"Sunnyvale";17;6;2012;0;18;"20120618"
"99.255.57.221";"CA";-80.507000;43.461300;"AS812 Rogers Cable Communications Inc.";"mlab2-iad01";0.029505;6009727.824130;"0.004012999";"win32";"216.156.197.160";"speedtest";1340039650;247875.731530;0.033154;"e0f34017-e672-4f3e-b193-c196b727112a";812;"ON";"Waterloo";17;6;2012;0;18;"20120618"
"68.40.93.208";"US";-82.582300;42.637600;"AS7922 Comcast Cable Communications, Inc.";"mlab2-iad01";0.025995;1386590.755141;"0.004011999";"win32";"216.156.197.160";"bittorrent";1340039903;394780.577423;-1.000000;"5ddd06da-64ad-444c-b2c0-525541d4d177";7922;"MI";"Algonac";17;6;2012;0;18;"20120618"
"206.188.84.168";"CA";-80.268800;43.574900;"AS11814 DISTRIBUTEL COMMUNICATIONS LTD.";"mlab2-iad01";0.049942;1990110.460140;"0.004011999";"linux2";"216.156.197.160";"speedtest";1340039945;122118.263794;0.054010;"08b120a5-3b23-4e37-a868-4a69486e1bbe";11814;"ON";"Guelph";17;6;2012;0;18;"20120618"
"190.153.2.209";"VE";-66.916700;10.500000;"AS11562 Net Uno, C.A.";"mlab2-iad01";0.070549;117046.697226;"0.004012999";"win32";"216.156.197.160";"bittorrent";1340040003;79057.785862;-1.000000;"fa502e52-2155-4466-8a9c-bcebe3b519d8";11562;"25";"Caracas";12;6;2012;0;18;"20120618"
"201.6.232.83";"BR";-46.665800;-23.473300;"AS28573 Serviços de Comunicação S.A.";"mlab2-iad01";0.171562;723020.913555;"0.004012999";"win32";"216.156.197.160";"speedtest";1340040018;53124.607754;0.171758;"d965a30b-55ec-45ea-9e34-6b396fd7235d";28573;"27";"São Paulo";17;6;2012;0;18;"20120618"
"75.127.236.122";"US";-97.000000;38.000000;"AS6128 Cablevision Systems Corp.";"mlab2-iad01";0.018015;2997056.311351;"0.004012999";"win32";"216.156.197.160";"bittorrent";1340040127;601261.479169;-1.000000;"560c097a-1dfa-4e05-9893-bdc56e35afc3";6128;"";"";17;6;2012;0;18;"20120618"
"24.109.74.40";"CA";-84.333300;46.500000;"AS6327 Shaw Communications Inc.";"mlab2-iad01";0.064956;2863409.493150;"0.004012999";"win32";"216.156.197.160";"speedtest";1340040406;64067.852543;0.073954;"4db83560-1617-40a4-aea0-43a437033d77";6327;"ON";"Sault Sainte Marie";17;6;2012;0;18;"20120618"
"24.246.9.229";"CA";-75.700000;45.416700;"AS5645 TekSavvy Solutions Inc. Toronto";"mlab2-iad01";0.034199;2461805.568598;"0.004012999";"darwin";"216.156.197.160";"bittorrent";1340040378;58354.222145;-1.000000;"3ca27e85-5058-4cde-a22c-eb606f55de62";5645;"ON";"Ottawa";17;6;2012;0;18;"20120618"
"200.193.43.254";"BR";-55.000000;-10.000000;"AS8167 Brasil Telecom S/A - Filial Distrito Federal";"mlab2-iad01";0.421157;40446.024699;"0.004012999";"win32";"216.156.197.160";"speedtest";1340040637;171297.996866;0.422847;"e07e7f86-2d54-4e03-a044-d3475d794c0b";8167;"";"";17;6;2012;0;18;"20120618"
"186.32.56.228";"CR";-84.083300;9.933300;"AS262197 Amnet Cable Costa Rica";"mlab2-iad01";0.088987;197872.611689;"0.004012999";"win32";"216.156.197.160";"bittorrent";1340040647;54608.744112;-1.000000;"225c93a5-53b8-4755-a531-c9fa5f219359";262197;"08";"San José";11;6;2012;0;18;"20120618"
"76.169.71.176";"US";-118.273400;33.963800;"AS20001 Time Warner Cable Internet LLC";"mlab2-iad01";0.085215;1666986.494320;"0.004011999";"win32";"216.156.197.160";"speedtest";1340040694;118923.553032;0.086974;"2f0c137b-7982-4d9c-b50a-c362f2d810e0";20001;"CA";"Los Angeles";17;6;2012;0;18;"20120618"
"177.81.13.233";"BR";-46.665800;-23.473300;"AS28573 Serviços de Comunicação S.A.";"mlab2-iad01";0.132394;225591.440589;"0.004012999";"win32";"216.156.197.160";"speedtest";1340040697;48998.449116;0.138691;"01f13e8b-8792-465d-b299-c94a6ea6831d";28573;"27";"São Paulo";17;6;2012;0;18;"20120618"
"201.87.46.78";"BR";-46.665800;-23.473300;"AS19182 AJATO TELECOMUNICACAO LTDA";"mlab2-iad01";0.187384;368751.321779;"0.004012999";"darwin";"216.156.197.160";"speedtest";1340040723;94186.714892;0.192608;"f48ef4fb-0a2d-43a3-8ee2-d895edfd8dd5";19182;"27";"São Paulo";17;6;2012;0;18;"20120618"
"201.74.153.130";"BR";-45.883300;-23.183300;"AS28573 Serviços de Comunicação S.A.";"mlab2-iad01";0.149035;410068.939086;"0.004012999";"win32";"216.156.197.160";"bittorrent";1340040733;59067.771406;-1.000000;"85079d2a-87b8-4176-acd6-24bc5d74ec4b";28573;"27";"São José Dos Campos";17;6;2012;0;18;"20120618"
"74.163.8.166";"US";-86.875000;30.446700;"AS6389 BellSouth.net Inc.";"mlab2-iad01";0.060494;235864.941486;"0.004012999";"win32";"216.156.197.160";"bittorrent";1340040757;50635.358394;-1.000000;"4565989b-987f-4c3c-aa75-a740afde3068";6389;"FL";"Navarre";17;6;2012;0;18;"20120618"
"177.133.120.42";"BR";-34.933300;-8.350000;"AS18881 Global Village Telecom";"mlab2-iad01";0.103717;1545317.533810;"0.004011999";"win32";"216.156.197.160";"speedtest";1340040763;268663.966306;0.109488;"6a35591a-27a2-484e-842b-15ad4f0ef4df";18881;"30";"Santo Agostinho";17;6;2012;0;18;"20120618"
"174.116.188.158";"CA";-79.416700;43.666700;"AS812 Rogers Cable Communications Inc.";"mlab2-iad01";3.498006;95584.631507;"0.004011999";"win32";"216.156.197.160";"bittorrent";1340040922;4711.884631;-1.000000;"1502ff6e-c49b-4896-8dcd-2ba9d8955e20";812;"ON";"Toronto";17;6;2012;0;18;"20120618"
"207.34.171.98";"CA";-95.000000;60.000000;"AS852 TELUS Communications Inc.";"mlab2-iad01";0.076414;726518.999092;"0.004012999";"win32";"216.156.197.160";"speedtest";1340040948;1474710.233530;0.077117;"cc98364e-3c42-4878-ac11-5b85bef11b7d";852;"";"";17;6;2012;0;18;"20120618"
"190.163.109.157";"CL";-70.666700;-33.450000;"AS22047 BANDA ANCHA S.A.";"mlab2-iad01";0.185451;119079.155033;"0.004012999";"win32";"216.156.197.160";"speedtest";1340041004;122932.156060;0.189478;"f5e5e79b-fb36-4391-8311-97964ef12297";22047;"12";"Santiago";13;6;2012;0;18;"20120618"
"98.203.140.223";"US";-122.304300;47.610200;"AS7922 Comcast Cable Communications, Inc.";"mlab2-iad01";0.100857;1497980.918530;"0.004012999";"linux2";"216.156.197.160";"speedtest";1340040704;346539.447434;0.103268;"4bf1068a-cabe-4254-a52f-c2914db03ade";7922;"WA";"Seattle";17;6;2012;0;18;"20120618"
"24.22.135.177";"US";-122.332100;47.606200;"AS7922 Comcast Cable Communications, Inc.";"mlab2-iad01";0.093994;2470869.626360;"0.004012999";"linux2";"216.156.197.160";"speedtest";1340041493;421861.974077;0.094657;"04cea472-6610-42db-acd2-c644a3d4447f";7922;"WA";"Seattle";17;6;2012;0;18;"20120618"
"190.153.2.209";"VE";-66.916700;10.500000;"AS11562 Net Uno, C.A.";"mlab2-iad01";4.317185;30689.874583;"0.004012999";"win32";"216.156.197.160";"speedtest";1340041390;84408.492779;0.153499;"fa502e52-2155-4466-8a9c-bcebe3b519d8";11562;"25";"Caracas";13;6;2012;0;18;"20120618"
"206.188.84.168";"CA";-80.268800;43.574900;"AS11814 DISTRIBUTEL COMMUNICATIONS LTD.";"mlab2-iad01";0.053505;2240031.307078;"0.004011999";"linux2";"216.156.197.160";"bittorrent";1340041547;123880.645683;-1.000000;"08b120a5-3b23-4e37-a868-4a69486e1bbe";11814;"ON";"Guelph";17;6;2012;0;18;"20120618"
"24.109.74.40";"CA";-84.333300;46.500000;"AS6327 Shaw Communications Inc.";"mlab2-iad01";0.070286;2699706.721989;"0.004012999";"win32";"216.156.197.160";"bittorrent";1340041591;261349.518962;-1.000000;"4db83560-1617-40a4-aea0-43a437033d77";6327;"ON";"Sault Sainte Marie";17;6;2012;0;18;"20120618"
"201.6.232.83";"BR";-46.665800;-23.473300;"AS28573 Serviços de Comunicação S.A.";"mlab2-iad01";0.137806;390595.276320;"0.004012999";"win32";"216.156.197.160";"bittorrent";1340041654;90422.147594;-1.000000;"d965a30b-55ec-45ea-9e34-6b396fd7235d";28573;"27";"São Paulo";17;6;2012;0;18;"20120618"
"173.183.65.14";"CA";-122.343400;49.133700;"AS852 TELUS Communications Inc.";"mlab2-iad01";0.107658;609370.039299;"0.004012999";"darwin";"216.156.197.160";"speedtest";1340041789;100028.477684;0.110406;"ce87578f-c38b-457f-ac58-62a6dcdb269f";852;"BC";"Mission";17;6;2012;0;18;"20120618"
"108.6.12.54";"US";-73.936100;40.740000;"AS701 MCI Communications Services, Inc. d/b/a Verizon Business";"mlab2-iad01";0.014265;2999980.979273;"0.004011999";"darwin";"216.156.197.160";"bittorrent";1340041843;773965.940100;-1.000000;"2e291570-e5e9-434c-8fc4-9496c5d43b52";701;"NY";"Long Island City";17;6;2012;0;18;"20120618"
"24.246.9.229";"CA";-75.700000;45.416700;"AS5645 TekSavvy Solutions Inc. Toronto";"mlab2-iad01";0.032238;4916550.073750;"0.004012999";"darwin";"216.156.197.160";"speedtest";1340041984;59396.808882;0.037461;"3ca27e85-5058-4cde-a22c-eb606f55de62";5645;"ON";"Ottawa";17;6;2012;0;18;"20120618"
"96.2.48.78";"US";-96.983300;42.836900;"AS11232 Midcontinent Media, Inc.";"mlab2-iad01";0.084045;2906595.348521;"0.004012999";"win32";"216.156.197.160";"bittorrent";1340042101;629169.658410;-1.000000;"5445103e-8ecb-4c12-b5f3-066ee6208757";11232;"SD";"Vermillion";17;6;2012;0;18;"20120618"
"186.32.56.228";"CR";-84.083300;9.933300;"AS262197 Amnet Cable Costa Rica";"mlab2-iad01";0.089978;211850.782265;"0.004012999";"win32";"216.156.197.160";"speedtest";1340042185;58212.822088;0.097296;"225c93a5-53b8-4755-a531-c9fa5f219359";262197;"08";"San José";11;6;2012;0;18;"20120618"
"177.81.13.233";"BR";-46.665800;-23.473300;"AS28573 Serviços de Comunicação S.A.";"mlab2-iad01";0.134823;841845.669884;"0.004012999";"win32";"216.156.197.160";"bittorrent";1340042189;41845.822690;-1.000000;"01f13e8b-8792-465d-b299-c94a6ea6831d";28573;"27";"São Paulo";17;6;2012;0;18;"20120618"
"189.26.124.130";"BR";-55.000000;-10.000000;"AS18881 Global Village Telecom";"mlab2-iad01";0.197473;19145.631431;"0.004012999";"win32";"216.156.197.160";"bittorrent";1340042194;592961.844645;-1.000000;"e07e7f86-2d54-4e03-a044-d3475d794c0b";18881;"";"";17;6;2012;0;18;"20120618"
"201.74.153.130";"BR";-45.883300;-23.183300;"AS28573 Serviços de Comunicação S.A.";"mlab2-iad01";0.166759;548329.859081;"0.004012999";"win32";"216.156.197.160";"speedtest";1340042243;65532.306590;0.164556;"85079d2a-87b8-4176-acd6-24bc5d74ec4b";28573;"27";"São José Dos Campos";17;6;2012;0;18;"20120618"
"177.133.120.42";"BR";-34.933300;-8.350000;"AS18881 Global Village Telecom";"mlab2-iad01";0.104399;1969580.063448;"0.004011999";"win32";"216.156.197.160";"bittorrent";1340042280;311682.808984;-1.000000;"6a35591a-27a2-484e-842b-15ad4f0ef4df";18881;"30";"Santo Agostinho";17;6;2012;0;18;"20120618"
"201.87.46.78";"BR";-46.665800;-23.473300;"AS19182 AJATO TELECOMUNICACAO LTDA";"mlab2-iad01";0.171721;321347.659188;"0.004012999";"darwin";"216.156.197.160";"bittorrent";1340042301;116147.630637;-1.000000;"f48ef4fb-0a2d-43a3-8ee2-d895edfd8dd5";19182;"27";"São Paulo";17;6;2012;0;18;"20120618"
"50.46.199.114";"US";-122.342600;47.739600;"AS5650 Frontier Communications of America, Inc.";"mlab2-iad01";0.076108;773424.917563;"0.004012999";"darwin";"216.156.197.160";"speedtest";1340042391;640200.889939;0.080432;"9c3f8949-43af-4678-be97-2082a5c82606";5650;"WA";"Seattle";17;6;2012;0;18;"20120618"
"74.103.162.36";"US";-75.114700;40.427800;"AS701 MCI Communications Services, Inc. d/b/a Verizon Business";"mlab2-iad01";0.013603;1885069.718420;"0.004012999";"darwin";"216.156.197.160";"speedtest";1340042433;664998.706579;0.014946;"4eec0d76-fa70-4b4c-91f9-8cb1b74b0682";701;"PA";"Pipersville";18;6;2012;0;18;"20120618"
"174.116.188.158";"CA";-79.416700;43.666700;"AS812 Rogers Cable Communications Inc.";"mlab2-iad01";0.331326;50615.940526;"0.004011999";"win32";"216.156.197.160";"speedtest";1340042440;4840.408540;0.339197;"1502ff6e-c49b-4896-8dcd-2ba9d8955e20";812;"ON";"Toronto";18;6;2012;0;18;"20120618"
"190.163.109.157";"CL";-70.666700;-33.450000;"AS22047 BANDA ANCHA S.A.";"mlab2-iad01";0.197134;328678.157150;"0.004012999";"win32";"216.156.197.160";"bittorrent";1340042603;67827.630168;-1.000000;"f5e5e79b-fb36-4391-8311-97964ef12297";22047;"12";"Santiago";14;6;2012;0;18;"20120618"
"24.111.85.175";"US";-97.440500;42.935900;"AS11232 Midcontinent Media, Inc.";"mlab2-iad01";0.087525;165264.456412;"0.004011999";"win32";"216.156.197.160";"bittorrent";1340042845;453259.825065;-1.000000;"d8e6a54b-6231-4d06-a9c1-bf3a10f484b1";11232;"SD";"Yankton";18;6;2012;0;18;"20120618"
"24.130.152.60";"US";-122.088500;37.709000;"AS7922 Comcast Cable Communications, Inc.";"mlab2-iad01";0.089349;2811877.481590;"0.004012999";"darwin";"216.156.197.160";"speedtest";1340042850;724397.244990;0.092473;"92ef1dc6-e5b9-40c8-800b-cc909779319d";7922;"CA";"Castro Valley";18;6;2012;0;18;"20120618"
"99.255.57.221";"CA";-80.507000;43.461300;"AS812 Rogers Cable Communications Inc.";"mlab2-iad01";0.031155;5693660.783540;"0.004012999";"win32";"216.156.197.160";"speedtest";1340042946;197402.054549;0.033552;"e0f34017-e672-4f3e-b193-c196b727112a";812;"ON";"Waterloo";18;6;2012;0;18;"20120618"
"24.109.74.40";"CA";-84.333300;46.500000;"AS6327 Shaw Communications Inc.";"mlab2-iad01";0.066011;2415132.683400;"0.004012999";"win32";"216.156.197.160";"speedtest";1340043193;251778.412735;0.097626;"4db83560-1617-40a4-aea0-43a437033d77";6327;"ON";"Sault Sainte Marie";18;6;2012;0;18;"20120618"
"190.153.2.209";"VE";-66.916700;10.500000;"AS11562 Net Uno, C.A.";"mlab2-iad01";0.073308;94709.302483;"0.004012999";"win32";"216.156.197.160";"bittorrent";1340042993;87099.321310;-1.000000;"fa502e52-2155-4466-8a9c-bcebe3b519d8";11562;"25";"Caracas";13;6;2012;0;18;"20120618"
"206.188.84.168";"CA";-80.268800;43.574900;"AS11814 DISTRIBUTEL COMMUNICATIONS LTD.";"mlab2-iad01";0.041575;2372665.588390;"0.004011999";"linux2";"216.156.197.160";"speedtest";1340043153;122560.180772;0.051226;"08b120a5-3b23-4e37-a868-4a69486e1bbe";11814;"ON";"Guelph";18;6;2012;0;18;"20120618"
"201.6.232.83";"BR";-46.665800;-23.473300;"AS28573 Serviços de Comunicação S.A.";"mlab2-iad01";0.280122;619913.197220;"0.004012999";"win32";"216.156.197.160";"speedtest";1340043278;41354.778665;0.169221;"d965a30b-55ec-45ea-9e34-6b396fd7235d";28573;"27";"São Paulo";18;6;2012;0;18;"20120618"
"205.178.18.107";"US";-87.623800;41.884900;"AS6079 RCN";"mlab2-iad01";0.035639;2087817.845850;"0.004011999";"win32";"216.156.197.160";"speedtest";1340043369;260819.980254;0.037019;"e98788b3-c49f-4266-b003-f95ea1c0e2a0";6079;"IL";"Chicago";18;6;2012;0;18;"20120618"
"71.58.226.44";"US";-75.961500;41.249000;"AS7922 Comcast Cable Communications, Inc.";"mlab2-iad01";0.029978;4144534.102923;"0.004012999";"win32";"216.156.197.160";"bittorrent";1340043507;683500.115591;-1.000000;"fb6cc5ca-37c3-44c5-8176-4a40a17f217a";7922;"PA";"Plymouth";18;6;2012;0;18;"20120618"
"24.246.9.229";"CA";-75.700000;45.416700;"AS5645 TekSavvy Solutions Inc. Toronto";"mlab2-iad01";0.033117;1673611.706249;"0.004012999";"darwin";"216.156.197.160";"bittorrent";1340043599;57221.763271;-1.000000;"3ca27e85-5058-4cde-a22c-eb606f55de62";5645;"ON";"Ottawa";18;6;2012;0;18;"20120618"
"209.155.86.74";"US";-77.426000;43.100500;"AS1785 PaeTec Communications, Inc.";"mlab2-iad01";0.018783;358905.635311;"0.004012999";"win32";"216.156.197.160";"bittorrent";1340043605;58093.705279;-1.000000;"4841c017-4566-4afc-a805-ba458ccb2be1";1785;"NY";"Fairport";18;6;2012;0;18;"20120618"
"200.193.43.254";"BR";-55.000000;-10.000000;"AS8167 Brasil Telecom S/A - Filial Distrito Federal";"mlab2-iad01";0.466046;36933.343079;"0.004012999";"win32";"216.156.197.160";"speedtest";1340043618;83921.076613;0.465363;"e07e7f86-2d54-4e03-a044-d3475d794c0b";8167;"";"";18;6;2012;0;18;"20120618"
"177.81.13.233";"BR";-46.665800;-23.473300;"AS28573 Serviços de Comunicação S.A.";"mlab2-iad01";0.135413;534860.475067;"0.004012999";"win32";"216.156.197.160";"speedtest";1340043671;51811.342852;0.139946;"01f13e8b-8792-465d-b299-c94a6ea6831d";28573;"27";"São Paulo";18;6;2012;0;18;"20120618"
"186.32.56.228";"CR";-84.083300;9.933300;"AS262197 Amnet Cable Costa Rica";"mlab2-iad01";0.090446;189004.795065;"0.004012999";"win32";"216.156.197.160";"bittorrent";1340043722;52434.525633;-1.000000;"225c93a5-53b8-4755-a531-c9fa5f219359";262197;"08";"San José";12;6;2012;0;18;"20120618"
"201.74.153.130";"BR";-45.883300;-23.183300;"AS28573 Serviços de Comunicação S.A.";"mlab2-iad01";0.149132;622466.462351;"0.004012999";"win32";"216.156.197.160";"bittorrent";1340043747;75353.838110;-1.000000;"85079d2a-87b8-4176-acd6-24bc5d74ec4b";28573;"27";"São José Dos Campos";18;6;2012;0;18;"20120618"
"207.34.171.98";"CA";-95.000000;60.000000;"AS852 TELUS Communications Inc.";"mlab2-iad01";0.075990;640068.713256;"0.004012999";"win32";"216.156.197.160";"speedtest";1340043758;570288.540450;0.078857;"cc98364e-3c42-4878-ac11-5b85bef11b7d";852;"";"";18;6;2012;0;18;"20120618"
"71.187.199.3";"US";-74.216400;40.816200;"AS701 MCI Communications Services, Inc. d/b/a Verizon Business";"mlab2-iad01";0.026083;3652233.755710;"0.004011999";"win32";"216.156.197.160";"bittorrent";1340043789;1576796.766575;-1.000000;"a9bde20f-2872-443c-8e9b-a2f6f162c91d";701;"NJ";"Montclair";18;6;2012;0;18;"20120618"
"177.133.120.42";"BR";-34.933300;-8.350000;"AS18881 Global Village Telecom";"mlab2-iad01";0.104699;804353.476604;"0.004011999";"win32";"216.156.197.160";"speedtest";1340043788;325469.280613;0.107433;"6a35591a-27a2-484e-842b-15ad4f0ef4df";18881;"30";"Santo Agostinho";18;6;2012;0;18;"20120618"
"201.87.46.78";"BR";-46.665800;-23.473300;"AS19182 AJATO TELECOMUNICACAO LTDA";"mlab2-iad01";0.177049;434668.765677;"0.004012999";"darwin";"216.156.197.160";"speedtest";1340043872;103706.849276;0.177621;"f48ef4fb-0a2d-43a3-8ee2-d895edfd8dd5";19182;"27";"São Paulo";18;6;2012;0;18;"20120618"
"174.116.188.158";"CA";-79.416700;43.666700;"AS812 Rogers Cable Communications Inc.";"mlab2-iad01";0.511742;134914.578875;"0.004011999";"win32";"216.156.197.160";"bittorrent";1340044041;5074.984230;-1.000000;"1502ff6e-c49b-4896-8dcd-2ba9d8955e20";812;"ON";"Toronto";18;6;2012;0;18;"20120618"
"190.163.109.157";"CL";-70.666700;-33.450000;"AS22047 BANDA ANCHA S.A.";"mlab2-iad01";0.176511;93987.664448;"0.004012999";"win32";"216.156.197.160";"speedtest";1340044182;101884.960455;0.227150;"f5e5e79b-fb36-4391-8311-97964ef12297";22047;"12";"Santiago";14;6;2012;0;18;"20120618"
"201.47.223.245";"BR";-51.200000;-30.033300;"AS18881 Global Village Telecom";"mlab2-iad01";0.369549;76332.105629;"0.004012999";"win32";"216.156.197.160";"bittorrent";1340044304;61700.112007;-1.000000;"5fca90cc-75dd-481e-b933-dec99e365ac6";18881;"23";"Porto Alegre";18;6;2012;0;18;"20120618"
"24.109.74.40";"CA";-84.333300;46.500000;"AS6327 Shaw Communications Inc.";"mlab2-iad01";0.110723;2626595.765431;"0.004012999";"win32";"216.156.197.160";"bittorrent";1340044385;149850.817790;-1.000000;"4db83560-1617-40a4-aea0-43a437033d77";6327;"ON";"Sault Sainte Marie";18;6;2012;0;18;"20120618"
"190.153.2.209";"VE";-66.916700;10.500000;"AS11562 Net Uno, C.A.";"mlab2-iad01";1.159538;40470.794230;"0.004012999";"win32";"216.156.197.160";"speedtest";1340044379;63337.757856;0.150580;"fa502e52-2155-4466-8a9c-bcebe3b519d8";11562;"25";"Caracas";14;6;2012;0;18;"20120618"
"206.188.84.168";"CA";-80.268800;43.574900;"AS11814 DISTRIBUTEL COMMUNICATIONS LTD.";"mlab2-iad01";0.042498;2752381.330306;"0.004011999";"linux2";"216.156.197.160";"bittorrent";1340044754;123705.217818;-1.000000;"08b120a5-3b23-4e37-a868-4a69486e1bbe";11814;"ON";"Guelph";18;6;2012;0;18;"20120618"
"201.6.232.83";"BR";-46.665800;-23.473300;"AS28573 Serviços de Comunicação S.A.";"mlab2-iad01";0.140281;891602.076410;"0.004012999";"win32";"216.156.197.160";"bittorrent";1340044902;90461.405317;-1.000000;"d965a30b-55ec-45ea-9e34-6b396fd7235d";28573;"27";"São Paulo";18;6;2012;0;18;"20120618"
"200.193.43.254";"BR";-55.000000;-10.000000;"AS8167 Brasil Telecom S/A - Filial Distrito Federal";"mlab2-iad01";0.244201;129514.570447;"0.004012999";"win32";"216.156.197.160";"bittorrent";1340045062;512033.928052;-1.000000;"e07e7f86-2d54-4e03-a044-d3475d794c0b";8167;"";"";18;6;2012;0;18;"20120618"
"177.81.13.233";"BR";-46.665800;-23.473300;"AS28573 Serviços de Comunicação S.A.";"mlab2-iad01";0.133326;846323.819858;"0.004012999";"win32";"216.156.197.160";"bittorrent";1340045166;51701.635465;-1.000000;"01f13e8b-8792-465d-b299-c94a6ea6831d";28573;"27";"São Paulo";18;6;2012;0;18;"20120618"
"24.246.9.229";"CA";-75.700000;45.416700;"AS5645 TekSavvy Solutions Inc. Toronto";"mlab2-iad01";0.032816;3482232.293000;"0.004012999";"darwin";"216.156.197.160";"speedtest";1340045208;61202.375799;0.038054;"3ca27e85-5058-4cde-a22c-eb606f55de62";5645;"ON";"Ottawa";18;6;2012;0;18;"20120618"
"201.74.153.130";"BR";-45.883300;-23.183300;"AS28573 Serviços de Comunicação S.A.";"mlab2-iad01";0.144043;578170.207891;"0.004012999";"win32";"216.156.197.160";"speedtest";1340045257;69512.386897;0.145803;"85079d2a-87b8-4176-acd6-24bc5d74ec4b";28573;"27";"São José Dos Campos";18;6;2012;0;18;"20120618"
"186.32.56.228";"CR";-84.083300;9.933300;"AS262197 Amnet Cable Costa Rica";"mlab2-iad01";0.091252;202392.112559;"0.004012999";"win32";"216.156.197.160";"speedtest";1340045262;59338.622870;0.092786;"225c93a5-53b8-4755-a531-c9fa5f219359";262197;"08";"San José";12;6;2012;0;18;"20120618"
"177.133.120.42";"BR";-34.933300;-8.350000;"AS18881 Global Village Telecom";"mlab2-iad01";0.104406;2121111.097474;"0.004011999";"win32";"216.156.197.160";"bittorrent";1340045304;308357.794771;-1.000000;"6a35591a-27a2-484e-842b-15ad4f0ef4df";18881;"30";"Santo Agostinho";18;6;2012;0;18;"20120618"
"201.87.46.78";"BR";-46.665800;-23.473300;"AS19182 AJATO TELECOMUNICACAO LTDA";"mlab2-iad01";0.186230;579242.059325;"0.004012999";"darwin";"216.156.197.160";"bittorrent";1340045452;110538.398411;-1.000000;"f48ef4fb-0a2d-43a3-8ee2-d895edfd8dd5";19182;"27";"São Paulo";18;6;2012;0;18;"20120618"
"174.116.188.158";"CA";-79.416700;43.666700;"AS812 Rogers Cable Communications Inc.";"mlab2-iad01";0.470033;49470.998903;"0.004011999";"win32";"216.156.197.160";"speedtest";1340045561;5160.404996;0.525609;"1502ff6e-c49b-4896-8dcd-2ba9d8955e20";812;"ON";"Toronto";18;6;2012;0;18;"20120618"
"190.163.109.157";"CL";-70.666700;-33.450000;"AS22047 BANDA ANCHA S.A.";"mlab2-iad01";0.172513;510264.861769;"0.004012999";"win32";"216.156.197.160";"bittorrent";1340045768;152578.649601;-1.000000;"f5e5e79b-fb36-4391-8311-97964ef12297";22047;"12";"Santiago";14;6;2012;0;18;"20120618"
"24.109.74.40";"CA";-84.333300;46.500000;"AS6327 Shaw Communications Inc.";"mlab2-iad01";0.087914;2369774.620380;"0.004012999";"win32";"216.156.197.160";"speedtest";1340045991;109047.298865;0.087764;"4db83560-1617-40a4-aea0-43a437033d77";6327;"ON";"Sault Sainte Marie";18;6;2012;0;18;"20120618"
"201.47.223.245";"BR";-51.200000;-30.033300;"AS18881 Global Village Telecom";"mlab2-iad01";0.190836;331078.807657;"0.004012999";"win32";"216.156.197.160";"speedtest";1340045787;49193.573842;0.196884;"5fca90cc-75dd-481e-b933-dec99e365ac6";18881;"23";"Porto Alegre";18;6;2012;0;18;"20120618"
"190.153.2.209";"VE";-66.916700;10.500000;"AS11562 Net Uno, C.A.";"mlab2-iad01";0.158812;61383.482356;"0.004012999";"win32";"216.156.197.160";"bittorrent";1340045985;87349.577030;-1.000000;"fa502e52-2155-4466-8a9c-bcebe3b519d8";11562;"25";"Caracas";14;6;2012;0;18;"20120618"
"201.47.223.245";"BR";-51.200000;-30.033300;"AS18881 Global Village Telecom";"mlab2-iad01";0.153262;319588.322229;"0.004012999";"win32";"216.156.197.160";"speedtest";1340046013;79195.893645;0.155394;"e6f34d0d-5b1a-47be-b0c0-918bd4d48fd0";18881;"23";"Porto Alegre";19;6;2012;0;18;"20120618"
"24.2.64.100";"US";-112.008200;40.477400;"AS7922 Comcast Cable Communications, Inc.";"mlab2-iad01";0.112109;827107.640387;"0.004012999";"win32";"216.156.197.160";"bittorrent";1340046043;139187.355221;-1.000000;"9a8766b6-803d-48fa-b02a-2091ff6f496e";7922;"UT";"Riverton";19;6;2012;0;18;"20120618"
"99.255.57.221";"CA";-80.507000;43.461300;"AS812 Rogers Cable Communications Inc.";"mlab2-iad01";0.030529;5691150.632060;"0.004012999";"win32";"216.156.197.160";"speedtest";1340046239;247601.116297;0.032290;"e0f34017-e672-4f3e-b193-c196b727112a";812;"ON";"Waterloo";19;6;2012;0;18;"20120618"
"71.192.154.157";"US";-71.051200;42.406300;"AS7922 Comcast Cable Communications, Inc.";"mlab2-iad01";0.045410;511753.057676;"0.004012999";"darwin";"216.156.197.160";"bittorrent";1340046264;448205.281952;-1.000000;"65fb0ed5-8aab-4ca3-973b-6f6abd2e24d4";7922;"MA";"Everett";19;6;2012;0;18;"20120618"
"206.188.84.168";"CA";-80.268800;43.574900;"AS11814 DISTRIBUTEL COMMUNICATIONS LTD.";"mlab2-iad01";0.048928;1623065.661140;"0.004011999";"linux2";"216.156.197.160";"speedtest";1340046364;121796.007227;0.058789;"08b120a5-3b23-4e37-a868-4a69486e1bbe";11814;"ON";"Guelph";19;6;2012;0;18;"20120618"
"200.193.43.254";"BR";-55.000000;-10.000000;"AS8167 Brasil Telecom S/A - Filial Distrito Federal";"mlab2-iad01";0.317074;7671.582290;"0.004012999";"win32";"216.156.197.160";"speedtest";1340046506;41274.657870;0.654484;"e07e7f86-2d54-4e03-a044-d3475d794c0b";8167;"";"";19;6;2012;0;18;"20120618"
"201.6.232.83";"BR";-46.665800;-23.473300;"AS28573 Serviços de Comunicação S.A.";"mlab2-iad01";0.131256;559270.768723;"0.004012999";"win32";"216.156.197.160";"speedtest";1340046528;69103.861946;0.145483;"d965a30b-55ec-45ea-9e34-6b396fd7235d";28573;"27";"São Paulo";19;6;2012;0;18;"20120618"
"177.81.13.233";"BR";-46.665800;-23.473300;"AS28573 Serviços de Comunicação S.A.";"mlab2-iad01";0.136046;487220.658691;"0.004012999";"win32";"216.156.197.160";"speedtest";1340046646;69229.553037;0.142673;"01f13e8b-8792-465d-b299-c94a6ea6831d";28573;"27";"São Paulo";19;6;2012;0;18;"20120618"
"201.74.153.130";"BR";-45.883300;-23.183300;"AS28573 Serviços de Comunicação S.A.";"mlab2-iad01";0.139476;817384.132835;"0.004012999";"win32";"216.156.197.160";"bittorrent";1340046763;89429.255512;-1.000000;"85079d2a-87b8-4176-acd6-24bc5d74ec4b";28573;"27";"São José Dos Campos";19;6;2012;0;18;"20120618"
"186.32.56.228";"CR";-84.083300;9.933300;"AS262197 Amnet Cable Costa Rica";"mlab2-iad01";0.091002;221912.930244;"0.004012999";"win32";"216.156.197.160";"bittorrent";1340046795;54262.345718;-1.000000;"225c93a5-53b8-4755-a531-c9fa5f219359";262197;"08";"San José";13;6;2012;0;18;"20120618"
"177.133.120.42";"BR";-34.933300;-8.350000;"AS18881 Global Village Telecom";"mlab2-iad01";0.106567;1004626.753610;"0.004011999";"win32";"216.156.197.160";"speedtest";1340046808;273526.623902;0.110492;"6a35591a-27a2-484e-842b-15ad4f0ef4df";18881;"30";"Santo Agostinho";19;6;2012;0;18;"20120618"
"24.246.9.229";"CA";-75.700000;45.416700;"AS5645 TekSavvy Solutions Inc. Toronto";"mlab2-iad01";0.033379;3134261.173787;"0.004012999";"darwin";"216.156.197.160";"bittorrent";1340046823;59982.001026;-1.000000;"3ca27e85-5058-4cde-a22c-eb606f55de62";5645;"ON";"Ottawa";19;6;2012;0;18;"20120618"
"207.34.171.98";"CA";-95.000000;60.000000;"AS852 TELUS Communications Inc.";"mlab2-iad01";0.111259;292228.044288;"0.004012999";"win32";"216.156.197.160";"speedtest";1340046844;721963.293591;0.111062;"cc98364e-3c42-4878-ac11-5b85bef11b7d";852;"";"";19;6;2012;0;18;"20120618"
"98.243.192.146";"US";-84.594100;42.860200;"AS7922 Comcast Cable Communications, Inc.";"mlab2-iad01";0.034396;1859299.854050;"0.004012999";"darwin";"216.156.197.160";"speedtest";1340047000;476613.491576;0.036170;"69a61dac-c7ac-4b16-b86b-4bd2f3990f62";7922;"MI";"Dewitt";19;6;2012;0;18;"20120618"
"201.87.46.78";"BR";-46.665800;-23.473300;"AS19182 AJATO TELECOMUNICACAO LTDA";"mlab2-iad01";0.172003;485855.143238;"0.004012999";"darwin";"216.156.197.160";"speedtest";1340047024;103680.113110;0.178628;"f48ef4fb-0a2d-43a3-8ee2-d895edfd8dd5";19182;"27";"São Paulo";19;6;2012;0;18;"20120618"
"174.116.188.158";"CA";-79.416700;43.666700;"AS812 Rogers Cable Communications Inc.";"mlab2-iad01";0.252333;113983.890025;"0.004011999";"win32";"216.156.197.160";"bittorrent";1340047099;9593.471576;-1.000000;"1502ff6e-c49b-4896-8dcd-2ba9d8955e20";812;"ON";"Toronto";19;6;2012;0;18;"20120618"
"24.109.74.40";"CA";-84.333300;46.500000;"AS6327 Shaw Communications Inc.";"mlab2-iad01";0.074323;2520631.582301;"0.004012999";"win32";"216.156.197.160";"bittorrent";1340047181;162310.999898;-1.000000;"4db83560-1617-40a4-aea0-43a437033d77";6327;"ON";"Sault Sainte Marie";19;6;2012;0;18;"20120618"
"201.47.223.245";"BR";-51.200000;-30.033300;"AS18881 Global Village Telecom";"mlab2-iad01";0.169224;98518.054522;"0.004012999";"win32";"216.156.197.160";"bittorrent";1340047269;63938.729373;-1.000000;"5fca90cc-75dd-481e-b933-dec99e365ac6";18881;"23";"Porto Alegre";19;6;2012;0;18;"20120618"
"190.163.109.157";"CL";-70.666700;-33.450000;"AS22047 BANDA ANCHA S.A.";"mlab2-iad01";0.171716;120730.538046;"0.004012999";"win32";"216.156.197.160";"speedtest";1340047346;204984.804452;0.176338;"f5e5e79b-fb36-4391-8311-97964ef12297";22047;"12";"Santiago";15;6;2012;0;18;"20120618"
"201.47.223.245";"BR";-51.200000;-30.033300;"AS18881 Global Village Telecom";"mlab2-iad01";0.149612;744292.173084;"0.004012999";"win32";"216.156.197.160";"bittorrent";1340047435;59931.710053;-1.000000;"e6f34d0d-5b1a-47be-b0c0-918bd4d48fd0";18881;"23";"Porto Alegre";19;6;2012;0;18;"20120618"
"190.153.2.209";"VE";-66.916700;10.500000;"AS11562 Net Uno, C.A.";"mlab2-iad01";1.754604;23097.078971;"0.004012999";"win32";"216.156.197.160";"speedtest";1340047374;87721.864494;0.094222;"fa502e52-2155-4466-8a9c-bcebe3b519d8";11562;"25";"Caracas";14;6;2012;0;18;"20120618"
"68.40.185.45";"US";-83.740900;42.277600;"AS7922 Comcast Cable Communications, Inc.";"mlab2-iad01";0.049676;1354856.658709;"0.004012999";"darwin";"216.156.197.160";"bittorrent";1340047893;788095.030277;-1.000000;"f77a7853-1ba8-4219-aa2c-2157b5e89023";7922;"MI";"Ann Arbor";19;6;2012;0;18;"20120618"
"200.193.43.254";"BR";-55.000000;-10.000000;"AS8167 Brasil Telecom S/A - Filial Distrito Federal";"mlab2-iad01";0.180806;18148.618768;"0.004012999";"win32";"216.156.197.160";"bittorrent";1340047957;402919.784082;-1.000000;"e07e7f86-2d54-4e03-a044-d3475d794c0b";8167;"";"";19;6;2012;0;18;"20120618"
"206.188.84.168";"CA";-80.268800;43.574900;"AS11814 DISTRIBUTEL COMMUNICATIONS LTD.";"mlab2-iad01";0.054328;2925684.125339;"0.004011999";"linux2";"216.156.197.160";"bittorrent";1340047965;123846.713798;-1.000000;"08b120a5-3b23-4e37-a868-4a69486e1bbe";11814;"ON";"Guelph";19;6;2012;0;18;"20120618"
"99.21.145.140";"US";-121.382800;38.626300;"AS7132 AS for SBIS-AS";"mlab2-iad01";0.122383;775421.269025;"0.004012999";"win32";"216.156.197.160";"speedtest";1340047965;120861.818457;0.099418;"ebeab1c8-defc-4fef-8be3-daa7088a0954";7132;"CA";"Sacramento";19;6;2012;0;18;"20120618"
"177.81.13.233";"BR";-46.665800;-23.473300;"AS28573 Serviços de Comunicação S.A.";"mlab2-iad01";0.134549;822512.234945;"0.004012999";"win32";"216.156.197.160";"bittorrent";1340048140;57746.754840;-1.000000;"01f13e8b-8792-465d-b299-c94a6ea6831d";28573;"27";"São Paulo";19;6;2012;0;18;"20120618"
"201.6.232.83";"BR";-46.665800;-23.473300;"AS28573 Serviços de Comunicação S.A.";"mlab2-iad01";0.180347;323046.467995;"0.004012999";"win32";"216.156.197.160";"bittorrent";1340048161;80821.544374;-1.000000;"d965a30b-55ec-45ea-9e34-6b396fd7235d";28573;"27";"São Paulo";19;6;2012;0;18;"20120618"
"201.74.153.130";"BR";-45.883300;-23.183300;"AS28573 Serviços de Comunicação S.A.";"mlab2-iad01";0.141468;374300.940073;"0.004012999";"win32";"216.156.197.160";"speedtest";1340048276;87414.956211;0.145248;"85079d2a-87b8-4176-acd6-24bc5d74ec4b";28573;"27";"São José Dos Campos";19;6;2012;0;18;"20120618"
"177.134.201.218";"BR";-35.066700;-8.400000;"AS18881 Global Village Telecom";"mlab2-iad01";0.103656;2051406.211931;"0.004011999";"win32";"216.156.197.160";"bittorrent";1340048324;312098.315607;-1.000000;"6a35591a-27a2-484e-842b-15ad4f0ef4df";18881;"30";"Ipojuca";19;6;2012;0;18;"20120618"
"186.32.56.228";"CR";-84.083300;9.933300;"AS262197 Amnet Cable Costa Rica";"mlab2-iad01";0.089482;164424.624763;"0.004012999";"win32";"216.156.197.160";"speedtest";1340048337;49228.761755;0.099642;"225c93a5-53b8-4755-a531-c9fa5f219359";262197;"08";"San José";13;6;2012;0;18;"20120618"
"66.142.7.6";"US";-101.831300;35.222000;"AS2386 AT&T Data Communications Services";"mlab2-iad01";0.179672;6075.335322;"0.004012999";"linux2";"216.156.197.160";"speedtest";1340048351;34055.649241;0.262880;"e629a5ed-292e-4c20-860f-40ebe4624851";2386;"TX";"Amarillo";19;6;2012;0;18;"20120618"
"24.246.9.229";"CA";-75.700000;45.416700;"AS5645 TekSavvy Solutions Inc. Toronto";"mlab2-iad01";0.034470;1664189.985950;"0.004012999";"darwin";"216.156.197.160";"speedtest";1340048436;61097.561198;0.037883;"3ca27e85-5058-4cde-a22c-eb606f55de62";5645;"ON";"Ottawa";19;6;2012;0;18;"20120618"
"24.109.74.40";"CA";-84.333300;46.500000;"AS6327 Shaw Communications Inc.";"mlab2-iad01";0.175716;2385059.522250;"0.004012999";"win32";"216.156.197.160";"speedtest";1340048781;239153.244823;0.090788;"4db83560-1617-40a4-aea0-43a437033d77";6327;"ON";"Sault Sainte Marie";19;6;2012;0;18;"20120618"
"201.87.46.78";"BR";-46.665800;-23.473300;"AS19182 AJATO TELECOMUNICACAO LTDA";"mlab2-iad01";0.174491;516556.102283;"0.004012999";"darwin";"216.156.197.160";"bittorrent";1340048598;115322.794934;-1.000000;"f48ef4fb-0a2d-43a3-8ee2-d895edfd8dd5";19182;"27";"São Paulo";19;6;2012;0;18;"20120618"
"174.116.188.158";"CA";-79.416700;43.666700;"AS812 Rogers Cable Communications Inc.";"mlab2-iad01";0.507167;60203.810616;"0.004011999";"win32";"216.156.197.160";"speedtest";1340048627;3970.070707;0.569067;"1502ff6e-c49b-4896-8dcd-2ba9d8955e20";812;"ON";"Toronto";19;6;2012;0;18;"20120618"
"201.47.223.245";"BR";-51.200000;-30.033300;"AS18881 Global Village Telecom";"mlab2-iad01";0.162290;484967.155930;"0.004012999";"win32";"216.156.197.160";"speedtest";1340048742;54903.200725;0.155432;"5fca90cc-75dd-481e-b933-dec99e365ac6";18881;"23";"Porto Alegre";19;6;2012;0;18;"20120618"
"201.47.223.245";"BR";-51.200000;-30.033300;"AS18881 Global Village Telecom";"mlab2-iad01";0.149346;483771.046815;"0.004012999";"win32";"216.156.197.160";"speedtest";1340048844;76570.112398;0.162245;"e6f34d0d-5b1a-47be-b0c0-918bd4d48fd0";18881;"23";"Porto Alegre";19;6;2012;0;18;"20120618"
"190.163.109.157";"CL";-70.666700;-33.450000;"AS22047 BANDA ANCHA S.A.";"mlab2-iad01";0.172141;670852.660735;"0.004012999";"win32";"216.156.197.160";"bittorrent";1340048926;190744.910042;-1.000000;"f5e5e79b-fb36-4391-8311-97964ef12297";22047;"12";"Santiago";15;6;2012;0;18;"20120618"
"71.118.241.200";"US";-118.880000;34.213300;"AS701 MCI Communications Services, Inc. d/b/a Verizon Business";"mlab2-iad01";0.088320;3073113.772545;"0.004012999";"darwin";"216.156.197.160";"bittorrent";1340049341;599129.904579;-1.000000;"6240ede4-4770-4ab9-a1a5-5df49c84c463";701;"CA";"Thousand Oaks";19;6;2012;0;18;"20120618"
"200.193.43.254";"BR";-55.000000;-10.000000;"AS8167 Brasil Telecom S/A - Filial Distrito Federal";"mlab2-iad01";0.166109;61085.647131;"0.004012999";"win32";"216.156.197.160";"speedtest";1340049377;999641.136106;0.166276;"e07e7f86-2d54-4e03-a044-d3475d794c0b";8167;"";"";19;6;2012;0;18;"20120618"
"99.21.145.140";"US";-121.382800;38.626300;"AS7132 AS for SBIS-AS";"mlab2-iad01";0.097979;1284551.798335;"0.004012999";"win32";"216.156.197.160";"bittorrent";1340049423;173884.563423;-1.000000;"ebeab1c8-defc-4fef-8be3-daa7088a0954";7132;"CA";"Sacramento";19;6;2012;0;18;"20120618"
"216.56.28.137";"US";-91.347900;46.585600;"AS2381 WiscNet";"mlab2-iad01";0.075139;1153968.724346;"0.004012999";"win32";"216.156.197.160";"bittorrent";1340049470;1697255.438169;-1.000000;"0532f16b-ef24-4682-9ee3-3c919a655ab3";2381;"WI";"Iron River";19;6;2012;0;18;"20120618"
"99.255.57.221";"CA";-80.507000;43.461300;"AS812 Rogers Cable Communications Inc.";"mlab2-iad01";0.031226;5955096.661960;"0.004012999";"win32";"216.156.197.160";"speedtest";1340049535;246828.649377;0.032215;"e0f34017-e672-4f3e-b193-c196b727112a";812;"ON";"Waterloo";19;6;2012;0;18;"20120618"
"206.188.84.168";"CA";-80.268800;43.574900;"AS11814 DISTRIBUTEL COMMUNICATIONS LTD.";"mlab2-iad01";0.043901;2313072.104060;"0.004011999";"linux2";"216.156.197.160";"speedtest";1340049571;122719.861894;0.054634;"08b120a5-3b23-4e37-a868-4a69486e1bbe";11814;"ON";"Guelph";19;6;2012;0;18;"20120618"
"177.81.13.233";"BR";-46.665800;-23.473300;"AS28573 Serviços de Comunicação S.A.";"mlab2-iad01";0.136095;513535.822417;"0.004012999";"win32";"216.156.197.160";"speedtest";1340049629;26900.807382;0.159252;"01f13e8b-8792-465d-b299-c94a6ea6831d";28573;"27";"São Paulo";20;6;2012;0;18;"20120618"
"201.74.153.130";"BR";-45.883300;-23.183300;"AS28573 Serviços de Comunicação S.A.";"mlab2-iad01";0.148289;800974.050297;"0.004012999";"win32";"216.156.197.160";"bittorrent";1340049784;82732.798089;-1.000000;"85079d2a-87b8-4176-acd6-24bc5d74ec4b";28573;"27";"São José Dos Campos";20;6;2012;0;18;"20120618"
"201.6.232.83";"BR";-46.665800;-23.473300;"AS28573 Serviços de Comunicação S.A.";"mlab2-iad01";0.139714;191310.407252;"0.004012999";"win32";"216.156.197.160";"speedtest";1340049792;72920.111363;0.177051;"d965a30b-55ec-45ea-9e34-6b396fd7235d";28573;"27";"São Paulo";20;6;2012;0;18;"20120618"
"177.134.201.218";"BR";-35.066700;-8.400000;"AS18881 Global Village Telecom";"mlab2-iad01";0.105325;256192.635557;"0.004011999";"win32";"216.156.197.160";"speedtest";1340049844;261331.928731;0.104054;"6a35591a-27a2-484e-842b-15ad4f0ef4df";18881;"30";"Ipojuca";20;6;2012;0;18;"20120618"
"186.32.56.228";"CR";-84.083300;9.933300;"AS262197 Amnet Cable Costa Rica";"mlab2-iad01";0.091445;235991.248786;"0.004012999";"win32";"216.156.197.160";"bittorrent";1340049872;58388.044610;-1.000000;"225c93a5-53b8-4755-a531-c9fa5f219359";262197;"08";"San José";14;6;2012;0;18;"20120618"
"207.34.171.98";"CA";-95.000000;60.000000;"AS852 TELUS Communications Inc.";"mlab2-iad01";0.235585;193467.705904;"0.004012999";"win32";"216.156.197.160";"speedtest";1340049939;424797.249183;0.224507;"cc98364e-3c42-4878-ac11-5b85bef11b7d";852;"";"";20;6;2012;0;18;"20120618"
"24.109.74.40";"CA";-84.333300;46.500000;"AS6327 Shaw Communications Inc.";"mlab2-iad01";0.074914;2627457.429853;"0.004012999";"win32";"216.156.197.160";"bittorrent";1340049969;207135.343861;-1.000000;"4db83560-1617-40a4-aea0-43a437033d77";6327;"ON";"Sault Sainte Marie";20;6;2012;0;18;"20120618"
"24.246.9.229";"CA";-75.700000;45.416700;"AS5645 TekSavvy Solutions Inc. Toronto";"mlab2-iad01";0.034703;1734271.566048;"0.004012999";"darwin";"216.156.197.160";"bittorrent";1340050052;59042.490813;-1.000000;"3ca27e85-5058-4cde-a22c-eb606f55de62";5645;"ON";"Ottawa";20;6;2012;0;18;"20120618"
"201.87.46.78";"BR";-46.665800;-23.473300;"AS19182 AJATO TELECOMUNICACAO LTDA";"mlab2-iad01";0.174799;528662.465756;"0.004012999";"darwin";"216.156.197.160";"speedtest";1340050170;107562.344764;0.190338;"f48ef4fb-0a2d-43a3-8ee2-d895edfd8dd5";19182;"27";"São Paulo";20;6;2012;0;18;"20120618"
"174.116.188.158";"CA";-79.416700;43.666700;"AS812 Rogers Cable Communications Inc.";"mlab2-iad01";0.327108;310210.130709;"0.004011999";"win32";"216.156.197.160";"bittorrent";1340050183;10676.989876;-1.000000;"1502ff6e-c49b-4896-8dcd-2ba9d8955e20";812;"ON";"Toronto";20;6;2012;0;18;"20120618"
"201.47.223.245";"BR";-51.200000;-30.033300;"AS18881 Global Village Telecom";"mlab2-iad01";0.173875;699303.329712;"0.004012999";"win32";"216.156.197.160";"bittorrent";1340050224;62209.619351;-1.000000;"5fca90cc-75dd-481e-b933-dec99e365ac6";18881;"23";"Porto Alegre";20;6;2012;0;18;"20120618"
"201.47.223.245";"BR";-51.200000;-30.033300;"AS18881 Global Village Telecom";"mlab2-iad01";0.175396;562287.448790;"0.004012999";"win32";"216.156.197.160";"bittorrent";1340050263;58510.551247;-1.000000;"e6f34d0d-5b1a-47be-b0c0-918bd4d48fd0";18881;"23";"Porto Alegre";20;6;2012;0;18;"20120618"
"190.153.2.209";"VE";-66.916700;10.500000;"AS11562 Net Uno, C.A.";"mlab2-iad01";1.121341;43392.187441;"0.004012999";"win32";"216.156.197.160";"speedtest";1340050383;70745.777320;0.121138;"fa502e52-2155-4466-8a9c-bcebe3b519d8";11562;"25";"Caracas";15;6;2012;0;18;"20120618"
"190.163.109.157";"CL";-70.666700;-33.450000;"AS22047 BANDA ANCHA S.A.";"mlab2-iad01";0.177552;112632.720625;"0.004012999";"win32";"216.156.197.160";"speedtest";1340050504;175312.841149;0.183650;"f5e5e79b-fb36-4391-8311-97964ef12297";22047;"12";"Santiago";16;6;2012;0;18;"20120618"
"200.193.43.254";"BR";-55.000000;-10.000000;"AS8167 Brasil Telecom S/A - Filial Distrito Federal";"mlab2-iad01";0.147687;291823.514859;"0.004012999";"win32";"216.156.197.160";"bittorrent";1340050797;578005.562744;-1.000000;"e07e7f86-2d54-4e03-a044-d3475d794c0b";8167;"";"";20;6;2012;0;18;"20120618"
"75.140.153.254";"US";-121.654400;37.130500;"AS20115 Charter Communications";"mlab2-iad01";0.090141;3933659.024593;"0.004012999";"darwin";"216.156.197.160";"bittorrent";1340050814;635827.638797;-1.000000;"a039434c-d8c0-4f4d-8050-4153de22c986";20115;"CA";"Morgan Hill";20;6;2012;0;18;"20120618"
"70.113.90.176";"US";-97.722700;30.310600;"AS11427 Time Warner Cable Internet LLC";"mlab2-iad01";0.066212;3338166.999560;"0.004012999";"win32";"216.156.197.160";"speedtest";1340050818;191559.614452;0.073907;"f957f544-b6fe-4e0c-b05d-e4a409241054";11427;"TX";"Austin";20;6;2012;0;18;"20120618"
"177.81.13.233";"BR";-46.665800;-23.473300;"AS28573 Serviços de Comunicação S.A.";"mlab2-iad01";0.137499;837418.261020;"0.004012999";"win32";"216.156.197.160";"bittorrent";1340051125;46021.911740;-1.000000;"01f13e8b-8792-465d-b299-c94a6ea6831d";28573;"27";"São Paulo";20;6;2012;0;18;"20120618"
"206.188.84.168";"CA";-80.268800;43.574900;"AS11814 DISTRIBUTEL COMMUNICATIONS LTD.";"mlab2-iad01";0.055697;2613605.648072;"0.004011999";"linux2";"216.156.197.160";"bittorrent";1340051173;123204.875681;-1.000000;"08b120a5-3b23-4e37-a868-4a69486e1bbe";11814;"ON";"Guelph";20;6;2012;0;18;"20120618"
"201.74.153.130";"BR";-45.883300;-23.183300;"AS28573 Serviços de Comunicação S.A.";"mlab2-iad01";0.138713;528899.638818;"0.004012999";"win32";"216.156.197.160";"speedtest";1340051293;83906.813349;0.146270;"85079d2a-87b8-4176-acd6-24bc5d74ec4b";28573;"27";"São José Dos Campos";20;6;2012;0;18;"20120618"
"24.109.74.40";"CA";-84.333300;46.500000;"AS6327 Shaw Communications Inc.";"mlab2-iad01";0.072923;2424343.188250;"0.004012999";"win32";"216.156.197.160";"speedtest";1340051568;229304.708770;0.075784;"4db83560-1617-40a4-aea0-43a437033d77";6327;"ON";"Sault Sainte Marie";20;6;2012;0;18;"20120618"
"177.134.201.218";"BR";-35.066700;-8.400000;"AS18881 Global Village Telecom";"mlab2-iad01";0.104152;1151789.181179;"0.004011999";"win32";"216.156.197.160";"bittorrent";1340051364;314434.062044;-1.000000;"6a35591a-27a2-484e-842b-15ad4f0ef4df";18881;"30";"Ipojuca";20;6;2012;0;18;"20120618"
"186.32.56.228";"CR";-84.083300;9.933300;"AS262197 Amnet Cable Costa Rica";"mlab2-iad01";0.108072;162992.327678;"0.004012999";"win32";"216.156.197.160";"speedtest";1340051411;55193.507375;0.097958;"225c93a5-53b8-4755-a531-c9fa5f219359";262197;"08";"San José";14;6;2012;0;18;"20120618"
"201.6.232.83";"BR";-46.665800;-23.473300;"AS28573 Serviços de Comunicação S.A.";"mlab2-iad01";0.210884;727893.134020;"0.004012999";"win32";"216.156.197.160";"bittorrent";1340051422;51894.864179;-1.000000;"d965a30b-55ec-45ea-9e34-6b396fd7235d";28573;"27";"São Paulo";20;6;2012;0;18;"20120618"
"24.246.9.229";"CA";-75.700000;45.416700;"AS5645 TekSavvy Solutions Inc. Toronto";"mlab2-iad01";0.033239;2873873.998320;"0.004012999";"darwin";"216.156.197.160";"speedtest";1340051664;61555.670733;0.038790;"3ca27e85-5058-4cde-a22c-eb606f55de62";5645;"ON";"Ottawa";20;6;2012;0;18;"20120618"
"201.47.223.245";"BR";-51.200000;-30.033300;"AS18881 Global Village Telecom";"mlab2-iad01";0.158817;682392.061069;"0.004012999";"win32";"216.156.197.160";"speedtest";1340051670;111740.355509;0.159605;"e6f34d0d-5b1a-47be-b0c0-918bd4d48fd0";18881;"23";"Porto Alegre";20;6;2012;0;18;"20120618"
"174.116.188.158";"CA";-79.416700;43.666700;"AS812 Rogers Cable Communications Inc.";"mlab2-iad01";0.298487;29359.653048;"0.004011999";"win32";"216.156.197.160";"speedtest";1340051708;5124.359795;0.499118;"1502ff6e-c49b-4896-8dcd-2ba9d8955e20";812;"ON";"Toronto";20;6;2012;0;18;"20120618"
"201.47.223.245";"BR";-51.200000;-30.033300;"AS18881 Global Village Telecom";"mlab2-iad01";0.880786;130869.878594;"0.004012999";"win32";"216.156.197.160";"speedtest";1340051744;11718.570701;1.032501;"5fca90cc-75dd-481e-b933-dec99e365ac6";18881;"23";"Porto Alegre";20;6;2012;0;18;"20120618"
"201.87.46.78";"BR";-46.665800;-23.473300;"AS19182 AJATO TELECOMUNICACAO LTDA";"mlab2-iad01";0.182849;698580.815821;"0.004012999";"darwin";"216.156.197.160";"bittorrent";1340051744;111478.625733;-1.000000;"f48ef4fb-0a2d-43a3-8ee2-d895edfd8dd5";19182;"27";"São Paulo";20;6;2012;0;18;"20120618"
"190.153.2.209";"VE";-66.916700;10.500000;"AS11562 Net Uno, C.A.";"mlab2-iad01";0.138891;23322.425621;"0.004012999";"win32";"216.156.197.160";"bittorrent";1340052001;89941.373866;-1.000000;"fa502e52-2155-4466-8a9c-bcebe3b519d8";11562;"25";"Caracas";16;6;2012;0;18;"20120618"
"190.163.109.157";"CL";-70.666700;-33.450000;"AS22047 BANDA ANCHA S.A.";"mlab2-iad01";0.192537;633750.776372;"0.004012999";"win32";"216.156.197.160";"bittorrent";1340052088;178839.343813;-1.000000;"f5e5e79b-fb36-4391-8311-97964ef12297";22047;"12";"Santiago";16;6;2012;0;18;"20120618"
"69.73.194.208";"GD";-61.666700;12.116700;"AS11139 CWRIN CW BARBADOS";"mlab2-iad01";0.085959;342359.602761;"0.004010999";"win32";"216.156.197.160";"speedtest";1340052146;84250.220563;0.091975;"d3c13d7a-e6db-48af-ade7-4cbb1e3e33db";11139;"";"";16;6;2012;0;18;"20120618"
"200.193.43.254";"BR";-55.000000;-10.000000;"AS8167 Brasil Telecom S/A - Filial Distrito Federal";"mlab2-iad01";0.408029;20888.679824;"0.004012999";"win32";"216.156.197.160";"speedtest";1340052249;164793.812512;0.405652;"e07e7f86-2d54-4e03-a044-d3475d794c0b";8167;"";"";20;6;2012;0;18;"20120618"
"177.81.13.233";"BR";-46.665800;-23.473300;"AS28573 Serviços de Comunicação S.A.";"mlab2-iad01";0.133319;533920.315590;"0.004012999";"win32";"216.156.197.160";"speedtest";1340052606;90510.091807;0.139768;"01f13e8b-8792-465d-b299-c94a6ea6831d";28573;"27";"São Paulo";20;6;2012;0;18;"20120618"
"69.251.194.209";"US";-77.177000;39.175200;"AS7922 Comcast Cable Communications, Inc.";"mlab2-iad01";0.014480;2000372.889984;"0.004011999";"win32";"216.156.197.160";"bittorrent";1340052629;529448.241497;-1.000000;"5ab805cf-b023-4309-9496-d8b22873a074";7922;"MD";"Montgomery Village";20;6;2012;0;18;"20120618"
"207.34.171.98";"CA";-95.000000;60.000000;"AS852 TELUS Communications Inc.";"mlab2-iad01";0.181959;508162.264628;"0.004012999";"win32";"216.156.197.160";"speedtest";1340052742;562717.524649;0.152126;"cc98364e-3c42-4878-ac11-5b85bef11b7d";852;"";"";20;6;2012;0;18;"20120618"
"24.109.74.40";"CA";-84.333300;46.500000;"AS6327 Shaw Communications Inc.";"mlab2-iad01";0.072988;2600439.180977;"0.004012999";"win32";"216.156.197.160";"bittorrent";1340052756;282212.585440;-1.000000;"4db83560-1617-40a4-aea0-43a437033d77";6327;"ON";"Sault Sainte Marie";20;6;2012;0;18;"20120618"
"206.188.84.168";"CA";-80.268800;43.574900;"AS11814 DISTRIBUTEL COMMUNICATIONS LTD.";"mlab2-iad01";0.049922;1904676.002530;"0.004011999";"linux2";"216.156.197.160";"speedtest";1340052782;121884.256440;0.052995;"08b120a5-3b23-4e37-a868-4a69486e1bbe";11814;"ON";"Guelph";20;6;2012;0;18;"20120618"
"201.74.153.130";"BR";-45.883300;-23.183300;"AS28573 Serviços de Comunicação S.A.";"mlab2-iad01";0.153233;762443.360852;"0.004012999";"win32";"216.156.197.160";"bittorrent";1340052817;29318.380108;-1.000000;"85079d2a-87b8-4176-acd6-24bc5d74ec4b";28573;"27";"São José Dos Campos";20;6;2012;0;18;"20120618"
"96.49.51.17";"CA";-123.133300;49.250000;"AS6327 Shaw Communications Inc.";"mlab2-iad01";0.101173;34271.716334;"0.004012999";"darwin";"216.156.197.160";"bittorrent";1340052834;103498.318855;-1.000000;"ce87578f-c38b-457f-ac58-62a6dcdb269f";6327;"BC";"Vancouver";20;6;2012;0;18;"20120618"
"99.255.57.221";"CA";-80.507000;43.461300;"AS812 Rogers Cable Communications Inc.";"mlab2-iad01";0.030475;5973627.158140;"0.004012999";"win32";"216.156.197.160";"speedtest";1340052830;245274.417778;0.033312;"e0f34017-e672-4f3e-b193-c196b727112a";812;"ON";"Waterloo";20;6;2012;0;18;"20120618"
"177.134.201.218";"BR";-35.066700;-8.400000;"AS18881 Global Village Telecom";"mlab2-iad01";0.104205;1410056.134260;"0.004011999";"win32";"216.156.197.160";"speedtest";1340052871;344017.110163;0.105137;"6a35591a-27a2-484e-842b-15ad4f0ef4df";18881;"30";"Ipojuca";20;6;2012;0;18;"20120618"
"186.32.56.228";"CR";-84.083300;9.933300;"AS262197 Amnet Cable Costa Rica";"mlab2-iad01";0.091316;214348.868494;"0.004012999";"win32";"216.156.197.160";"bittorrent";1340052946;53350.376856;-1.000000;"225c93a5-53b8-4755-a531-c9fa5f219359";262197;"08";"San José";14;6;2012;0;18;"20120618"
"201.6.232.83";"BR";-46.665800;-23.473300;"AS28573 Serviços de Comunicação S.A.";"mlab2-iad01";0.427611;381919.783266;"0.004012999";"win32";"216.156.197.160";"speedtest";1340053056;42404.746762;0.463120;"d965a30b-55ec-45ea-9e34-6b396fd7235d";28573;"27";"São Paulo";20;6;2012;0;18;"20120618"
"201.47.223.245";"BR";-51.200000;-30.033300;"AS18881 Global Village Telecom";"mlab2-iad01";0.160556;923084.987153;"0.004012999";"win32";"216.156.197.160";"bittorrent";1340053083;68985.813224;-1.000000;"e6f34d0d-5b1a-47be-b0c0-918bd4d48fd0";18881;"23";"Porto Alegre";20;6;2012;0;18;"20120618"
"98.243.192.146";"US";-84.594100;42.860200;"AS7922 Comcast Cable Communications, Inc.";"mlab2-iad01";0.032414;1829803.228636;"0.004012999";"darwin";"216.156.197.160";"bittorrent";1340053132;477027.701809;-1.000000;"69a61dac-c7ac-4b16-b86b-4bd2f3990f62";7922;"MI";"Dewitt";20;6;2012;0;18;"20120618"
"201.47.223.245";"BR";-51.200000;-30.033300;"AS18881 Global Village Telecom";"mlab2-iad01";0.201753;937211.185510;"0.004012999";"win32";"216.156.197.160";"bittorrent";1340053219;83770.531138;-1.000000;"5fca90cc-75dd-481e-b933-dec99e365ac6";18881;"23";"Porto Alegre";21;6;2012;0;18;"20120618"
"24.246.9.229";"CA";-75.700000;45.416700;"AS5645 TekSavvy Solutions Inc. Toronto";"mlab2-iad01";0.033406;1685382.299671;"0.004012999";"darwin";"216.156.197.160";"bittorrent";1340053276;58707.145829;-1.000000;"3ca27e85-5058-4cde-a22c-eb606f55de62";5645;"ON";"Ottawa";21;6;2012;0;18;"20120618"
"174.116.188.158";"CA";-79.416700;43.666700;"AS812 Rogers Cable Communications Inc.";"mlab2-iad01";0.102151;225991.490702;"0.004011999";"win32";"216.156.197.160";"bittorrent";1340053282;10758.004552;-1.000000;"1502ff6e-c49b-4896-8dcd-2ba9d8955e20";812;"ON";"Toronto";21;6;2012;0;18;"20120618"
"24.200.221.106";"CA";-71.305600;46.892100;"AS5769 Videotron Telecom Ltee";"mlab2-iad01";0.059123;984623.471648;"0.004012999";"darwin";"216.156.197.160";"speedtest";1340053319;249166.865581;0.064935;"28117871-2c97-46f4-8f0f-9bcfeadac357";5769;"QC";"Québec";21;6;2012;0;18;"20120618"
"190.153.2.209";"VE";-66.916700;10.500000;"AS11562 Net Uno, C.A.";"mlab2-iad01";1.538932;30438.303231;"0.004012999";"win32";"216.156.197.160";"speedtest";1340053389;82547.321791;0.170183;"fa502e52-2155-4466-8a9c-bcebe3b519d8";11562;"25";"Caracas";16;6;2012;0;18;"20120618"
"200.193.43.254";"BR";-55.000000;-10.000000;"AS8167 Brasil Telecom S/A - Filial Distrito Federal";"mlab2-iad01";0.275627;377078.158736;"0.004012999";"win32";"216.156.197.160";"bittorrent";1340053665;704484.447847;-1.000000;"e07e7f86-2d54-4e03-a044-d3475d794c0b";8167;"";"";21;6;2012;0;18;"20120618"
"190.163.109.157";"CL";-70.666700;-33.450000;"AS22047 BANDA ANCHA S.A.";"mlab2-iad01";0.283802;128562.565246;"0.004012999";"win32";"216.156.197.160";"speedtest";1340053674;93998.937884;0.399523;"f5e5e79b-fb36-4391-8311-97964ef12297";22047;"12";"Santiago";17;6;2012;0;18;"20120618"
"50.46.199.114";"US";-122.342600;47.739600;"AS5650 Frontier Communications of America, Inc.";"mlab2-iad01";0.076141;1901440.844780;"0.004012999";"darwin";"216.156.197.160";"bittorrent";1340053683;681830.101675;-1.000000;"9c3f8949-43af-4678-be97-2082a5c82606";5650;"WA";"Seattle";21;6;2012;0;18;"20120618"
"69.73.194.208";"GD";-61.666700;12.116700;"AS11139 CWRIN CW BARBADOS";"mlab2-iad01";0.085293;351418.526795;"0.004010999";"win32";"216.156.197.160";"bittorrent";1340053805;83449.989811;-1.000000;"d3c13d7a-e6db-48af-ade7-4cbb1e3e33db";11139;"";"";17;6;2012;0;18;"20120618"
"177.81.13.233";"BR";-46.665800;-23.473300;"AS28573 Serviços de Comunicação S.A.";"mlab2-iad01";0.136686;842244.250028;"0.004012999";"win32";"216.156.197.160";"bittorrent";1340054104;94420.630686;-1.000000;"01f13e8b-8792-465d-b299-c94a6ea6831d";28573;"27";"São Paulo";21;6;2012;0;18;"20120618"
"24.109.74.40";"CA";-84.333300;46.500000;"AS6327 Shaw Communications Inc.";"mlab2-iad01";0.069351;2568258.992820;"0.004012999";"win32";"216.156.197.160";"speedtest";1340054354;261131.670902;0.075896;"4db83560-1617-40a4-aea0-43a437033d77";6327;"ON";"Sault Sainte Marie";21;6;2012;0;18;"20120618"
"201.74.153.130";"BR";-45.883300;-23.183300;"AS28573 Serviços de Comunicação S.A.";"mlab2-iad01";0.158874;548887.456802;"0.004012999";"win32";"216.156.197.160";"speedtest";1340054329;59915.107921;0.164236;"85079d2a-87b8-4176-acd6-24bc5d74ec4b";28573;"27";"São José Dos Campos";21;6;2012;0;18;"20120618"
"206.188.84.168";"CA";-80.268800;43.574900;"AS11814 DISTRIBUTEL COMMUNICATIONS LTD.";"mlab2-iad01";0.057431;2692046.756650;"0.004011999";"linux2";"216.156.197.160";"bittorrent";1340054383;123061.932047;-1.000000;"08b120a5-3b23-4e37-a868-4a69486e1bbe";11814;"ON";"Guelph";21;6;2012;0;18;"20120618"
"177.134.201.218";"BR";-35.066700;-8.400000;"AS18881 Global Village Telecom";"mlab2-iad01";0.105246;623823.395511;"0.004011999";"win32";"216.156.197.160";"bittorrent";1340054391;307518.105526;-1.000000;"6a35591a-27a2-484e-842b-15ad4f0ef4df";18881;"30";"Ipojuca";21;6;2012;0;18;"20120618"
"66.142.7.6";"US";-101.831300;35.222000;"AS2386 AT&T Data Communications Services";"mlab2-iad01";0.149808;16027.967520;"0.004012999";"linux2";"216.156.197.160";"speedtest";1340054455;38412.568133;0.160663;"e629a5ed-292e-4c20-860f-40ebe4624851";2386;"TX";"Amarillo";21;6;2012;0;18;"20120618"
"96.49.51.17";"CA";-123.133300;49.250000;"AS6327 Shaw Communications Inc.";"mlab2-iad01";0.105429;29894.609853;"0.004012999";"darwin";"216.156.197.160";"speedtest";1340054479;273374.329106;0.112867;"ce87578f-c38b-457f-ac58-62a6dcdb269f";6327;"BC";"Vancouver";21;6;2012;0;18;"20120618"
"186.32.56.228";"CR";-84.083300;9.933300;"AS262197 Amnet Cable Costa Rica";"mlab2-iad01";0.087708;180077.597632;"0.004012999";"win32";"216.156.197.160";"speedtest";1340054485;58984.915753;0.094667;"225c93a5-53b8-4755-a531-c9fa5f219359";262197;"08";"San José";15;6;2012;0;18;"20120618"
"201.47.223.245";"BR";-51.200000;-30.033300;"AS18881 Global Village Telecom";"mlab2-iad01";0.178814;497133.128990;"0.004012999";"win32";"216.156.197.160";"speedtest";1340054497;83460.735849;0.165564;"e6f34d0d-5b1a-47be-b0c0-918bd4d48fd0";18881;"23";"Porto Alegre";21;6;2012;0;18;"20120618"
"98.206.101.228";"US";-87.655100;41.937300;"AS7922 Comcast Cable Communications, Inc.";"mlab2-iad01";0.042208;2810379.303500;"0.004012999";"win32";"216.156.197.160";"speedtest";1340054598;510252.649405;0.043869;"1b8a7968-95b4-4827-8260-84d7e02b3d53";7922;"IL";"Chicago";21;6;2012;0;18;"20120618"
"201.6.232.83";"BR";-46.665800;-23.473300;"AS28573 Serviços de Comunicação S.A.";"mlab2-iad01";0.360236;610039.679678;"0.004012999";"win32";"216.156.197.160";"bittorrent";1340054683;46265.830140;-1.000000;"d965a30b-55ec-45ea-9e34-6b396fd7235d";28573;"27";"São Paulo";21;6;2012;0;18;"20120618"
"201.47.223.245";"BR";-51.200000;-30.033300;"AS18881 Global Village Telecom";"mlab2-iad01";0.160610;686180.916231;"0.004012999";"win32";"216.156.197.160";"speedtest";1340054702;87703.194249;0.168076;"5fca90cc-75dd-481e-b933-dec99e365ac6";18881;"23";"Porto Alegre";21;6;2012;0;18;"20120618"
"174.116.188.158";"CA";-79.416700;43.666700;"AS812 Rogers Cable Communications Inc.";"mlab2-iad01";3.478186;41587.956034;"0.004011999";"win32";"216.156.197.160";"speedtest";1340054802;5581.585846;0.532367;"1502ff6e-c49b-4896-8dcd-2ba9d8955e20";812;"ON";"Toronto";21;6;2012;0;18;"20120618"
"24.200.221.106";"CA";-71.305600;46.892100;"AS5769 Videotron Telecom Ltee";"mlab2-iad01";0.060428;1096547.761975;"0.004012999";"darwin";"216.156.197.160";"bittorrent";1340054874;262163.470912;-1.000000;"28117871-2c97-46f4-8f0f-9bcfeadac357";5769;"QC";"Québec";21;6;2012;0;18;"20120618"
"98.251.77.68";"US";-83.949600;33.512000;"AS7922 Comcast Cable Communications, Inc.";"mlab2-iad01";0.028572;3176102.290480;"0.004011999";"win32";"216.156.197.160";"bittorrent";1340054886;501129.410204;-1.000000;"cbfab653-aed3-47c3-b7d0-e4159cab6582";7922;"GA";"Covington";21;6;2012;0;18;"20120618"
"24.246.9.229";"CA";-75.700000;45.416700;"AS5645 TekSavvy Solutions Inc. Toronto";"mlab2-iad01";0.033060;1625705.671830;"0.004012999";"darwin";"216.156.197.160";"speedtest";1340054887;59458.189201;0.038468;"3ca27e85-5058-4cde-a22c-eb606f55de62";5645;"ON";"Ottawa";21;6;2012;0;18;"20120618"
"190.153.2.209";"VE";-66.916700;10.500000;"AS11562 Net Uno, C.A.";"mlab2-iad01";0.103397;57129.732151;"0.004012999";"win32";"216.156.197.160";"bittorrent";1340055003;83438.406596;-1.000000;"fa502e52-2155-4466-8a9c-bcebe3b519d8";11562;"25";"Caracas";17;6;2012;0;18;"20120618"
"74.93.119.149";"US";-77.460300;37.553800;"AS7922 Comcast Cable Communications, Inc.";"mlab2-iad01";0.032557;2736870.463660;"0.004012999";"win32";"216.156.197.160";"speedtest";1340054862;603059.809142;0.019516;"89137afb-b348-4f18-88b5-80cee829292f";7922;"VA";"Richmond";21;6;2012;0;18;"20120618"
"177.101.99.254";"BR";-55.000000;-10.000000;"AS28343 TPA TELECOMUNICACOES LTDA";"mlab2-iad01";0.220238;16317.610625;"0.004012999";"win32";"216.156.197.160";"speedtest";1340055085;103380.903988;0.272340;"e07e7f86-2d54-4e03-a044-d3475d794c0b";28343;"";"";21;6;2012;0;18;"20120618"
"190.163.109.157";"CL";-70.666700;-33.450000;"AS22047 BANDA ANCHA S.A.";"mlab2-iad01";0.172650;687766.754002;"0.004012999";"win32";"216.156.197.160";"bittorrent";1340055260;125708.241914;-1.000000;"f5e5e79b-fb36-4391-8311-97964ef12297";22047;"12";"Santiago";17;6;2012;0;18;"20120618"
"24.61.63.89";"US";-71.031600;42.399700;"AS7922 Comcast Cable Communications, Inc.";"mlab2-iad01";0.053589;1344818.887256;"0.004012999";"win32";"216.156.197.160";"bittorrent";1340055337;468142.590472;-1.000000;"641fcec9-64c6-4ec1-a213-90d958a6f9a1";7922;"MA";"Chelsea";21;6;2012;0;18;"20120618"
"69.73.194.208";"GD";-61.666700;12.116700;"AS11139 CWRIN CW BARBADOS";"mlab2-iad01";0.196906;328534.263918;"0.004010999";"win32";"216.156.197.160";"speedtest";1340055418;80579.799820;0.099160;"d3c13d7a-e6db-48af-ade7-4cbb1e3e33db";11139;"";"";17;6;2012;0;18;"20120618"
"71.65.103.69";"US";-83.902700;39.678000;"AS10796 Time Warner Cable Internet LLC";"mlab2-iad01";0.048865;1215032.177045;"0.004012999";"win32";"216.156.197.160";"bittorrent";1340055438;92719.316495;-1.000000;"6d6c74dc-a35c-4d7b-b891-d665072442c5";10796;"OH";"Xenia";21;6;2012;0;18;"20120618"
"24.109.74.40";"CA";-84.333300;46.500000;"AS6327 Shaw Communications Inc.";"mlab2-iad01";0.077574;2083654.212019;"0.004012999";"win32";"216.156.197.160";"bittorrent";1340055545;216567.099406;-1.000000;"4db83560-1617-40a4-aea0-43a437033d77";6327;"ON";"Sault Sainte Marie";21;6;2012;0;18;"20120618"
"177.81.13.233";"BR";-46.665800;-23.473300;"AS28573 Serviços de Comunicação S.A.";"mlab2-iad01";0.135051;590998.936341;"0.004012999";"win32";"216.156.197.160";"speedtest";1340055584;86306.440245;0.139781;"01f13e8b-8792-465d-b299-c94a6ea6831d";28573;"27";"São Paulo";21;6;2012;0;18;"20120618"
"98.207.87.80";"US";-122.299100;37.409600;"AS7922 Comcast Cable Communications, Inc.";"mlab2-iad01";0.093698;3049189.448501;"0.004012999";"darwin";"216.156.197.160";"bittorrent";1340055613;255099.994071;-1.000000;"0f7d671c-779f-4f63-8f54-ca28fcc35fd6";7922;"CA";"Redwood City";21;6;2012;0;18;"20120618"
"70.122.243.11";"US";-97.015000;32.954600;"AS11427 Time Warner Cable Internet LLC";"mlab2-iad01";0.064557;3526910.663138;"0.004012999";"win32";"216.156.197.160";"bittorrent";1340055708;630404.044033;-1.000000;"bab8f612-1f34-46c2-a83e-fbaa7a2f8fa7";11427;"TX";"Coppell";21;6;2012;0;18;"20120618"
"207.34.171.98";"CA";-95.000000;60.000000;"AS852 TELUS Communications Inc.";"mlab2-iad01";0.080022;407032.697173;"0.004012999";"win32";"216.156.197.160";"speedtest";1340055831;484005.923640;0.084901;"cc98364e-3c42-4878-ac11-5b85bef11b7d";852;"";"";21;6;2012;0;18;"20120618"
"201.74.153.130";"BR";-45.883300;-23.183300;"AS28573 Serviços de Comunicação S.A.";"mlab2-iad01";0.140665;763909.007337;"0.004012999";"win32";"216.156.197.160";"bittorrent";1340055855;39817.242117;-1.000000;"85079d2a-87b8-4176-acd6-24bc5d74ec4b";28573;"27";"São José Dos Campos";21;6;2012;0;18;"20120618"
"177.134.201.218";"BR";-35.066700;-8.400000;"AS18881 Global Village Telecom";"mlab2-iad01";0.109169;1547915.172790;"0.004011999";"win32";"216.156.197.160";"speedtest";1340055895;330676.613624;0.104862;"6a35591a-27a2-484e-842b-15ad4f0ef4df";18881;"30";"Ipojuca";21;6;2012;0;18;"20120618"
"201.47.223.245";"BR";-51.200000;-30.033300;"AS18881 Global Village Telecom";"mlab2-iad01";0.157177;771835.804202;"0.004012999";"win32";"216.156.197.160";"bittorrent";1340055912;82871.787632;-1.000000;"e6f34d0d-5b1a-47be-b0c0-918bd4d48fd0";18881;"23";"Porto Alegre";21;6;2012;0;18;"20120618"
"206.188.84.168";"CA";-80.268800;43.574900;"AS11814 DISTRIBUTEL COMMUNICATIONS LTD.";"mlab2-iad01";0.047362;2360928.489810;"0.004011999";"linux2";"216.156.197.160";"speedtest";1340055990;122450.046683;0.054038;"08b120a5-3b23-4e37-a868-4a69486e1bbe";11814;"ON";"Guelph";21;6;2012;0;18;"20120618"
"186.32.56.228";"CR";-84.083300;9.933300;"AS262197 Amnet Cable Costa Rica";"mlab2-iad01";0.093302;209937.059531;"0.004012999";"win32";"216.156.197.160";"bittorrent";1340056019;58891.032858;-1.000000;"225c93a5-53b8-4755-a531-c9fa5f219359";262197;"08";"San José";15;6;2012;0;18;"20120618"
"98.243.192.146";"US";-84.594100;42.860200;"AS7922 Comcast Cable Communications, Inc.";"mlab2-iad01";0.031505;2019349.437349;"0.004012999";"darwin";"216.156.197.160";"bittorrent";1340056054;454035.449257;-1.000000;"69a61dac-c7ac-4b16-b86b-4bd2f3990f62";7922;"MI";"Dewitt";21;6;2012;0;18;"20120618"
"99.255.57.221";"CA";-80.507000;43.461300;"AS812 Rogers Cable Communications Inc.";"mlab2-iad01";0.031089;5974597.446210;"0.004012999";"win32";"216.156.197.160";"speedtest";1340056125;246596.870328;0.032342;"e0f34017-e672-4f3e-b193-c196b727112a";812;"ON";"Waterloo";21;6;2012;0;18;"20120618"
"201.47.223.245";"BR";-51.200000;-30.033300;"AS18881 Global Village Telecom";"mlab2-iad01";0.158963;887788.631321;"0.004012999";"win32";"216.156.197.160";"bittorrent";1340056180;92496.194140;-1.000000;"5fca90cc-75dd-481e-b933-dec99e365ac6";18881;"23";"Porto Alegre";21;6;2012;0;18;"20120618"
"201.6.232.83";"BR";-46.665800;-23.473300;"AS28573 Serviços de Comunicação S.A.";"mlab2-iad01";0.610894;359618.039375;"0.004012999";"win32";"216.156.197.160";"speedtest";1340056317;21340.734022;0.558235;"d965a30b-55ec-45ea-9e34-6b396fd7235d";28573;"27";"São Paulo";21;6;2012;0;18;"20120618"
"67.80.190.212";"US";-73.623200;40.874200;"AS6128 Cablevision Systems Corp.";"mlab2-iad01";0.018604;2374810.407590;"0.004012999";"win32";"216.156.197.160";"speedtest";1340056268;263271.568706;0.019444;"103cc2f1-ddd5-4016-83cc-cdd357e7a81a";6128;"NY";"Glen Cove";21;6;2012;0;18;"20120618"
"174.116.188.158";"CA";-79.416700;43.666700;"AS812 Rogers Cable Communications Inc.";"mlab2-iad01";0.483214;288183.920823;"0.004011999";"win32";"216.156.197.160";"bittorrent";1340056349;15820.990095;-1.000000;"1502ff6e-c49b-4896-8dcd-2ba9d8955e20";812;"ON";"Toronto";21;6;2012;0;18;"20120618"
"24.200.221.106";"CA";-71.305600;46.892100;"AS5769 Videotron Telecom Ltee";"mlab2-iad01";0.063149;985094.385338;"0.004012999";"darwin";"216.156.197.160";"speedtest";1340056425;257436.956748;0.063932;"28117871-2c97-46f4-8f0f-9bcfeadac357";5769;"QC";"Québec";21;6;2012;0;18;"20120618"
"190.153.2.209";"VE";-66.916700;10.500000;"AS11562 Net Uno, C.A.";"mlab2-iad01";1.039225;109125.799449;"0.004012999";"win32";"216.156.197.160";"speedtest";1340056389;88117.630661;0.091340;"fa502e52-2155-4466-8a9c-bcebe3b519d8";11562;"25";"Caracas";17;6;2012;0;18;"20120618"
"24.246.9.229";"CA";-75.700000;45.416700;"AS5645 TekSavvy Solutions Inc. Toronto";"mlab2-iad01";0.042583;3746321.953529;"0.004012999";"darwin";"216.156.197.160";"bittorrent";1340056501;59144.014987;-1.000000;"3ca27e85-5058-4cde-a22c-eb606f55de62";5645;"ON";"Ottawa";21;6;2012;0;18;"20120618"
"189.26.124.130";"BR";-55.000000;-10.000000;"AS18881 Global Village Telecom";"mlab2-iad01";0.183429;353381.089290;"0.004012999";"win32";"216.156.197.160";"bittorrent";1340056506;427966.725296;-1.000000;"e07e7f86-2d54-4e03-a044-d3475d794c0b";18881;"";"";21;6;2012;0;18;"20120618"
"99.104.57.129";"US";-87.701600;41.975900;"AS7018 AT&T Services, Inc.";"mlab2-iad01";0.042635;275367.043786;"0.004012999";"darwin";"216.156.197.160";"speedtest";1340056802;30833.410686;0.047176;"d6f10baf-3b6d-47fb-999c-6d4188d2d4b2";7018;"IL";"Chicago";22;6;2012;0;18;"20120618"
"190.163.109.157";"CL";-70.666700;-33.450000;"AS22047 BANDA ANCHA S.A.";"mlab2-iad01";0.175201;117563.564814;"0.004012999";"win32";"216.156.197.160";"speedtest";1340056835;150439.476318;0.181728;"f5e5e79b-fb36-4391-8311-97964ef12297";22047;"12";"Santiago";18;6;2012;0;18;"20120618"
"71.65.103.69";"US";-83.902700;39.678000;"AS10796 Time Warner Cable Internet LLC";"mlab2-iad01";0.049227;1552154.699600;"0.004012999";"win32";"216.156.197.160";"speedtest";1340056884;119406.936544;0.050542;"6d6c74dc-a35c-4d7b-b891-d665072442c5";10796;"OH";"Xenia";22;6;2012;0;18;"20120618"
"24.109.74.40";"CA";-84.333300;46.500000;"AS6327 Shaw Communications Inc.";"mlab2-iad01";0.141903;2436088.518700;"0.004012999";"win32";"216.156.197.160";"speedtest";1340057146;225228.619583;0.083354;"4db83560-1617-40a4-aea0-43a437033d77";6327;"ON";"Sault Sainte Marie";22;6;2012;0;18;"20120618"
"69.73.194.208";"GD";-61.666700;12.116700;"AS11139 CWRIN CW BARBADOS";"mlab2-iad01";0.085734;271818.452054;"0.004010999";"win32";"216.156.197.160";"bittorrent";1340057070;92271.736928;-1.000000;"d3c13d7a-e6db-48af-ade7-4cbb1e3e33db";11139;"";"";18;6;2012;0;18;"20120618"
"177.81.13.233";"BR";-46.665800;-23.473300;"AS28573 Serviços de Comunicação S.A.";"mlab2-iad01";0.134873;834009.996345;"0.004012999";"win32";"216.156.197.160";"bittorrent";1340057078;107920.460499;-1.000000;"01f13e8b-8792-465d-b299-c94a6ea6831d";28573;"27";"São Paulo";22;6;2012;0;18;"20120618"
"69.251.194.209";"US";-77.177000;39.175200;"AS7922 Comcast Cable Communications, Inc.";"mlab2-iad01";0.013579;1740478.122120;"0.004011999";"win32";"216.156.197.160";"speedtest";1340057195;539620.840239;0.019213;"5ab805cf-b023-4309-9496-d8b22873a074";7922;"MD";"Montgomery Village";22;6;2012;0;18;"20120618"
"184.177.72.227";"US";-97.000000;38.000000;"AS22773 Cox Communications Inc.";"mlab2-iad01";0.076359;466528.322537;"0.004012999";"win32";"216.156.197.160";"speedtest";1340057265;629126.695163;0.077509;"e9aa2936-1c50-4b9d-89e4-2daad232b753";22773;"";"";22;6;2012;0;18;"20120618"
"201.47.223.245";"BR";-51.200000;-30.033300;"AS18881 Global Village Telecom";"mlab2-iad01";0.153615;670726.290595;"0.004012999";"win32";"216.156.197.160";"speedtest";1340057320;99388.069859;0.153387;"e6f34d0d-5b1a-47be-b0c0-918bd4d48fd0";18881;"23";"Porto Alegre";22;6;2012;0;18;"20120618"
"201.74.153.130";"BR";-45.883300;-23.183300;"AS28573 Serviços de Comunicação S.A.";"mlab2-iad01";0.171543;95353.226779;"0.004012999";"win32";"216.156.197.160";"speedtest";1340057398;24176.084632;0.181873;"85079d2a-87b8-4176-acd6-24bc5d74ec4b";28573;"27";"São José Dos Campos";22;6;2012;0;18;"20120618"
"177.134.201.218";"BR";-35.066700;-8.400000;"AS18881 Global Village Telecom";"mlab2-iad01";0.104015;1382403.950122;"0.004011999";"win32";"216.156.197.160";"bittorrent";1340057414;310527.818650;-1.000000;"6a35591a-27a2-484e-842b-15ad4f0ef4df";18881;"30";"Ipojuca";22;6;2012;0;18;"20120618"
"186.32.56.228";"CR";-84.083300;9.933300;"AS262197 Amnet Cable Costa Rica";"mlab2-iad01";0.090741;191115.120400;"0.004012999";"win32";"216.156.197.160";"speedtest";1340057558;59540.046235;0.097757;"225c93a5-53b8-4755-a531-c9fa5f219359";262197;"08";"San José";16;6;2012;0;18;"20120618"
"206.188.84.168";"CA";-80.268800;43.574900;"AS11814 DISTRIBUTEL COMMUNICATIONS LTD.";"mlab2-iad01";0.058180;1648211.824234;"0.004011999";"linux2";"216.156.197.160";"bittorrent";1340057594;123348.421707;-1.000000;"08b120a5-3b23-4e37-a868-4a69486e1bbe";11814;"ON";"Guelph";22;6;2012;0;18;"20120618"
"68.40.93.208";"US";-82.582300;42.637600;"AS7922 Comcast Cable Communications, Inc.";"mlab2-iad01";0.038287;1158337.930670;"0.004011999";"win32";"216.156.197.160";"speedtest";1340057641;452667.546332;0.033607;"5ddd06da-64ad-444c-b2c0-525541d4d177";7922;"MI";"Algonac";22;6;2012;0;18;"20120618"
"201.47.223.245";"BR";-51.200000;-30.033300;"AS18881 Global Village Telecom";"mlab2-iad01";0.187806;723044.488308;"0.004012999";"win32";"216.156.197.160";"speedtest";1340057655;91029.060822;0.188500;"5fca90cc-75dd-481e-b933-dec99e365ac6";18881;"23";"Porto Alegre";22;6;2012;0;18;"20120618"
"174.116.188.158";"CA";-79.416700;43.666700;"AS812 Rogers Cable Communications Inc.";"mlab2-iad01";0.313982;52434.379091;"0.004011999";"win32";"216.156.197.160";"speedtest";1340057864;8612.726171;0.413789;"1502ff6e-c49b-4896-8dcd-2ba9d8955e20";812;"ON";"Toronto";22;6;2012;0;18;"20120618"
"99.21.145.140";"US";-121.382800;38.626300;"AS7132 AS for SBIS-AS";"mlab2-iad01";0.097687;1235314.692516;"0.004012999";"win32";"216.156.197.160";"bittorrent";1340057881;174253.153496;-1.000000;"ebeab1c8-defc-4fef-8be3-daa7088a0954";7132;"CA";"Sacramento";22;6;2012;0;18;"20120618"
"189.26.124.130";"BR";-55.000000;-10.000000;"AS18881 Global Village Telecom";"mlab2-iad01";0.147516;357384.267818;"0.004012999";"win32";"216.156.197.160";"speedtest";1340057926;547688.084689;0.149148;"e07e7f86-2d54-4e03-a044-d3475d794c0b";18881;"";"";22;6;2012;0;18;"20120618"
"201.6.232.83";"BR";-46.665800;-23.473300;"AS28573 Serviços de Comunicação S.A.";"mlab2-iad01";0.380836;447022.476458;"0.004012999";"win32";"216.156.197.160";"bittorrent";1340057957;18485.944479;-1.000000;"d965a30b-55ec-45ea-9e34-6b396fd7235d";28573;"27";"São Paulo";22;6;2012;0;18;"20120618"
"50.193.198.140";"US";-122.213500;47.463700;"AS7922 Comcast Cable Communications, Inc.";"mlab2-iad01";0.095392;400678.884478;"0.004011999";"win32";"216.156.197.160";"bittorrent";1340057978;371448.582083;-1.000000;"2b37de0c-5f49-4446-8b8f-3b2dad14fb61";7922;"WA";"Renton";22;6;2012;0;18;"20120618"
"24.200.221.106";"CA";-71.305600;46.892100;"AS5769 Videotron Telecom Ltee";"mlab2-iad01";0.059503;1039405.008540;"0.004012999";"darwin";"216.156.197.160";"bittorrent";1340057979;261458.162288;-1.000000;"28117871-2c97-46f4-8f0f-9bcfeadac357";5769;"QC";"Québec";22;6;2012;0;18;"20120618"
"190.153.2.209";"VE";-66.916700;10.500000;"AS11562 Net Uno, C.A.";"mlab2-iad01";0.091491;62117.893091;"0.004012999";"win32";"216.156.197.160";"bittorrent";1340057988;83463.940814;-1.000000;"fa502e52-2155-4466-8a9c-bcebe3b519d8";11562;"25";"Caracas";17;6;2012;0;18;"20120618"
"72.81.232.139";"US";-76.837500;39.174900;"AS701 MCI Communications Services, Inc. d/b/a Verizon Business";"mlab2-iad01";0.033272;1614637.999185;"0.004012999";"darwin";"216.156.197.160";"bittorrent";1340057989;253973.261115;-1.000000;"5d2377cf-2e67-40be-b1dc-e439a545da6f";701;"MD";"Columbia";22;6;2012;0;18;"20120618"
"74.93.119.149";"US";-77.460300;37.553800;"AS7922 Comcast Cable Communications, Inc.";"mlab2-iad01";0.023678;2585264.452610;"0.004012999";"win32";"216.156.197.160";"speedtest";1340057819;603147.521926;0.019525;"89137afb-b348-4f18-88b5-80cee829292f";7922;"VA";"Richmond";22;6;2012;0;18;"20120618"
"99.185.57.147";"US";-83.622800;42.206100;"AS7018 AT&T Services, Inc.";"mlab2-iad01";0.069368;937349.354115;"0.004012999";"win32";"216.156.197.160";"speedtest";1340058041;175824.135341;0.063255;"405dea16-cc97-4c9e-bf1a-092c32684844";7018;"MI";"Ypsilanti";22;6;2012;0;18;"20120618"
"24.246.9.229";"CA";-75.700000;45.416700;"AS5645 TekSavvy Solutions Inc. Toronto";"mlab2-iad01";0.034396;2955430.496080;"0.004012999";"darwin";"216.156.197.160";"speedtest";1340058112;59502.250119;0.038625;"3ca27e85-5058-4cde-a22c-eb606f55de62";5645;"ON";"Ottawa";22;6;2012;0;18;"20120618"
"24.109.74.40";"CA";-84.333300;46.500000;"AS6327 Shaw Communications Inc.";"mlab2-iad01";0.077460;2007558.584333;"0.004012999";"win32";"216.156.197.160";"bittorrent";1340058336;195204.356776;-1.000000;"4db83560-1617-40a4-aea0-43a437033d77";6327;"ON";"Sault Sainte Marie";22;6;2012;0;18;"20120618"
"190.163.109.157";"CL";-70.666700;-33.450000;"AS22047 BANDA ANCHA S.A.";"mlab2-iad01";0.588329;581766.485701;"0.004012999";"win32";"216.156.197.160";"bittorrent";1340058443;47659.831676;-1.000000;"f5e5e79b-fb36-4391-8311-97964ef12297";22047;"12";"Santiago";18;6;2012;0;18;"20120618"
"177.81.13.233";"BR";-46.665800;-23.473300;"AS28573 Serviços de Comunicação S.A.";"mlab2-iad01";0.134779;582583.030717;"0.004012999";"win32";"216.156.197.160";"speedtest";1340058558;88522.403379;0.141701;"01f13e8b-8792-465d-b299-c94a6ea6831d";28573;"27";"São Paulo";22;6;2012;0;18;"20120618"
"177.134.201.218";"BR";-35.066700;-8.400000;"AS18881 Global Village Telecom";"mlab2-iad01";0.106518;1708750.986230;"0.004011999";"win32";"216.156.197.160";"speedtest";1340058918;275303.732701;0.104825;"6a35591a-27a2-484e-842b-15ad4f0ef4df";18881;"30";"Ipojuca";22;6;2012;0;18;"20120618"
"207.34.171.98";"CA";-95.000000;60.000000;"AS852 TELUS Communications Inc.";"mlab2-iad01";0.238077;154756.929417;"0.004012999";"win32";"216.156.197.160";"speedtest";1340058936;256164.508424;0.231373;"cc98364e-3c42-4878-ac11-5b85bef11b7d";852;"";"";22;6;2012;0;18;"20120618"
"201.74.153.130";"BR";-45.883300;-23.183300;"AS28573 Serviços de Comunicação S.A.";"mlab2-iad01";0.178756;78817.588091;"0.004012999";"win32";"216.156.197.160";"bittorrent";1340058953;28168.846559;-1.000000;"85079d2a-87b8-4176-acd6-24bc5d74ec4b";28573;"27";"São José Dos Campos";22;6;2012;0;18;"20120618"
"209.155.86.74";"US";-77.426000;43.100500;"AS1785 PaeTec Communications, Inc.";"mlab2-iad01";0.019697;354450.058748;"0.004012999";"win32";"216.156.197.160";"speedtest";1340058970;59453.401311;0.019772;"4841c017-4566-4afc-a805-ba458ccb2be1";1785;"NY";"Fairport";22;6;2012;0;18;"20120618"
"68.58.125.60";"US";-86.158000;39.768400;"AS7922 Comcast Cable Communications, Inc.";"mlab2-iad01";0.050820;1267726.527468;"0.004012999";"darwin";"216.156.197.160";"bittorrent";1340059072;522771.535367;-1.000000;"9ad7184c-eb25-4754-a40f-91e4262a9d35";7922;"IN";"Indianapolis";22;6;2012;0;18;"20120618"
"186.32.56.228";"CR";-84.083300;9.933300;"AS262197 Amnet Cable Costa Rica";"mlab2-iad01";0.089417;204425.498099;"0.004012999";"win32";"216.156.197.160";"bittorrent";1340059093;52274.979615;-1.000000;"225c93a5-53b8-4755-a531-c9fa5f219359";262197;"08";"San José";16;6;2012;0;18;"20120618"
"67.130.216.230";"US";-105.937800;35.687000;"AS209 NOVARTIS-DMZ-US";"mlab2-iad01";0.172846;146744.437204;"0.004012999";"win32";"216.156.197.160";"speedtest";1340059130;63546.512020;0.104070;"ee8fe911-f84d-4ab8-b486-dda4c138f932";209;"NM";"Santa Fe";22;6;2012;0;18;"20120618"
"206.188.84.168";"CA";-80.268800;43.574900;"AS11814 DISTRIBUTEL COMMUNICATIONS LTD.";"mlab2-iad01";0.050013;2693546.289400;"0.004011999";"linux2";"216.156.197.160";"speedtest";1340059202;122713.642592;0.053082;"08b120a5-3b23-4e37-a868-4a69486e1bbe";11814;"ON";"Guelph";22;6;2012;0;18;"20120618"
"177.101.99.254";"BR";-55.000000;-10.000000;"AS28343 TPA TELECOMUNICACOES LTDA";"mlab2-iad01";0.147741;367009.068508;"0.004012999";"win32";"216.156.197.160";"bittorrent";1340059339;575276.225076;-1.000000;"e07e7f86-2d54-4e03-a044-d3475d794c0b";28343;"";"";22;6;2012;0;18;"20120618"
"72.81.232.139";"US";-76.837500;39.174900;"AS701 MCI Communications Services, Inc. d/b/a Verizon Business";"mlab2-iad01";0.056791;1194306.780880;"0.004012999";"darwin";"216.156.197.160";"speedtest";1340059382;227531.474974;0.094146;"5d2377cf-2e67-40be-b1dc-e439a545da6f";701;"MD";"Columbia";22;6;2012;0;18;"20120618"
"174.116.188.158";"CA";-79.416700;43.666700;"AS812 Rogers Cable Communications Inc.";"mlab2-iad01";0.371996;334226.500714;"0.004011999";"win32";"216.156.197.160";"bittorrent";1340059433;10133.208570;-1.000000;"1502ff6e-c49b-4896-8dcd-2ba9d8955e20";812;"ON";"Toronto";22;6;2012;0;18;"20120618"
"99.255.57.221";"CA";-80.507000;43.461300;"AS812 Rogers Cable Communications Inc.";"mlab2-iad01";0.031634;5661402.814420;"0.004012999";"win32";"216.156.197.160";"speedtest";1340059421;243958.468611;0.033142;"e0f34017-e672-4f3e-b193-c196b727112a";812;"ON";"Waterloo";22;6;2012;0;18;"20120618"
"190.153.2.209";"VE";-66.916700;10.500000;"AS11562 Net Uno, C.A.";"mlab2-iad01";1.220013;113611.993504;"0.004012999";"win32";"216.156.197.160";"speedtest";1340059372;89496.493522;0.076217;"fa502e52-2155-4466-8a9c-bcebe3b519d8";11562;"25";"Caracas";18;6;2012;0;18;"20120618"
"74.93.119.149";"US";-77.460300;37.553800;"AS7922 Comcast Cable Communications, Inc.";"mlab2-iad01";0.043446;2613025.266967;"0.004012999";"win32";"216.156.197.160";"bittorrent";1340059512;607641.272210;-1.000000;"89137afb-b348-4f18-88b5-80cee829292f";7922;"VA";"Richmond";22;6;2012;0;18;"20120618"
"201.6.232.83";"BR";-46.665800;-23.473300;"AS28573 Serviços de Comunicação S.A.";"mlab2-iad01";0.363732;404065.275130;"0.004012999";"win32";"216.156.197.160";"speedtest";1340059598;14066.313129;0.382826;"d965a30b-55ec-45ea-9e34-6b396fd7235d";28573;"27";"São Paulo";22;6;2012;0;18;"20120618"
"24.246.9.229";"CA";-75.700000;45.416700;"AS5645 TekSavvy Solutions Inc. Toronto";"mlab2-iad01";0.032527;3755269.067683;"0.004012999";"darwin";"216.156.197.160";"bittorrent";1340059724;59116.857066;-1.000000;"3ca27e85-5058-4cde-a22c-eb606f55de62";5645;"ON";"Ottawa";22;6;2012;0;18;"20120618"
"24.109.74.40";"CA";-84.333300;46.500000;"AS6327 Shaw Communications Inc.";"mlab2-iad01";0.075086;2327397.923900;"0.004012999";"win32";"216.156.197.160";"speedtest";1340059936;230420.858515;0.081349;"4db83560-1617-40a4-aea0-43a437033d77";6327;"ON";"Sault Sainte Marie";22;6;2012;0;18;"20120618"
"201.87.46.78";"BR";-46.665800;-23.473300;"AS19182 AJATO TELECOMUNICACAO LTDA";"mlab2-iad01";1.241984;545445.802823;"0.004012999";"darwin";"216.156.197.160";"speedtest";1340059899;92377.587264;0.182271;"f48ef4fb-0a2d-43a3-8ee2-d895edfd8dd5";19182;"27";"São Paulo";22;6;2012;0;18;"20120618"
"190.163.109.157";"CL";-70.666700;-33.450000;"AS22047 BANDA ANCHA S.A.";"mlab2-iad01";0.592146;138560.789552;"0.004012999";"win32";"216.156.197.160";"speedtest";1340060046;30353.200548;0.550013;"f5e5e79b-fb36-4391-8311-97964ef12297";22047;"12";"Santiago";18;6;2012;0;18;"20120618"
"177.81.13.233";"BR";-46.665800;-23.473300;"AS28573 Serviços de Comunicação S.A.";"mlab2-iad01";0.138202;826075.093161;"0.004012999";"win32";"216.156.197.160";"bittorrent";1340060053;85886.493213;-1.000000;"01f13e8b-8792-465d-b299-c94a6ea6831d";28573;"27";"São Paulo";22;6;2012;0;18;"20120618"
"201.47.223.245";"BR";-51.200000;-30.033300;"AS18881 Global Village Telecom";"mlab2-iad01";0.148742;507561.374151;"0.004012999";"win32";"216.156.197.160";"speedtest";1340060131;88003.328695;0.155497;"e6f34d0d-5b1a-47be-b0c0-918bd4d48fd0";18881;"23";"Porto Alegre";22;6;2012;0;18;"20120618"
"74.103.162.36";"US";-75.114700;40.427800;"AS701 MCI Communications Services, Inc. d/b/a Verizon Business";"mlab2-iad01";0.011943;1911741.272438;"0.004012999";"darwin";"216.156.197.160";"bittorrent";1340060165;664262.413907;-1.000000;"4eec0d76-fa70-4b4c-91f9-8cb1b74b0682";701;"PA";"Pipersville";22;6;2012;0;18;"20120618"
"24.2.64.100";"US";-112.008200;40.477400;"AS7922 Comcast Cable Communications, Inc.";"mlab2-iad01";0.093293;925665.020004;"0.004012999";"win32";"216.156.197.160";"bittorrent";1340060326;138403.098122;-1.000000;"9a8766b6-803d-48fa-b02a-2091ff6f496e";7922;"UT";"Riverton";22;6;2012;0;18;"20120618"
"177.134.201.218";"BR";-35.066700;-8.400000;"AS18881 Global Village Telecom";"mlab2-iad01";0.103634;2151324.397692;"0.004011999";"win32";"216.156.197.160";"bittorrent";1340060440;122918.985014;-1.000000;"6a35591a-27a2-484e-842b-15ad4f0ef4df";18881;"30";"Ipojuca";23;6;2012;0;18;"20120618"
"201.74.153.130";"BR";-45.883300;-23.183300;"AS28573 Serviços de Comunicação S.A.";"mlab2-iad01";0.162742;209421.118520;"0.004012999";"win32";"216.156.197.160";"speedtest";1340060472;28405.376369;0.191942;"85079d2a-87b8-4176-acd6-24bc5d74ec4b";28573;"27";"São José Dos Campos";23;6;2012;0;18;"20120618"
"201.47.223.245";"BR";-51.200000;-30.033300;"AS18881 Global Village Telecom";"mlab2-iad01";0.217905;449999.857218;"0.004012999";"win32";"216.156.197.160";"speedtest";1340060598;50534.269858;0.185766;"5fca90cc-75dd-481e-b933-dec99e365ac6";18881;"23";"Porto Alegre";23;6;2012;0;18;"20120618"
"186.32.56.228";"CR";-84.083300;9.933300;"AS262197 Amnet Cable Costa Rica";"mlab2-iad01";0.090096;166258.947845;"0.004012999";"win32";"216.156.197.160";"speedtest";1340060640;27067.632564;0.098517;"225c93a5-53b8-4755-a531-c9fa5f219359";262197;"08";"San José";17;6;2012;0;18;"20120618"
"200.193.43.254";"BR";-55.000000;-10.000000;"AS8167 Brasil Telecom S/A - Filial Distrito Federal";"mlab2-iad01";0.290527;324014.760823;"0.004012999";"win32";"216.156.197.160";"speedtest";1340060757;577904.425183;0.317801;"e07e7f86-2d54-4e03-a044-d3475d794c0b";8167;"";"";23;6;2012;0;18;"20120618"
"206.188.84.168";"CA";-80.268800;43.574900;"AS11814 DISTRIBUTEL COMMUNICATIONS LTD.";"mlab2-iad01";0.052505;2023548.925666;"0.004011999";"linux2";"216.156.197.160";"bittorrent";1340060802;115702.258487;-1.000000;"08b120a5-3b23-4e37-a868-4a69486e1bbe";11814;"ON";"Guelph";23;6;2012;0;18;"20120618"
"174.116.188.158";"CA";-79.416700;43.666700;"AS812 Rogers Cable Communications Inc.";"mlab2-iad01";0.472360;26232.191172;"0.004011999";"win32";"216.156.197.160";"speedtest";1340060955;10788.373889;0.429855;"1502ff6e-c49b-4896-8dcd-2ba9d8955e20";812;"ON";"Toronto";23;6;2012;0;18;"20120618"
"190.153.2.209";"VE";-66.916700;10.500000;"AS11562 Net Uno, C.A.";"mlab2-iad01";0.073138;92295.342244;"0.004012999";"win32";"216.156.197.160";"bittorrent";1340060970;89881.863650;-1.000000;"fa502e52-2155-4466-8a9c-bcebe3b519d8";11562;"25";"Caracas";18;6;2012;0;18;"20120618"
"24.109.74.40";"CA";-84.333300;46.500000;"AS6327 Shaw Communications Inc.";"mlab2-iad01";0.074661;2189072.099109;"0.004012999";"win32";"216.156.197.160";"bittorrent";1340061127;139122.504794;-1.000000;"4db83560-1617-40a4-aea0-43a437033d77";6327;"ON";"Sault Sainte Marie";23;6;2012;0;18;"20120618"
"201.6.232.83";"BR";-46.665800;-23.473300;"AS28573 Serviços de Comunicação S.A.";"mlab2-iad01";0.292402;213020.564216;"0.004012999";"win32";"216.156.197.160";"bittorrent";1340061255;22528.116316;-1.000000;"d965a30b-55ec-45ea-9e34-6b396fd7235d";28573;"27";"São Paulo";23;6;2012;0;18;"20120618"
"24.246.9.229";"CA";-75.700000;45.416700;"AS5645 TekSavvy Solutions Inc. Toronto";"mlab2-iad01";0.034007;3787458.103400;"0.004012999";"darwin";"216.156.197.160";"speedtest";1340061330;58540.703053;0.041134;"3ca27e85-5058-4cde-a22c-eb606f55de62";5645;"ON";"Ottawa";23;6;2012;0;18;"20120618"
"201.87.46.78";"BR";-46.665800;-23.473300;"AS19182 AJATO TELECOMUNICACAO LTDA";"mlab2-iad01";0.183944;795341.774038;"0.004012999";"darwin";"216.156.197.160";"bittorrent";1340061474;114642.067167;-1.000000;"f48ef4fb-0a2d-43a3-8ee2-d895edfd8dd5";19182;"27";"São Paulo";23;6;2012;0;18;"20120618"
"177.81.13.233";"BR";-46.665800;-23.473300;"AS28573 Serviços de Comunicação S.A.";"mlab2-iad01";0.192223;421551.123685;"0.004012999";"win32";"216.156.197.160";"speedtest";1340061535;85301.933077;0.165337;"01f13e8b-8792-465d-b299-c94a6ea6831d";28573;"27";"São Paulo";23;6;2012;0;18;"20120618"
"201.47.223.245";"BR";-51.200000;-30.033300;"AS18881 Global Village Telecom";"mlab2-iad01";0.148713;715166.587921;"0.004012999";"win32";"216.156.197.160";"bittorrent";1340061550;56643.125052;-1.000000;"e6f34d0d-5b1a-47be-b0c0-918bd4d48fd0";18881;"23";"Porto Alegre";23;6;2012;0;18;"20120618"
"207.34.171.98";"CA";-95.000000;60.000000;"AS852 TELUS Communications Inc.";"mlab2-iad01";0.208186;355125.408445;"0.004012999";"win32";"216.156.197.160";"speedtest";1340061779;368821.858276;0.147451;"cc98364e-3c42-4878-ac11-5b85bef11b7d";852;"";"";23;6;2012;0;18;"20120618"
"98.243.192.146";"US";-84.594100;42.860200;"AS7922 Comcast Cable Communications, Inc.";"mlab2-iad01";0.039479;2016218.034117;"0.004012999";"darwin";"216.156.197.160";"bittorrent";1340061901;476058.208462;-1.000000;"69a61dac-c7ac-4b16-b86b-4bd2f3990f62";7922;"MI";"Dewitt";23;6;2012;0;18;"20120618"
"177.134.201.218";"BR";-35.066700;-8.400000;"AS18881 Global Village Telecom";"mlab2-iad01";0.103914;1621137.908500;"0.004011999";"win32";"216.156.197.160";"speedtest";1340061943;348118.897429;0.111736;"6a35591a-27a2-484e-842b-15ad4f0ef4df";18881;"30";"Ipojuca";23;6;2012;0;18;"20120618"
"201.74.153.130";"BR";-45.883300;-23.183300;"AS28573 Serviços de Comunicação S.A.";"mlab2-iad01";0.210785;93052.068267;"0.004012999";"win32";"216.156.197.160";"bittorrent";1340062018;10135.914633;-1.000000;"85079d2a-87b8-4176-acd6-24bc5d74ec4b";28573;"27";"São José Dos Campos";23;6;2012;0;18;"20120618"
"201.47.223.245";"BR";-51.200000;-30.033300;"AS18881 Global Village Telecom";"mlab2-iad01";0.187319;668697.475372;"0.004012999";"win32";"216.156.197.160";"bittorrent";1340062083;53834.119098;-1.000000;"5fca90cc-75dd-481e-b933-dec99e365ac6";18881;"23";"Porto Alegre";23;6;2012;0;18;"20120618"
"186.32.56.228";"CR";-84.083300;9.933300;"AS262197 Amnet Cable Costa Rica";"mlab2-iad01";0.089610;199006.529238;"0.004012999";"win32";"216.156.197.160";"bittorrent";1340062174;51619.633130;-1.000000;"225c93a5-53b8-4755-a531-c9fa5f219359";262197;"08";"San José";17;6;2012;0;18;"20120618"
"177.101.99.254";"BR";-55.000000;-10.000000;"AS28343 TPA TELECOMUNICACOES LTDA";"mlab2-iad01";0.140589;274852.493573;"0.004012999";"win32";"216.156.197.160";"bittorrent";1340062194;614807.502218;-1.000000;"e07e7f86-2d54-4e03-a044-d3475d794c0b";28343;"";"";23;6;2012;0;18;"20120618"
"24.22.135.177";"US";-122.332100;47.606200;"AS7922 Comcast Cable Communications, Inc.";"mlab2-iad01";0.094184;2495349.598860;"0.004012999";"linux2";"216.156.197.160";"speedtest";1340062299;440606.805243;0.095279;"04cea472-6610-42db-acd2-c644a3d4447f";7922;"WA";"Seattle";23;6;2012;0;18;"20120618"
"24.111.85.175";"US";-97.440500;42.935900;"AS11232 Midcontinent Media, Inc.";"mlab2-iad01";0.086883;172903.782057;"0.004011999";"win32";"216.156.197.160";"bittorrent";1340062368;429553.450508;-1.000000;"d8e6a54b-6231-4d06-a9c1-bf3a10f484b1";11232;"SD";"Yankton";23;6;2012;0;18;"20120618"
"206.188.84.168";"CA";-80.268800;43.574900;"AS11814 DISTRIBUTEL COMMUNICATIONS LTD.";"mlab2-iad01";0.049945;2658033.900000;"0.004011999";"linux2";"216.156.197.160";"speedtest";1340062411;122028.258373;0.050824;"08b120a5-3b23-4e37-a868-4a69486e1bbe";11814;"ON";"Guelph";23;6;2012;0;18;"20120618"
"190.153.2.209";"VE";-66.916700;10.500000;"AS11562 Net Uno, C.A.";"mlab2-iad01";1.291749;99806.177548;"0.004012999";"win32";"216.156.197.160";"speedtest";1340062355;88986.294856;0.077727;"fa502e52-2155-4466-8a9c-bcebe3b519d8";11562;"25";"Caracas";19;6;2012;0;18;"20120618"
"99.255.57.221";"CA";-80.507000;43.461300;"AS812 Rogers Cable Communications Inc.";"mlab2-iad01";0.073161;5270155.613260;"0.004012999";"win32";"216.156.197.160";"speedtest";1340062438;195559.692916;0.137398;"e0f34017-e672-4f3e-b193-c196b727112a";812;"ON";"Waterloo";23;6;2012;0;18;"20120618"
"24.109.74.40";"CA";-84.333300;46.500000;"AS6327 Shaw Communications Inc.";"mlab2-iad01";0.069980;1756351.080520;"0.004012999";"win32";"216.156.197.160";"speedtest";1340062728;232002.551313;0.088605;"4db83560-1617-40a4-aea0-43a437033d77";6327;"ON";"Sault Sainte Marie";23;6;2012;0;18;"20120618"
"174.116.188.158";"CA";-79.416700;43.666700;"AS812 Rogers Cable Communications Inc.";"mlab2-iad01";0.469638;194214.181009;"0.004011999";"win32";"216.156.197.160";"bittorrent";1340062609;4419.741418;-1.000000;"1502ff6e-c49b-4896-8dcd-2ba9d8955e20";812;"ON";"Toronto";23;6;2012;0;18;"20120618"
"201.6.232.83";"BR";-46.665800;-23.473300;"AS28573 Serviços de Comunicação S.A.";"mlab2-iad01";0.134292;113362.077689;"0.004012999";"win32";"216.156.197.160";"speedtest";1340062893;76368.771459;0.137958;"d965a30b-55ec-45ea-9e34-6b396fd7235d";28573;"27";"São Paulo";23;6;2012;0;18;"20120618"
"24.246.9.229";"CA";-75.700000;45.416700;"AS5645 TekSavvy Solutions Inc. Toronto";"mlab2-iad01";0.034228;4696984.728360;"0.004012999";"darwin";"216.156.197.160";"bittorrent";1340062941;60561.710246;-1.000000;"3ca27e85-5058-4cde-a22c-eb606f55de62";5645;"ON";"Ottawa";23;6;2012;0;18;"20120618"
"201.47.223.245";"BR";-51.200000;-30.033300;"AS18881 Global Village Telecom";"mlab2-iad01";0.174333;407086.186103;"0.004012999";"win32";"216.156.197.160";"speedtest";1340062965;52179.457480;0.197438;"e6f34d0d-5b1a-47be-b0c0-918bd4d48fd0";18881;"23";"Porto Alegre";23;6;2012;0;18;"20120618"
"177.81.13.233";"BR";-46.665800;-23.473300;"AS28573 Serviços de Comunicação S.A.";"mlab2-iad01";0.243775;844631.683120;"0.004012999";"win32";"216.156.197.160";"bittorrent";1340063031;69616.746567;-1.000000;"01f13e8b-8792-465d-b299-c94a6ea6831d";28573;"27";"São Paulo";23;6;2012;0;18;"20120618"
"69.196.168.242";"CA";-79.416700;43.666700;"AS5645 TekSavvy Solutions Inc. Toronto";"mlab2-iad01";0.090412;356209.363189;"0.004012999";"win32";"216.156.197.160";"bittorrent";1340063039;42670.689495;-1.000000;"448f19ce-eb05-4c94-bede-c7598765a58a";5645;"ON";"Toronto";23;6;2012;0;18;"20120618"
"201.87.46.78";"BR";-46.665800;-23.473300;"AS19182 AJATO TELECOMUNICACAO LTDA";"mlab2-iad01";0.190107;503233.371201;"0.004012999";"darwin";"216.156.197.160";"speedtest";1340063046;98765.833287;0.192209;"f48ef4fb-0a2d-43a3-8ee2-d895edfd8dd5";19182;"27";"São Paulo";23;6;2012;0;18;"20120618"
"177.134.201.218";"BR";-35.066700;-8.400000;"AS18881 Global Village Telecom";"mlab2-iad01";0.103888;1508195.337631;"0.004011999";"win32";"216.156.197.160";"bittorrent";1340063465;317858.490832;-1.000000;"6a35591a-27a2-484e-842b-15ad4f0ef4df";18881;"30";"Ipojuca";23;6;2012;0;18;"20120618"
"201.74.153.130";"BR";-45.883300;-23.183300;"AS28573 Serviços de Comunicação S.A.";"mlab2-iad01";0.169053;79543.618379;"0.004012999";"win32";"216.156.197.160";"speedtest";1340063542;16102.931930;0.166178;"85079d2a-87b8-4176-acd6-24bc5d74ec4b";28573;"27";"São José Dos Campos";23;6;2012;0;18;"20120618"
"201.47.223.245";"BR";-51.200000;-30.033300;"AS18881 Global Village Telecom";"mlab2-iad01";0.159360;465669.592780;"0.004012999";"win32";"216.156.197.160";"speedtest";1340063556;69020.799884;0.156825;"5fca90cc-75dd-481e-b933-dec99e365ac6";18881;"23";"Porto Alegre";23;6;2012;0;18;"20120618"
"190.163.109.157";"CL";-70.666700;-33.450000;"AS22047 BANDA ANCHA S.A.";"mlab2-iad01";0.206431;167870.737016;"0.004012999";"win32";"216.156.197.160";"speedtest";1340063627;181924.546108;0.182507;"f5e5e79b-fb36-4391-8311-97964ef12297";22047;"12";"Santiago";19;6;2012;0;18;"20120618"
"200.193.43.254";"BR";-55.000000;-10.000000;"AS8167 Brasil Telecom S/A - Filial Distrito Federal";"mlab2-iad01";0.426157;69288.939352;"0.004012999";"win32";"216.156.197.160";"speedtest";1340063638;474145.526374;0.404877;"e07e7f86-2d54-4e03-a044-d3475d794c0b";8167;"";"";23;6;2012;0;18;"20120618"
"186.32.56.228";"CR";-84.083300;9.933300;"AS262197 Amnet Cable Costa Rica";"mlab2-iad01";0.091968;197071.770697;"0.004012999";"win32";"216.156.197.160";"speedtest";1340063715;58726.429214;0.102502;"225c93a5-53b8-4755-a531-c9fa5f219359";262197;"08";"San José";17;6;2012;0;18;"20120618"
"70.113.79.140";"US";-97.743100;30.267200;"AS11427 Time Warner Cable Internet LLC";"mlab2-iad01";0.062590;1273929.164810;"0.004012999";"win32";"216.156.197.160";"speedtest";1340063849;117457.314409;0.062485;"f957f544-b6fe-4e0c-b05d-e4a409241054";11427;"TX";"Austin";23;6;2012;0;18;"20120618"
"24.109.74.40";"CA";-84.333300;46.500000;"AS6327 Shaw Communications Inc.";"mlab2-iad01";0.093718;2505160.950210;"0.004012999";"win32";"216.156.197.160";"bittorrent";1340063919;121685.929458;-1.000000;"4db83560-1617-40a4-aea0-43a437033d77";6327;"ON";"Sault Sainte Marie";23;6;2012;0;18;"20120618"
"190.153.2.209";"VE";-66.916700;10.500000;"AS11562 Net Uno, C.A.";"mlab2-iad01";0.072409;110570.690998;"0.004012999";"win32";"216.156.197.160";"bittorrent";1340063956;85488.117688;-1.000000;"fa502e52-2155-4466-8a9c-bcebe3b519d8";11562;"25";"Caracas";19;6;2012;0;18;"20120618"
"97.65.115.51";"US";-122.393300;37.769700;"AS4323 tw telecom holdings, inc.";"mlab2-iad01";0.073782;761616.171499;"0.004012999";"win32";"216.156.197.160";"speedtest";1340063610;800583.633022;0.078392;"e54bd867-c3d4-475c-aa3f-d513bac1c0f1";4323;"CA";"San Francisco";23;6;2012;0;18;"20120618"
"68.48.221.17";"US";-76.837500;39.174900;"AS7922 Comcast Cable Communications, Inc.";"mlab3-iad01";0.012892;4460187.390179;"0.004012999";"darwin";"216.156.197.173";"bittorrent";1339977836;715858.450677;-1.000000;"4162ce8a-78ab-4a68-9407-13618360662f";7922;"MD";"Columbia";0;6;2012;0;18;"20120618"
"75.127.236.122";"US";-97.000000;38.000000;"AS6128 Cablevision Systems Corp.";"mlab3-iad01";0.041808;320082.416380;"0.004012999";"win32";"216.156.197.173";"bittorrent";1339977994;550678.804382;-1.000000;"560c097a-1dfa-4e05-9893-bdc56e35afc3";6128;"";"";0;6;2012;0;18;"20120618"
"24.46.196.47";"US";-73.686200;40.793900;"AS6128 Cablevision Systems Corp.";"mlab3-iad01";0.036550;2033222.085471;"0.004012999";"win32";"216.156.197.173";"bittorrent";1339979768;261438.205634;-1.000000;"103cc2f1-ddd5-4016-83cc-cdd357e7a81a";6128;"NY";"Manhasset";0;6;2012;0;18;"20120618"
"50.78.87.177";"US";-106.097500;39.574400;"AS7922 Comcast Cable Communications, Inc.";"mlab3-iad01";0.089966;661987.076049;"0.004012999";"win32";"216.156.197.173";"bittorrent";1339979781;398257.203910;-1.000000;"c4393561-5207-49e8-879a-bbb805c9188f";7922;"CO";"Frisco";0;6;2012;0;18;"20120618"
"24.61.63.89";"US";-71.031600;42.399700;"AS7922 Comcast Cable Communications, Inc.";"mlab3-iad01";0.053707;1227753.756850;"0.004012999";"win32";"216.156.197.173";"speedtest";1339979931;536686.044204;0.046490;"641fcec9-64c6-4ec1-a213-90d958a6f9a1";7922;"MA";"Chelsea";0;6;2012;0;18;"20120618"
"69.143.19.17";"US";-77.104300;38.881000;"AS7922 Comcast Cable Communications, Inc.";"mlab3-iad01";0.015771;3101209.788710;"0.004012999";"darwin";"216.156.197.173";"speedtest";1339980073;502207.977357;0.017492;"9b4267aa-e8b7-40bb-a139-5ad1187a6f5d";7922;"VA";"Arlington";0;6;2012;0;18;"20120618"
"50.83.240.108";"US";-95.977900;45.232200;"AS30036 Mediacom Communications Corp";"mlab3-iad01";0.051398;1518101.690960;"0.004012999";"darwin";"216.156.197.173";"bittorrent";1339980309;261078.746261;-1.000000;"43af2f72-3dc4-4824-9ff7-faa06a3cb206";30036;"MN";"Appleton";0;6;2012;0;18;"20120618"
"69.143.19.17";"US";-77.104300;38.881000;"AS7922 Comcast Cable Communications, Inc.";"mlab3-iad01";0.015710;3142969.762055;"0.004012999";"darwin";"216.156.197.173";"bittorrent";1339981470;419255.203680;-1.000000;"9b4267aa-e8b7-40bb-a139-5ad1187a6f5d";7922;"VA";"Arlington";1;6;2012;0;18;"20120618"
"75.140.153.254";"US";-121.654400;37.130500;"AS20115 Charter Communications";"mlab3-iad01";0.089314;3819317.691550;"0.004012999";"darwin";"216.156.197.173";"speedtest";1339982153;603700.791229;0.094091;"a039434c-d8c0-4f4d-8050-4153de22c986";20115;"CA";"Morgan Hill";1;6;2012;0;18;"20120618"
"173.20.36.131";"US";-91.455800;40.452000;"AS30036 Mediacom Communications Corp";"mlab3-iad01";0.064227;263126.662595;"0.004012999";"win32";"216.156.197.173";"bittorrent";1339982724;113494.735146;-1.000000;"6b87ac46-1206-4d9c-afa5-d5cab4a872d6";30036;"IA";"Keokuk";1;6;2012;0;18;"20120618"
"75.127.236.122";"US";-97.000000;38.000000;"AS6128 Cablevision Systems Corp.";"mlab3-iad01";0.040690;999921.648669;"0.004012999";"win32";"216.156.197.173";"bittorrent";1339983601;565505.139971;-1.000000;"560c097a-1dfa-4e05-9893-bdc56e35afc3";6128;"";"";1;6;2012;0;18;"20120618"
"24.22.135.177";"US";-122.332100;47.606200;"AS7922 Comcast Cable Communications, Inc.";"mlab3-iad01";0.092738;2779166.760107;"0.004012999";"linux2";"216.156.197.173";"bittorrent";1339984680;280807.999557;-1.000000;"04cea472-6610-42db-acd2-c644a3d4447f";7922;"WA";"Seattle";1;6;2012;0;18;"20120618"
"68.175.101.106";"US";-74.006000;40.714300;"AS12271 Time Warner Cable Internet LLC";"mlab3-iad01";1.017751;2615425.622980;"0.004012999";"darwin";"216.156.197.173";"speedtest";1339986021;637872.807875;0.020932;"bff92ae8-06db-4514-9002-ba6c8f7bec43";12271;"NY";"New York";2;6;2012;0;18;"20120618"
"50.83.240.108";"US";-95.977900;45.232200;"AS30036 Mediacom Communications Corp";"mlab3-iad01";0.049745;1488073.517895;"0.004012999";"darwin";"216.156.197.173";"bittorrent";1339986805;284932.186147;-1.000000;"43af2f72-3dc4-4824-9ff7-faa06a3cb206";30036;"MN";"Appleton";2;6;2012;0;18;"20120618"
"70.113.90.176";"US";-97.722700;30.310600;"AS11427 Time Warner Cable Internet LLC";"mlab3-iad01";0.078266;1164882.558990;"0.004012999";"win32";"216.156.197.173";"speedtest";1339987032;195138.388264;0.059869;"f957f544-b6fe-4e0c-b05d-e4a409241054";11427;"TX";"Austin";2;6;2012;0;18;"20120618"
"199.254.238.249";"US";-97.000000;38.000000;"AS16652 Riseup Networks";"mlab3-iad01";0.201596;40887.054456;"0.004012999";"linux2";"216.156.197.173";"speedtest";1339988378;38273.469693;0.227099;"e2181bc2-ad47-4da8-9301-b0a516313463";16652;"";"";2;6;2012;0;18;"20120618"
"71.192.154.157";"US";-71.051200;42.406300;"AS7922 Comcast Cable Communications, Inc.";"mlab3-iad01";0.115785;129418.382298;"0.004012999";"darwin";"216.156.197.173";"bittorrent";1339988443;118744.493099;-1.000000;"65fb0ed5-8aab-4ca3-973b-6f6abd2e24d4";7922;"MA";"Everett";3;6;2012;0;18;"20120618"
"99.21.145.140";"US";-121.382800;38.626300;"AS7132 AS for SBIS-AS";"mlab3-iad01";0.152847;545030.052710;"0.004012999";"win32";"216.156.197.173";"speedtest";1339988694;84911.062149;0.111923;"ebeab1c8-defc-4fef-8be3-daa7088a0954";7132;"CA";"Sacramento";3;6;2012;0;18;"20120618"
"74.104.151.138";"US";-71.259000;42.403000;"AS701 MCI Communications Services, Inc. d/b/a Verizon Business";"mlab3-iad01";0.032811;3027660.058060;"0.004012999";"win32";"216.156.197.173";"speedtest";1339989746;3044161.855990;0.027877;"ecca6a63-f2be-4812-bd3f-1ac690ab31cd";701;"MA";"Waltham";3;6;2012;0;18;"20120618"
"74.163.8.166";"US";-86.875000;30.446700;"AS6389 BellSouth.net Inc.";"mlab3-iad01";0.065839;530559.526960;"0.004012999";"win32";"216.156.197.173";"speedtest";1339990357;50404.174309;0.065526;"4565989b-987f-4c3c-aa75-a740afde3068";6389;"FL";"Navarre";3;6;2012;0;18;"20120618"
"72.181.251.247";"US";-96.771500;32.833900;"AS11427 Time Warner Cable Internet LLC";"mlab3-iad01";0.058231;2290055.928040;"0.004012999";"darwin";"216.156.197.173";"bittorrent";1339991014;225889.801034;-1.000000;"ec56ca67-ca5b-4ee7-a615-8743ebac3e8a";11427;"TX";"Dallas";3;6;2012;0;18;"20120618"
"184.177.72.227";"US";-97.000000;38.000000;"AS22773 Cox Communications Inc.";"mlab3-iad01";0.075180;262457.228786;"0.004012999";"win32";"216.156.197.173";"speedtest";1339991214;583630.815979;0.076243;"e9aa2936-1c50-4b9d-89e4-2daad232b753";22773;"";"";3;6;2012;0;18;"20120618"
"74.93.119.149";"US";-77.460300;37.553800;"AS7922 Comcast Cable Communications, Inc.";"mlab3-iad01";0.024985;2548156.023014;"0.004012999";"win32";"216.156.197.173";"bittorrent";1339991594;606320.160187;-1.000000;"89137afb-b348-4f18-88b5-80cee829292f";7922;"VA";"Richmond";3;6;2012;0;18;"20120618"
"96.2.48.78";"US";-96.983300;42.836900;"AS11232 Midcontinent Media, Inc.";"mlab3-iad01";0.087002;738766.041508;"0.004011999";"win32";"216.156.197.173";"bittorrent";1339991774;454410.066583;-1.000000;"a7ed429a-44c3-4195-a0e5-7eac41680125";11232;"SD";"Vermillion";3;6;2012;0;18;"20120618"
"98.22.138.166";"US";-95.790800;36.052600;"AS7029 Windstream Communications Inc";"mlab3-iad01";1.538687;9845.477471;"0.004012999";"win32";"216.156.197.173";"speedtest";1339991850;41900.942132;1.293920;"eb27082c-e25b-4239-869e-8ba23d438a17";7029;"OK";"Broken Arrow";3;6;2012;0;18;"20120618"
"173.20.36.131";"US";-91.455800;40.452000;"AS30036 Mediacom Communications Corp";"mlab3-iad01";0.057692;240688.468075;"0.004012999";"win32";"216.156.197.173";"speedtest";1339991853;169759.143489;0.059127;"6b87ac46-1206-4d9c-afa5-d5cab4a872d6";30036;"IA";"Keokuk";3;6;2012;0;18;"20120618"
"98.214.132.10";"US";-89.589000;40.693600;"AS7922 Comcast Cable Communications, Inc.";"mlab3-iad01";0.053698;1128341.260460;"0.004012999";"darwin";"216.156.197.173";"speedtest";1339992937;720871.665868;0.057860;"ac008ee9-df9b-425b-a370-34b57dce1b90";7922;"IL";"Peoria";4;6;2012;0;18;"20120618"
"76.24.39.72";"US";-71.691300;42.413600;"AS7922 Comcast Cable Communications, Inc.";"mlab3-iad01";0.025420;1556653.744050;"0.004012999";"win32";"216.156.197.173";"speedtest";1339993316;462116.676541;0.030034;"d7fbbeb1-8f79-4feb-9ab1-01beb7b970aa";7922;"MA";"Clinton";4;6;2012;0;18;"20120618"
"75.127.236.122";"US";-97.000000;38.000000;"AS6128 Cablevision Systems Corp.";"mlab3-iad01";0.018774;2977025.974270;"0.004012999";"win32";"216.156.197.173";"speedtest";1339993385;635434.032960;0.019041;"560c097a-1dfa-4e05-9893-bdc56e35afc3";6128;"";"";4;6;2012;0;18;"20120618"
"71.118.241.200";"US";-118.880000;34.213300;"AS701 MCI Communications Services, Inc. d/b/a Verizon Business";"mlab3-iad01";0.084921;3043415.955367;"0.004012999";"darwin";"216.156.197.173";"bittorrent";1339993932;1500197.717593;-1.000000;"6240ede4-4770-4ab9-a1a5-5df49c84c463";701;"CA";"Thousand Oaks";4;6;2012;0;18;"20120618"
"71.187.199.3";"US";-74.216400;40.816200;"AS701 MCI Communications Services, Inc. d/b/a Verizon Business";"mlab3-iad01";0.026023;3928221.597410;"0.004011999";"win32";"216.156.197.173";"speedtest";1339994341;1031362.596900;0.017071;"a9bde20f-2872-443c-8e9b-a2f6f162c91d";701;"NJ";"Montclair";4;6;2012;0;18;"20120618"
"71.190.171.206";"US";-73.525400;40.767000;"AS701 MCI Communications Services, Inc. d/b/a Verizon Business";"mlab3-iad01";0.016816;3609136.698850;"0.004012999";"linux2";"216.156.197.173";"speedtest";1339994456;3170533.550220;0.019876;"dfd87da2-1968-48ac-9bd2-5469644e29e4";701;"NY";"Hicksville";4;6;2012;0;18;"20120618"
"98.22.138.166";"US";-95.790800;36.052600;"AS7029 Windstream Communications Inc";"mlab3-iad01";0.100868;85103.640843;"0.004012999";"win32";"216.156.197.173";"speedtest";1339994777;78969.569136;0.117614;"eb27082c-e25b-4239-869e-8ba23d438a17";7029;"OK";"Broken Arrow";4;6;2012;0;18;"20120618"
"69.251.194.209";"US";-77.177000;39.175200;"AS7922 Comcast Cable Communications, Inc.";"mlab3-iad01";0.016005;1803889.001970;"0.004011999";"win32";"216.156.197.173";"speedtest";1339995844;504829.238405;0.016985;"5ab805cf-b023-4309-9496-d8b22873a074";7922;"MD";"Montgomery Village";5;6;2012;0;18;"20120618"
"67.174.9.121";"US";-87.819700;41.894000;"AS7922 Comcast Cable Communications, Inc.";"mlab3-iad01";0.046287;2908097.465699;"0.004012999";"win32";"216.156.197.173";"bittorrent";1339996005;518120.232831;-1.000000;"bdaf2367-a776-4a1f-9c03-a75a6b08c6b1";7922;"IL";"River Forest";5;6;2012;0;18;"20120618"
"206.255.246.41";"US";-94.740500;32.500700;"AS53508 Cablelynx";"mlab3-iad01";0.056280;1394191.517773;"0.004012999";"win32";"216.156.197.173";"bittorrent";1339996022;145780.541147;-1.000000;"3a5b4ca4-0887-432d-a115-9f646a867cdb";53508;"TX";"Longview";5;6;2012;0;18;"20120618"
"70.122.243.11";"US";-97.015000;32.954600;"AS11427 Time Warner Cable Internet LLC";"mlab3-iad01";0.065671;2786318.750600;"0.004012999";"win32";"216.156.197.173";"speedtest";1339996594;548908.122777;0.065218;"bab8f612-1f34-46c2-a83e-fbaa7a2f8fa7";11427;"TX";"Coppell";5;6;2012;0;18;"20120618"
"98.124.100.208";"US";-80.038400;33.118000;"AS16863 Home Telephone Company, Inc.";"mlab3-iad01";0.042037;1190133.489389;"0.004012999";"linux2";"216.156.197.173";"bittorrent";1339997178;226763.627804;-1.000000;"adcd5d0f-b5f4-47e4-9505-249669f515a0";16863;"SC";"Moncks Corner";5;6;2012;0;18;"20120618"
"98.251.77.68";"US";-83.949600;33.512000;"AS7922 Comcast Cable Communications, Inc.";"mlab3-iad01";0.026695;3033722.516580;"0.004011999";"win32";"216.156.197.173";"speedtest";1339997966;516257.662974;0.028802;"cbfab653-aed3-47c3-b7d0-e4159cab6582";7922;"GA";"Covington";5;6;2012;0;18;"20120618"
"74.2.122.133";"US";-97.000000;38.000000;"AS18566 MegaPath Corporation";"mlab3-iad01";0.038043;233756.194109;"0.004010999";"win32";"216.156.197.173";"speedtest";1339998468;216350.591941;0.042178;"f4acb085-b5ee-429a-a232-3ae956a10cf5";18566;"";"";5;6;2012;0;18;"20120618"
"207.231.92.41";"US";-121.370600;38.784300;"AS14051 Roseville Telephone Company";"mlab3-iad01";0.073067;329222.237298;"0.004012999";"win32";"216.156.197.173";"speedtest";1339998589;340122.172887;0.078934;"cb121e1a-4701-4c5a-91b5-29c9df2b10c0";14051;"CA";"Roseville";5;6;2012;0;18;"20120618"
"76.10.12.242";"US";-88.242600;40.112500;"AS46925 PAVLOV MEDIA INC";"mlab3-iad01";0.039180;1494833.402040;"0.004012999";"win32";"216.156.197.173";"speedtest";1339999076;1558789.009220;0.040835;"b2c93218-2fa2-4a04-be8b-f4553cb22e1a";46925;"IL";"Champaign";5;6;2012;0;18;"20120618"
"68.40.185.45";"US";-83.740900;42.277600;"AS7922 Comcast Cable Communications, Inc.";"mlab3-iad01";0.049924;1199217.234224;"0.004012999";"darwin";"216.156.197.173";"bittorrent";1339999938;739628.591836;-1.000000;"f77a7853-1ba8-4219-aa2c-2157b5e89023";7922;"MI";"Ann Arbor";6;6;2012;0;18;"20120618"
"50.12.211.162";"US";-93.263800;44.980000;"AS16586 CLEARWIRE - CLEAR WIRELESS LLC";"mlab3-iad01";0.109014;249402.662784;"0.004012999";"darwin";"216.156.197.173";"speedtest";1340000459;141239.958987;0.109544;"3955a411-3e83-4a8e-aa8e-165233e306e9";16586;"MN";"Minneapolis";6;6;2012;0;18;"20120618"
"76.112.203.189";"US";-83.144600;42.489500;"AS7922 Comcast Cable Communications, Inc.";"mlab3-iad01";0.045808;2019763.855875;"0.004012999";"win32";"216.156.197.173";"bittorrent";1340000512;786276.919474;-1.000000;"5cb4931f-bf67-49bf-a4ec-d36d7495a682";7922;"MI";"Royal Oak";6;6;2012;0;18;"20120618"
"76.10.12.242";"US";-88.242600;40.112500;"AS46925 PAVLOV MEDIA INC";"mlab3-iad01";0.036937;1555019.647047;"0.004012999";"win32";"216.156.197.173";"bittorrent";1340000638;1596523.674863;-1.000000;"b2c93218-2fa2-4a04-be8b-f4553cb22e1a";46925;"IL";"Champaign";6;6;2012;0;18;"20120618"
"69.249.238.83";"US";-75.163800;39.952300;"AS7922 Comcast Cable Communications, Inc.";"mlab3-iad01";0.141862;2256130.831410;"0.004012999";"win32";"216.156.197.173";"speedtest";1340000752;41284.779067;0.202258;"a49b9e19-6f47-4dc7-8196-0fc4dbc9e641";7922;"PA";"Philadelphia";6;6;2012;0;18;"20120618"
"108.0.16.252";"US";-118.142300;33.771100;"AS701 MCI Communications Services, Inc. d/b/a Verizon Business";"mlab3-iad01";0.084921;1572416.972490;"0.004012999";"darwin";"216.156.197.173";"speedtest";1340003340;649781.598578;0.087977;"b13eed9c-7499-4364-89ba-e85068191268";701;"CA";"Long Beach";7;6;2012;0;18;"20120618"
"74.163.8.166";"US";-86.875000;30.446700;"AS6389 BellSouth.net Inc.";"mlab3-iad01";0.061499;317550.562544;"0.004012999";"win32";"216.156.197.173";"speedtest";1340003372;46539.742610;0.075288;"4565989b-987f-4c3c-aa75-a740afde3068";6389;"FL";"Navarre";7;6;2012;0;18;"20120618"
"98.251.77.68";"US";-83.949600;33.512000;"AS7922 Comcast Cable Communications, Inc.";"mlab3-iad01";0.026914;3034929.359820;"0.004011999";"win32";"216.156.197.173";"speedtest";1340004029;374644.873397;0.027753;"cbfab653-aed3-47c3-b7d0-e4159cab6582";7922;"GA";"Covington";7;6;2012;0;18;"20120618"
"72.81.232.139";"US";-76.837500;39.174900;"AS701 MCI Communications Services, Inc. d/b/a Verizon Business";"mlab3-iad01";0.037477;1364088.103260;"0.004012999";"darwin";"216.156.197.173";"speedtest";1340004299;232503.012845;0.097063;"5d2377cf-2e67-40be-b1dc-e439a545da6f";701;"MD";"Columbia";7;6;2012;0;18;"20120618"
"24.2.64.100";"US";-112.008200;40.477400;"AS7922 Comcast Cable Communications, Inc.";"mlab3-iad01";0.082015;836072.334882;"0.004012999";"win32";"216.156.197.173";"speedtest";1340005100;137592.262665;0.088706;"9a8766b6-803d-48fa-b02a-2091ff6f496e";7922;"UT";"Riverton";7;6;2012;0;18;"20120618"
"173.246.102.187";"US";-76.612200;39.290400;"AS29169 Gandi SAS";"mlab3-iad01";0.002605;15419327.006100;"0.004011999";"linux2";"216.156.197.173";"speedtest";1340005115;668209.623199;0.004307;"a57cd6aa-6b9a-40e3-ae4c-0685546dd104";29169;"MD";"Baltimore";7;6;2012;0;18;"20120618"
"76.169.71.176";"US";-118.273400;33.963800;"AS20001 Time Warner Cable Internet LLC";"mlab3-iad01";0.117076;1566192.845812;"0.004011999";"win32";"216.156.197.173";"bittorrent";1340005165;91061.623880;-1.000000;"2f0c137b-7982-4d9c-b50a-c362f2d810e0";20001;"CA";"Los Angeles";7;6;2012;0;18;"20120618"
"68.40.185.45";"US";-83.740900;42.277600;"AS7922 Comcast Cable Communications, Inc.";"mlab3-iad01";0.049223;1794698.915766;"0.004012999";"darwin";"216.156.197.173";"bittorrent";1340005567;781706.132925;-1.000000;"f77a7853-1ba8-4219-aa2c-2157b5e89023";7922;"MI";"Ann Arbor";7;6;2012;0;18;"20120618"
"72.181.251.247";"US";-96.771500;32.833900;"AS11427 Time Warner Cable Internet LLC";"mlab3-iad01";0.059372;2192238.644820;"0.004012999";"darwin";"216.156.197.173";"speedtest";1340005604;212334.918411;0.063475;"ec56ca67-ca5b-4ee7-a615-8743ebac3e8a";11427;"TX";"Dallas";7;6;2012;0;18;"20120618"
"99.99.213.185";"US";-85.882800;42.855500;"AS7018 AT&T Services, Inc.";"mlab3-iad01";0.060408;1255200.446343;"0.004012999";"linux2";"216.156.197.173";"bittorrent";1340006140;184002.682745;-1.000000;"22998df3-a92a-4573-b9f5-476782c2c770";7018;"MI";"Hudsonville";7;6;2012;0;18;"20120618"
"68.48.221.17";"US";-76.837500;39.174900;"AS7922 Comcast Cable Communications, Inc.";"mlab3-iad01";0.012025;4324225.888202;"0.004012999";"darwin";"216.156.197.173";"bittorrent";1340006272;708680.323166;-1.000000;"4162ce8a-78ab-4a68-9407-13618360662f";7922;"MD";"Columbia";7;6;2012;0;18;"20120618"
"98.243.192.146";"US";-84.594100;42.860200;"AS7922 Comcast Cable Communications, Inc.";"mlab3-iad01";0.032878;1930196.522310;"0.004012999";"darwin";"216.156.197.173";"speedtest";1340006351;447982.441146;0.033743;"69a61dac-c7ac-4b16-b86b-4bd2f3990f62";7922;"MI";"Dewitt";7;6;2012;0;18;"20120618"
"68.58.125.60";"US";-86.158000;39.768400;"AS7922 Comcast Cable Communications, Inc.";"mlab3-iad01";0.057917;1644870.836492;"0.004012999";"darwin";"216.156.197.173";"bittorrent";1340006685;522786.401405;-1.000000;"9ad7184c-eb25-4754-a40f-91e4262a9d35";7922;"IN";"Indianapolis";8;6;2012;0;18;"20120618"
"69.148.250.152";"US";-97.337500;37.692200;"AS7018 AT&T Services, Inc.";"mlab3-iad01";0.097046;146234.451700;"0.004012999";"win32";"216.156.197.173";"speedtest";1340007245;39385.397899;0.104049;"acd06144-444b-4f3e-8410-58a01e77f7a8";7018;"KS";"Wichita";8;6;2012;0;18;"20120618"
"207.231.92.41";"US";-121.370600;38.784300;"AS14051 Roseville Telephone Company";"mlab3-iad01";0.072756;2605610.191470;"0.004012999";"win32";"216.156.197.173";"speedtest";1340007212;4238296.928100;0.097208;"cb121e1a-4701-4c5a-91b5-29c9df2b10c0";14051;"CA";"Roseville";8;6;2012;0;18;"20120618"
"68.58.125.60";"US";-86.158000;39.768400;"AS7922 Comcast Cable Communications, Inc.";"mlab3-iad01";0.052588;1569524.691600;"0.004012999";"darwin";"216.156.197.173";"speedtest";1340008316;509469.839979;0.054199;"9ad7184c-eb25-4754-a40f-91e4262a9d35";7922;"IN";"Indianapolis";8;6;2012;0;18;"20120618"
"74.60.227.223";"US";-84.561300;39.399500;"AS16586 CLEARWIRE - CLEAR WIRELESS LLC";"mlab3-iad01";0.092006;220145.636315;"0.004012999";"win32";"216.156.197.173";"speedtest";1340008410;27355.007043;0.125984;"59bc30c0-4f87-4fbd-8bb7-35768315d718";16586;"OH";"Hamilton";8;6;2012;0;18;"20120618"
"75.140.153.254";"US";-121.654400;37.130500;"AS20115 Charter Communications";"mlab3-iad01";0.089690;5293394.284663;"0.004012999";"darwin";"216.156.197.173";"bittorrent";1340009549;639804.355668;-1.000000;"a039434c-d8c0-4f4d-8050-4153de22c986";20115;"CA";"Morgan Hill";8;6;2012;0;18;"20120618"
"70.122.243.11";"US";-97.015000;32.954600;"AS11427 Time Warner Cable Internet LLC";"mlab3-iad01";0.059318;3750318.323750;"0.004012999";"win32";"216.156.197.173";"bittorrent";1340010227;291168.978708;-1.000000;"bab8f612-1f34-46c2-a83e-fbaa7a2f8fa7";11427;"TX";"Coppell";9;6;2012;0;18;"20120618"
"208.57.38.36";"US";-117.164900;32.807200;"AS14265 Telepacific Communications";"mlab3-iad01";0.091096;167769.005897;"0.004011999";"linux2";"216.156.197.173";"speedtest";1340010471;175249.536442;0.099987;"71bb2b47-414f-414d-b8ff-f1237c21f432";14265;"CA";"San Diego";9;6;2012;0;18;"20120618"
"99.130.96.199";"US";-117.490800;33.932900;"AS7018 AT&T Services, Inc.";"mlab3-iad01";0.093946;1005374.280670;"0.004012999";"linux2";"216.156.197.173";"speedtest";1340010914;176375.591063;0.094999;"0a3b2944-23c0-4116-a068-0d5627c0dec9";7018;"CA";"Riverside";9;6;2012;0;18;"20120618"
"76.168.80.127";"US";-118.243700;34.052200;"AS20001 Time Warner Cable Internet LLC";"mlab3-iad01";0.086625;1918332.305018;"0.004012999";"darwin";"216.156.197.173";"bittorrent";1340011236;120403.250880;-1.000000;"90d62fdd-a880-469e-bb3b-4bf575cfed10";20001;"CA";"Los Angeles";9;6;2012;0;18;"20120618"
"50.83.240.108";"US";-95.977900;45.232200;"AS30036 Mediacom Communications Corp";"mlab3-iad01";0.060149;1380705.341350;"0.004012999";"darwin";"216.156.197.173";"speedtest";1340011454;312280.802273;0.053172;"43af2f72-3dc4-4824-9ff7-faa06a3cb206";30036;"MN";"Appleton";9;6;2012;0;18;"20120618"
"98.214.132.10";"US";-89.589000;40.693600;"AS7922 Comcast Cable Communications, Inc.";"mlab3-iad01";0.070507;4403893.870990;"0.004012999";"darwin";"216.156.197.173";"speedtest";1340012035;703679.359971;0.056134;"ac008ee9-df9b-425b-a370-34b57dce1b90";7922;"IL";"Peoria";9;6;2012;0;18;"20120618"
"98.203.140.223";"US";-122.304300;47.610200;"AS7922 Comcast Cable Communications, Inc.";"mlab3-iad01";0.109880;963228.628507;"0.004012999";"linux2";"216.156.197.173";"speedtest";1340011747;386210.049700;0.101609;"4bf1068a-cabe-4254-a52f-c2914db03ade";7922;"WA";"Seattle";9;6;2012;0;18;"20120618"
"24.61.63.89";"US";-71.031600;42.399700;"AS7922 Comcast Cable Communications, Inc.";"mlab3-iad01";0.049337;1376882.490124;"0.004012999";"win32";"216.156.197.173";"bittorrent";1340012110;525714.028787;-1.000000;"641fcec9-64c6-4ec1-a213-90d958a6f9a1";7922;"MA";"Chelsea";9;6;2012;0;18;"20120618"
"132.161.219.98";"US";-92.717600;41.721700;"AS22949 Grinnell College";"mlab3-iad01";0.070082;2009657.860893;"0.004012999";"win32";"216.156.197.173";"bittorrent";1340012988;438643.063442;-1.000000;"de23301c-c09c-4e47-aa2b-90a625720856";22949;"IA";"Grinnell";9;6;2012;0;18;"20120618"
"74.163.8.166";"US";-86.875000;30.446700;"AS6389 BellSouth.net Inc.";"mlab3-iad01";0.060261;470667.497591;"0.004012999";"win32";"216.156.197.173";"speedtest";1340013121;51775.246258;0.067638;"4565989b-987f-4c3c-aa75-a740afde3068";6389;"FL";"Navarre";9;6;2012;0;18;"20120618"
"98.214.132.10";"US";-89.589000;40.693600;"AS7922 Comcast Cable Communications, Inc.";"mlab3-iad01";0.167977;4419441.132468;"0.004012999";"darwin";"216.156.197.173";"bittorrent";1340013622;782058.145534;-1.000000;"ac008ee9-df9b-425b-a370-34b57dce1b90";7922;"IL";"Peoria";10;6;2012;0;18;"20120618"
"98.203.140.223";"US";-122.304300;47.610200;"AS7922 Comcast Cable Communications, Inc.";"mlab3-iad01";0.094125;1319163.488540;"0.004012999";"linux2";"216.156.197.173";"speedtest";1340014643;379344.973401;0.102789;"4bf1068a-cabe-4254-a52f-c2914db03ade";7922;"WA";"Seattle";10;6;2012;0;18;"20120618"
"208.57.38.36";"US";-117.164900;32.807200;"AS14265 Telepacific Communications";"mlab3-iad01";0.097056;181226.724665;"0.004011999";"linux2";"216.156.197.173";"bittorrent";1340015255;181356.538224;-1.000000;"71bb2b47-414f-414d-b8ff-f1237c21f432";14265;"CA";"San Diego";10;6;2012;0;18;"20120618"
"98.22.138.166";"US";-95.790800;36.052600;"AS7029 Windstream Communications Inc";"mlab3-iad01";1.758373;51865.604639;"0.004012999";"win32";"216.156.197.173";"speedtest";1340015821;17057.812401;2.070894;"eb27082c-e25b-4239-869e-8ba23d438a17";7029;"OK";"Broken Arrow";10;6;2012;0;18;"20120618"
"96.236.133.97";"US";-79.995900;40.440600;"AS701 MCI Communications Services, Inc. d/b/a Verizon Business";"mlab3-iad01";0.018742;461025.287497;"0.004012999";"linux2";"216.156.197.173";"speedtest";1340015928;156849.960324;0.038058;"002bd52f-5f9d-42eb-9ce6-e310c9db525a";701;"PA";"Pittsburgh";10;6;2012;0;18;"20120618"
"76.10.12.242";"US";-88.242600;40.112500;"AS46925 PAVLOV MEDIA INC";"mlab3-iad01";0.036092;1652398.288800;"0.004012999";"win32";"216.156.197.173";"bittorrent";1340016301;1601234.136189;-1.000000;"b2c93218-2fa2-4a04-be8b-f4553cb22e1a";46925;"IL";"Champaign";10;6;2012;0;18;"20120618"
"208.57.38.36";"US";-117.164900;32.807200;"AS14265 Telepacific Communications";"mlab3-iad01";0.091108;167941.518377;"0.004011999";"linux2";"216.156.197.173";"speedtest";1340016763;175296.743021;0.099129;"71bb2b47-414f-414d-b8ff-f1237c21f432";14265;"CA";"San Diego";10;6;2012;0;18;"20120618"
"209.155.86.74";"US";-77.426000;43.100500;"AS1785 PaeTec Communications, Inc.";"mlab3-iad01";0.018186;355386.745320;"0.004012999";"win32";"216.156.197.173";"speedtest";1340017108;42102.866730;0.019074;"4841c017-4566-4afc-a805-ba458ccb2be1";1785;"NY";"Fairport";10;6;2012;0;18;"20120618"
"50.78.87.177";"US";-106.097500;39.574400;"AS7922 Comcast Cable Communications, Inc.";"mlab3-iad01";0.067789;827542.448799;"0.004012999";"win32";"216.156.197.173";"speedtest";1340017202;708326.812136;0.069089;"c4393561-5207-49e8-879a-bbb805c9188f";7922;"CO";"Frisco";11;6;2012;0;18;"20120618"
"68.40.185.45";"US";-83.740900;42.277600;"AS7922 Comcast Cable Communications, Inc.";"mlab3-iad01";0.327832;902641.053612;"0.004012999";"darwin";"216.156.197.173";"speedtest";1340018256;779504.737153;0.076927;"f77a7853-1ba8-4219-aa2c-2157b5e89023";7922;"MI";"Ann Arbor";11;6;2012;0;18;"20120618"
"99.130.96.199";"US";-117.490800;33.932900;"AS7018 AT&T Services, Inc.";"mlab3-iad01";0.092523;1086287.173334;"0.004012999";"linux2";"216.156.197.173";"bittorrent";1340018263;182121.214439;-1.000000;"0a3b2944-23c0-4116-a068-0d5627c0dec9";7018;"CA";"Riverside";11;6;2012;0;18;"20120618"
"71.58.226.44";"US";-75.961500;41.249000;"AS7922 Comcast Cable Communications, Inc.";"mlab3-iad01";0.044214;3302516.994382;"0.004012999";"win32";"216.156.197.173";"bittorrent";1340018263;690874.751761;-1.000000;"fb6cc5ca-37c3-44c5-8176-4a40a17f217a";7922;"PA";"Plymouth";11;6;2012;0;18;"20120618"
"74.93.119.149";"US";-77.460300;37.553800;"AS7922 Comcast Cable Communications, Inc.";"mlab3-iad01";0.021304;4355704.456470;"0.004012999";"win32";"216.156.197.173";"speedtest";1340019419;603517.207823;0.022117;"89137afb-b348-4f18-88b5-80cee829292f";7922;"VA";"Richmond";11;6;2012;0;18;"20120618"
"74.60.227.223";"US";-84.561300;39.399500;"AS16586 CLEARWIRE - CLEAR WIRELESS LLC";"mlab3-iad01";0.112963;221288.567324;"0.004012999";"win32";"216.156.197.173";"speedtest";1340020095;29043.954757;0.123185;"59bc30c0-4f87-4fbd-8bb7-35768315d718";16586;"OH";"Hamilton";11;6;2012;0;18;"20120618"
"207.231.92.41";"US";-121.370600;38.784300;"AS14051 Roseville Telephone Company";"mlab3-iad01";0.072473;3432882.357097;"0.004012999";"win32";"216.156.197.173";"bittorrent";1340020218;2614256.514761;-1.000000;"cb121e1a-4701-4c5a-91b5-29c9df2b10c0";14051;"CA";"Roseville";11;6;2012;0;18;"20120618"
"98.207.87.80";"US";-122.299100;37.409600;"AS7922 Comcast Cable Communications, Inc.";"mlab3-iad01";0.090498;2443910.954430;"0.004012999";"darwin";"216.156.197.173";"speedtest";1340020609;245886.331040;0.092866;"0f7d671c-779f-4f63-8f54-ca28fcc35fd6";7922;"CA";"Redwood City";11;6;2012;0;18;"20120618"
"98.222.147.136";"US";-85.681400;40.411900;"AS7922 Comcast Cable Communications, Inc.";"mlab3-iad01";0.052345;2809966.953650;"0.004012999";"linux2";"216.156.197.173";"speedtest";1340021226;289799.074768;0.055108;"247a4b73-0dbb-440a-a85f-68d042f5a3a2";7922;"IN";"Fairmount";12;6;2012;0;18;"20120618"
"99.99.213.185";"US";-85.882800;42.855500;"AS7018 AT&T Services, Inc.";"mlab3-iad01";0.060632;1261213.605700;"0.004012999";"linux2";"216.156.197.173";"speedtest";1340022508;175977.965716;0.063784;"22998df3-a92a-4573-b9f5-476782c2c770";7018;"MI";"Hudsonville";12;6;2012;0;18;"20120618"
"74.103.162.36";"US";-75.114700;40.427800;"AS701 MCI Communications Services, Inc. d/b/a Verizon Business";"mlab3-iad01";0.013923;1877951.297480;"0.004012999";"darwin";"216.156.197.173";"speedtest";1340023093;661232.463261;0.015182;"4eec0d76-fa70-4b4c-91f9-8cb1b74b0682";701;"PA";"Pipersville";12;6;2012;0;18;"20120618"
"75.132.191.176";"US";-89.899800;38.512100;"AS20115 Charter Communications";"mlab3-iad01";0.037898;2748388.893215;"0.004012999";"win32";"216.156.197.173";"bittorrent";1340023150;406570.423179;-1.000000;"c08311ac-7edd-4390-b447-4ca484b5dacc";20115;"IL";"Belleville";12;6;2012;0;18;"20120618"
"173.160.133.65";"US";-122.449200;47.151100;"AS7922 Comcast Cable Communications, Inc.";"mlab3-iad01";0.101232;375660.546159;"0.004012999";"win32";"216.156.197.173";"speedtest";1340023655;337492.636886;0.099960;"cd29f4ce-ebe9-47c8-8b18-9406a9618ac1";7922;"WA";"Tacoma";12;6;2012;0;18;"20120618"
"98.203.140.223";"US";-122.304300;47.610200;"AS7922 Comcast Cable Communications, Inc.";"mlab3-iad01";0.093780;1398612.911720;"0.004012999";"linux2";"216.156.197.173";"speedtest";1340023332;364088.915930;0.100717;"4bf1068a-cabe-4254-a52f-c2914db03ade";7922;"WA";"Seattle";12;6;2012;0;18;"20120618"
"96.2.48.78";"US";-96.983300;42.836900;"AS11232 Midcontinent Media, Inc.";"mlab3-iad01";0.279124;743761.381742;"0.004011999";"win32";"216.156.197.173";"bittorrent";1340023683;449539.173139;-1.000000;"a7ed429a-44c3-4195-a0e5-7eac41680125";11232;"SD";"Vermillion";12;6;2012;0;18;"20120618"
"208.57.38.36";"US";-117.164900;32.807200;"AS14265 Telepacific Communications";"mlab3-iad01";0.099049;181218.594970;"0.004011999";"linux2";"216.156.197.173";"bittorrent";1340024310;178365.794076;-1.000000;"71bb2b47-414f-414d-b8ff-f1237c21f432";14265;"CA";"San Diego";12;6;2012;0;18;"20120618"
"24.61.63.89";"US";-71.031600;42.399700;"AS7922 Comcast Cable Communications, Inc.";"mlab3-iad01";0.050194;1282210.733920;"0.004012999";"win32";"216.156.197.173";"speedtest";1340025957;506327.777837;0.046129;"641fcec9-64c6-4ec1-a213-90d958a6f9a1";7922;"MA";"Chelsea";13;6;2012;0;18;"20120618"
"68.41.24.217";"US";-83.036000;42.724500;"AS7922 Comcast Cable Communications, Inc.";"mlab3-iad01";0.048123;2695820.070364;"0.004012999";"win32";"216.156.197.173";"bittorrent";1340026715;519351.108485;-1.000000;"7acc5903-5884-4564-add3-0be49e9fa576";7922;"MI";"Washington";13;6;2012;0;18;"20120618"
"72.181.251.247";"US";-96.771500;32.833900;"AS11427 Time Warner Cable Internet LLC";"mlab3-iad01";0.060269;935353.970162;"0.004012999";"darwin";"216.156.197.173";"bittorrent";1340027128;233292.774897;-1.000000;"f6add6e0-3bfa-4414-8fb5-1ec8432ae8bf";11427;"TX";"Dallas";13;6;2012;0;18;"20120618"
"132.161.219.98";"US";-92.717600;41.721700;"AS22949 Grinnell College";"mlab3-iad01";0.070075;785542.247231;"0.004012999";"win32";"216.156.197.173";"bittorrent";1340027202;480643.000465;-1.000000;"de23301c-c09c-4e47-aa2b-90a625720856";22949;"IA";"Grinnell";13;6;2012;0;18;"20120618"
"24.61.63.89";"US";-71.031600;42.399700;"AS7922 Comcast Cable Communications, Inc.";"mlab3-iad01";0.045020;1348935.713074;"0.004012999";"win32";"216.156.197.173";"bittorrent";1340027453;460712.172561;-1.000000;"641fcec9-64c6-4ec1-a213-90d958a6f9a1";7922;"MA";"Chelsea";13;6;2012;0;18;"20120618"
"98.243.192.146";"US";-84.594100;42.860200;"AS7922 Comcast Cable Communications, Inc.";"mlab3-iad01";0.031772;1979892.643360;"0.004012999";"darwin";"216.156.197.173";"speedtest";1340028239;456965.251521;0.037031;"69a61dac-c7ac-4b16-b86b-4bd2f3990f62";7922;"MI";"Dewitt";14;6;2012;0;18;"20120618"
"74.93.119.149";"US";-77.460300;37.553800;"AS7922 Comcast Cable Communications, Inc.";"mlab3-iad01";0.024031;2394308.321520;"0.004012999";"win32";"216.156.197.173";"speedtest";1340028283;603531.501182;0.019338;"89137afb-b348-4f18-88b5-80cee829292f";7922;"VA";"Richmond";14;6;2012;0;18;"20120618"
"132.161.219.98";"US";-92.717600;41.721700;"AS22949 Grinnell College";"mlab3-iad01";0.070843;1254398.407340;"0.004012999";"win32";"216.156.197.173";"speedtest";1340028625;576816.757351;0.071869;"de23301c-c09c-4e47-aa2b-90a625720856";22949;"IA";"Grinnell";14;6;2012;0;18;"20120618"
"68.188.90.154";"US";-90.197900;38.627300;"AS20115 Charter Communications";"mlab3-iad01";0.053884;112310.231363;"0.004012999";"darwin";"216.156.197.173";"speedtest";1340028672;579025.383372;0.084540;"10349cfe-4a13-405a-99be-aabdb52920f3";20115;"MO";"Saint Louis";14;6;2012;0;18;"20120618"
"71.204.165.181";"US";-122.036300;37.368800;"AS7922 Comcast Cable Communications, Inc.";"mlab3-iad01";0.090160;2617032.997780;"0.004012999";"darwin";"216.156.197.173";"speedtest";1340030036;459587.273948;0.093346;"1ce7a86b-b408-4815-ae8b-bf0652a278f3";7922;"CA";"Sunnyvale";14;6;2012;0;18;"20120618"
"72.181.251.247";"US";-96.771500;32.833900;"AS11427 Time Warner Cable Internet LLC";"mlab3-iad01";0.082995;920315.778805;"0.004012999";"darwin";"216.156.197.173";"bittorrent";1340030338;228251.125988;-1.000000;"f6add6e0-3bfa-4414-8fb5-1ec8432ae8bf";11427;"TX";"Dallas";14;6;2012;0;18;"20120618"
"96.2.48.78";"US";-96.983300;42.836900;"AS11232 Midcontinent Media, Inc.";"mlab3-iad01";0.281534;687837.933710;"0.004011999";"win32";"216.156.197.173";"speedtest";1340031281;508522.957844;0.088705;"a7ed429a-44c3-4195-a0e5-7eac41680125";11232;"SD";"Vermillion";14;6;2012;0;18;"20120618"
"74.93.119.149";"US";-77.460300;37.553800;"AS7922 Comcast Cable Communications, Inc.";"mlab3-iad01";0.021632;2687798.342060;"0.004012999";"win32";"216.156.197.173";"speedtest";1340031244;604568.236558;0.019548;"89137afb-b348-4f18-88b5-80cee829292f";7922;"VA";"Richmond";14;6;2012;0;18;"20120618"
"67.172.130.152";"US";-104.821400;38.833900;"AS7922 Comcast Cable Communications, Inc.";"mlab3-iad01";0.068003;3125936.249245;"0.004012999";"darwin";"216.156.197.173";"bittorrent";1340032114;443268.628643;-1.000000;"e83583f7-4c54-4291-a929-2fd12fd286f5";7922;"CO";"Colorado Springs";15;6;2012;0;18;"20120618"
"98.157.202.20";"US";-87.413900;39.466700;"AS10796 Time Warner Cable Internet LLC";"mlab3-iad01";0.065788;1728618.700670;"0.004011999";"win32";"216.156.197.173";"speedtest";1340032534;103698.082414;0.060099;"9c0fa0e1-b625-407b-8e5d-f979a63c0e77";10796;"IN";"Terre Haute";15;6;2012;0;18;"20120618"
"108.58.78.250";"US";-73.587600;40.755700;"AS6128 Cablevision Systems Corp.";"mlab3-iad01";0.018160;4188139.741840;"0.004011999";"win32";"216.156.197.173";"bittorrent";1340032618;579306.808346;-1.000000;"63a2819d-1e01-4d29-9601-39befed63efa";6128;"NY";"Westbury";15;6;2012;0;18;"20120618"
"69.144.10.64";"US";-108.454100;43.769800;"AS33588 Bresnan Communications, LLC.";"mlab3-iad01";0.091689;1280314.945430;"0.004012999";"win32";"216.156.197.173";"speedtest";1340032722;251026.688537;0.092330;"eacc891a-5915-4c63-a32a-7240664eaf5a";33588;"WY";"Thermopolis";15;6;2012;0;18;"20120618"
"99.130.96.199";"US";-117.490800;33.932900;"AS7018 AT&T Services, Inc.";"mlab3-iad01";0.092831;1391906.456509;"0.004012999";"linux2";"216.156.197.173";"bittorrent";1340032946;183342.435773;-1.000000;"0a3b2944-23c0-4116-a068-0d5627c0dec9";7018;"CA";"Riverside";15;6;2012;0;18;"20120618"
"96.236.133.97";"US";-79.995900;40.440600;"AS701 MCI Communications Services, Inc. d/b/a Verizon Business";"mlab3-iad01";0.033036;549627.177945;"0.004012999";"linux2";"216.156.197.173";"speedtest";1340033147;221950.090687;0.037090;"002bd52f-5f9d-42eb-9ce6-e310c9db525a";701;"PA";"Pittsburgh";15;6;2012;0;18;"20120618"
"66.80.217.179";"US";-105.002200;39.545700;"AS4565 MegaPath Networks Inc.";"mlab3-iad01";0.523338;248071.757997;"0.004012999";"darwin";"216.156.197.173";"speedtest";1340033359;272905.429132;0.549234;"fd8f8cbf-53ff-44fa-8e9f-da47c60b3fce";4565;"CO";"Littleton";15;6;2012;0;18;"20120618"
"208.52.154.53";"US";-84.443200;33.793000;"AS13703 BroadRiver Communication Corp.";"mlab3-iad01";0.015188;10204008.491391;"0.004010999";"win32";"216.156.197.173";"bittorrent";1340033489;964712.749568;-1.000000;"5a94fb06-4ffc-4b82-bc99-552f47212e96";13703;"GA";"Atlanta";15;6;2012;0;18;"20120618"
"24.46.196.47";"US";-73.686200;40.793900;"AS6128 Cablevision Systems Corp.";"mlab3-iad01";0.015796;2600234.957112;"0.004012999";"win32";"216.156.197.173";"bittorrent";1340034591;262095.934296;-1.000000;"103cc2f1-ddd5-4016-83cc-cdd357e7a81a";6128;"NY";"Manhasset";15;6;2012;0;18;"20120618"
"71.118.241.200";"US";-118.880000;34.213300;"AS701 MCI Communications Services, Inc. d/b/a Verizon Business";"mlab3-iad01";0.086306;2646248.739030;"0.004012999";"darwin";"216.156.197.173";"speedtest";1340034693;1419994.028290;0.087822;"6240ede4-4770-4ab9-a1a5-5df49c84c463";701;"CA";"Thousand Oaks";15;6;2012;0;18;"20120618"
"50.83.240.108";"US";-95.977900;45.232200;"AS30036 Mediacom Communications Corp";"mlab3-iad01";0.049725;1524539.601726;"0.004012999";"darwin";"216.156.197.173";"bittorrent";1340035880;292261.087115;-1.000000;"43af2f72-3dc4-4824-9ff7-faa06a3cb206";30036;"MN";"Appleton";16;6;2012;0;18;"20120618"
"71.58.226.44";"US";-75.961500;41.249000;"AS7922 Comcast Cable Communications, Inc.";"mlab3-iad01";0.033332;3766627.611580;"0.004012999";"win32";"216.156.197.173";"speedtest";1340036492;755057.605557;0.038836;"fb6cc5ca-37c3-44c5-8176-4a40a17f217a";7922;"PA";"Plymouth";16;6;2012;0;18;"20120618"
"98.251.77.68";"US";-83.949600;33.512000;"AS7922 Comcast Cable Communications, Inc.";"mlab3-iad01";0.027962;3175379.987788;"0.004011999";"win32";"216.156.197.173";"bittorrent";1340036688;523642.697884;-1.000000;"cbfab653-aed3-47c3-b7d0-e4159cab6582";7922;"GA";"Covington";16;6;2012;0;18;"20120618"
"74.60.227.223";"US";-84.561300;39.399500;"AS16586 CLEARWIRE - CLEAR WIRELESS LLC";"mlab3-iad01";0.132496;240414.153303;"0.004012999";"win32";"216.156.197.173";"bittorrent";1340036918;26524.633150;-1.000000;"59bc30c0-4f87-4fbd-8bb7-35768315d718";16586;"OH";"Hamilton";16;6;2012;0;18;"20120618"
"50.12.211.162";"US";-93.263800;44.980000;"AS16586 CLEARWIRE - CLEAR WIRELESS LLC";"mlab3-iad01";0.107639;226921.496246;"0.004012999";"darwin";"216.156.197.173";"bittorrent";1340037456;118103.493895;-1.000000;"3955a411-3e83-4a8e-aa8e-165233e306e9";16586;"MN";"Minneapolis";16;6;2012;0;18;"20120618"
"74.103.162.36";"US";-75.114700;40.427800;"AS701 MCI Communications Services, Inc. d/b/a Verizon Business";"mlab3-iad01";0.012112;1794678.832443;"0.004012999";"darwin";"216.156.197.173";"bittorrent";1340037599;658883.036197;-1.000000;"4eec0d76-fa70-4b4c-91f9-8cb1b74b0682";701;"PA";"Pipersville";16;6;2012;0;18;"20120618"
"205.178.18.107";"US";-87.623800;41.884900;"AS6079 RCN";"mlab3-iad01";0.035345;2529317.730541;"0.004011999";"win32";"216.156.197.173";"bittorrent";1340038314;263484.505903;-1.000000;"e98788b3-c49f-4266-b003-f95ea1c0e2a0";6079;"IL";"Chicago";16;6;2012;0;18;"20120618"
"97.65.115.51";"US";-122.393300;37.769700;"AS4323 tw telecom holdings, inc.";"mlab3-iad01";0.073723;216411.361577;"0.004012999";"win32";"216.156.197.173";"speedtest";1340037996;794767.208870;0.081615;"e54bd867-c3d4-475c-aa3f-d513bac1c0f1";4323;"CA";"San Francisco";16;6;2012;0;18;"20120618"
"24.46.196.47";"US";-73.686200;40.793900;"AS6128 Cablevision Systems Corp.";"mlab3-iad01";0.015058;2585937.871440;"0.004012999";"win32";"216.156.197.173";"speedtest";1340038867;263358.680340;0.020598;"103cc2f1-ddd5-4016-83cc-cdd357e7a81a";6128;"NY";"Manhasset";17;6;2012;0;18;"20120618"
"96.2.48.78";"US";-96.983300;42.836900;"AS11232 Midcontinent Media, Inc.";"mlab3-iad01";0.084731;2902464.866821;"0.004012999";"win32";"216.156.197.173";"bittorrent";1340038937;619824.731297;-1.000000;"5445103e-8ecb-4c12-b5f3-066ee6208757";11232;"SD";"Vermillion";17;6;2012;0;18;"20120618"
"206.255.246.41";"US";-94.740500;32.500700;"AS53508 Cablelynx";"mlab3-iad01";0.054438;1278641.695488;"0.004012999";"win32";"216.156.197.173";"bittorrent";1340039281;138765.965695;-1.000000;"3a5b4ca4-0887-432d-a115-9f646a867cdb";53508;"TX";"Longview";17;6;2012;0;18;"20120618"
"71.58.226.44";"US";-75.961500;41.249000;"AS7922 Comcast Cable Communications, Inc.";"mlab3-iad01";0.033625;3433702.810610;"0.004012999";"win32";"216.156.197.173";"speedtest";1340039297;756127.978661;0.036137;"fb6cc5ca-37c3-44c5-8176-4a40a17f217a";7922;"PA";"Plymouth";17;6;2012;0;18;"20120618"
"24.2.64.100";"US";-112.008200;40.477400;"AS7922 Comcast Cable Communications, Inc.";"mlab3-iad01";0.076967;903101.944970;"0.004012999";"win32";"216.156.197.173";"bittorrent";1340040395;136704.542733;-1.000000;"9a8766b6-803d-48fa-b02a-2091ff6f496e";7922;"UT";"Riverton";17;6;2012;0;18;"20120618"
"98.195.66.136";"US";-95.363300;29.763300;"AS7922 Comcast Cable Communications, Inc.";"mlab3-iad01";0.053513;456721.939526;"0.004012999";"darwin";"216.156.197.173";"bittorrent";1340040424;92579.655090;-1.000000;"5693d2f1-e71d-4194-954c-a189279be24c";7922;"TX";"Houston";17;6;2012;0;18;"20120618"
"208.57.38.36";"US";-117.164900;32.807200;"AS14265 Telepacific Communications";"mlab3-iad01";0.095091;168297.706400;"0.004011999";"linux2";"216.156.197.173";"speedtest";1340040910;175361.280045;0.099981;"71bb2b47-414f-414d-b8ff-f1237c21f432";14265;"CA";"San Diego";17;6;2012;0;18;"20120618"
"65.32.77.45";"US";-97.000000;38.000000;"AS33363 BRIGHT HOUSE NETWORKS, LLC";"mlab3-iad01";0.045717;1718461.242580;"0.004012999";"win32";"216.156.197.173";"speedtest";1340040995;149887.097128;0.046210;"29daca95-9628-479f-b4be-ee35e322c612";33363;"";"";17;6;2012;0;18;"20120618"
"64.81.87.32";"US";-117.865300;34.020300;"AS18566 MegaPath Corporation";"mlab3-iad01";0.087072;596836.871683;"0.004011999";"win32";"216.156.197.173";"speedtest";1340041272;104630.619485;0.090310;"e94d5238-1b8c-4a39-ae43-035af5b62fa1";18566;"CA";"Walnut";17;6;2012;0;18;"20120618"
"72.81.232.139";"US";-76.837500;39.174900;"AS701 MCI Communications Services, Inc. d/b/a Verizon Business";"mlab3-iad01";0.019531;1661522.373976;"0.004012999";"darwin";"216.156.197.173";"bittorrent";1340042335;255095.381920;-1.000000;"5d2377cf-2e67-40be-b1dc-e439a545da6f";701;"MD";"Columbia";17;6;2012;0;18;"20120618"
"68.40.93.208";"US";-82.582300;42.637600;"AS7922 Comcast Cable Communications, Inc.";"mlab3-iad01";0.050639;1746388.116178;"0.004011999";"win32";"216.156.197.173";"bittorrent";1340043068;397926.399783;-1.000000;"5ddd06da-64ad-444c-b2c0-525541d4d177";7922;"MI";"Algonac";18;6;2012;0;18;"20120618"
"68.188.90.154";"US";-90.197900;38.627300;"AS20115 Charter Communications";"mlab3-iad01";0.162931;134734.958715;"0.004012999";"darwin";"216.156.197.173";"speedtest";1340043635;249473.389542;0.152180;"10349cfe-4a13-405a-99be-aabdb52920f3";20115;"MO";"Saint Louis";18;6;2012;0;18;"20120618"
"207.231.92.41";"US";-121.370600;38.784300;"AS14051 Roseville Telephone Company";"mlab3-iad01";0.075764;334830.399754;"0.004012999";"win32";"216.156.197.173";"speedtest";1340044710;408179.535343;0.123512;"cb121e1a-4701-4c5a-91b5-29c9df2b10c0";14051;"CA";"Roseville";18;6;2012;0;18;"20120618"
"209.155.86.74";"US";-77.426000;43.100500;"AS1785 PaeTec Communications, Inc.";"mlab3-iad01";0.018935;267837.539685;"0.004012999";"win32";"216.156.197.173";"speedtest";1340045001;56804.128117;0.021726;"4841c017-4566-4afc-a805-ba458ccb2be1";1785;"NY";"Fairport";18;6;2012;0;18;"20120618"
"66.142.7.6";"US";-101.831300;35.222000;"AS2386 AT&T Data Communications Services";"mlab3-iad01";0.169665;17701.883553;"0.004012999";"linux2";"216.156.197.173";"speedtest";1340045318;30050.029711;0.303398;"e629a5ed-292e-4c20-860f-40ebe4624851";2386;"TX";"Amarillo";18;6;2012;0;18;"20120618"
"66.80.217.179";"US";-105.002200;39.545700;"AS4565 MegaPath Networks Inc.";"mlab3-iad01";0.095359;511701.138833;"0.004012999";"darwin";"216.156.197.173";"speedtest";1340045560;523698.268908;0.100010;"fd8f8cbf-53ff-44fa-8e9f-da47c60b3fce";4565;"CO";"Littleton";18;6;2012;0;18;"20120618"
"24.22.135.177";"US";-122.332100;47.606200;"AS7922 Comcast Cable Communications, Inc.";"mlab3-iad01";0.093606;2571871.302110;"0.004012999";"linux2";"216.156.197.173";"bittorrent";1340045839;385188.575338;-1.000000;"04cea472-6610-42db-acd2-c644a3d4447f";7922;"WA";"Seattle";18;6;2012;0;18;"20120618"
"71.118.241.200";"US";-118.880000;34.213300;"AS701 MCI Communications Services, Inc. d/b/a Verizon Business";"mlab3-iad01";0.088051;3116188.561047;"0.004012999";"darwin";"216.156.197.173";"bittorrent";1340046084;1503220.852496;-1.000000;"6240ede4-4770-4ab9-a1a5-5df49c84c463";701;"CA";"Thousand Oaks";19;6;2012;0;18;"20120618"
"24.130.152.60";"US";-122.088500;37.709000;"AS7922 Comcast Cable Communications, Inc.";"mlab3-iad01";0.089856;3437355.623665;"0.004012999";"darwin";"216.156.197.173";"bittorrent";1340047603;764296.163109;-1.000000;"92ef1dc6-e5b9-40c8-800b-cc909779319d";7922;"CA";"Castro Valley";19;6;2012;0;18;"20120618"
"132.161.219.98";"US";-92.717600;41.721700;"AS22949 Grinnell College";"mlab3-iad01";0.070721;2089469.752910;"0.004012999";"win32";"216.156.197.173";"speedtest";1340048504;625952.775404;0.072066;"de23301c-c09c-4e47-aa2b-90a625720856";22949;"IA";"Grinnell";19;6;2012;0;18;"20120618"
"66.235.50.69";"US";-122.029600;47.586900;"AS23292 Broadstripe";"mlab3-iad01";0.085849;448997.765596;"0.004012999";"darwin";"216.156.197.173";"bittorrent";1340049578;283440.165816;-1.000000;"619f12e6-7e7a-4475-96aa-abb7e35e6c27";23292;"WA";"Sammamish";19;6;2012;0;18;"20120618"
"98.203.140.223";"US";-122.304300;47.610200;"AS7922 Comcast Cable Communications, Inc.";"mlab3-iad01";0.100279;1501881.850550;"0.004012999";"linux2";"216.156.197.173";"speedtest";1340049401;398011.244500;0.101427;"4bf1068a-cabe-4254-a52f-c2914db03ade";7922;"WA";"Seattle";19;6;2012;0;18;"20120618"
"71.187.199.3";"US";-74.216400;40.816200;"AS701 MCI Communications Services, Inc. d/b/a Verizon Business";"mlab3-iad01";0.025857;3767309.047001;"0.004011999";"win32";"216.156.197.173";"bittorrent";1340049998;1277777.924781;-1.000000;"a9bde20f-2872-443c-8e9b-a2f6f162c91d";701;"NJ";"Montclair";20;6;2012;0;18;"20120618"
"96.2.48.78";"US";-96.983300;42.836900;"AS11232 Midcontinent Media, Inc.";"mlab3-iad01";0.087606;2294661.822880;"0.004012999";"win32";"216.156.197.173";"speedtest";1340050023;400274.346957;0.088818;"5445103e-8ecb-4c12-b5f3-066ee6208757";11232;"SD";"Vermillion";20;6;2012;0;18;"20120618"
"99.104.57.129";"US";-87.701600;41.975900;"AS7018 AT&T Services, Inc.";"mlab3-iad01";0.040114;258325.853994;"0.004012999";"darwin";"216.156.197.173";"speedtest";1340050830;52310.416364;0.045370;"d6f10baf-3b6d-47fb-999c-6d4188d2d4b2";7018;"IL";"Chicago";20;6;2012;0;18;"20120618"
"24.46.196.47";"US";-73.686200;40.793900;"AS6128 Cablevision Systems Corp.";"mlab3-iad01";0.016532;2595261.108444;"0.004012999";"win32";"216.156.197.173";"bittorrent";1340052004;261299.825265;-1.000000;"103cc2f1-ddd5-4016-83cc-cdd357e7a81a";6128;"NY";"Manhasset";20;6;2012;0;18;"20120618"
"132.161.219.98";"US";-92.717600;41.721700;"AS22949 Grinnell College";"mlab3-iad01";0.070827;2142790.671620;"0.004012999";"win32";"216.156.197.173";"speedtest";1340054186;575891.184403;0.071946;"de23301c-c09c-4e47-aa2b-90a625720856";22949;"IA";"Grinnell";21;6;2012;0;18;"20120618"
"70.122.243.11";"US";-97.015000;32.954600;"AS11427 Time Warner Cable Internet LLC";"mlab3-iad01";0.059241;3132132.996520;"0.004012999";"win32";"216.156.197.173";"speedtest";1340054206;524522.925653;0.060655;"bab8f612-1f34-46c2-a83e-fbaa7a2f8fa7";11427;"TX";"Coppell";21;6;2012;0;18;"20120618"
"99.92.88.210";"US";-122.030700;37.353700;"AS7018 AT&T Services, Inc.";"mlab3-iad01";0.099916;939929.040673;"0.004012999";"darwin";"216.156.197.173";"speedtest";1340054282;174572.809452;0.101648;"13cf72ab-670c-4dc7-8fad-aa9a41f4355d";7018;"CA";"Sunnyvale";21;6;2012;0;18;"20120618"
"108.58.78.250";"US";-73.587600;40.755700;"AS6128 Cablevision Systems Corp.";"mlab3-iad01";0.051195;1707879.098913;"0.004011999";"win32";"216.156.197.173";"bittorrent";1340054309;631770.963186;-1.000000;"63a2819d-1e01-4d29-9601-39befed63efa";6128;"NY";"Westbury";21;6;2012;0;18;"20120618"
"98.214.132.10";"US";-89.589000;40.693600;"AS7922 Comcast Cable Communications, Inc.";"mlab3-iad01";0.170710;1190135.256224;"0.004012999";"darwin";"216.156.197.173";"bittorrent";1340055049;791553.252223;-1.000000;"ac008ee9-df9b-425b-a370-34b57dce1b90";7922;"IL";"Peoria";21;6;2012;0;18;"20120618"
"66.66.21.182";"US";-77.602400;43.185800;"AS11351 Time Warner Cable Internet LLC";"mlab3-iad01";0.045953;952717.729196;"0.004012999";"win32";"216.156.197.173";"bittorrent";1340055391;581016.475435;-1.000000;"b4fb3816-21d6-43b3-91fc-aabe40980e90";11351;"NY";"Rochester";21;6;2012;0;18;"20120618"
"98.206.101.228";"US";-87.655100;41.937300;"AS7922 Comcast Cable Communications, Inc.";"mlab3-iad01";0.041779;2920733.681006;"0.004012999";"win32";"216.156.197.173";"bittorrent";1340055887;518651.931640;-1.000000;"1b8a7968-95b4-4827-8260-84d7e02b3d53";7922;"IL";"Chicago";21;6;2012;0;18;"20120618"
"68.48.221.17";"US";-76.837500;39.174900;"AS7922 Comcast Cable Communications, Inc.";"mlab3-iad01";0.011394;4448860.241480;"0.004012999";"darwin";"216.156.197.173";"speedtest";1340056047;714427.681365;0.061328;"4162ce8a-78ab-4a68-9407-13618360662f";7922;"MD";"Columbia";21;6;2012;0;18;"20120618"
"71.89.124.38";"US";-88.736400;44.638200;"AS20115 Charter Communications";"mlab3-iad01";0.053593;1857557.779568;"0.004012999";"win32";"216.156.197.173";"bittorrent";1340056166;404380.743587;-1.000000;"0730ff7f-47eb-4e84-99b1-016150556fb6";20115;"WI";"Clintonville";21;6;2012;0;18;"20120618"
"67.172.130.152";"US";-104.821400;38.833900;"AS7922 Comcast Cable Communications, Inc.";"mlab3-iad01";0.072324;2872031.442970;"0.004012999";"darwin";"216.156.197.173";"speedtest";1340056565;491580.365397;0.070799;"e83583f7-4c54-4291-a929-2fd12fd286f5";7922;"CO";"Colorado Springs";21;6;2012;0;18;"20120618"
"98.195.66.136";"US";-95.363300;29.763300;"AS7922 Comcast Cable Communications, Inc.";"mlab3-iad01";0.055369;769879.352795;"0.004012999";"darwin";"216.156.197.173";"speedtest";1340056657;109861.505958;0.058405;"5693d2f1-e71d-4194-954c-a189279be24c";7922;"TX";"Houston";21;6;2012;0;18;"20120618"
"98.203.140.223";"US";-122.304300;47.610200;"AS7922 Comcast Cable Communications, Inc.";"mlab3-iad01";0.134061;1562016.454519;"0.004012999";"linux2";"216.156.197.173";"bittorrent";1340056987;487299.138261;-1.000000;"4bf1068a-cabe-4254-a52f-c2914db03ade";7922;"WA";"Seattle";22;6;2012;0;18;"20120618"
"64.81.87.32";"US";-117.865300;34.020300;"AS18566 MegaPath Corporation";"mlab3-iad01";0.107315;723235.771873;"0.004011999";"win32";"216.156.197.173";"bittorrent";1340057003;71014.426719;-1.000000;"e94d5238-1b8c-4a39-ae43-035af5b62fa1";18566;"CA";"Walnut";22;6;2012;0;18;"20120618"
"65.32.77.45";"US";-97.000000;38.000000;"AS33363 BRIGHT HOUSE NETWORKS, LLC";"mlab3-iad01";0.041688;1828866.655330;"0.004012999";"win32";"216.156.197.173";"speedtest";1340056956;215942.350159;0.045922;"29daca95-9628-479f-b4be-ee35e322c612";33363;"";"";22;6;2012;0;18;"20120618"
"24.130.152.60";"US";-122.088500;37.709000;"AS7922 Comcast Cable Communications, Inc.";"mlab3-iad01";0.090868;3300749.348597;"0.004012999";"darwin";"216.156.197.173";"bittorrent";1340057106;752095.028714;-1.000000;"92ef1dc6-e5b9-40c8-800b-cc909779319d";7922;"CA";"Castro Valley";22;6;2012;0;18;"20120618"
"67.168.66.115";"US";-122.630500;48.321800;"AS7922 Comcast Cable Communications, Inc.";"mlab3-iad01";0.096373;1762845.881250;"0.004012999";"win32";"216.156.197.173";"speedtest";1340057105;593589.328816;0.095958;"3ee99b5a-2c05-4823-a555-34b90b697de5";7922;"WA";"Oak Harbor";22;6;2012;0;18;"20120618"
"98.207.87.80";"US";-122.299100;37.409600;"AS7922 Comcast Cable Communications, Inc.";"mlab3-iad01";0.107369;2552996.373750;"0.004012999";"darwin";"216.156.197.173";"speedtest";1340057135;243964.095544;0.097887;"0f7d671c-779f-4f63-8f54-ca28fcc35fd6";7922;"CA";"Redwood City";22;6;2012;0;18;"20120618"
"216.196.141.118";"US";-97.000000;38.000000;"AS6181 Cincinnati Bell Telephone";"mlab3-iad01";0.072009;64375.693116;"0.004012999";"win32";"216.156.197.173";"bittorrent";1340057333;61057.362153;-1.000000;"59bc30c0-4f87-4fbd-8bb7-35768315d718";6181;"";"";22;6;2012;0;18;"20120618"
"68.40.185.45";"US";-83.740900;42.277600;"AS7922 Comcast Cable Communications, Inc.";"mlab3-iad01";0.046988;1297988.882620;"0.004012999";"darwin";"216.156.197.173";"speedtest";1340057830;750266.185221;0.051944;"f77a7853-1ba8-4219-aa2c-2157b5e89023";7922;"MI";"Ann Arbor";22;6;2012;0;18;"20120618"
"67.172.130.152";"US";-104.821400;38.833900;"AS7922 Comcast Cable Communications, Inc.";"mlab3-iad01";0.067929;3124743.561261;"0.004012999";"darwin";"216.156.197.173";"bittorrent";1340058184;471822.390688;-1.000000;"e83583f7-4c54-4291-a929-2fd12fd286f5";7922;"CO";"Colorado Springs";22;6;2012;0;18;"20120618"
"99.104.57.129";"US";-87.701600;41.975900;"AS7018 AT&T Services, Inc.";"mlab3-iad01";0.437600;101472.816465;"0.004012999";"darwin";"216.156.197.173";"bittorrent";1340058320;22085.098396;-1.000000;"d6f10baf-3b6d-47fb-999c-6d4188d2d4b2";7018;"IL";"Chicago";22;6;2012;0;18;"20120618"
"67.61.252.127";"US";-116.391500;43.612100;"AS11492 CABLE ONE, INC.";"mlab3-iad01";0.096269;318341.547020;"0.004012999";"win32";"216.156.197.173";"speedtest";1340058404;38785.629728;0.099851;"076c32c5-13b7-4305-a338-c545b0b2a500";11492;"ID";"Meridian";22;6;2012;0;18;"20120618"
"71.190.171.206";"US";-73.525400;40.767000;"AS701 MCI Communications Services, Inc. d/b/a Verizon Business";"mlab3-iad01";0.015534;3826547.846094;"0.004012999";"linux2";"216.156.197.173";"bittorrent";1340058828;3189451.075739;-1.000000;"dfd87da2-1968-48ac-9bd2-5469644e29e4";701;"NY";"Hicksville";22;6;2012;0;18;"20120618"
"71.118.241.200";"US";-118.880000;34.213300;"AS701 MCI Communications Services, Inc. d/b/a Verizon Business";"mlab3-iad01";0.085887;3106420.819864;"0.004012999";"darwin";"216.156.197.173";"bittorrent";1340059095;1506910.492075;-1.000000;"6240ede4-4770-4ab9-a1a5-5df49c84c463";701;"CA";"Thousand Oaks";22;6;2012;0;18;"20120618"
"66.66.21.182";"US";-77.602400;43.185800;"AS11351 Time Warner Cable Internet LLC";"mlab3-iad01";0.046342;556972.349026;"0.004012999";"win32";"216.156.197.173";"speedtest";1340059942;629769.367384;0.049233;"b4fb3816-21d6-43b3-91fc-aabe40980e90";11351;"NY";"Rochester";22;6;2012;0;18;"20120618"
"76.24.39.72";"US";-71.691300;42.413600;"AS7922 Comcast Cable Communications, Inc.";"mlab3-iad01";0.032759;1525850.056950;"0.004012999";"win32";"216.156.197.173";"speedtest";1340061212;375578.332477;0.029376;"d7fbbeb1-8f79-4feb-9ab1-01beb7b970aa";7922;"MA";"Clinton";23;6;2012;0;18;"20120618"
"68.175.101.106";"US";-74.006000;40.714300;"AS12271 Time Warner Cable Internet LLC";"mlab3-iad01";0.016547;3211834.338800;"0.004012999";"darwin";"216.156.197.173";"speedtest";1340061474;639862.825906;0.020594;"bff92ae8-06db-4514-9002-ba6c8f7bec43";12271;"NY";"New York";23;6;2012;0;18;"20120618"
"76.169.71.176";"US";-118.273400;33.963800;"AS20001 Time Warner Cable Internet LLC";"mlab3-iad01";0.093946;81049.431364;"0.004011999";"win32";"216.156.197.173";"bittorrent";1340061927;81572.452405;-1.000000;"2f0c137b-7982-4d9c-b50a-c362f2d810e0";20001;"CA";"Los Angeles";23;6;2012;0;18;"20120618"
"173.246.102.187";"US";-76.612200;39.290400;"AS29169 Gandi SAS";"mlab3-iad01";0.002664;15324422.052000;"0.004011999";"linux2";"216.156.197.173";"speedtest";1340062195;647439.749438;0.004022;"a57cd6aa-6b9a-40e3-ae4c-0685546dd104";29169;"MD";"Baltimore";23;6;2012;0;18;"20120618"
"98.206.101.228";"US";-87.655100;41.937300;"AS7922 Comcast Cable Communications, Inc.";"mlab3-iad01";0.043727;2795656.538010;"0.004012999";"win32";"216.156.197.173";"speedtest";1340062198;512113.296412;0.044110;"1b8a7968-95b4-4827-8260-84d7e02b3d53";7922;"IL";"Chicago";23;6;2012;0;18;"20120618"
"74.93.119.149";"US";-77.460300;37.553800;"AS7922 Comcast Cable Communications, Inc.";"mlab3-iad01";0.019617;2719691.533040;"0.004012999";"win32";"216.156.197.173";"bittorrent";1340062468;608431.394535;-1.000000;"89137afb-b348-4f18-88b5-80cee829292f";7922;"VA";"Richmond";23;6;2012;0;18;"20120618"
"24.2.64.100";"US";-112.008200;40.477400;"AS7922 Comcast Cable Communications, Inc.";"mlab3-iad01";0.097252;927014.083495;"0.004012999";"win32";"216.156.197.173";"bittorrent";1340063149;137234.555840;-1.000000;"9a8766b6-803d-48fa-b02a-2091ff6f496e";7922;"UT";"Riverton";23;6;2012;0;18;"20120618"
"67.80.190.212";"US";-73.623200;40.874200;"AS6128 Cablevision Systems Corp.";"mlab3-iad01";0.015796;2595530.188663;"0.004012999";"win32";"216.156.197.173";"bittorrent";1340063529;261546.059414;-1.000000;"103cc2f1-ddd5-4016-83cc-cdd357e7a81a";6128;"NY";"Glen Cove";23;6;2012;0;18;"20120618"
"72.181.251.247";"US";-96.771500;32.833900;"AS11427 Time Warner Cable Internet LLC";"mlab1-lga02";0.052049;2009023.865540;"0.004012999";"darwin";"38.106.70.144";"speedtest";1340063976;217532.025883;0.060344;"ec56ca67-ca5b-4ee7-a615-8743ebac3e8a";11427;"TX";"Dallas";23;6;2012;0;18;"20120618"
"111.103.214.248";"JP";139.426300;35.742400;"AS2516 KDDI KDDI CORPORATION";"mlab1-hnd01";0.003918;62707754.050556;"0.004012999";"win32";"203.178.130.211";"bittorrent";1340012907;41582780.157595;-1.000000;"0707a788-a7ec-4504-8940-479dd69d995e";2516;"40";"Musashimurayama";18;6;2012;0;18;"20120618"
"111.103.214.248";"JP";139.426300;35.742400;"AS2516 KDDI KDDI CORPORATION";"mlab1-hnd01";0.004379;48668006.345088;"0.004012999";"win32";"203.178.130.211";"bittorrent";1340016059;38797631.273188;-1.000000;"0707a788-a7ec-4504-8940-479dd69d995e";2516;"40";"Musashimurayama";19;6;2012;0;18;"20120618"
"69.143.19.17";"US";-77.104300;38.881000;"AS7922 Comcast Cable Communications, Inc.";"mlab2-nuq01";0.089809;1329699.616350;"0.004012999";"darwin";"64.9.225.152";"speedtest";1339978266;456019.424282;0.095890;"9b4267aa-e8b7-40bb-a139-5ad1187a6f5d";7922;"VA";"Arlington";0;6;2012;0;18;"20120618"
"98.206.101.228";"US";-87.655100;41.937300;"AS7922 Comcast Cable Communications, Inc.";"mlab2-nuq01";0.073790;2448327.341100;"0.004012999";"win32";"64.9.225.152";"speedtest";1339979048;500543.433132;0.077177;"1b8a7968-95b4-4827-8260-84d7e02b3d53";7922;"IL";"Chicago";0;6;2012;0;18;"20120618"
"71.190.171.206";"US";-73.525400;40.767000;"AS701 MCI Communications Services, Inc. d/b/a Verizon Business";"mlab2-nuq01";0.079533;2784950.575330;"0.004012999";"linux2";"64.9.225.152";"speedtest";1339979296;1379372.184140;0.081926;"dfd87da2-1968-48ac-9bd2-5469644e29e4";701;"NY";"Hicksville";0;6;2012;0;18;"20120618"
"184.76.153.6";"US";-96.948900;32.814000;"AS16586 CLEARWIRE - CLEAR WIRELESS LLC";"mlab2-nuq01";0.113831;963689.165163;"0.004012999";"win32";"64.9.225.152";"bittorrent";1339979650;67691.659154;-1.000000;"01b5bd21-bfbf-4fa6-a4bc-c89f3cfd177c";16586;"TX";"Irving";0;6;2012;0;18;"20120618"
"96.236.133.97";"US";-79.995900;40.440600;"AS701 MCI Communications Services, Inc. d/b/a Verizon Business";"mlab2-nuq01";0.104478;49381.688608;"0.004012999";"linux2";"64.9.225.152";"bittorrent";1339979984;12599.613760;-1.000000;"002bd52f-5f9d-42eb-9ce6-e310c9db525a";701;"PA";"Pittsburgh";0;6;2012;0;18;"20120618"
"98.214.132.10";"US";-89.589000;40.693600;"AS7922 Comcast Cable Communications, Inc.";"mlab2-nuq01";0.082974;698412.781403;"0.004012999";"darwin";"64.9.225.152";"speedtest";1339980139;625392.782647;0.088544;"ac008ee9-df9b-425b-a370-34b57dce1b90";7922;"IL";"Peoria";0;6;2012;0;18;"20120618"
"96.2.48.78";"US";-96.983300;42.836900;"AS11232 Midcontinent Media, Inc.";"mlab2-nuq01";0.064892;844192.940951;"0.004011999";"win32";"64.9.225.152";"speedtest";1339981155;546842.722152;0.063083;"a7ed429a-44c3-4195-a0e5-7eac41680125";11232;"SD";"Vermillion";0;6;2012;0;18;"20120618"
"67.172.130.152";"US";-104.821400;38.833900;"AS7922 Comcast Cable Communications, Inc.";"mlab2-nuq01";0.049454;2943884.357520;"0.004012999";"darwin";"64.9.225.152";"speedtest";1339981569;370152.359615;0.050997;"e83583f7-4c54-4291-a929-2fd12fd286f5";7922;"CO";"Colorado Springs";1;6;2012;0;18;"20120618"
"98.203.140.223";"US";-122.304300;47.610200;"AS7922 Comcast Cable Communications, Inc.";"mlab2-nuq01";0.033114;2995366.777421;"0.004012999";"linux2";"64.9.225.152";"bittorrent";1339981606;481305.294901;-1.000000;"4bf1068a-cabe-4254-a52f-c2914db03ade";7922;"WA";"Seattle";1;6;2012;0;18;"20120618"
"76.24.39.72";"US";-71.691300;42.413600;"AS7922 Comcast Cable Communications, Inc.";"mlab2-nuq01";0.125358;467028.367187;"0.004012999";"win32";"64.9.225.152";"speedtest";1339981887;232371.045729;0.113634;"d7fbbeb1-8f79-4feb-9ab1-01beb7b970aa";7922;"MA";"Clinton";1;6;2012;0;18;"20120618"
"98.22.138.166";"US";-95.790800;36.052600;"AS7029 Windstream Communications Inc";"mlab2-nuq01";0.135019;38150.485092;"0.004012999";"win32";"64.9.225.152";"speedtest";1339982906;77346.696152;0.102623;"eb27082c-e25b-4239-869e-8ba23d438a17";7029;"OK";"Broken Arrow";1;6;2012;0;18;"20120618"
"67.172.130.152";"US";-104.821400;38.833900;"AS7922 Comcast Cable Communications, Inc.";"mlab2-nuq01";0.047100;3143088.406657;"0.004012999";"darwin";"64.9.225.152";"bittorrent";1339983187;371911.586295;-1.000000;"e83583f7-4c54-4291-a929-2fd12fd286f5";7922;"CO";"Colorado Springs";1;6;2012;0;18;"20120618"
"66.188.113.29";"US";-97.000000;38.000000;"AS20115 Charter Communications";"mlab2-nuq01";0.082608;737354.974590;"0.004012999";"darwin";"64.9.225.152";"speedtest";1339983990;365856.144847;0.081929;"3f295a53-7a79-47cb-bd75-f79b53a6ae22";20115;"";"";1;6;2012;0;18;"20120618"
"71.237.28.39";"US";-104.984700;39.739200;"AS7922 Comcast Cable Communications, Inc.";"mlab2-nuq01";0.044352;1427533.242134;"0.004012999";"darwin";"64.9.225.152";"bittorrent";1339984008;469193.718353;-1.000000;"95e96326-78fe-4507-8b06-f60611a1b7ad";7922;"CO";"Denver";1;6;2012;0;18;"20120618"
"71.206.108.75";"US";-84.525500;42.742200;"AS7922 Comcast Cable Communications, Inc.";"mlab2-nuq01";0.110880;92409.079834;"0.004011999";"win32";"64.9.225.152";"bittorrent";1339984098;206201.560661;-1.000000;"ffaa390e-2089-4db5-9b0b-c03d5eed4c9f";7922;"MI";"Lansing";1;6;2012;0;18;"20120618"
"98.203.140.223";"US";-122.304300;47.610200;"AS7922 Comcast Cable Communications, Inc.";"mlab2-nuq01";0.034343;3003917.357734;"0.004012999";"linux2";"64.9.225.152";"bittorrent";1339984502;471681.654039;-1.000000;"4bf1068a-cabe-4254-a52f-c2914db03ade";7922;"WA";"Seattle";1;6;2012;0;18;"20120618"
"209.155.86.74";"US";-77.426000;43.100500;"AS1785 PaeTec Communications, Inc.";"mlab2-nuq01";0.196552;158020.564907;"0.004012999";"win32";"64.9.225.152";"bittorrent";1339985017;56835.363654;-1.000000;"4841c017-4566-4afc-a805-ba458ccb2be1";1785;"NY";"Fairport";2;6;2012;0;18;"20120618"
"64.13.104.81";"US";-77.026100;38.990700;"AS16586 CLEARWIRE - CLEAR WIRELESS LLC";"mlab2-nuq01";0.325045;73951.883921;"0.004012999";"darwin";"64.9.225.152";"bittorrent";1339985451;152180.836123;-1.000000;"8a5f995c-e96b-4ee9-8332-ee1284a6fd58";16586;"MD";"Silver Spring";2;6;2012;0;18;"20120618"
"74.93.119.149";"US";-77.460300;37.553800;"AS7922 Comcast Cable Communications, Inc.";"mlab2-nuq01";0.095457;2590857.035157;"0.004012999";"win32";"64.9.225.152";"bittorrent";1339985696;605023.869649;-1.000000;"89137afb-b348-4f18-88b5-80cee829292f";7922;"VA";"Richmond";2;6;2012;0;18;"20120618"
"69.144.10.64";"US";-108.454100;43.769800;"AS33588 Bresnan Communications, LLC.";"mlab2-nuq01";0.077985;537906.015475;"0.004012999";"win32";"64.9.225.152";"speedtest";1339986024;235389.365884;0.074880;"eacc891a-5915-4c63-a32a-7240664eaf5a";33588;"WY";"Thermopolis";2;6;2012;0;18;"20120618"
"173.186.209.95";"US";-84.200300;30.975400;"AS7029 Windstream Communications Inc";"mlab2-nuq01";0.094473;231578.928536;"0.004011999";"win32";"64.9.225.152";"bittorrent";1339986129;76048.990241;-1.000000;"de6fbf44-b9c6-4959-9089-5bd76562acd2";7029;"GA";"Cairo";2;6;2012;0;18;"20120618"
"66.235.50.69";"US";-122.029600;47.586900;"AS23292 Broadstripe";"mlab2-nuq01";0.101534;72019.599125;"0.004012999";"darwin";"64.9.225.152";"speedtest";1339986151;255417.742046;0.111549;"619f12e6-7e7a-4475-96aa-abb7e35e6c27";23292;"WA";"Sammamish";2;6;2012;0;18;"20120618"
"76.112.203.189";"US";-83.144600;42.489500;"AS7922 Comcast Cable Communications, Inc.";"mlab2-nuq01";0.089123;1088923.240460;"0.004012999";"win32";"64.9.225.152";"speedtest";1339986462;724729.385223;0.091178;"5cb4931f-bf67-49bf-a4ec-d36d7495a682";7922;"MI";"Royal Oak";2;6;2012;0;18;"20120618"
"68.41.24.217";"US";-83.036000;42.724500;"AS7922 Comcast Cable Communications, Inc.";"mlab2-nuq01";0.096807;2053331.034217;"0.004012999";"win32";"64.9.225.152";"bittorrent";1339986554;519467.570745;-1.000000;"7acc5903-5884-4564-add3-0be49e9fa576";7922;"MI";"Washington";2;6;2012;0;18;"20120618"
"71.58.226.44";"US";-75.961500;41.249000;"AS7922 Comcast Cable Communications, Inc.";"mlab2-nuq01";0.126977;2024092.700002;"0.004012999";"win32";"64.9.225.152";"bittorrent";1339987384;504717.246312;-1.000000;"fb6cc5ca-37c3-44c5-8176-4a40a17f217a";7922;"PA";"Plymouth";2;6;2012;0;18;"20120618"
"74.2.122.133";"US";-97.000000;38.000000;"AS18566 MegaPath Corporation";"mlab2-nuq01";0.069001;224502.987541;"0.004010999";"win32";"64.9.225.152";"speedtest";1339987572;238470.917259;0.072220;"f4acb085-b5ee-429a-a232-3ae956a10cf5";18566;"";"";2;6;2012;0;18;"20120618"
"209.155.86.74";"US";-77.426000;43.100500;"AS1785 PaeTec Communications, Inc.";"mlab2-nuq01";0.089696;152518.609301;"0.004012999";"win32";"64.9.225.152";"bittorrent";1339987814;52109.168775;-1.000000;"4841c017-4566-4afc-a805-ba458ccb2be1";1785;"NY";"Fairport";2;6;2012;0;18;"20120618"
"96.236.133.97";"US";-79.995900;40.440600;"AS701 MCI Communications Services, Inc. d/b/a Verizon Business";"mlab2-nuq01";0.096653;164691.197492;"0.004012999";"linux2";"64.9.225.152";"bittorrent";1339988656;139444.522278;-1.000000;"002bd52f-5f9d-42eb-9ce6-e310c9db525a";701;"PA";"Pittsburgh";3;6;2012;0;18;"20120618"
"67.168.66.115";"US";-122.630500;48.321800;"AS7922 Comcast Cable Communications, Inc.";"mlab2-nuq01";0.034249;2534617.875340;"0.004012999";"win32";"64.9.225.152";"speedtest";1339988852;675880.341036;0.036128;"3ee99b5a-2c05-4823-a555-34b90b697de5";7922;"WA";"Oak Harbor";3;6;2012;0;18;"20120618"
"98.207.87.80";"US";-122.299100;37.409600;"AS7922 Comcast Cable Communications, Inc.";"mlab2-nuq01";0.025925;1984137.485117;"0.004012999";"darwin";"64.9.225.152";"bittorrent";1339988936;255446.691175;-1.000000;"0f7d671c-779f-4f63-8f54-ca28fcc35fd6";7922;"CA";"Redwood City";3;6;2012;0;18;"20120618"
"76.10.12.242";"US";-88.242600;40.112500;"AS46925 PAVLOV MEDIA INC";"mlab2-nuq01";0.067864;829375.772127;"0.004012999";"win32";"64.9.225.152";"speedtest";1339989689;925737.430160;0.069639;"b2c93218-2fa2-4a04-be8b-f4553cb22e1a";46925;"IL";"Champaign";3;6;2012;0;18;"20120618"
"173.160.133.65";"US";-122.449200;47.151100;"AS7922 Comcast Cable Communications, Inc.";"mlab2-nuq01";0.038073;587108.630333;"0.004012999";"win32";"64.9.225.152";"bittorrent";1339989754;579543.116937;-1.000000;"cd29f4ce-ebe9-47c8-8b18-9406a9618ac1";7922;"WA";"Tacoma";3;6;2012;0;18;"20120618"
"96.236.133.97";"US";-79.995900;40.440600;"AS701 MCI Communications Services, Inc. d/b/a Verizon Business";"mlab2-nuq01";0.126478;246149.389222;"0.004012999";"linux2";"64.9.225.152";"speedtest";1339990082;114950.430666;0.132158;"002bd52f-5f9d-42eb-9ce6-e310c9db525a";701;"PA";"Pittsburgh";3;6;2012;0;18;"20120618"
"67.174.9.121";"US";-87.819700;41.894000;"AS7922 Comcast Cable Communications, Inc.";"mlab2-nuq01";0.076340;1902301.832824;"0.004012999";"win32";"64.9.225.152";"bittorrent";1339990137;515938.038583;-1.000000;"bdaf2367-a776-4a1f-9c03-a75a6b08c6b1";7922;"IL";"River Forest";3;6;2012;0;18;"20120618"
"208.57.38.36";"US";-117.164900;32.807200;"AS14265 Telepacific Communications";"mlab2-nuq01";0.026067;181090.870857;"0.004011999";"linux2";"64.9.225.152";"bittorrent";1339990583;180915.415372;-1.000000;"71bb2b47-414f-414d-b8ff-f1237c21f432";14265;"CA";"San Diego";3;6;2012;0;18;"20120618"
"68.48.221.17";"US";-76.837500;39.174900;"AS7922 Comcast Cable Communications, Inc.";"mlab2-nuq01";0.090949;830751.798830;"0.004012999";"darwin";"64.9.225.152";"speedtest";1339990667;604146.280727;0.095331;"4162ce8a-78ab-4a68-9407-13618360662f";7922;"MD";"Columbia";3;6;2012;0;18;"20120618"
"67.168.59.54";"US";-122.668000;48.185500;"AS7922 Comcast Cable Communications, Inc.";"mlab2-nuq01";0.034544;2559701.935290;"0.004012999";"win32";"64.9.225.152";"speedtest";1339990714;500474.474703;0.036303;"ea22d474-846e-407d-9ebe-cd03ff0d64f4";7922;"WA";"Coupeville";3;6;2012;0;18;"20120618"
"173.246.102.187";"US";-76.612200;39.290400;"AS29169 Gandi SAS";"mlab2-nuq01";0.073096;2347794.712023;"0.004011999";"linux2";"64.9.225.152";"bittorrent";1339991060;689215.288746;-1.000000;"a57cd6aa-6b9a-40e3-ae4c-0685546dd104";29169;"MD";"Baltimore";3;6;2012;0;18;"20120618"
"71.58.226.44";"US";-75.961500;41.249000;"AS7922 Comcast Cable Communications, Inc.";"mlab2-nuq01";0.129832;1767487.297660;"0.004012999";"win32";"64.9.225.152";"speedtest";1339991588;572235.170497;0.123725;"fb6cc5ca-37c3-44c5-8176-4a40a17f217a";7922;"PA";"Plymouth";3;6;2012;0;18;"20120618"
"68.40.93.208";"US";-82.582300;42.637600;"AS7922 Comcast Cable Communications, Inc.";"mlab2-nuq01";0.170803;305953.768153;"0.004011999";"win32";"64.9.225.152";"bittorrent";1339991819;339725.972195;-1.000000;"5ddd06da-64ad-444c-b2c0-525541d4d177";7922;"MI";"Algonac";3;6;2012;0;18;"20120618"
"98.251.77.68";"US";-83.949600;33.512000;"AS7922 Comcast Cable Communications, Inc.";"mlab2-nuq01";0.077175;3131638.207695;"0.004011999";"win32";"64.9.225.152";"bittorrent";1339993414;500930.980169;-1.000000;"cbfab653-aed3-47c3-b7d0-e4159cab6582";7922;"GA";"Covington";4;6;2012;0;18;"20120618"
"76.169.71.176";"US";-118.273400;33.963800;"AS20001 Time Warner Cable Internet LLC";"mlab2-nuq01";0.029999;2180982.064742;"0.004011999";"win32";"64.9.225.152";"bittorrent";1339993599;122952.962521;-1.000000;"2f0c137b-7982-4d9c-b50a-c362f2d810e0";20001;"CA";"Los Angeles";4;6;2012;0;18;"20120618"
"67.130.216.230";"US";-105.937800;35.687000;"AS209 NOVARTIS-DMZ-US";"mlab2-nuq01";0.197708;85311.308712;"0.004012999";"win32";"64.9.225.152";"speedtest";1339994015;58428.325809;0.137934;"ee8fe911-f84d-4ab8-b486-dda4c138f932";209;"NM";"Santa Fe";4;6;2012;0;18;"20120618"
"24.24.223.229";"US";-118.404100;33.916400;"AS20001 Time Warner Cable Internet LLC";"mlab2-nuq01";0.029497;365637.536401;"0.004012999";"linux2";"64.9.225.152";"speedtest";1339994127;109540.228506;0.036622;"36cfd7f8-0f92-42e9-be32-71c3f4d2fe09";20001;"CA";"El Segundo";4;6;2012;0;18;"20120618"
"64.13.104.81";"US";-77.026100;38.990700;"AS16586 CLEARWIRE - CLEAR WIRELESS LLC";"mlab2-nuq01";0.196577;233766.345651;"0.004012999";"darwin";"64.9.225.152";"bittorrent";1339994405;139486.888129;-1.000000;"8a5f995c-e96b-4ee9-8332-ee1284a6fd58";16586;"MD";"Silver Spring";4;6;2012;0;18;"20120618"
"24.2.64.100";"US";-112.008200;40.477400;"AS7922 Comcast Cable Communications, Inc.";"mlab2-nuq01";0.075833;917902.445513;"0.004012999";"win32";"64.9.225.152";"bittorrent";1339995222;138277.283406;-1.000000;"9a8766b6-803d-48fa-b02a-2091ff6f496e";7922;"UT";"Riverton";4;6;2012;0;18;"20120618"
"71.237.28.39";"US";-104.984700;39.739200;"AS7922 Comcast Cable Communications, Inc.";"mlab2-nuq01";0.045028;1436358.843317;"0.004012999";"darwin";"64.9.225.152";"bittorrent";1339995246;442453.180049;-1.000000;"95e96326-78fe-4507-8b06-f60611a1b7ad";7922;"CO";"Denver";4;6;2012;0;18;"20120618"
"24.24.223.229";"US";-118.404100;33.916400;"AS20001 Time Warner Cable Internet LLC";"mlab2-nuq01";9.127390;31533.939772;"0.004012999";"linux2";"64.9.225.152";"bittorrent";1339995708;15606.820634;-1.000000;"36cfd7f8-0f92-42e9-be32-71c3f4d2fe09";20001;"CA";"El Segundo";5;6;2012;0;18;"20120618"
"72.81.232.139";"US";-76.837500;39.174900;"AS701 MCI Communications Services, Inc. d/b/a Verizon Business";"mlab2-nuq01";0.126541;1064435.052040;"0.004012999";"darwin";"64.9.225.152";"speedtest";1339995932;227597.863378;0.159181;"5d2377cf-2e67-40be-b1dc-e439a545da6f";701;"MD";"Columbia";5;6;2012;0;18;"20120618"
"71.190.171.206";"US";-73.525400;40.767000;"AS701 MCI Communications Services, Inc. d/b/a Verizon Business";"mlab2-nuq01";0.081589;3654292.432214;"0.004012999";"linux2";"64.9.225.152";"bittorrent";1339995957;1358930.756173;-1.000000;"dfd87da2-1968-48ac-9bd2-5469644e29e4";701;"NY";"Hicksville";5;6;2012;0;18;"20120618"
"71.204.91.144";"US";-84.447700;34.119000;"AS7922 Comcast Cable Communications, Inc.";"mlab2-nuq01";0.076162;550684.566335;"0.004012999";"darwin";"64.9.225.152";"speedtest";1339996188;517775.736999;0.081019;"4b4fa0bc-987b-4105-9a0b-83e736a6503c";7922;"GA";"Woodstock";5;6;2012;0;18;"20120618"
"71.89.124.38";"US";-88.736400;44.638200;"AS20115 Charter Communications";"mlab2-nuq01";0.076638;1929729.407772;"0.004012999";"win32";"64.9.225.152";"bittorrent";1339997463;393173.425769;-1.000000;"0730ff7f-47eb-4e84-99b1-016150556fb6";20115;"WI";"Clintonville";5;6;2012;0;18;"20120618"
"72.181.251.247";"US";-96.771500;32.833900;"AS11427 Time Warner Cable Internet LLC";"mlab2-nuq01";0.060858;2355561.671796;"0.004012999";"darwin";"64.9.225.152";"bittorrent";1339997497;224462.772253;-1.000000;"ec56ca67-ca5b-4ee7-a615-8743ebac3e8a";11427;"TX";"Dallas";5;6;2012;0;18;"20120618"
"24.2.64.100";"US";-112.008200;40.477400;"AS7922 Comcast Cable Communications, Inc.";"mlab2-nuq01";0.054160;910898.247367;"0.004012999";"win32";"64.9.225.152";"bittorrent";1339998045;138050.924035;-1.000000;"9a8766b6-803d-48fa-b02a-2091ff6f496e";7922;"UT";"Riverton";5;6;2012;0;18;"20120618"
"67.168.66.115";"US";-122.630500;48.321800;"AS7922 Comcast Cable Communications, Inc.";"mlab2-nuq01";0.041408;2901122.479190;"0.004012999";"win32";"64.9.225.152";"speedtest";1339998161;521868.224297;0.037303;"3ee99b5a-2c05-4823-a555-34b90b697de5";7922;"WA";"Oak Harbor";5;6;2012;0;18;"20120618"
"98.203.140.223";"US";-122.304300;47.610200;"AS7922 Comcast Cable Communications, Inc.";"mlab2-nuq01";0.035194;2988633.714602;"0.004012999";"linux2";"64.9.225.152";"bittorrent";1339999010;463084.879498;-1.000000;"4bf1068a-cabe-4254-a52f-c2914db03ade";7922;"WA";"Seattle";5;6;2012;0;18;"20120618"
"71.89.124.38";"US";-88.736400;44.638200;"AS20115 Charter Communications";"mlab2-nuq01";0.077814;3149379.014179;"0.004012999";"win32";"64.9.225.152";"bittorrent";1340000633;401191.878886;-1.000000;"0730ff7f-47eb-4e84-99b1-016150556fb6";20115;"WI";"Clintonville";6;6;2012;0;18;"20120618"
"75.140.153.254";"US";-121.654400;37.130500;"AS20115 Charter Communications";"mlab2-nuq01";0.025500;4842062.651020;"0.004012999";"darwin";"64.9.225.152";"speedtest";1340001502;637814.350458;0.028049;"a039434c-d8c0-4f4d-8050-4153de22c986";20115;"CA";"Morgan Hill";6;6;2012;0;18;"20120618"
"68.48.221.17";"US";-76.837500;39.174900;"AS7922 Comcast Cable Communications, Inc.";"mlab2-nuq01";0.089184;682686.364975;"0.004012999";"darwin";"64.9.225.152";"speedtest";1340002025;632390.220282;0.232628;"4162ce8a-78ab-4a68-9407-13618360662f";7922;"MD";"Columbia";6;6;2012;0;18;"20120618"
"70.122.243.11";"US";-97.015000;32.954600;"AS11427 Time Warner Cable Internet LLC";"mlab2-nuq01";0.074718;3155068.393610;"0.004012999";"win32";"64.9.225.152";"speedtest";1340002657;482146.002277;0.068590;"bab8f612-1f34-46c2-a83e-fbaa7a2f8fa7";11427;"TX";"Coppell";6;6;2012;0;18;"20120618"
"67.168.59.54";"US";-122.668000;48.185500;"AS7922 Comcast Cable Communications, Inc.";"mlab2-nuq01";0.034477;3471975.157960;"0.004012999";"win32";"64.9.225.152";"speedtest";1340002765;668880.623559;0.036200;"ea22d474-846e-407d-9ebe-cd03ff0d64f4";7922;"WA";"Coupeville";6;6;2012;0;18;"20120618"
"96.2.48.78";"US";-96.983300;42.836900;"AS11232 Midcontinent Media, Inc.";"mlab2-nuq01";0.060857;976925.218954;"0.004011999";"win32";"64.9.225.152";"speedtest";1340002880;521325.472128;0.062337;"a7ed429a-44c3-4195-a0e5-7eac41680125";11232;"SD";"Vermillion";7;6;2012;0;18;"20120618"
"50.83.240.108";"US";-95.977900;45.232200;"AS30036 Mediacom Communications Corp";"mlab2-nuq01";0.068176;1479176.708267;"0.004012999";"darwin";"64.9.225.152";"bittorrent";1340003340;255754.957558;-1.000000;"43af2f72-3dc4-4824-9ff7-faa06a3cb206";30036;"MN";"Appleton";7;6;2012;0;18;"20120618"
"69.251.194.209";"US";-77.177000;39.175200;"AS7922 Comcast Cable Communications, Inc.";"mlab2-nuq01";0.094429;2632929.535982;"0.004011999";"win32";"64.9.225.152";"bittorrent";1340003416;463857.078648;-1.000000;"5ab805cf-b023-4309-9496-d8b22873a074";7922;"MD";"Montgomery Village";7;6;2012;0;18;"20120618"
"71.187.199.3";"US";-74.216400;40.816200;"AS701 MCI Communications Services, Inc. d/b/a Verizon Business";"mlab2-nuq01";0.087665;715972.083428;"0.004011999";"win32";"64.9.225.152";"speedtest";1340003485;551988.996183;0.089993;"a9bde20f-2872-443c-8e9b-a2f6f162c91d";701;"NJ";"Montclair";7;6;2012;0;18;"20120618"
"68.40.93.208";"US";-82.582300;42.637600;"AS7922 Comcast Cable Communications, Inc.";"mlab2-nuq01";0.104229;1391932.159500;"0.004011999";"win32";"64.9.225.152";"speedtest";1340003486;427283.746981;0.106799;"5ddd06da-64ad-444c-b2c0-525541d4d177";7922;"MI";"Algonac";7;6;2012;0;18;"20120618"
"76.169.71.176";"US";-118.273400;33.963800;"AS20001 Time Warner Cable Internet LLC";"mlab2-nuq01";0.025720;2143170.945870;"0.004011999";"win32";"64.9.225.152";"speedtest";1340003752;119742.123446;0.032653;"2f0c137b-7982-4d9c-b50a-c362f2d810e0";20001;"CA";"Los Angeles";7;6;2012;0;18;"20120618"
"71.58.226.44";"US";-75.961500;41.249000;"AS7922 Comcast Cable Communications, Inc.";"mlab2-nuq01";0.110142;2076187.788441;"0.004012999";"win32";"64.9.225.152";"bittorrent";1340004229;489036.356920;-1.000000;"fb6cc5ca-37c3-44c5-8176-4a40a17f217a";7922;"PA";"Plymouth";7;6;2012;0;18;"20120618"
"71.204.91.144";"US";-84.447700;34.119000;"AS7922 Comcast Cable Communications, Inc.";"mlab2-nuq01";0.079476;1416073.097190;"0.004012999";"darwin";"64.9.225.152";"speedtest";1340005121;496831.460511;0.079729;"4b4fa0bc-987b-4105-9a0b-83e736a6503c";7922;"GA";"Woodstock";7;6;2012;0;18;"20120618"
"67.168.66.115";"US";-122.630500;48.321800;"AS7922 Comcast Cable Communications, Inc.";"mlab2-nuq01";0.033951;2940794.842892;"0.004012999";"win32";"64.9.225.152";"bittorrent";1340005926;724842.029325;-1.000000;"3ee99b5a-2c05-4823-a555-34b90b697de5";7922;"WA";"Oak Harbor";7;6;2012;0;18;"20120618"
"66.66.21.182";"US";-77.602400;43.185800;"AS11351 Time Warner Cable Internet LLC";"mlab2-nuq01";0.075973;2964432.100444;"0.004012999";"win32";"64.9.225.152";"bittorrent";1340006558;645856.247772;-1.000000;"b4fb3816-21d6-43b3-91fc-aabe40980e90";11351;"NY";"Rochester";8;6;2012;0;18;"20120618"
"98.157.202.20";"US";-87.413900;39.466700;"AS10796 Time Warner Cable Internet LLC";"mlab2-nuq01";0.067165;1502254.149790;"0.004011999";"win32";"64.9.225.152";"speedtest";1340006677;101435.210756;0.074807;"9c0fa0e1-b625-407b-8e5d-f979a63c0e77";10796;"IN";"Terre Haute";8;6;2012;0;18;"20120618"
"76.10.12.242";"US";-88.242600;40.112500;"AS46925 PAVLOV MEDIA INC";"mlab2-nuq01";0.063458;975714.701711;"0.004012999";"win32";"64.9.225.152";"bittorrent";1340006908;984685.942743;-1.000000;"b2c93218-2fa2-4a04-be8b-f4553cb22e1a";46925;"IL";"Champaign";8;6;2012;0;18;"20120618"
"98.157.202.20";"US";-87.413900;39.466700;"AS10796 Time Warner Cable Internet LLC";"mlab2-nuq01";0.066367;749277.028113;"0.004011999";"win32";"64.9.225.152";"bittorrent";1340008076;99572.052218;-1.000000;"9c0fa0e1-b625-407b-8e5d-f979a63c0e77";10796;"IN";"Terre Haute";8;6;2012;0;18;"20120618"
"76.10.12.242";"US";-88.242600;40.112500;"AS46925 PAVLOV MEDIA INC";"mlab2-nuq01";0.066056;935954.552227;"0.004012999";"win32";"64.9.225.152";"speedtest";1340008477;963921.316787;0.064901;"b2c93218-2fa2-4a04-be8b-f4553cb22e1a";46925;"IL";"Champaign";8;6;2012;0;18;"20120618"
"71.237.28.39";"US";-104.984700;39.739200;"AS7922 Comcast Cable Communications, Inc.";"mlab2-nuq01";0.045947;1440530.561772;"0.004012999";"darwin";"64.9.225.152";"bittorrent";1340009199;438348.289667;-1.000000;"95e96326-78fe-4507-8b06-f60611a1b7ad";7922;"CO";"Denver";8;6;2012;0;18;"20120618"
"76.169.71.176";"US";-118.273400;33.963800;"AS20001 Time Warner Cable Internet LLC";"mlab2-nuq01";0.037434;2047413.773300;"0.004011999";"win32";"64.9.225.152";"speedtest";1340009385;121346.795285;0.034049;"2f0c137b-7982-4d9c-b50a-c362f2d810e0";20001;"CA";"Los Angeles";8;6;2012;0;18;"20120618"
"173.20.36.131";"US";-91.455800;40.452000;"AS30036 Mediacom Communications Corp";"mlab2-nuq01";0.095778;461641.287147;"0.004012999";"win32";"64.9.225.152";"speedtest";1340010001;160259.019948;0.100706;"6b87ac46-1206-4d9c-afa5-d5cab4a872d6";30036;"IA";"Keokuk";9;6;2012;0;18;"20120618"
"67.168.66.115";"US";-122.630500;48.321800;"AS7922 Comcast Cable Communications, Inc.";"mlab2-nuq01";0.034603;3275705.221050;"0.004012999";"win32";"64.9.225.152";"speedtest";1340010572;550618.738869;0.035969;"3ee99b5a-2c05-4823-a555-34b90b697de5";7922;"WA";"Oak Harbor";9;6;2012;0;18;"20120618"
"50.78.87.177";"US";-106.097500;39.574400;"AS7922 Comcast Cable Communications, Inc.";"mlab2-nuq01";0.052606;1118405.395210;"0.004012999";"win32";"64.9.225.152";"speedtest";1340010708;948169.442832;0.051890;"c4393561-5207-49e8-879a-bbb805c9188f";7922;"CO";"Frisco";9;6;2012;0;18;"20120618"
"184.177.72.227";"US";-97.000000;38.000000;"AS22773 Cox Communications Inc.";"mlab2-nuq01";0.017176;770467.850412;"0.004012999";"win32";"64.9.225.152";"bittorrent";1340010731;799817.310970;-1.000000;"e9aa2936-1c50-4b9d-89e4-2daad232b753";22773;"";"";9;6;2012;0;18;"20120618"
"184.76.153.6";"US";-96.948900;32.814000;"AS16586 CLEARWIRE - CLEAR WIRELESS LLC";"mlab2-nuq01";0.121679;755022.632696;"0.004012999";"win32";"64.9.225.152";"speedtest";1340013184;91145.623685;0.141207;"01b5bd21-bfbf-4fa6-a4bc-c89f3cfd177c";16586;"TX";"Irving";9;6;2012;0;18;"20120618"
"99.99.213.185";"US";-85.882800;42.855500;"AS7018 AT&T Services, Inc.";"mlab2-nuq01";0.084235;1251886.885820;"0.004012999";"linux2";"64.9.225.152";"speedtest";1340013579;176613.658157;0.086415;"22998df3-a92a-4573-b9f5-476782c2c770";7018;"MI";"Hudsonville";9;6;2012;0;18;"20120618"
"74.60.227.223";"US";-84.561300;39.399500;"AS16586 CLEARWIRE - CLEAR WIRELESS LLC";"mlab2-nuq01";0.107754;214090.264049;"0.004012999";"win32";"64.9.225.152";"speedtest";1340014259;54161.761283;0.127086;"59bc30c0-4f87-4fbd-8bb7-35768315d718";16586;"OH";"Hamilton";10;6;2012;0;18;"20120618"
"173.246.102.187";"US";-76.612200;39.290400;"AS29169 Gandi SAS";"mlab2-nuq01";0.073398;1456276.619610;"0.004011999";"linux2";"64.9.225.152";"speedtest";1340014526;617779.694455;0.074833;"a57cd6aa-6b9a-40e3-ae4c-0685546dd104";29169;"MD";"Baltimore";10;6;2012;0;18;"20120618"
"74.163.8.166";"US";-86.875000;30.446700;"AS6389 BellSouth.net Inc.";"mlab2-nuq01";0.094529;413830.524419;"0.004012999";"win32";"64.9.225.152";"bittorrent";1340014746;50467.013641;-1.000000;"4565989b-987f-4c3c-aa75-a740afde3068";6389;"FL";"Navarre";10;6;2012;0;18;"20120618"
"98.222.147.136";"US";-85.681400;40.411900;"AS7922 Comcast Cable Communications, Inc.";"mlab2-nuq01";0.085134;2620741.994440;"0.004012999";"linux2";"64.9.225.152";"speedtest";1340015098;219996.400224;0.088532;"247a4b73-0dbb-440a-a85f-68d042f5a3a2";7922;"IN";"Fairmount";10;6;2012;0;18;"20120618"
"71.187.199.3";"US";-74.216400;40.816200;"AS701 MCI Communications Services, Inc. d/b/a Verizon Business";"mlab2-nuq01";0.086494;680890.461385;"0.004011999";"win32";"64.9.225.152";"speedtest";1340015318;550488.815273;0.089122;"a9bde20f-2872-443c-8e9b-a2f6f162c91d";701;"NJ";"Montclair";10;6;2012;0;18;"20120618"
"50.12.211.162";"US";-93.263800;44.980000;"AS16586 CLEARWIRE - CLEAR WIRELESS LLC";"mlab2-nuq01";0.129050;290152.851593;"0.004012999";"darwin";"64.9.225.152";"speedtest";1340015659;140358.616473;0.129451;"3955a411-3e83-4a8e-aa8e-165233e306e9";16586;"MN";"Minneapolis";10;6;2012;0;18;"20120618"
"174.31.152.186";"US";-97.000000;38.000000;"AS209 NOVARTIS-DMZ-US";"mlab2-nuq01";0.046814;2980717.944130;"0.004012999";"darwin";"64.9.225.152";"speedtest";1340015730;571023.590242;0.048132;"9da9dff5-de02-49ae-a084-b2164425feeb";209;"";"";10;6;2012;0;18;"20120618"
"173.160.133.65";"US";-122.449200;47.151100;"AS7922 Comcast Cable Communications, Inc.";"mlab2-nuq01";0.036747;619032.030268;"0.004012999";"win32";"64.9.225.152";"bittorrent";1340016285;574923.952741;-1.000000;"cd29f4ce-ebe9-47c8-8b18-9406a9618ac1";7922;"WA";"Tacoma";10;6;2012;0;18;"20120618"
"98.222.147.136";"US";-85.681400;40.411900;"AS7922 Comcast Cable Communications, Inc.";"mlab2-nuq01";0.085592;2705568.450834;"0.004012999";"linux2";"64.9.225.152";"bittorrent";1340016631;524950.252521;-1.000000;"247a4b73-0dbb-440a-a85f-68d042f5a3a2";7922;"IN";"Fairmount";10;6;2012;0;18;"20120618"
"173.160.133.65";"US";-122.449200;47.151100;"AS7922 Comcast Cable Communications, Inc.";"mlab2-nuq01";0.041347;588166.896618;"0.004012999";"win32";"64.9.225.152";"speedtest";1340017754;598422.942861;0.038395;"cd29f4ce-ebe9-47c8-8b18-9406a9618ac1";7922;"WA";"Tacoma";11;6;2012;0;18;"20120618"
"24.2.64.100";"US";-112.008200;40.477400;"AS7922 Comcast Cable Communications, Inc.";"mlab2-nuq01";0.050050;925076.980442;"0.004012999";"win32";"64.9.225.152";"bittorrent";1340017806;139541.691495;-1.000000;"9a8766b6-803d-48fa-b02a-2091ff6f496e";7922;"UT";"Riverton";11;6;2012;0;18;"20120618"
"184.177.72.227";"US";-97.000000;38.000000;"AS22773 Cox Communications Inc.";"mlab2-nuq01";0.016972;785728.238305;"0.004012999";"win32";"64.9.225.152";"speedtest";1340018239;782020.245047;0.021256;"e9aa2936-1c50-4b9d-89e4-2daad232b753";22773;"";"";11;6;2012;0;18;"20120618"
"67.168.66.115";"US";-122.630500;48.321800;"AS7922 Comcast Cable Communications, Inc.";"mlab2-nuq01";0.032819;1804620.519301;"0.004012999";"win32";"64.9.225.152";"bittorrent";1340018336;732295.067317;-1.000000;"3ee99b5a-2c05-4823-a555-34b90b697de5";7922;"WA";"Oak Harbor";11;6;2012;0;18;"20120618"
"98.214.132.10";"US";-89.589000;40.693600;"AS7922 Comcast Cable Communications, Inc.";"mlab2-nuq01";0.211651;4339771.527903;"0.004012999";"darwin";"64.9.225.152";"bittorrent";1340019974;734588.589200;-1.000000;"ac008ee9-df9b-425b-a370-34b57dce1b90";7922;"IL";"Peoria";11;6;2012;0;18;"20120618"
"68.41.24.217";"US";-83.036000;42.724500;"AS7922 Comcast Cable Communications, Inc.";"mlab2-nuq01";0.086723;2220794.092025;"0.004012999";"win32";"64.9.225.152";"bittorrent";1340020445;525218.062577;-1.000000;"7acc5903-5884-4564-add3-0be49e9fa576";7922;"MI";"Washington";11;6;2012;0;18;"20120618"
"24.22.135.177";"US";-122.332100;47.606200;"AS7922 Comcast Cable Communications, Inc.";"mlab2-nuq01";0.028745;2614972.419520;"0.004012999";"linux2";"64.9.225.152";"speedtest";1340020937;469868.896401;0.030247;"04cea472-6610-42db-acd2-c644a3d4447f";7922;"WA";"Seattle";12;6;2012;0;18;"20120618"
"76.112.161.232";"US";-83.077200;42.375500;"AS7922 Comcast Cable Communications, Inc.";"mlab2-nuq01";0.101917;604634.264951;"0.004012999";"win32";"64.9.225.152";"bittorrent";1340021373;78739.981480;-1.000000;"5cb4931f-bf67-49bf-a4ec-d36d7495a682";7922;"MI";"Detroit";12;6;2012;0;18;"20120618"
"71.237.28.39";"US";-104.984700;39.739200;"AS7922 Comcast Cable Communications, Inc.";"mlab2-nuq01";0.043957;1117472.558760;"0.004012999";"darwin";"64.9.225.152";"speedtest";1340021754;468529.887692;0.236145;"95e96326-78fe-4507-8b06-f60611a1b7ad";7922;"CO";"Denver";12;6;2012;0;18;"20120618"
"71.204.165.181";"US";-122.036300;37.368800;"AS7922 Comcast Cable Communications, Inc.";"mlab2-nuq01";0.023553;3077013.281101;"0.004012999";"darwin";"64.9.225.152";"bittorrent";1340025726;518273.218031;-1.000000;"1ce7a86b-b408-4815-ae8b-bf0652a278f3";7922;"CA";"Sunnyvale";13;6;2012;0;18;"20120618"
"72.181.251.247";"US";-96.771500;32.833900;"AS11427 Time Warner Cable Internet LLC";"mlab2-nuq01";0.068161;2413928.253128;"0.004012999";"darwin";"64.9.225.152";"bittorrent";1340026678;226194.121381;-1.000000;"ec56ca67-ca5b-4ee7-a615-8743ebac3e8a";11427;"TX";"Dallas";13;6;2012;0;18;"20120618"
"108.58.78.250";"US";-73.587600;40.755700;"AS6128 Cablevision Systems Corp.";"mlab2-nuq01";0.098050;731884.590484;"0.004011999";"win32";"64.9.225.152";"speedtest";1340027979;153081.780144;0.465818;"63a2819d-1e01-4d29-9601-39befed63efa";6128;"NY";"Westbury";13;6;2012;0;18;"20120618"
"24.130.152.60";"US";-122.088500;37.709000;"AS7922 Comcast Cable Communications, Inc.";"mlab2-nuq01";0.031425;4092997.428164;"0.004012999";"darwin";"64.9.225.152";"bittorrent";1340028405;781286.804359;-1.000000;"92ef1dc6-e5b9-40c8-800b-cc909779319d";7922;"CA";"Castro Valley";14;6;2012;0;18;"20120618"
"207.231.92.41";"US";-121.370600;38.784300;"AS14051 Roseville Telephone Company";"mlab2-nuq01";0.004877;3510216.311204;"0.004012999";"win32";"64.9.225.152";"bittorrent";1340028793;4358906.910589;-1.000000;"cb121e1a-4701-4c5a-91b5-29c9df2b10c0";14051;"CA";"Roseville";14;6;2012;0;18;"20120618"
"67.172.130.152";"US";-104.821400;38.833900;"AS7922 Comcast Cable Communications, Inc.";"mlab2-nuq01";0.048062;3139865.185363;"0.004012999";"darwin";"64.9.225.152";"bittorrent";1340028880;319710.879021;-1.000000;"e83583f7-4c54-4291-a929-2fd12fd286f5";7922;"CO";"Colorado Springs";14;6;2012;0;18;"20120618"
"69.249.238.83";"US";-75.163800;39.952300;"AS7922 Comcast Cable Communications, Inc.";"mlab2-nuq01";0.389217;620706.212880;"0.004012999";"win32";"64.9.225.152";"speedtest";1340028929;28851.389901;0.282830;"a49b9e19-6f47-4dc7-8196-0fc4dbc9e641";7922;"PA";"Philadelphia";14;6;2012;0;18;"20120618"
"68.48.221.17";"US";-76.837500;39.174900;"AS7922 Comcast Cable Communications, Inc.";"mlab2-nuq01";0.088322;715006.360107;"0.004012999";"darwin";"64.9.225.152";"bittorrent";1340029089;655919.540844;-1.000000;"4162ce8a-78ab-4a68-9407-13618360662f";7922;"MD";"Columbia";14;6;2012;0;18;"20120618"
"98.214.132.10";"US";-89.589000;40.693600;"AS7922 Comcast Cable Communications, Inc.";"mlab2-nuq01";0.282530;782093.031571;"0.004012999";"darwin";"64.9.225.152";"bittorrent";1340029547;730220.550119;-1.000000;"ac008ee9-df9b-425b-a370-34b57dce1b90";7922;"IL";"Peoria";14;6;2012;0;18;"20120618"
"70.11.6.51";"US";-80.795800;35.336600;"AS3651 Sprint";"mlab2-nuq01";0.490008;61849.481400;"0.004012999";"win32";"64.9.225.152";"bittorrent";1340030070;8658.400473;-1.000000;"b931e1a4-35d0-4ccf-96a9-c4a7c2d31f8b";3651;"NC";"Charlotte";14;6;2012;0;18;"20120618"
"71.237.28.39";"US";-104.984700;39.739200;"AS7922 Comcast Cable Communications, Inc.";"mlab2-nuq01";0.047135;1252281.312640;"0.004012999";"darwin";"64.9.225.152";"speedtest";1340030127;318667.763313;0.086793;"95e96326-78fe-4507-8b06-f60611a1b7ad";7922;"CO";"Denver";14;6;2012;0;18;"20120618"
"24.46.196.47";"US";-73.686200;40.793900;"AS6128 Cablevision Systems Corp.";"mlab2-nuq01";0.078400;1148442.164310;"0.004012999";"win32";"64.9.225.152";"speedtest";1340030210;253530.702029;0.083674;"103cc2f1-ddd5-4016-83cc-cdd357e7a81a";6128;"NY";"Manhasset";14;6;2012;0;18;"20120618"
"67.130.216.230";"US";-105.937800;35.687000;"AS209 NOVARTIS-DMZ-US";"mlab2-nuq01";0.090147;90203.710766;"0.004012999";"win32";"64.9.225.152";"bittorrent";1340030446;48586.155359;-1.000000;"ee8fe911-f84d-4ab8-b486-dda4c138f932";209;"NM";"Santa Fe";14;6;2012;0;18;"20120618"
"99.92.88.210";"US";-122.030700;37.353700;"AS7018 AT&T Services, Inc.";"mlab2-nuq01";0.030882;1244737.000910;"0.004012999";"darwin";"64.9.225.152";"speedtest";1340030844;181629.314604;0.032851;"13cf72ab-670c-4dc7-8fad-aa9a41f4355d";7018;"CA";"Sunnyvale";14;6;2012;0;18;"20120618"
"71.58.226.44";"US";-75.961500;41.249000;"AS7922 Comcast Cable Communications, Inc.";"mlab2-nuq01";0.110682;1862246.353610;"0.004012999";"win32";"64.9.225.152";"speedtest";1340030890;583990.114840;0.110717;"fb6cc5ca-37c3-44c5-8176-4a40a17f217a";7922;"PA";"Plymouth";14;6;2012;0;18;"20120618"
"74.2.122.133";"US";-97.000000;38.000000;"AS18566 MegaPath Corporation";"mlab2-nuq01";0.355654;61792.302360;"0.004010999";"win32";"64.9.225.152";"speedtest";1340031150;111275.016895;0.262137;"f4acb085-b5ee-429a-a232-3ae956a10cf5";18566;"";"";14;6;2012;0;18;"20120618"
"72.81.232.139";"US";-76.837500;39.174900;"AS701 MCI Communications Services, Inc. d/b/a Verizon Business";"mlab2-nuq01";0.124545;144097.176265;"0.004012999";"darwin";"64.9.225.152";"bittorrent";1340031177;241520.695639;-1.000000;"5d2377cf-2e67-40be-b1dc-e439a545da6f";701;"MD";"Columbia";14;6;2012;0;18;"20120618"
"99.99.213.185";"US";-85.882800;42.855500;"AS7018 AT&T Services, Inc.";"mlab2-nuq01";0.083949;1064898.164820;"0.004012999";"linux2";"64.9.225.152";"speedtest";1340031438;176992.602380;0.086411;"22998df3-a92a-4573-b9f5-476782c2c770";7018;"MI";"Hudsonville";14;6;2012;0;18;"20120618"
"50.83.240.108";"US";-95.977900;45.232200;"AS30036 Mediacom Communications Corp";"mlab2-nuq01";0.066951;1504637.875052;"0.004012999";"darwin";"64.9.225.152";"bittorrent";1340032632;309576.962481;-1.000000;"43af2f72-3dc4-4824-9ff7-faa06a3cb206";30036;"MN";"Appleton";15;6;2012;0;18;"20120618"
"173.20.36.131";"US";-91.455800;40.452000;"AS30036 Mediacom Communications Corp";"mlab2-nuq01";0.105838;611113.461966;"0.004012999";"win32";"64.9.225.152";"bittorrent";1340033619;105464.744641;-1.000000;"6b87ac46-1206-4d9c-afa5-d5cab4a872d6";30036;"IA";"Keokuk";15;6;2012;0;18;"20120618"
"67.130.216.230";"US";-105.937800;35.687000;"AS209 NOVARTIS-DMZ-US";"mlab2-nuq01";0.078847;116595.896710;"0.004012999";"win32";"64.9.225.152";"speedtest";1340034941;101803.848470;0.090790;"ee8fe911-f84d-4ab8-b486-dda4c138f932";209;"NM";"Santa Fe";15;6;2012;0;18;"20120618"
"96.2.48.78";"US";-96.983300;42.836900;"AS11232 Midcontinent Media, Inc.";"mlab2-nuq01";0.065169;3360443.345452;"0.004012999";"win32";"64.9.225.152";"bittorrent";1340035934;624699.138171;-1.000000;"5445103e-8ecb-4c12-b5f3-066ee6208757";11232;"SD";"Vermillion";16;6;2012;0;18;"20120618"
"71.118.241.200";"US";-118.880000;34.213300;"AS701 MCI Communications Services, Inc. d/b/a Verizon Business";"mlab2-nuq01";0.024113;3176560.036138;"0.004012999";"darwin";"64.9.225.152";"bittorrent";1340036320;1796815.249793;-1.000000;"6240ede4-4770-4ab9-a1a5-5df49c84c463";701;"CA";"Thousand Oaks";16;6;2012;0;18;"20120618"
"24.130.152.60";"US";-122.088500;37.709000;"AS7922 Comcast Cable Communications, Inc.";"mlab2-nuq01";0.032741;3468870.439460;"0.004012999";"darwin";"64.9.225.152";"speedtest";1340036501;769986.213359;0.033833;"92ef1dc6-e5b9-40c8-800b-cc909779319d";7922;"CA";"Castro Valley";16;6;2012;0;18;"20120618"
"67.168.66.115";"US";-122.630500;48.321800;"AS7922 Comcast Cable Communications, Inc.";"mlab2-nuq01";0.033206;3401756.083270;"0.004012999";"win32";"64.9.225.152";"bittorrent";1340036941;695248.646565;-1.000000;"3ee99b5a-2c05-4823-a555-34b90b697de5";7922;"WA";"Oak Harbor";16;6;2012;0;18;"20120618"
"76.168.80.127";"US";-118.243700;34.052200;"AS20001 Time Warner Cable Internet LLC";"mlab2-nuq01";0.026421;2613070.127110;"0.004012999";"darwin";"64.9.225.152";"speedtest";1340037601;121125.994164;0.030297;"90d62fdd-a880-469e-bb3b-4bf575cfed10";20001;"CA";"Los Angeles";16;6;2012;0;18;"20120618"
"68.188.90.154";"US";-90.197900;38.627300;"AS20115 Charter Communications";"mlab2-nuq01";0.070941;135023.614799;"0.004012999";"darwin";"64.9.225.152";"speedtest";1340037668;328791.886263;0.075060;"10349cfe-4a13-405a-99be-aabdb52920f3";20115;"MO";"Saint Louis";16;6;2012;0;18;"20120618"
"71.204.91.144";"US";-84.447700;34.119000;"AS7922 Comcast Cable Communications, Inc.";"mlab2-nuq01";0.078988;1491012.794090;"0.004012999";"darwin";"64.9.225.152";"speedtest";1340037901;502486.556163;0.079094;"4b4fa0bc-987b-4105-9a0b-83e736a6503c";7922;"GA";"Woodstock";16;6;2012;0;18;"20120618"
"108.6.12.54";"US";-73.936100;40.740000;"AS701 MCI Communications Services, Inc. d/b/a Verizon Business";"mlab2-nuq01";0.081162;2972613.822621;"0.004011999";"darwin";"64.9.225.152";"bittorrent";1340038802;774438.059005;-1.000000;"2e291570-e5e9-434c-8fc4-9496c5d43b52";701;"NY";"Long Island City";17;6;2012;0;18;"20120618"
"99.99.213.185";"US";-85.882800;42.855500;"AS7018 AT&T Services, Inc.";"mlab2-nuq01";0.084578;1393401.499647;"0.004012999";"linux2";"64.9.225.152";"bittorrent";1340038882;184284.008085;-1.000000;"22998df3-a92a-4573-b9f5-476782c2c770";7018;"MI";"Hudsonville";17;6;2012;0;18;"20120618"
"96.236.133.97";"US";-79.995900;40.440600;"AS701 MCI Communications Services, Inc. d/b/a Verizon Business";"mlab2-nuq01";0.134863;64229.891767;"0.004012999";"linux2";"64.9.225.152";"speedtest";1340038934;124885.693351;0.197204;"002bd52f-5f9d-42eb-9ce6-e310c9db525a";701;"PA";"Pittsburgh";17;6;2012;0;18;"20120618"
"76.169.71.176";"US";-118.273400;33.963800;"AS20001 Time Warner Cable Internet LLC";"mlab2-nuq01";0.066377;2055962.327682;"0.004011999";"win32";"64.9.225.152";"bittorrent";1340039286;140607.862485;-1.000000;"2f0c137b-7982-4d9c-b50a-c362f2d810e0";20001;"CA";"Los Angeles";17;6;2012;0;18;"20120618"
"97.65.115.51";"US";-122.393300;37.769700;"AS4323 tw telecom holdings, inc.";"mlab2-nuq01";0.004696;717513.115090;"0.004012999";"win32";"64.9.225.152";"speedtest";1340041201;1112969.480310;0.009706;"e54bd867-c3d4-475c-aa3f-d513bac1c0f1";4323;"CA";"San Francisco";17;6;2012;0;18;"20120618"
"50.193.198.140";"US";-122.213500;47.463700;"AS7922 Comcast Cable Communications, Inc.";"mlab2-nuq01";0.033655;948464.717109;"0.004011999";"win32";"64.9.225.152";"bittorrent";1340041890;790852.095229;-1.000000;"2b37de0c-5f49-4446-8b8f-3b2dad14fb61";7922;"WA";"Renton";17;6;2012;0;18;"20120618"
"70.122.243.11";"US";-97.015000;32.954600;"AS11427 Time Warner Cable Internet LLC";"mlab2-nuq01";0.063673;3037158.042270;"0.004012999";"win32";"64.9.225.152";"speedtest";1340042077;521922.644885;0.069014;"bab8f612-1f34-46c2-a83e-fbaa7a2f8fa7";11427;"TX";"Coppell";17;6;2012;0;18;"20120618"
"96.2.48.78";"US";-96.983300;42.836900;"AS11232 Midcontinent Media, Inc.";"mlab2-nuq01";0.060199;3892772.633964;"0.004012999";"win32";"64.9.225.152";"bittorrent";1340042240;629662.956947;-1.000000;"d4959228-fa29-4292-8c76-7ca9985284c9";11232;"SD";"Vermillion";17;6;2012;0;18;"20120618"
"76.112.161.232";"US";-83.077200;42.375500;"AS7922 Comcast Cable Communications, Inc.";"mlab2-nuq01";0.101871;541436.743019;"0.004012999";"win32";"64.9.225.152";"bittorrent";1340043246;78953.858710;-1.000000;"5cb4931f-bf67-49bf-a4ec-d36d7495a682";7922;"MI";"Detroit";18;6;2012;0;18;"20120618"
"64.20.193.162";"US";-85.110800;42.297900;"AS19653 CTS Communications Corp";"mlab2-nuq01";0.064245;1185307.061593;"0.004012999";"darwin";"64.9.225.152";"bittorrent";1340043590;1007056.802080;-1.000000;"5acea4ff-2ab8-4f30-a616-293a7915e0b1";19653;"MI";"Battle Creek";18;6;2012;0;18;"20120618"
"68.40.185.45";"US";-83.740900;42.277600;"AS7922 Comcast Cable Communications, Inc.";"mlab2-nuq01";0.090879;1106198.064310;"0.004012999";"darwin";"64.9.225.152";"speedtest";1340043661;716022.311004;0.094320;"f77a7853-1ba8-4219-aa2c-2157b5e89023";7922;"MI";"Ann Arbor";18;6;2012;0;18;"20120618"
"98.203.140.223";"US";-122.304300;47.610200;"AS7922 Comcast Cable Communications, Inc.";"mlab2-nuq01";0.031992;921340.159864;"0.004012999";"linux2";"64.9.225.152";"speedtest";1340043605;395773.452022;0.045047;"4bf1068a-cabe-4254-a52f-c2914db03ade";7922;"WA";"Seattle";18;6;2012;0;18;"20120618"
"98.214.132.10";"US";-89.589000;40.693600;"AS7922 Comcast Cable Communications, Inc.";"mlab2-nuq01";0.081577;676349.613145;"0.004012999";"darwin";"64.9.225.152";"speedtest";1340043937;678848.611036;0.087393;"ac008ee9-df9b-425b-a370-34b57dce1b90";7922;"IL";"Peoria";18;6;2012;0;18;"20120618"
"74.103.162.36";"US";-75.114700;40.427800;"AS701 MCI Communications Services, Inc. d/b/a Verizon Business";"mlab2-nuq01";0.083735;1892635.553113;"0.004012999";"darwin";"64.9.225.152";"bittorrent";1340044046;666350.098151;-1.000000;"4eec0d76-fa70-4b4c-91f9-8cb1b74b0682";701;"PA";"Pipersville";18;6;2012;0;18;"20120618"
"76.24.39.72";"US";-71.691300;42.413600;"AS7922 Comcast Cable Communications, Inc.";"mlab2-nuq01";0.106348;865453.412936;"0.004012999";"win32";"64.9.225.152";"speedtest";1340044206;400462.464850;0.110108;"d7fbbeb1-8f79-4feb-9ab1-01beb7b970aa";7922;"MA";"Clinton";18;6;2012;0;18;"20120618"
"24.130.152.60";"US";-122.088500;37.709000;"AS7922 Comcast Cable Communications, Inc.";"mlab2-nuq01";0.031641;4091953.010374;"0.004012999";"darwin";"64.9.225.152";"bittorrent";1340044435;781398.451492;-1.000000;"92ef1dc6-e5b9-40c8-800b-cc909779319d";7922;"CA";"Castro Valley";18;6;2012;0;18;"20120618"
"72.81.232.139";"US";-76.837500;39.174900;"AS701 MCI Communications Services, Inc. d/b/a Verizon Business";"mlab2-nuq01";0.101627;664981.016464;"0.004012999";"darwin";"64.9.225.152";"bittorrent";1340045132;254187.265368;-1.000000;"5d2377cf-2e67-40be-b1dc-e439a545da6f";701;"MD";"Columbia";18;6;2012;0;18;"20120618"
"97.126.49.211";"US";-122.217100;47.482900;"AS209 NOVARTIS-DMZ-US";"mlab2-nuq01";0.060450;624899.721248;"0.004012999";"darwin";"64.9.225.152";"bittorrent";1340045219;83969.696152;-1.000000;"8e65a2a9-47d4-4adc-a937-76425a1f5bfe";209;"WA";"Renton";18;6;2012;0;18;"20120618"
"208.57.38.36";"US";-117.164900;32.807200;"AS14265 Telepacific Communications";"mlab2-nuq01";0.027406;181221.627934;"0.004011999";"linux2";"64.9.225.152";"bittorrent";1340045439;176530.366512;-1.000000;"71bb2b47-414f-414d-b8ff-f1237c21f432";14265;"CA";"San Diego";18;6;2012;0;18;"20120618"
"128.61.31.248";"US";-84.388000;33.749000;"AS2637 Georgia Institute of Technology";"mlab2-nuq01";0.091346;388329.905516;"0.004012999";"darwin";"64.9.225.152";"bittorrent";1340045556;765805.621470;-1.000000;"d1d9cf28-81d6-46b4-ba42-6b229fc338d8";2637;"GA";"Atlanta";18;6;2012;0;18;"20120618"
"98.222.147.136";"US";-85.681400;40.411900;"AS7922 Comcast Cable Communications, Inc.";"mlab2-nuq01";0.087241;2578601.975920;"0.004012999";"linux2";"64.9.225.152";"speedtest";1340045582;232059.896995;0.092916;"247a4b73-0dbb-440a-a85f-68d042f5a3a2";7922;"IN";"Fairmount";18;6;2012;0;18;"20120618"
"64.20.193.162";"US";-85.110800;42.297900;"AS19653 CTS Communications Corp";"mlab2-nuq01";0.062426;951992.591293;"0.004012999";"darwin";"64.9.225.152";"bittorrent";1340046855;963823.325234;-1.000000;"5acea4ff-2ab8-4f30-a616-293a7915e0b1";19653;"MI";"Battle Creek";19;6;2012;0;18;"20120618"
"24.111.85.175";"US";-97.440500;42.935900;"AS11232 Midcontinent Media, Inc.";"mlab2-nuq01";0.060784;259651.150249;"0.004011999";"win32";"64.9.225.152";"speedtest";1340047140;537385.016620;0.064754;"d8e6a54b-6231-4d06-a9c1-bf3a10f484b1";11232;"SD";"Yankton";19;6;2012;0;18;"20120618"
"98.214.132.10";"US";-89.589000;40.693600;"AS7922 Comcast Cable Communications, Inc.";"mlab2-nuq01";0.082710;678038.467222;"0.004012999";"darwin";"64.9.225.152";"speedtest";1340047107;687476.519382;0.088574;"ac008ee9-df9b-425b-a370-34b57dce1b90";7922;"IL";"Peoria";19;6;2012;0;18;"20120618"
"70.113.90.176";"US";-97.722700;30.310600;"AS11427 Time Warner Cable Internet LLC";"mlab2-nuq01";0.164162;182451.960311;"0.004012999";"win32";"64.9.225.152";"speedtest";1340047647;211348.414467;0.202331;"f957f544-b6fe-4e0c-b05d-e4a409241054";11427;"TX";"Austin";19;6;2012;0;18;"20120618"
"71.237.28.39";"US";-104.984700;39.739200;"AS7922 Comcast Cable Communications, Inc.";"mlab2-nuq01";0.045788;1415004.536726;"0.004012999";"darwin";"64.9.225.152";"bittorrent";1340048356;473156.175277;-1.000000;"95e96326-78fe-4507-8b06-f60611a1b7ad";7922;"CO";"Denver";19;6;2012;0;18;"20120618"
"24.46.196.47";"US";-73.686200;40.793900;"AS6128 Cablevision Systems Corp.";"mlab2-nuq01";0.079927;1352669.192603;"0.004012999";"win32";"64.9.225.152";"bittorrent";1340049119;246219.406770;-1.000000;"103cc2f1-ddd5-4016-83cc-cdd357e7a81a";6128;"NY";"Manhasset";19;6;2012;0;18;"20120618"
"67.168.66.115";"US";-122.630500;48.321800;"AS7922 Comcast Cable Communications, Inc.";"mlab2-nuq01";0.036335;3192789.763650;"0.004012999";"win32";"64.9.225.152";"bittorrent";1340049355;685715.148350;-1.000000;"3ee99b5a-2c05-4823-a555-34b90b697de5";7922;"WA";"Oak Harbor";19;6;2012;0;18;"20120618"
"71.206.108.75";"US";-84.525500;42.742200;"AS7922 Comcast Cable Communications, Inc.";"mlab2-nuq01";0.215276;159870.628365;"0.004011999";"win32";"64.9.225.152";"speedtest";1340050832;164193.963781;0.131000;"ffaa390e-2089-4db5-9b0b-c03d5eed4c9f";7922;"MI";"Lansing";20;6;2012;0;18;"20120618"
"96.2.48.78";"US";-96.983300;42.836900;"AS11232 Midcontinent Media, Inc.";"mlab2-nuq01";0.061456;3829624.939820;"0.004012999";"win32";"64.9.225.152";"bittorrent";1340051592;626160.136101;-1.000000;"5445103e-8ecb-4c12-b5f3-066ee6208757";11232;"SD";"Vermillion";20;6;2012;0;18;"20120618"
"173.160.133.65";"US";-122.449200;47.151100;"AS7922 Comcast Cable Communications, Inc.";"mlab2-nuq01";0.037856;563619.367728;"0.004012999";"win32";"64.9.225.152";"bittorrent";1340051975;585434.071764;-1.000000;"cd29f4ce-ebe9-47c8-8b18-9406a9618ac1";7922;"WA";"Tacoma";20;6;2012;0;18;"20120618"
"70.114.2.130";"US";-98.399400;29.583400;"AS11427 Time Warner Cable Internet LLC";"mlab2-nuq01";0.062864;1963186.081170;"0.004012999";"linux2";"64.9.225.152";"bittorrent";1340053347;141128.419338;-1.000000;"eef1d069-de63-4f80-84c8-860f065b1f10";11427;"TX";"San Antonio";21;6;2012;0;18;"20120618"
"207.231.92.41";"US";-121.370600;38.784300;"AS14051 Roseville Telephone Company";"mlab2-nuq01";0.005775;3090600.715300;"0.004012999";"win32";"64.9.225.152";"speedtest";1340053298;4718128.106070;0.012785;"cb121e1a-4701-4c5a-91b5-29c9df2b10c0";14051;"CA";"Roseville";21;6;2012;0;18;"20120618"
"99.104.57.129";"US";-87.701600;41.975900;"AS7018 AT&T Services, Inc.";"mlab2-nuq01";0.060273;227880.377453;"0.004012999";"darwin";"64.9.225.152";"speedtest";1340053818;52241.566698;0.066611;"d6f10baf-3b6d-47fb-999c-6d4188d2d4b2";7018;"IL";"Chicago";21;6;2012;0;18;"20120618"
"65.32.77.45";"US";-97.000000;38.000000;"AS33363 BRIGHT HOUSE NETWORKS, LLC";"mlab2-nuq01";0.092093;1440123.889280;"0.004012999";"win32";"64.9.225.152";"speedtest";1340053773;198827.714649;0.094021;"29daca95-9628-479f-b4be-ee35e322c612";33363;"";"";21;6;2012;0;18;"20120618"
"50.78.87.177";"US";-106.097500;39.574400;"AS7922 Comcast Cable Communications, Inc.";"mlab2-nuq01";0.054039;1230268.694350;"0.004012999";"win32";"64.9.225.152";"bittorrent";1340054530;619014.590649;-1.000000;"c4393561-5207-49e8-879a-bbb805c9188f";7922;"CO";"Frisco";21;6;2012;0;18;"20120618"
"173.20.36.131";"US";-91.455800;40.452000;"AS30036 Mediacom Communications Corp";"mlab2-nuq01";0.097311;540890.788597;"0.004012999";"win32";"64.9.225.152";"bittorrent";1340055440;178397.931518;-1.000000;"6b87ac46-1206-4d9c-afa5-d5cab4a872d6";30036;"IA";"Keokuk";21;6;2012;0;18;"20120618"
"67.168.66.115";"US";-122.630500;48.321800;"AS7922 Comcast Cable Communications, Inc.";"mlab2-nuq01";0.035391;3971042.957426;"0.004012999";"win32";"64.9.225.152";"bittorrent";1340055557;693613.009102;-1.000000;"3ee99b5a-2c05-4823-a555-34b90b697de5";7922;"WA";"Oak Harbor";21;6;2012;0;18;"20120618"
"66.80.217.179";"US";-105.002200;39.545700;"AS4565 MegaPath Networks Inc.";"mlab2-nuq01";1.111984;383584.613799;"0.004012999";"darwin";"64.9.225.152";"bittorrent";1340056139;721719.887709;-1.000000;"fd8f8cbf-53ff-44fa-8e9f-da47c60b3fce";4565;"CO";"Littleton";21;6;2012;0;18;"20120618"
"108.6.12.54";"US";-73.936100;40.740000;"AS701 MCI Communications Services, Inc. d/b/a Verizon Business";"mlab2-nuq01";0.081903;2628160.282530;"0.004011999";"darwin";"64.9.225.152";"speedtest";1340058462;719668.108186;0.086718;"2e291570-e5e9-434c-8fc4-9496c5d43b52";701;"NY";"Long Island City";22;6;2012;0;18;"20120618"
"67.168.66.115";"US";-122.630500;48.321800;"AS7922 Comcast Cable Communications, Inc.";"mlab2-nuq01";0.033702;3818635.546978;"0.004012999";"win32";"64.9.225.152";"bittorrent";1340058661;708673.712567;-1.000000;"3ee99b5a-2c05-4823-a555-34b90b697de5";7922;"WA";"Oak Harbor";22;6;2012;0;18;"20120618"
"75.140.153.254";"US";-121.654400;37.130500;"AS20115 Charter Communications";"mlab2-nuq01";0.025685;2475213.852920;"0.004012999";"darwin";"64.9.225.152";"speedtest";1340058961;628055.416960;0.024298;"a039434c-d8c0-4f4d-8050-4153de22c986";20115;"CA";"Morgan Hill";22;6;2012;0;18;"20120618"
"96.236.133.97";"US";-79.995900;40.440600;"AS701 MCI Communications Services, Inc. d/b/a Verizon Business";"mlab2-nuq01";0.106920;400382.225686;"0.004012999";"linux2";"64.9.225.152";"speedtest";1340059001;206467.461236;0.105208;"002bd52f-5f9d-42eb-9ce6-e310c9db525a";701;"PA";"Pittsburgh";22;6;2012;0;18;"20120618"
"71.89.124.38";"US";-88.736400;44.638200;"AS20115 Charter Communications";"mlab2-nuq01";0.075617;3070412.090842;"0.004012999";"win32";"64.9.225.152";"bittorrent";1340059359;404618.278919;-1.000000;"0730ff7f-47eb-4e84-99b1-016150556fb6";20115;"WI";"Clintonville";22;6;2012;0;18;"20120618"
"50.193.198.140";"US";-122.213500;47.463700;"AS7922 Comcast Cable Communications, Inc.";"mlab2-nuq01";0.035357;808109.115827;"0.004011999";"win32";"64.9.225.152";"speedtest";1340059584;486542.458607;0.041280;"2b37de0c-5f49-4446-8b8f-3b2dad14fb61";7922;"WA";"Renton";22;6;2012;0;18;"20120618"
"108.6.12.54";"US";-73.936100;40.740000;"AS701 MCI Communications Services, Inc. d/b/a Verizon Business";"mlab2-nuq01";0.082342;2385070.790420;"0.004011999";"darwin";"64.9.225.152";"bittorrent";1340059953;773771.490016;-1.000000;"2e291570-e5e9-434c-8fc4-9496c5d43b52";701;"NY";"Long Island City";22;6;2012;0;18;"20120618"
"184.177.72.227";"US";-97.000000;38.000000;"AS22773 Cox Communications Inc.";"mlab2-nuq01";0.016823;777343.826796;"0.004012999";"win32";"64.9.225.152";"speedtest";1340060260;778367.860675;0.018137;"e9aa2936-1c50-4b9d-89e4-2daad232b753";22773;"";"";22;6;2012;0;18;"20120618"
"71.204.91.144";"US";-84.447700;34.119000;"AS7922 Comcast Cable Communications, Inc.";"mlab2-nuq01";0.076560;996546.070732;"0.004012999";"darwin";"64.9.225.152";"bittorrent";1340060280;517419.088241;-1.000000;"4b4fa0bc-987b-4105-9a0b-83e736a6503c";7922;"GA";"Woodstock";22;6;2012;0;18;"20120618"
"68.48.221.17";"US";-76.837500;39.174900;"AS7922 Comcast Cable Communications, Inc.";"mlab2-nuq01";0.089999;693530.313763;"0.004012999";"darwin";"64.9.225.152";"bittorrent";1340060297;663089.033533;-1.000000;"4162ce8a-78ab-4a68-9407-13618360662f";7922;"MD";"Columbia";22;6;2012;0;18;"20120618"
"71.237.28.39";"US";-104.984700;39.739200;"AS7922 Comcast Cable Communications, Inc.";"mlab2-nuq01";0.043901;1209187.683540;"0.004012999";"darwin";"64.9.225.152";"speedtest";1340060924;409427.853693;0.226575;"95e96326-78fe-4507-8b06-f60611a1b7ad";7922;"CO";"Denver";23;6;2012;0;18;"20120618"
"98.251.77.68";"US";-83.949600;33.512000;"AS7922 Comcast Cable Communications, Inc.";"mlab2-nuq01";0.077115;3065071.280312;"0.004011999";"win32";"64.9.225.152";"bittorrent";1340061230;525882.153718;-1.000000;"cbfab653-aed3-47c3-b7d0-e4159cab6582";7922;"GA";"Covington";23;6;2012;0;18;"20120618"
"98.222.147.136";"US";-85.681400;40.411900;"AS7922 Comcast Cable Communications, Inc.";"mlab2-nuq01";0.085126;2536436.664000;"0.004012999";"linux2";"64.9.225.152";"bittorrent";1340062263;536429.260060;-1.000000;"247a4b73-0dbb-440a-a85f-68d042f5a3a2";7922;"IN";"Fairmount";23;6;2012;0;18;"20120618"
"76.24.39.72";"US";-71.691300;42.413600;"AS7922 Comcast Cable Communications, Inc.";"mlab2-nuq01";0.103106;567908.859175;"0.004012999";"win32";"64.9.225.152";"bittorrent";1340062637;447972.812122;-1.000000;"d7fbbeb1-8f79-4feb-9ab1-01beb7b970aa";7922;"MA";"Clinton";23;6;2012;0;18;"20120618"
"173.20.36.131";"US";-91.455800;40.452000;"AS30036 Mediacom Communications Corp";"mlab2-nuq01";0.099177;71716.194066;"0.004012999";"win32";"64.9.225.152";"bittorrent";1340062750;120605.146710;-1.000000;"6b87ac46-1206-4d9c-afa5-d5cab4a872d6";30036;"IA";"Keokuk";23;6;2012;0;18;"20120618"
"50.46.199.114";"US";-122.342600;47.739600;"AS5650 Frontier Communications of America, Inc.";"mlab2-nuq01";0.030799;1906252.727235;"0.004012999";"darwin";"64.9.225.152";"bittorrent";1340063446;682124.342908;-1.000000;"9c3f8949-43af-4678-be97-2082a5c82606";5650;"WA";"Seattle";23;6;2012;0;18;"20120618"
"82.83.43.166";"DE";9.000000;51.000000;"AS3209 Vodafone GmbH";"mlab1-ham01";0.020943;1533037.191910;"0.004012999";"linux2";"80.239.142.212";"speedtest";1339977653;107137.591873;0.022293;"e7b78883-6949-44d7-bffa-646118b01e16";3209;"";"";2;6;2012;0;18;"20120618"
"46.115.25.230";"DE";9.000000;51.000000;"AS12638 E-Plus Mobilfunk GmbH & Co. KG";"mlab1-ham01";0.365764;109226.747219;"0.004012999";"darwin";"80.239.142.212";"bittorrent";1339977693;41183.414027;-1.000000;"4baef5fd-7f85-41c9-b289-0d4d24e485da";12638;"";"";2;6;2012;0;18;"20120618"
"92.195.22.43";"DE";9.000000;51.000000;"AS20676 QSC AG";"mlab1-ham01";0.065368;230659.935671;"0.004012999";"darwin";"80.239.142.212";"bittorrent";1339978056;44396.837717;-1.000000;"81014317-071d-48ad-b6b8-adca554fbdf6";20676;"";"";2;6;2012;0;18;"20120618"
"77.0.88.201";"DE";9.936100;49.787800;"AS6805 Telefonica Germany GmbH & Co.OHG";"mlab1-ham01";0.041988;324767.021068;"0.004012999";"linux2";"80.239.142.212";"speedtest";1339978299;94093.761871;0.047045;"8e521e13-eb3c-4a65-b6f8-cc0353a8e0d9";6805;"02";"Würzburg";2;6;2012;0;18;"20120618"
"217.235.97.15";"DE";11.068300;49.447800;"AS3320 Deutsche Telekom AG";"mlab1-ham01";0.084317;325809.999301;"0.004012999";"win32";"80.239.142.212";"speedtest";1339978621;36194.556896;0.067815;"25329937-558d-46a5-ad71-2b2adc1d8807";3320;"02";"Nürnberg";2;6;2012;0;18;"20120618"
"95.89.147.151";"DE";7.364900;49.249000;"AS31334 Kabel Deutschland Vertrieb und Service GmbH";"mlab1-ham01";0.030056;5989481.868095;"0.004012999";"win32";"80.239.142.212";"bittorrent";1339978642;752776.420069;-1.000000;"6016980c-587e-4542-a75f-35eac912aa21";31334;"08";"Zweibrücken";2;6;2012;0;18;"20120618"
"93.219.83.124";"DE";13.066700;52.400000;"AS3320 Deutsche Telekom AG";"mlab1-ham01";0.021474;5606500.749410;"0.004012999";"linux2";"80.239.142.212";"speedtest";1339978730;1042400.785920;0.021708;"2522fb79-4e59-4c68-b014-2c4570739a62";3320;"11";"Potsdam";2;6;2012;0;18;"20120618"
"92.77.246.228";"DE";10.000000;53.550000;"AS3209 Vodafone GmbH";"mlab1-ham01";0.027767;1605820.409140;"0.004012999";"win32";"80.239.142.212";"bittorrent";1339978993;95018.010559;-1.000000;"35cb00ec-8dd5-4c10-b6d8-af0ca91cadc2";3209;"04";"Hamburg";2;6;2012;0;18;"20120618"
"82.83.43.166";"DE";9.000000;51.000000;"AS3209 Vodafone GmbH";"mlab1-ham01";0.031434;711829.333608;"0.004012999";"linux2";"80.239.142.212";"bittorrent";1339979244;72245.013613;-1.000000;"e7b78883-6949-44d7-bffa-646118b01e16";3209;"";"";2;6;2012;0;18;"20120618"
"77.12.195.251";"DE";13.400000;52.516700;"AS6805 Telefonica Germany GmbH & Co.OHG";"mlab1-ham01";0.058645;1019317.665230;"0.004012999";"darwin";"80.239.142.212";"speedtest";1339979547;94056.532948;0.061352;"58702c42-fe45-49c2-94a4-4df8118774bb";6805;"16";"Berlin";2;6;2012;0;18;"20120618"
"178.27.166.176";"DE";9.000000;51.000000;"AS31334 Kabel Deutschland Vertrieb und Service GmbH";"mlab1-ham01";0.031933;1705209.016334;"0.004012999";"win32";"80.239.142.212";"bittorrent";1339979634;160982.259056;-1.000000;"d771b38f-8330-4a86-9b4b-32a67f184450";31334;"";"";2;6;2012;0;18;"20120618"
"62.158.225.109";"DE";11.216700;47.650000;"AS3320 Deutsche Telekom AG";"mlab1-ham01";0.027569;1370363.398780;"0.004012999";"darwin";"80.239.142.212";"bittorrent";1339979953;106837.190596;-1.000000;"0445411f-1a91-486e-aa99-34aa63e4af95";3320;"02";"Weichs";2;6;2012;0;18;"20120618"
"217.235.97.15";"DE";11.068300;49.447800;"AS3320 Deutsche Telekom AG";"mlab1-ham01";0.065470;351774.592450;"0.004012999";"win32";"80.239.142.212";"bittorrent";1339980211;45947.470043;-1.000000;"25329937-558d-46a5-ad71-2b2adc1d8807";3320;"02";"Nürnberg";2;6;2012;0;18;"20120618"
"46.115.25.230";"DE";9.000000;51.000000;"AS12638 E-Plus Mobilfunk GmbH & Co. KG";"mlab1-ham01";0.163153;159497.545211;"0.004012999";"darwin";"80.239.142.212";"bittorrent";1339980530;41972.789512;-1.000000;"4baef5fd-7f85-41c9-b289-0d4d24e485da";12638;"";"";2;6;2012;0;18;"20120618"
"87.142.186.36";"DE";10.000000;53.550000;"AS3320 Deutsche Telekom AG";"mlab1-ham01";0.023687;706076.777398;"0.004012999";"darwin";"80.239.142.212";"bittorrent";1339980607;122039.223555;-1.000000;"4b7f2ce0-70b7-4a89-ab11-52e3eb5a4189";3320;"04";"Hamburg";2;6;2012;0;18;"20120618"
"87.178.105.210";"DE";11.833300;48.083300;"AS3320 Deutsche Telekom AG";"mlab1-ham01";0.057122;702909.794753;"0.004012999";"darwin";"80.239.142.212";"bittorrent";1339980947;65304.195948;-1.000000;"f3523021-8b10-4afd-9dda-2ac916ad4c9a";3320;"02";"Zorneding";2;6;2012;0;18;"20120618"
"94.219.178.130";"DE";8.647500;49.955300;"AS3209 Vodafone GmbH";"mlab1-ham01";0.018790;1284386.759225;"0.004012999";"darwin";"80.239.142.212";"bittorrent";1339981071;114119.856837;-1.000000;"81629ab0-96cf-48a2-bdd6-429233ae5325";3209;"05";"Erzhausen";2;6;2012;0;18;"20120618"
"77.0.88.201";"DE";9.936100;49.787800;"AS6805 Telefonica Germany GmbH & Co.OHG";"mlab1-ham01";0.042610;530411.729569;"0.004012999";"linux2";"80.239.142.212";"speedtest";1339981192;94260.138935;0.047390;"8e521e13-eb3c-4a65-b6f8-cc0353a8e0d9";6805;"02";"Würzburg";2;6;2012;0;18;"20120618"
"178.13.177.34";"DE";9.000000;51.000000;"AS3209 Vodafone GmbH";"mlab1-ham01";0.083448;764421.890531;"0.004005999";"linux2";"80.239.142.212";"speedtest";1339981236;122064.753299;0.074053;"d80ec3cc-e940-4362-bb5a-c2bf17a6fd0d";3209;"";"";3;6;2012;0;18;"20120618"
"62.158.225.109";"DE";11.216700;47.650000;"AS3320 Deutsche Telekom AG";"mlab1-ham01";0.025209;1329579.117440;"0.004012999";"darwin";"80.239.142.212";"speedtest";1339981533;116237.298648;0.027639;"0445411f-1a91-486e-aa99-34aa63e4af95";3320;"02";"Weichs";3;6;2012;0;18;"20120618"
"93.206.233.146";"DE";8.283300;53.400000;"AS3320 Deutsche Telekom AG";"mlab1-ham01";0.024212;5845696.912876;"0.004011999";"win32";"80.239.142.212";"bittorrent";1339981718;1163814.479687;-1.000000;"540af2e6-2c0b-4173-a8ac-fd971d1b6fcb";3320;"06";"Jade";3;6;2012;0;18;"20120618"
"87.142.186.36";"DE";10.000000;53.550000;"AS3320 Deutsche Telekom AG";"mlab1-ham01";0.022632;1326955.804430;"0.004012999";"darwin";"80.239.142.212";"speedtest";1339982011;122237.327905;0.024201;"4b7f2ce0-70b7-4a89-ab11-52e3eb5a4189";3320;"04";"Hamburg";3;6;2012;0;18;"20120618"
"82.83.62.103";"DE";9.000000;51.000000;"AS3209 Vodafone GmbH";"mlab1-ham01";0.019270;1010808.017432;"0.004012999";"linux2";"80.239.142.212";"bittorrent";1339982419;54790.739583;-1.000000;"e7b78883-6949-44d7-bffa-646118b01e16";3209;"";"";3;6;2012;0;18;"20120618"
"94.219.178.130";"DE";8.647500;49.955300;"AS3209 Vodafone GmbH";"mlab1-ham01";0.019144;1357250.358260;"0.004012999";"darwin";"80.239.142.212";"speedtest";1339982482;97458.692526;0.021822;"81629ab0-96cf-48a2-bdd6-429233ae5325";3209;"05";"Erzhausen";3;6;2012;0;18;"20120618"
"77.12.195.251";"DE";13.400000;52.516700;"AS6805 Telefonica Germany GmbH & Co.OHG";"mlab1-ham01";0.057285;1019565.156010;"0.004012999";"darwin";"80.239.142.212";"speedtest";1339982544;93789.600837;0.060510;"58702c42-fe45-49c2-94a4-4df8118774bb";6805;"16";"Berlin";3;6;2012;0;18;"20120618"
"46.223.18.206";"DE";8.385800;49.004700;"AS29562 Kabel BW GmbH";"mlab1-ham01";0.044918;1710954.785920;"0.004011999";"win32";"80.239.142.212";"speedtest";1339982599;311799.235412;0.034189;"62a0c3ba-8531-44c5-b8a3-ca82d00981cd";29562;"01";"Karlsruhe";3;6;2012;0;18;"20120618"
"77.0.88.201";"DE";9.936100;49.787800;"AS6805 Telefonica Germany GmbH & Co.OHG";"mlab1-ham01";0.042963;552094.721246;"0.004012999";"linux2";"80.239.142.212";"bittorrent";1339982640;63819.785997;-1.000000;"8e521e13-eb3c-4a65-b6f8-cc0353a8e0d9";6805;"02";"Würzburg";3;6;2012;0;18;"20120618"
"84.62.28.101";"DE";7.220300;51.274200;"AS3209 Vodafone GmbH";"mlab1-ham01";0.014701;460152.093675;"0.004012999";"win32";"80.239.142.212";"bittorrent";1339982742;65748.545704;-1.000000;"ced6b13f-4229-47ba-9400-c4b8931d7c7c";3209;"07";"Wuppertal";3;6;2012;0;18;"20120618"
"95.89.147.151";"DE";7.364900;49.249000;"AS31334 Kabel Deutschland Vertrieb und Service GmbH";"mlab1-ham01";0.029389;136513.906881;"0.004012999";"win32";"80.239.142.212";"speedtest";1339983078;737367.712851;0.033546;"6016980c-587e-4542-a75f-35eac912aa21";31334;"08";"Zweibrücken";3;6;2012;0;18;"20120618"
"84.180.237.48";"DE";9.500000;54.733300;"AS3320 Deutsche Telekom AG";"mlab1-ham01";0.011867;1460187.792640;"0.004012999";"win32";"80.239.142.212";"speedtest";1339983142;77739.033889;0.015651;"71ef70e0-ac7c-408a-99b6-991bcb0563bb";3320;"10";"Freienwill";3;6;2012;0;18;"20120618"
"93.219.83.124";"DE";13.066700;52.400000;"AS3320 Deutsche Telekom AG";"mlab1-ham01";0.022539;5754964.051607;"0.004012999";"linux2";"80.239.142.212";"bittorrent";1339983494;1047832.946710;-1.000000;"2522fb79-4e59-4c68-b014-2c4570739a62";3320;"11";"Potsdam";3;6;2012;0;18;"20120618"
"94.219.178.130";"DE";8.647500;49.955300;"AS3209 Vodafone GmbH";"mlab1-ham01";0.019111;1292259.439144;"0.004012999";"darwin";"80.239.142.212";"bittorrent";1339983898;107150.008811;-1.000000;"81629ab0-96cf-48a2-bdd6-429233ae5325";3209;"05";"Erzhausen";3;6;2012;0;18;"20120618"
"82.83.62.103";"DE";9.000000;51.000000;"AS3209 Vodafone GmbH";"mlab1-ham01";0.020044;1641491.432950;"0.004012999";"linux2";"80.239.142.212";"speedtest";1339983999;112084.648943;0.022327;"e7b78883-6949-44d7-bffa-646118b01e16";3209;"";"";3;6;2012;0;18;"20120618"
"46.223.18.206";"DE";8.385800;49.004700;"AS29562 Kabel BW GmbH";"mlab1-ham01";0.042371;1857007.602620;"0.004011999";"win32";"80.239.142.212";"bittorrent";1339984018;312417.953003;-1.000000;"62a0c3ba-8531-44c5-b8a3-ca82d00981cd";29562;"01";"Karlsruhe";3;6;2012;0;18;"20120618"
"77.0.88.201";"DE";9.936100;49.787800;"AS6805 Telefonica Germany GmbH & Co.OHG";"mlab1-ham01";0.043027;543268.913003;"0.004012999";"linux2";"80.239.142.212";"speedtest";1339984085;94198.997432;0.047588;"8e521e13-eb3c-4a65-b6f8-cc0353a8e0d9";6805;"02";"Würzburg";3;6;2012;0;18;"20120618"
"92.195.22.43";"DE";9.000000;51.000000;"AS20676 QSC AG";"mlab1-ham01";2.863640;13685.135813;"0.004012999";"darwin";"80.239.142.212";"bittorrent";1339984432;14514.294220;-1.000000;"81014317-071d-48ad-b6b8-adca554fbdf6";20676;"";"";3;6;2012;0;18;"20120618"
"93.206.233.146";"DE";8.283300;53.400000;"AS3320 Deutsche Telekom AG";"mlab1-ham01";0.042056;5848524.107866;"0.004011999";"win32";"80.239.142.212";"bittorrent";1339984645;1146985.029604;-1.000000;"540af2e6-2c0b-4173-a8ac-fd971d1b6fcb";3320;"06";"Jade";3;6;2012;0;18;"20120618"
"62.158.225.109";"DE";11.216700;47.650000;"AS3320 Deutsche Telekom AG";"mlab1-ham01";0.024776;1331999.290230;"0.004012999";"darwin";"80.239.142.212";"speedtest";1339984704;60837.715103;0.027743;"0445411f-1a91-486e-aa99-34aa63e4af95";3320;"02";"Weichs";3;6;2012;0;18;"20120618"
"87.179.66.249";"DE";11.033300;50.983300;"AS3320 Deutsche Telekom AG";"mlab1-ham01";0.016715;1767974.898294;"0.004011999";"linux2";"80.239.142.212";"bittorrent";1339985226;121554.007375;-1.000000;"0575caf1-8a3d-4ae0-8b6e-5caaddb74121";3320;"15";"Erfurt";4;6;2012;0;18;"20120618"
"94.219.178.130";"DE";8.647500;49.955300;"AS3209 Vodafone GmbH";"mlab1-ham01";0.018810;1401086.048310;"0.004012999";"darwin";"80.239.142.212";"speedtest";1339985309;97478.838188;0.021953;"81629ab0-96cf-48a2-bdd6-429233ae5325";3209;"05";"Erzhausen";4;6;2012;0;18;"20120618"
"87.178.105.210";"DE";11.833300;48.083300;"AS3320 Deutsche Telekom AG";"mlab1-ham01";0.056865;659663.695356;"0.004012999";"darwin";"80.239.142.212";"speedtest";1339985463;66237.892434;0.059384;"f3523021-8b10-4afd-9dda-2ac916ad4c9a";3320;"02";"Zorneding";4;6;2012;0;18;"20120618"
"91.35.33.88";"DE";9.433300;54.783300;"AS3320 Deutsche Telekom AG";"mlab1-ham01";0.012273;1501626.941740;"0.004012999";"win32";"80.239.142.212";"speedtest";1339986246;77999.309562;0.015784;"71ef70e0-ac7c-408a-99b6-991bcb0563bb";3320;"10";"Flensburg";4;6;2012;0;18;"20120618"
"62.158.225.109";"DE";11.216700;47.650000;"AS3320 Deutsche Telekom AG";"mlab1-ham01";0.027021;1375049.166046;"0.004012999";"darwin";"80.239.142.212";"bittorrent";1339986300;59210.537297;-1.000000;"0445411f-1a91-486e-aa99-34aa63e4af95";3320;"02";"Weichs";4;6;2012;0;18;"20120618"
"217.235.97.15";"DE";11.068300;49.447800;"AS3320 Deutsche Telekom AG";"mlab1-ham01";0.056191;366580.588840;"0.004012999";"win32";"80.239.142.212";"bittorrent";1339986545;45966.379418;-1.000000;"25329937-558d-46a5-ad71-2b2adc1d8807";3320;"02";"Nürnberg";4;6;2012;0;18;"20120618"
"93.219.83.124";"DE";13.066700;52.400000;"AS3320 Deutsche Telekom AG";"mlab1-ham01";0.020746;5739383.821912;"0.004012999";"linux2";"80.239.142.212";"bittorrent";1339986668;1031306.005322;-1.000000;"2522fb79-4e59-4c68-b014-2c4570739a62";3320;"11";"Potsdam";4;6;2012;0;18;"20120618"
"92.77.246.228";"DE";10.000000;53.550000;"AS3209 Vodafone GmbH";"mlab1-ham01";0.031434;1581640.932010;"0.004012999";"win32";"80.239.142.212";"speedtest";1339987440;96093.369346;0.022021;"35cb00ec-8dd5-4c10-b6d8-af0ca91cadc2";3209;"04";"Hamburg";4;6;2012;0;18;"20120618"
"77.3.250.96";"DE";8.833300;47.766700;"AS6805 Telefonica Germany GmbH & Co.OHG";"mlab1-ham01";0.037680;1509093.023640;"0.004012999";"darwin";"80.239.142.212";"speedtest";1339987000;117720.125674;0.040132;"7f6dfa2b-14ff-4d0d-8b49-2d9db3f1749a";6805;"01";"Singen";4;6;2012;0;18;"20120618"
"95.89.147.151";"DE";7.364900;49.249000;"AS31334 Kabel Deutschland Vertrieb und Service GmbH";"mlab1-ham01";0.030296;2787555.881515;"0.004012999";"win32";"80.239.142.212";"bittorrent";1339987343;737224.689022;-1.000000;"6016980c-587e-4542-a75f-35eac912aa21";31334;"08";"Zweibrücken";4;6;2012;0;18;"20120618"
"62.158.225.109";"DE";11.216700;47.650000;"AS3320 Deutsche Telekom AG";"mlab1-ham01";0.026931;1151951.469120;"0.004012999";"darwin";"80.239.142.212";"speedtest";1339987883;50340.794555;0.080203;"0445411f-1a91-486e-aa99-34aa63e4af95";3320;"02";"Weichs";4;6;2012;0;18;"20120618"
"217.235.97.15";"DE";11.068300;49.447800;"AS3320 Deutsche Telekom AG";"mlab1-ham01";0.070869;335621.137133;"0.004012999";"win32";"80.239.142.212";"speedtest";1339988123;32324.590087;0.075807;"25329937-558d-46a5-ad71-2b2adc1d8807";3320;"02";"Nürnberg";4;6;2012;0;18;"20120618"
"46.223.18.206";"DE";8.385800;49.004700;"AS29562 Kabel BW GmbH";"mlab1-ham01";0.041744;1777278.919590;"0.004011999";"win32";"80.239.142.212";"speedtest";1339988243;311946.757498;0.034021;"62a0c3ba-8531-44c5-b8a3-ca82d00981cd";29562;"01";"Karlsruhe";4;6;2012;0;18;"20120618"
"93.219.83.124";"DE";13.066700;52.400000;"AS3320 Deutsche Telekom AG";"mlab1-ham01";0.021606;5611014.938640;"0.004012999";"linux2";"80.239.142.212";"speedtest";1339988250;1041164.968480;0.021729;"2522fb79-4e59-4c68-b014-2c4570739a62";3320;"11";"Potsdam";4;6;2012;0;18;"20120618"
"92.77.246.228";"DE";10.000000;53.550000;"AS3209 Vodafone GmbH";"mlab1-ham01";0.033381;1617240.369302;"0.004012999";"win32";"80.239.142.212";"bittorrent";1339988354;86532.009494;-1.000000;"35cb00ec-8dd5-4c10-b6d8-af0ca91cadc2";3209;"04";"Hamburg";4;6;2012;0;18;"20120618"
"77.3.250.96";"DE";8.833300;47.766700;"AS6805 Telefonica Germany GmbH & Co.OHG";"mlab1-ham01";0.055455;1156771.974812;"0.004012999";"darwin";"80.239.142.212";"bittorrent";1339988561;116154.302164;-1.000000;"7f6dfa2b-14ff-4d0d-8b49-2d9db3f1749a";6805;"01";"Singen";5;6;2012;0;18;"20120618"
"87.169.239.50";"DE";13.400000;52.516700;"AS3320 Deutsche Telekom AG";"mlab1-ham01";0.023984;5526827.931560;"0.004012999";"darwin";"80.239.142.212";"speedtest";1339988691;1035398.748840;0.025101;"f7e74337-5111-4d6a-a11a-2ef4a0c4db50";3320;"16";"Berlin";5;6;2012;0;18;"20120618"
"77.23.61.29";"DE";9.000000;51.000000;"AS31334 Kabel Deutschland Vertrieb und Service GmbH";"mlab1-ham01";0.021890;2429001.087320;"0.004012999";"win32";"80.239.142.212";"speedtest";1339988737;57978.541379;0.023076;"898e2e06-ef2e-44fb-aafd-ae145f8e32af";31334;"";"";5;6;2012;0;18;"20120618"
"82.83.62.103";"DE";9.000000;51.000000;"AS3209 Vodafone GmbH";"mlab1-ham01";0.019893;1671333.650081;"0.004012999";"linux2";"80.239.142.212";"bittorrent";1339988783;53412.990216;-1.000000;"e7b78883-6949-44d7-bffa-646118b01e16";3209;"";"";5;6;2012;0;18;"20120618"
"93.206.233.146";"DE";8.283300;53.400000;"AS3320 Deutsche Telekom AG";"mlab1-ham01";0.019496;5659957.471230;"0.004011999";"win32";"80.239.142.212";"speedtest";1339989031;1143916.351970;0.020624;"540af2e6-2c0b-4173-a8ac-fd971d1b6fcb";3320;"06";"Jade";5;6;2012;0;18;"20120618"
"62.158.225.109";"DE";11.216700;47.650000;"AS3320 Deutsche Telekom AG";"mlab1-ham01";0.024353;1375449.591592;"0.004012999";"darwin";"80.239.142.212";"bittorrent";1339989467;55800.286473;-1.000000;"0445411f-1a91-486e-aa99-34aa63e4af95";3320;"02";"Weichs";5;6;2012;0;18;"20120618"
"92.77.246.228";"DE";10.000000;53.550000;"AS3209 Vodafone GmbH";"mlab1-ham01";0.032412;1579501.012960;"0.004012999";"win32";"80.239.142.212";"speedtest";1339990562;96369.494088;0.025882;"35cb00ec-8dd5-4c10-b6d8-af0ca91cadc2";3209;"04";"Hamburg";5;6;2012;0;18;"20120618"
"77.12.195.251";"DE";13.400000;52.516700;"AS6805 Telefonica Germany GmbH & Co.OHG";"mlab1-ham01";0.057965;1096537.497425;"0.004012999";"darwin";"80.239.142.212";"bittorrent";1339990066;95349.503731;-1.000000;"58702c42-fe45-49c2-94a4-4df8118774bb";6805;"16";"Berlin";5;6;2012;0;18;"20120618"
"95.89.147.151";"DE";7.364900;49.249000;"AS31334 Kabel Deutschland Vertrieb und Service GmbH";"mlab1-ham01";0.027131;5957845.972793;"0.004012999";"win32";"80.239.142.212";"bittorrent";1339990476;749623.971277;-1.000000;"6016980c-587e-4542-a75f-35eac912aa21";31334;"08";"Zweibrücken";5;6;2012;0;18;"20120618"
"87.143.27.82";"DE";11.350000;50.850000;"AS3320 Deutsche Telekom AG";"mlab1-ham01";0.034446;967017.575415;"0.004012999";"darwin";"80.239.142.212";"bittorrent";1339990575;84835.192012;-1.000000;"95120f16-54c4-4444-b2d8-e87391844949";3320;"15";"Blankenhain";5;6;2012;0;18;"20120618"
"88.73.250.177";"DE";11.033300;50.983300;"AS3209 Vodafone GmbH";"mlab1-ham01";0.018105;625073.325185;"0.004010999";"win32";"80.239.142.212";"speedtest";1339990646;73791.489249;0.026293;"737c65f9-12e2-47a9-9e14-942857e0d0b6";3209;"15";"Erfurt";5;6;2012;0;18;"20120618"
"77.0.88.201";"DE";9.936100;49.787800;"AS6805 Telefonica Germany GmbH & Co.OHG";"mlab1-ham01";0.043778;565915.667918;"0.004012999";"linux2";"80.239.142.212";"bittorrent";1339991318;77149.373434;-1.000000;"8e521e13-eb3c-4a65-b6f8-cc0353a8e0d9";6805;"02";"Würzburg";5;6;2012;0;18;"20120618"
"92.77.246.228";"DE";10.000000;53.550000;"AS3209 Vodafone GmbH";"mlab1-ham01";0.029587;1593637.413372;"0.004012999";"win32";"80.239.142.212";"bittorrent";1339991475;94663.336822;-1.000000;"35cb00ec-8dd5-4c10-b6d8-af0ca91cadc2";3209;"04";"Hamburg";5;6;2012;0;18;"20120618"
"87.178.105.210";"DE";11.833300;48.083300;"AS3320 Deutsche Telekom AG";"mlab1-ham01";0.057358;664488.188369;"0.004012999";"darwin";"80.239.142.212";"speedtest";1339991487;66402.223541;0.060185;"f3523021-8b10-4afd-9dda-2ac916ad4c9a";3320;"02";"Zorneding";5;6;2012;0;18;"20120618"
"77.3.250.96";"DE";8.833300;47.766700;"AS6805 Telefonica Germany GmbH & Co.OHG";"mlab1-ham01";0.036906;1576968.338883;"0.004012999";"darwin";"80.239.142.212";"bittorrent";1339991674;120835.000640;-1.000000;"7f6dfa2b-14ff-4d0d-8b49-2d9db3f1749a";6805;"01";"Singen";5;6;2012;0;18;"20120618"
"77.23.61.29";"DE";9.000000;51.000000;"AS31334 Kabel Deutschland Vertrieb und Service GmbH";"mlab1-ham01";0.023346;2427591.712260;"0.004012999";"win32";"80.239.142.212";"speedtest";1339991692;58113.903344;0.023734;"898e2e06-ef2e-44fb-aafd-ae145f8e32af";31334;"";"";5;6;2012;0;18;"20120618"
"46.223.18.206";"DE";8.385800;49.004700;"AS29562 Kabel BW GmbH";"mlab1-ham01";0.042768;1862467.897451;"0.004011999";"win32";"80.239.142.212";"bittorrent";1339992485;314575.507770;-1.000000;"62a0c3ba-8531-44c5-b8a3-ca82d00981cd";29562;"01";"Karlsruhe";6;6;2012;0;18;"20120618"
"77.0.88.201";"DE";9.936100;49.787800;"AS6805 Telefonica Germany GmbH & Co.OHG";"mlab1-ham01";0.042861;543366.061380;"0.004012999";"linux2";"80.239.142.212";"speedtest";1339992762;94226.446540;0.047319;"8e521e13-eb3c-4a65-b6f8-cc0353a8e0d9";6805;"02";"Würzburg";6;6;2012;0;18;"20120618"
"87.178.105.210";"DE";11.833300;48.083300;"AS3320 Deutsche Telekom AG";"mlab1-ham01";0.057033;702333.027644;"0.004012999";"darwin";"80.239.142.212";"bittorrent";1339992997;65329.482109;-1.000000;"f3523021-8b10-4afd-9dda-2ac916ad4c9a";3320;"02";"Zorneding";6;6;2012;0;18;"20120618"
"92.77.246.228";"DE";10.000000;53.550000;"AS3209 Vodafone GmbH";"mlab1-ham01";0.030991;1599535.449110;"0.004012999";"win32";"80.239.142.212";"speedtest";1339993683;96264.564867;0.021720;"35cb00ec-8dd5-4c10-b6d8-af0ca91cadc2";3209;"04";"Hamburg";6;6;2012;0;18;"20120618"
"77.23.61.29";"DE";9.000000;51.000000;"AS31334 Kabel Deutschland Vertrieb und Service GmbH";"mlab1-ham01";0.022338;2512606.668341;"0.004012999";"win32";"80.239.142.212";"bittorrent";1339993192;53745.153289;-1.000000;"898e2e06-ef2e-44fb-aafd-ae145f8e32af";31334;"";"";6;6;2012;0;18;"20120618"
"77.3.250.96";"DE";8.833300;47.766700;"AS6805 Telefonica Germany GmbH & Co.OHG";"mlab1-ham01";0.036437;1477569.851630;"0.004012999";"darwin";"80.239.142.212";"speedtest";1339993228;120132.348437;0.040611;"7f6dfa2b-14ff-4d0d-8b49-2d9db3f1749a";6805;"01";"Singen";6;6;2012;0;18;"20120618"
"95.89.147.151";"DE";7.364900;49.249000;"AS31334 Kabel Deutschland Vertrieb und Service GmbH";"mlab1-ham01";0.031846;8595643.040529;"0.004012999";"win32";"80.239.142.212";"bittorrent";1339993318;748591.679015;-1.000000;"6016980c-587e-4542-a75f-35eac912aa21";31334;"08";"Zweibrücken";6;6;2012;0;18;"20120618"
"93.206.233.146";"DE";8.283300;53.400000;"AS3320 Deutsche Telekom AG";"mlab1-ham01";0.036475;5806880.002743;"0.004011999";"win32";"80.239.142.212";"bittorrent";1339993421;1153683.611781;-1.000000;"540af2e6-2c0b-4173-a8ac-fd971d1b6fcb";3320;"06";"Jade";6;6;2012;0;18;"20120618"
"87.143.27.82";"DE";11.350000;50.850000;"AS3320 Deutsche Telekom AG";"mlab1-ham01";0.032697;1301156.395789;"0.004012999";"darwin";"80.239.142.212";"bittorrent";1339993463;93167.525510;-1.000000;"95120f16-54c4-4444-b2d8-e87391844949";3320;"15";"Blankenhain";6;6;2012;0;18;"20120618"
"82.83.62.103";"DE";9.000000;51.000000;"AS3209 Vodafone GmbH";"mlab1-ham01";0.020164;897937.671999;"0.004012999";"linux2";"80.239.142.212";"speedtest";1339993564;98483.832219;0.022324;"e7b78883-6949-44d7-bffa-646118b01e16";3209;"";"";6;6;2012;0;18;"20120618"
"178.13.177.34";"DE";9.000000;51.000000;"AS3209 Vodafone GmbH";"mlab1-ham01";0.063341;879781.610387;"0.004005999";"linux2";"80.239.142.212";"bittorrent";1339994016;139652.825427;-1.000000;"d80ec3cc-e940-4362-bb5a-c2bf17a6fd0d";3209;"";"";6;6;2012;0;18;"20120618"
"92.195.115.156";"DE";11.033300;50.983300;"AS20676 QSC AG";"mlab1-ham01";0.452127;236180.221282;"0.004012999";"darwin";"80.239.142.212";"speedtest";1339994123;45507.999798;0.069072;"81014317-071d-48ad-b6b8-adca554fbdf6";20676;"15";"Erfurt";6;6;2012;0;18;"20120618"
"77.0.88.201";"DE";9.936100;49.787800;"AS6805 Telefonica Germany GmbH & Co.OHG";"mlab1-ham01";0.042405;541134.089228;"0.004012999";"linux2";"80.239.142.212";"bittorrent";1339994209;91612.288868;-1.000000;"8e521e13-eb3c-4a65-b6f8-cc0353a8e0d9";6805;"02";"Würzburg";6;6;2012;0;18;"20120618"
"84.62.53.79";"DE";6.766700;51.216700;"AS3209 Vodafone GmbH";"mlab1-ham01";0.016408;459730.216224;"0.004012999";"win32";"80.239.142.212";"bittorrent";1339994383;65590.458228;-1.000000;"ced6b13f-4229-47ba-9400-c4b8931d7c7c";3209;"07";"Düsseldorf";6;6;2012;0;18;"20120618"
"77.12.203.52";"DE";13.400000;52.516700;"AS6805 Telefonica Germany GmbH & Co.OHG";"mlab1-ham01";0.057273;972310.022528;"0.004012999";"darwin";"80.239.142.212";"speedtest";1339994562;85370.629818;0.061302;"58702c42-fe45-49c2-94a4-4df8118774bb";6805;"16";"Berlin";6;6;2012;0;18;"20120618"
"92.77.246.228";"DE";10.000000;53.550000;"AS3209 Vodafone GmbH";"mlab1-ham01";0.029151;1402446.360878;"0.004012999";"win32";"80.239.142.212";"bittorrent";1339994598;95006.146134;-1.000000;"35cb00ec-8dd5-4c10-b6d8-af0ca91cadc2";3209;"04";"Hamburg";6;6;2012;0;18;"20120618"
"93.219.83.124";"DE";13.066700;52.400000;"AS3320 Deutsche Telekom AG";"mlab1-ham01";0.022303;5256899.747030;"0.004012999";"linux2";"80.239.142.212";"speedtest";1339994597;1041439.658440;0.022541;"2522fb79-4e59-4c68-b014-2c4570739a62";3320;"11";"Potsdam";6;6;2012;0;18;"20120618"
"94.219.178.130";"DE";8.647500;49.955300;"AS3209 Vodafone GmbH";"mlab1-ham01";0.018299;1276831.300022;"0.004012999";"darwin";"80.239.142.212";"bittorrent";1339995207;113209.036037;-1.000000;"81629ab0-96cf-48a2-bdd6-429233ae5325";3209;"05";"Erzhausen";6;6;2012;0;18;"20120618"
"92.195.115.156";"DE";11.033300;50.983300;"AS20676 QSC AG";"mlab1-ham01";0.062450;237971.644562;"0.004012999";"darwin";"80.239.142.212";"bittorrent";1339995632;45711.382317;-1.000000;"81014317-071d-48ad-b6b8-adca554fbdf6";20676;"15";"Erfurt";7;6;2012;0;18;"20120618"
"77.0.88.201";"DE";9.936100;49.787800;"AS6805 Telefonica Germany GmbH & Co.OHG";"mlab1-ham01";0.043423;539093.304467;"0.004012999";"linux2";"80.239.142.212";"speedtest";1339995654;94175.018385;0.047999;"8e521e13-eb3c-4a65-b6f8-cc0353a8e0d9";6805;"02";"Würzburg";7;6;2012;0;18;"20120618"
"87.169.239.50";"DE";13.400000;52.516700;"AS3320 Deutsche Telekom AG";"mlab1-ham01";0.025209;5700001.859256;"0.004012999";"darwin";"80.239.142.212";"bittorrent";1339995817;1049114.879090;-1.000000;"f7e74337-5111-4d6a-a11a-2ef4a0c4db50";3320;"16";"Berlin";7;6;2012;0;18;"20120618"
"87.178.105.210";"DE";11.833300;48.083300;"AS3320 Deutsche Telekom AG";"mlab1-ham01";0.057584;702124.376949;"0.004012999";"darwin";"80.239.142.212";"bittorrent";1339996009;65294.902991;-1.000000;"f3523021-8b10-4afd-9dda-2ac916ad4c9a";3320;"02";"Zorneding";7;6;2012;0;18;"20120618"
"77.12.203.52";"DE";13.400000;52.516700;"AS6805 Telefonica Germany GmbH & Co.OHG";"mlab1-ham01";0.057018;1096107.926451;"0.004012999";"darwin";"80.239.142.212";"bittorrent";1339996063;92222.546382;-1.000000;"58702c42-fe45-49c2-94a4-4df8118774bb";6805;"16";"Berlin";7;6;2012;0;18;"20120618"
"77.23.61.29";"DE";9.000000;51.000000;"AS31334 Kabel Deutschland Vertrieb und Service GmbH";"mlab1-ham01";0.020804;2490464.904183;"0.004012999";"win32";"80.239.142.212";"bittorrent";1339996146;56174.886342;-1.000000;"898e2e06-ef2e-44fb-aafd-ae145f8e32af";31334;"";"";7;6;2012;0;18;"20120618"
"92.77.246.228";"DE";10.000000;53.550000;"AS3209 Vodafone GmbH";"mlab1-ham01";0.031422;1505152.704760;"0.004012999";"win32";"80.239.142.212";"speedtest";1339996806;95654.046520;0.021648;"35cb00ec-8dd5-4c10-b6d8-af0ca91cadc2";3209;"04";"Hamburg";7;6;2012;0;18;"20120618"
"95.89.147.151";"DE";7.364900;49.249000;"AS31334 Kabel Deutschland Vertrieb und Service GmbH";"mlab1-ham01";0.033523;8135124.346411;"0.004012999";"win32";"80.239.142.212";"bittorrent";1339996161;743345.676990;-1.000000;"6016980c-587e-4542-a75f-35eac912aa21";31334;"08";"Zweibrücken";7;6;2012;0;18;"20120618"
"93.219.83.124";"DE";13.066700;52.400000;"AS3320 Deutsche Telekom AG";"mlab1-ham01";0.022442;5794736.459142;"0.004012999";"linux2";"80.239.142.212";"bittorrent";1339996189;1046076.082653;-1.000000;"2522fb79-4e59-4c68-b014-2c4570739a62";3320;"11";"Potsdam";7;6;2012;0;18;"20120618"
"82.83.62.103";"DE";9.000000;51.000000;"AS3209 Vodafone GmbH";"mlab1-ham01";0.020526;1292938.300830;"0.004012999";"linux2";"80.239.142.212";"speedtest";1339996750;84355.993551;0.022400;"e7b78883-6949-44d7-bffa-646118b01e16";3209;"";"";7;6;2012;0;18;"20120618"
"77.12.203.52";"DE";13.400000;52.516700;"AS6805 Telefonica Germany GmbH & Co.OHG";"mlab1-ham01";0.058020;1016409.766410;"0.004012999";"darwin";"80.239.142.212";"speedtest";1339997560;93755.509391;0.060927;"58702c42-fe45-49c2-94a4-4df8118774bb";6805;"16";"Berlin";7;6;2012;0;18;"20120618"
"77.23.61.29";"DE";9.000000;51.000000;"AS31334 Kabel Deutschland Vertrieb und Service GmbH";"mlab1-ham01";0.023284;2419119.452640;"0.004012999";"win32";"80.239.142.212";"speedtest";1339997599;58058.245987;0.024551;"898e2e06-ef2e-44fb-aafd-ae145f8e32af";31334;"";"";7;6;2012;0;18;"20120618"
"95.89.147.151";"DE";7.364900;49.249000;"AS31334 Kabel Deutschland Vertrieb und Service GmbH";"mlab1-ham01";0.034013;782911.660602;"0.004012999";"win32";"80.239.142.212";"speedtest";1339997638;669618.743712;0.031729;"6016980c-587e-4542-a75f-35eac912aa21";31334;"08";"Zweibrücken";7;6;2012;0;18;"20120618"
"93.219.83.124";"DE";13.066700;52.400000;"AS3320 Deutsche Telekom AG";"mlab1-ham01";0.022085;5146798.286120;"0.004012999";"linux2";"80.239.142.212";"speedtest";1339997771;1039898.658250;0.022691;"2522fb79-4e59-4c68-b014-2c4570739a62";3320;"11";"Potsdam";7;6;2012;0;18;"20120618"
"87.143.27.82";"DE";11.350000;50.850000;"AS3320 Deutsche Telekom AG";"mlab1-ham01";0.032037;1236354.205840;"0.004012999";"darwin";"80.239.142.212";"speedtest";1339997797;92664.353219;0.035530;"95120f16-54c4-4444-b2d8-e87391844949";3320;"15";"Blankenhain";7;6;2012;0;18;"20120618"
"87.179.66.249";"DE";11.033300;50.983300;"AS3320 Deutsche Telekom AG";"mlab1-ham01";0.016813;1729532.022860;"0.004011999";"linux2";"80.239.142.212";"speedtest";1339998085;121318.454131;0.020454;"0575caf1-8a3d-4ae0-8b6e-5caaddb74121";3320;"15";"Erfurt";7;6;2012;0;18;"20120618"
"46.223.18.206";"DE";8.385800;49.004700;"AS29562 Kabel BW GmbH";"mlab1-ham01";0.042711;1880818.287277;"0.004011999";"win32";"80.239.142.212";"bittorrent";1339998132;313802.597082;-1.000000;"62a0c3ba-8531-44c5-b8a3-ca82d00981cd";29562;"01";"Karlsruhe";7;6;2012;0;18;"20120618"
"178.13.177.34";"DE";9.000000;51.000000;"AS3209 Vodafone GmbH";"mlab1-ham01";0.087952;798727.296038;"0.004005999";"linux2";"80.239.142.212";"speedtest";1339998277;144938.973496;0.082612;"d80ec3cc-e940-4362-bb5a-c2bf17a6fd0d";3209;"";"";7;6;2012;0;18;"20120618"
"82.83.62.103";"DE";9.000000;51.000000;"AS3209 Vodafone GmbH";"mlab1-ham01";0.019575;1151478.173708;"0.004012999";"linux2";"80.239.142.212";"bittorrent";1339998339;90963.118722;-1.000000;"e7b78883-6949-44d7-bffa-646118b01e16";3209;"";"";7;6;2012;0;18;"20120618"
"77.12.203.52";"DE";13.400000;52.516700;"AS6805 Telefonica Germany GmbH & Co.OHG";"mlab1-ham01";0.058905;1095901.414636;"0.004012999";"darwin";"80.239.142.212";"bittorrent";1339999060;95163.644385;-1.000000;"58702c42-fe45-49c2-94a4-4df8118774bb";6805;"16";"Berlin";7;6;2012;0;18;"20120618"
"77.23.61.29";"DE";9.000000;51.000000;"AS31334 Kabel Deutschland Vertrieb und Service GmbH";"mlab1-ham01";0.020720;2500912.337855;"0.004012999";"win32";"80.239.142.212";"bittorrent";1339999100;55402.646664;-1.000000;"898e2e06-ef2e-44fb-aafd-ae145f8e32af";31334;"";"";7;6;2012;0;18;"20120618"
"87.143.27.82";"DE";11.350000;50.850000;"AS3320 Deutsche Telekom AG";"mlab1-ham01";0.033978;1288533.588223;"0.004012999";"darwin";"80.239.142.212";"bittorrent";1339999242;93183.008982;-1.000000;"95120f16-54c4-4444-b2d8-e87391844949";3320;"15";"Blankenhain";8;6;2012;0;18;"20120618"
"46.223.18.206";"DE";8.385800;49.004700;"AS29562 Kabel BW GmbH";"mlab1-ham01";0.031078;1796782.089660;"0.004011999";"win32";"80.239.142.212";"speedtest";1339999532;311428.409083;0.032168;"62a0c3ba-8531-44c5-b8a3-ca82d00981cd";29562;"01";"Karlsruhe";8;6;2012;0;18;"20120618"
"92.195.115.156";"DE";11.033300;50.983300;"AS20676 QSC AG";"mlab1-ham01";0.061927;226132.145285;"0.004012999";"darwin";"80.239.142.212";"speedtest";1340000090;45566.579136;0.069381;"81014317-071d-48ad-b6b8-adca554fbdf6";20676;"15";"Erfurt";8;6;2012;0;18;"20120618"
"87.169.239.50";"DE";13.400000;52.516700;"AS3320 Deutsche Telekom AG";"mlab1-ham01";0.023453;5581446.780160;"0.004012999";"darwin";"80.239.142.212";"speedtest";1340000090;1035061.775440;0.024863;"f7e74337-5111-4d6a-a11a-2ef4a0c4db50";3320;"16";"Berlin";8;6;2012;0;18;"20120618"
"91.35.33.88";"DE";9.433300;54.783300;"AS3320 Deutsche Telekom AG";"mlab1-ham01";0.011429;1492095.769496;"0.004012999";"win32";"80.239.142.212";"bittorrent";1340000234;76257.756683;-1.000000;"71ef70e0-ac7c-408a-99b6-991bcb0563bb";3320;"10";"Flensburg";8;6;2012;0;18;"20120618"
"77.12.203.52";"DE";13.400000;52.516700;"AS6805 Telefonica Germany GmbH & Co.OHG";"mlab1-ham01";0.058095;1016211.471810;"0.004012999";"darwin";"80.239.142.212";"speedtest";1340000558;93611.850313;0.061582;"58702c42-fe45-49c2-94a4-4df8118774bb";6805;"16";"Berlin";8;6;2012;0;18;"20120618"
"87.146.114.15";"DE";8.450000;50.083300;"AS3320 Deutsche Telekom AG";"mlab1-ham01";0.072498;124588.296313;"0.004012999";"linux2";"80.239.142.212";"bittorrent";1340000821;16645.054014;-1.000000;"55d4448d-0fb0-4c16-9eea-1011d54fa1c5";3320;"05";"Hofheim";8;6;2012;0;18;"20120618"
"92.77.246.228";"DE";10.000000;53.550000;"AS3209 Vodafone GmbH";"mlab1-ham01";0.031344;1622521.680763;"0.004012999";"win32";"80.239.142.212";"bittorrent";1340000839;94922.264490;-1.000000;"35cb00ec-8dd5-4c10-b6d8-af0ca91cadc2";3209;"04";"Hamburg";8;6;2012;0;18;"20120618"
"93.219.83.124";"DE";13.066700;52.400000;"AS3320 Deutsche Telekom AG";"mlab1-ham01";0.022682;5544755.986700;"0.004012999";"linux2";"80.239.142.212";"speedtest";1340000945;1040085.823340;0.023367;"2522fb79-4e59-4c68-b014-2c4570739a62";3320;"11";"Potsdam";8;6;2012;0;18;"20120618"
"87.179.66.249";"DE";11.033300;50.983300;"AS3320 Deutsche Telekom AG";"mlab1-ham01";0.018380;1731833.263690;"0.004011999";"linux2";"80.239.142.212";"speedtest";1340000946;121375.448693;0.020155;"0575caf1-8a3d-4ae0-8b6e-5caaddb74121";3320;"15";"Erfurt";8;6;2012;0;18;"20120618"
"188.193.244.188";"DE";9.000000;51.000000;"AS31334 Kabel Deutschland Vertrieb und Service GmbH";"mlab1-ham01";0.029287;5784142.468260;"0.004011999";"linux2";"80.239.142.212";"speedtest";1340001031;748555.098617;0.031054;"9f89ee34-a114-46cb-a58c-d520d561108c";31334;"";"";8;6;2012;0;18;"20120618"
"91.35.33.88";"DE";9.433300;54.783300;"AS3320 Deutsche Telekom AG";"mlab1-ham01";0.011707;1409044.968120;"0.004012999";"win32";"80.239.142.212";"speedtest";1340001765;77440.818880;0.015585;"71ef70e0-ac7c-408a-99b6-991bcb0563bb";3320;"10";"Flensburg";8;6;2012;0;18;"20120618"
"77.12.203.52";"DE";13.400000;52.516700;"AS6805 Telefonica Germany GmbH & Co.OHG";"mlab1-ham01";0.057186;1066690.931243;"0.004012999";"darwin";"80.239.142.212";"bittorrent";1340002060;93741.455687;-1.000000;"58702c42-fe45-49c2-94a4-4df8118774bb";6805;"16";"Berlin";8;6;2012;0;18;"20120618"
"93.206.233.146";"DE";8.283300;53.400000;"AS3320 Deutsche Telekom AG";"mlab1-ham01";0.031084;5869529.307609;"0.004011999";"win32";"80.239.142.212";"bittorrent";1340002198;1153885.394351;-1.000000;"540af2e6-2c0b-4173-a8ac-fd971d1b6fcb";3320;"06";"Jade";8;6;2012;0;18;"20120618"
"188.107.5.72";"DE";8.450000;50.133300;"AS3209 Vodafone GmbH";"mlab1-ham01";0.022163;121939.069926;"0.004012999";"win32";"80.239.142.212";"bittorrent";1340002292;13420.945950;-1.000000;"8d185344-90ee-417c-b236-5d9f35178efb";3209;"05";"Kelkheim";8;6;2012;0;18;"20120618"
"77.3.250.96";"DE";8.833300;47.766700;"AS6805 Telefonica Germany GmbH & Co.OHG";"mlab1-ham01";0.038420;1400844.052970;"0.004012999";"darwin";"80.239.142.212";"speedtest";1340002574;112437.086631;0.041477;"7f6dfa2b-14ff-4d0d-8b49-2d9db3f1749a";6805;"01";"Singen";8;6;2012;0;18;"20120618"
"87.79.35.60";"DE";9.000000;51.000000;"AS8422 NetCologne GmbH";"mlab1-ham01";0.012558;2279964.253569;"0.004012999";"linux2";"80.239.142.212";"bittorrent";1340002713;1101403.156023;-1.000000;"13446eb4-e4e6-422f-b8d8-566f1064957c";8422;"";"";8;6;2012;0;18;"20120618"
"93.220.49.47";"DE";13.400000;52.516700;"AS3320 Deutsche Telekom AG";"mlab1-ham01";0.023952;2845718.878010;"0.004012999";"win32";"80.239.142.212";"speedtest";1340002755;1149641.670900;0.023946;"8ac1e576-29fc-4381-9927-cecba6229ca7";3320;"16";"Berlin";8;6;2012;0;18;"20120618"
"82.83.62.103";"DE";9.000000;51.000000;"AS3209 Vodafone GmbH";"mlab1-ham01";0.019909;1671601.667650;"0.004012999";"linux2";"80.239.142.212";"speedtest";1340003099;115688.308907;0.022291;"e7b78883-6949-44d7-bffa-646118b01e16";3209;"";"";9;6;2012;0;18;"20120618"
"95.89.147.151";"DE";7.364900;49.249000;"AS31334 Kabel Deutschland Vertrieb und Service GmbH";"mlab1-ham01";0.032022;664093.337682;"0.004012999";"win32";"80.239.142.212";"speedtest";1340003503;696825.840648;0.057774;"6016980c-587e-4542-a75f-35eac912aa21";31334;"08";"Zweibrücken";9;6;2012;0;18;"20120618"
"88.73.250.177";"DE";11.033300;50.983300;"AS3209 Vodafone GmbH";"mlab1-ham01";0.018171;739499.325043;"0.004010999";"win32";"80.239.142.212";"bittorrent";1340003510;76212.595089;-1.000000;"737c65f9-12e2-47a9-9e14-942857e0d0b6";3209;"15";"Erfurt";9;6;2012;0;18;"20120618"
"77.12.203.52";"DE";13.400000;52.516700;"AS6805 Telefonica Germany GmbH & Co.OHG";"mlab1-ham01";0.056973;1020132.770360;"0.004012999";"darwin";"80.239.142.212";"speedtest";1340003557;93192.185635;0.060784;"58702c42-fe45-49c2-94a4-4df8118774bb";6805;"16";"Berlin";9;6;2012;0;18;"20120618"
"93.206.233.146";"DE";8.283300;53.400000;"AS3320 Deutsche Telekom AG";"mlab1-ham01";0.021127;5650224.626240;"0.004011999";"win32";"80.239.142.212";"speedtest";1340003660;1143272.689670;0.027436;"540af2e6-2c0b-4173-a8ac-fd971d1b6fcb";3320;"06";"Jade";9;6;2012;0;18;"20120618"
"94.219.178.130";"DE";8.647500;49.955300;"AS3209 Vodafone GmbH";"mlab1-ham01";0.019724;1307348.408980;"0.004012999";"darwin";"80.239.142.212";"bittorrent";1340003689;114288.042815;-1.000000;"81629ab0-96cf-48a2-bdd6-429233ae5325";3209;"05";"Erzhausen";9;6;2012;0;18;"20120618"
"79.203.86.53";"DE";11.583300;48.150000;"AS3320 Deutsche Telekom AG";"mlab1-ham01";0.025774;1327828.122460;"0.004012999";"darwin";"80.239.142.212";"speedtest";1340003739;64432.375842;0.027876;"0445411f-1a91-486e-aa99-34aa63e4af95";3320;"02";"Munich";9;6;2012;0;18;"20120618"
"188.107.5.72";"DE";8.450000;50.133300;"AS3209 Vodafone GmbH";"mlab1-ham01";0.022574;120475.087351;"0.004012999";"win32";"80.239.142.212";"speedtest";1340003747;14933.253610;0.038131;"8d185344-90ee-417c-b236-5d9f35178efb";3209;"05";"Kelkheim";9;6;2012;0;18;"20120618"
"82.83.62.103";"DE";9.000000;51.000000;"AS3209 Vodafone GmbH";"mlab1-ham01";0.030388;677971.318918;"0.004012999";"linux2";"80.239.142.212";"bittorrent";1340004692;76667.868129;-1.000000;"e7b78883-6949-44d7-bffa-646118b01e16";3209;"";"";9;6;2012;0;18;"20120618"
"95.89.147.151";"DE";7.364900;49.249000;"AS31334 Kabel Deutschland Vertrieb und Service GmbH";"mlab1-ham01";0.025736;8606503.912015;"0.004012999";"win32";"80.239.142.212";"bittorrent";1340004921;751565.270439;-1.000000;"6016980c-587e-4542-a75f-35eac912aa21";31334;"08";"Zweibrücken";9;6;2012;0;18;"20120618"
"77.12.203.52";"DE";13.400000;52.516700;"AS6805 Telefonica Germany GmbH & Co.OHG";"mlab1-ham01";0.056480;1096999.930062;"0.004012999";"darwin";"80.239.142.212";"bittorrent";1340005058;95283.498439;-1.000000;"58702c42-fe45-49c2-94a4-4df8118774bb";6805;"16";"Berlin";9;6;2012;0;18;"20120618"
"93.206.233.146";"DE";8.283300;53.400000;"AS3320 Deutsche Telekom AG";"mlab1-ham01";0.025651;5845898.662065;"0.004011999";"win32";"80.239.142.212";"bittorrent";1340005123;1152742.550639;-1.000000;"540af2e6-2c0b-4173-a8ac-fd971d1b6fcb";3320;"06";"Jade";9;6;2012;0;18;"20120618"
"46.223.18.206";"DE";8.385800;49.004700;"AS29562 Kabel BW GmbH";"mlab1-ham01";0.032319;1730340.700910;"0.004011999";"win32";"80.239.142.212";"speedtest";1340005179;310136.529003;0.034189;"62a0c3ba-8531-44c5-b8a3-ca82d00981cd";29562;"01";"Karlsruhe";9;6;2012;0;18;"20120618"
"79.203.86.53";"DE";11.583300;48.150000;"AS3320 Deutsche Telekom AG";"mlab1-ham01";0.023294;1374418.185054;"0.004012999";"darwin";"80.239.142.212";"bittorrent";1340005321;79009.562390;-1.000000;"0445411f-1a91-486e-aa99-34aa63e4af95";3320;"02";"Munich";9;6;2012;0;18;"20120618"
"46.115.25.230";"DE";9.000000;51.000000;"AS12638 E-Plus Mobilfunk GmbH & Co. KG";"mlab1-ham01";0.153541;99154.632544;"0.004012999";"darwin";"80.239.142.212";"bittorrent";1340005470;44012.413502;-1.000000;"4baef5fd-7f85-41c9-b289-0d4d24e485da";12638;"";"";9;6;2012;0;18;"20120618"
"87.79.35.60";"DE";9.000000;51.000000;"AS8422 NetCologne GmbH";"mlab1-ham01";0.012060;1855782.633136;"0.004012999";"linux2";"80.239.142.212";"bittorrent";1340005546;1082869.980110;-1.000000;"13446eb4-e4e6-422f-b8d8-566f1064957c";8422;"";"";9;6;2012;0;18;"20120618"
"77.3.250.96";"DE";8.833300;47.766700;"AS6805 Telefonica Germany GmbH & Co.OHG";"mlab1-ham01";0.037323;1194183.371840;"0.004012999";"darwin";"80.239.142.212";"speedtest";1340005688;114441.706949;0.046690;"7f6dfa2b-14ff-4d0d-8b49-2d9db3f1749a";6805;"01";"Singen";9;6;2012;0;18;"20120618"
"93.220.49.47";"DE";13.400000;52.516700;"AS3320 Deutsche Telekom AG";"mlab1-ham01";0.024694;2667521.428850;"0.004012999";"win32";"80.239.142.212";"speedtest";1340005701;988536.410617;0.024007;"8ac1e576-29fc-4381-9927-cecba6229ca7";3320;"16";"Berlin";9;6;2012;0;18;"20120618"
"92.195.115.156";"DE";11.033300;50.983300;"AS20676 QSC AG";"mlab1-ham01";0.547172;23116.717930;"0.004012999";"darwin";"80.239.142.212";"speedtest";1340006179;18373.106709;0.604526;"81014317-071d-48ad-b6b8-adca554fbdf6";20676;"15";"Erfurt";9;6;2012;0;18;"20120618"
"95.89.147.151";"DE";7.364900;49.249000;"AS31334 Kabel Deutschland Vertrieb und Service GmbH";"mlab1-ham01";0.025802;9961767.147770;"0.004012999";"win32";"80.239.142.212";"speedtest";1340006362;622446.932026;0.026868;"6016980c-587e-4542-a75f-35eac912aa21";31334;"08";"Zweibrücken";9;6;2012;0;18;"20120618"
"84.158.46.111";"DE";8.416700;48.433300;"AS3320 Deutsche Telekom AG";"mlab1-ham01";0.065011;704516.842080;"0.004012999";"darwin";"80.239.142.212";"bittorrent";1340006369;65176.379278;-1.000000;"72dec868-fef9-4d06-9cad-b6b2dff41285";3320;"01";"Freudenstadt";9;6;2012;0;18;"20120618"
"91.35.33.88";"DE";9.433300;54.783300;"AS3320 Deutsche Telekom AG";"mlab1-ham01";0.011287;1488582.572188;"0.004012999";"win32";"80.239.142.212";"bittorrent";1340006443;77782.774951;-1.000000;"71ef70e0-ac7c-408a-99b6-991bcb0563bb";3320;"10";"Flensburg";10;6;2012;0;18;"20120618"
"77.12.203.52";"DE";13.400000;52.516700;"AS6805 Telefonica Germany GmbH & Co.OHG";"mlab1-ham01";0.059011;1018656.359650;"0.004012999";"darwin";"80.239.142.212";"speedtest";1340006556;92552.032254;0.065192;"58702c42-fe45-49c2-94a4-4df8118774bb";6805;"16";"Berlin";10;6;2012;0;18;"20120618"
"93.206.233.146";"DE";8.283300;53.400000;"AS3320 Deutsche Telekom AG";"mlab1-ham01";0.019573;5640427.602220;"0.004011999";"win32";"80.239.142.212";"speedtest";1340006585;1142154.677710;0.021026;"540af2e6-2c0b-4173-a8ac-fd971d1b6fcb";3320;"06";"Jade";10;6;2012;0;18;"20120618"
"46.223.18.206";"DE";8.385800;49.004700;"AS29562 Kabel BW GmbH";"mlab1-ham01";0.043470;1382295.498353;"0.004011999";"win32";"80.239.142.212";"bittorrent";1340006602;304034.448847;-1.000000;"62a0c3ba-8531-44c5-b8a3-ca82d00981cd";29562;"01";"Karlsruhe";10;6;2012;0;18;"20120618"
"87.179.66.249";"DE";11.033300;50.983300;"AS3320 Deutsche Telekom AG";"mlab1-ham01";0.017028;1749341.429670;"0.004011999";"linux2";"80.239.142.212";"speedtest";1340006677;121230.010530;0.020290;"0575caf1-8a3d-4ae0-8b6e-5caaddb74121";3320;"15";"Erfurt";10;6;2012;0;18;"20120618"
"178.13.177.34";"DE";9.000000;51.000000;"AS3209 Vodafone GmbH";"mlab1-ham01";0.097027;750270.581530;"0.004005999";"linux2";"80.239.142.212";"speedtest";1340006794;149705.820330;0.076247;"d80ec3cc-e940-4362-bb5a-c2bf17a6fd0d";3209;"";"";10;6;2012;0;18;"20120618"
"79.203.86.53";"DE";11.583300;48.150000;"AS3320 Deutsche Telekom AG";"mlab1-ham01";0.025169;1334461.581420;"0.004012999";"darwin";"80.239.142.212";"speedtest";1340006900;102639.774876;0.027383;"0445411f-1a91-486e-aa99-34aa63e4af95";3320;"02";"Munich";10;6;2012;0;18;"20120618"
"93.220.49.47";"DE";13.400000;52.516700;"AS3320 Deutsche Telekom AG";"mlab1-ham01";0.023567;2771185.140357;"0.004012999";"win32";"80.239.142.212";"bittorrent";1340007170;968947.057833;-1.000000;"8ac1e576-29fc-4381-9927-cecba6229ca7";3320;"16";"Berlin";10;6;2012;0;18;"20120618"
"77.3.250.96";"DE";8.833300;47.766700;"AS6805 Telefonica Germany GmbH & Co.OHG";"mlab1-ham01";0.038748;1576871.695110;"0.004012999";"darwin";"80.239.142.212";"bittorrent";1340007245;120829.725296;-1.000000;"7f6dfa2b-14ff-4d0d-8b49-2d9db3f1749a";6805;"01";"Singen";10;6;2012;0;18;"20120618"
"88.73.250.177";"DE";11.033300;50.983300;"AS3209 Vodafone GmbH";"mlab1-ham01";0.018102;727375.793734;"0.004010999";"win32";"80.239.142.212";"speedtest";1340007791;76458.646274;0.021224;"737c65f9-12e2-47a9-9e14-942857e0d0b6";3209;"15";"Erfurt";10;6;2012;0;18;"20120618"
"94.219.178.130";"DE";8.647500;49.955300;"AS3209 Vodafone GmbH";"mlab1-ham01";0.019169;1347344.132340;"0.004012999";"darwin";"80.239.142.212";"speedtest";1340007928;97483.109306;0.022310;"81629ab0-96cf-48a2-bdd6-429233ae5325";3209;"05";"Erzhausen";10;6;2012;0;18;"20120618"
"77.23.61.29";"DE";9.000000;51.000000;"AS31334 Kabel Deutschland Vertrieb und Service GmbH";"mlab1-ham01";0.021246;1932299.434755;"0.004012999";"win32";"80.239.142.212";"bittorrent";1340007979;55804.287860;-1.000000;"898e2e06-ef2e-44fb-aafd-ae145f8e32af";31334;"";"";10;6;2012;0;18;"20120618"
"91.61.73.174";"DE";13.400000;52.516700;"AS3320 Deutsche Telekom AG";"mlab1-ham01";0.025473;1043865.860866;"0.004012999";"darwin";"80.239.142.212";"bittorrent";1340007991;709752.401765;-1.000000;"f3adc558-a824-40b0-b105-5a7c00397169";3320;"16";"Berlin";10;6;2012;0;18;"20120618"
"46.223.18.206";"DE";8.385800;49.004700;"AS29562 Kabel BW GmbH";"mlab1-ham01";0.031683;1842256.695380;"0.004011999";"win32";"80.239.142.212";"speedtest";1340008005;310877.381474;0.031988;"62a0c3ba-8531-44c5-b8a3-ca82d00981cd";29562;"01";"Karlsruhe";10;6;2012;0;18;"20120618"
"93.206.233.146";"DE";8.283300;53.400000;"AS3320 Deutsche Telekom AG";"mlab1-ham01";0.058315;5720017.083842;"0.004011999";"win32";"80.239.142.212";"bittorrent";1340008049;1153659.380061;-1.000000;"540af2e6-2c0b-4173-a8ac-fd971d1b6fcb";3320;"06";"Jade";10;6;2012;0;18;"20120618"
"178.13.177.34";"DE";9.000000;51.000000;"AS3209 Vodafone GmbH";"mlab1-ham01";0.073415;864292.165566;"0.004005999";"linux2";"80.239.142.212";"bittorrent";1340008214;148387.213294;-1.000000;"d80ec3cc-e940-4362-bb5a-c2bf17a6fd0d";3209;"";"";10;6;2012;0;18;"20120618"
"46.115.25.230";"DE";9.000000;51.000000;"AS12638 E-Plus Mobilfunk GmbH & Co. KG";"mlab1-ham01";0.153235;82596.893064;"0.004012999";"darwin";"80.239.142.212";"bittorrent";1340008352;39826.910010;-1.000000;"4baef5fd-7f85-41c9-b289-0d4d24e485da";12638;"";"";10;6;2012;0;18;"20120618"
"87.79.35.60";"DE";9.000000;51.000000;"AS8422 NetCologne GmbH";"mlab1-ham01";0.012510;1734324.137838;"0.004012999";"linux2";"80.239.142.212";"bittorrent";1340008373;1132097.034899;-1.000000;"13446eb4-e4e6-422f-b8d8-566f1064957c";8422;"";"";10;6;2012;0;18;"20120618"
"62.156.232.10";"DE";9.000000;51.000000;"AS3320 Deutsche Telekom AG";"mlab1-ham01";0.014081;509016.709242;"0.004012999";"win32";"80.239.142.212";"speedtest";1340008448;506982.489180;0.017320;"83f9ba8d-8067-4f2a-8263-4ffb47c33144";3320;"";"";10;6;2012;0;18;"20120618"
"87.169.239.50";"DE";13.400000;52.516700;"AS3320 Deutsche Telekom AG";"mlab1-ham01";0.023255;4895251.179110;"0.004012999";"darwin";"80.239.142.212";"speedtest";1340008648;1024794.377810;0.024067;"f7e74337-5111-4d6a-a11a-2ef4a0c4db50";3320;"16";"Berlin";10;6;2012;0;18;"20120618"
"77.3.250.96";"DE";8.833300;47.766700;"AS6805 Telefonica Germany GmbH & Co.OHG";"mlab1-ham01";0.037570;1451143.600880;"0.004012999";"darwin";"80.239.142.212";"speedtest";1340008799;109671.537338;0.040601;"7f6dfa2b-14ff-4d0d-8b49-2d9db3f1749a";6805;"01";"Singen";10;6;2012;0;18;"20120618"
"93.219.83.124";"DE";13.066700;52.400000;"AS3320 Deutsche Telekom AG";"mlab1-ham01";0.021607;5800508.924050;"0.004012999";"linux2";"80.239.142.212";"bittorrent";1340008884;1047204.658879;-1.000000;"2522fb79-4e59-4c68-b014-2c4570739a62";3320;"11";"Potsdam";10;6;2012;0;18;"20120618"
"217.16.163.156";"DE";12.000000;51.366700;"AS35515 EVH GmbH";"mlab1-ham01";0.036682;186249.743455;"0.004012999";"linux2";"80.239.142.212";"speedtest";1340008999;170764.041019;0.037771;"5f387d5d-8687-4aab-81d1-a234c3553052";35515;"14";"Merseburg";10;6;2012;0;18;"20120618"
"82.83.62.103";"DE";9.000000;51.000000;"AS3209 Vodafone GmbH";"mlab1-ham01";0.022168;1620610.182840;"0.004012999";"linux2";"80.239.142.212";"speedtest";1340009447;102895.454767;0.022302;"e7b78883-6949-44d7-bffa-646118b01e16";3209;"";"";10;6;2012;0;18;"20120618"
"91.66.87.178";"DE";13.400000;52.516700;"AS31334 Kabel Deutschland Vertrieb und Service GmbH";"mlab1-ham01";0.014354;11686657.401812;"0.004012999";"darwin";"80.239.142.212";"bittorrent";1340009522;756942.980195;-1.000000;"d03b38da-49e8-4c70-9004-63c1ff3bdde1";31334;"16";"Berlin";10;6;2012;0;18;"20120618"
"87.179.66.249";"DE";11.033300;50.983300;"AS3320 Deutsche Telekom AG";"mlab1-ham01";0.016736;1734755.140740;"0.004011999";"linux2";"80.239.142.212";"speedtest";1340009538;121359.759306;0.019815;"0575caf1-8a3d-4ae0-8b6e-5caaddb74121";3320;"15";"Erfurt";10;6;2012;0;18;"20120618"
"178.13.177.34";"DE";9.000000;51.000000;"AS3209 Vodafone GmbH";"mlab1-ham01";0.085044;785365.821183;"0.004005999";"linux2";"80.239.142.212";"speedtest";1340009633;152270.713181;0.075218;"d80ec3cc-e940-4362-bb5a-c2bf17a6fd0d";3209;"";"";10;6;2012;0;18;"20120618"
"93.220.68.160";"DE";13.400000;52.516700;"AS3320 Deutsche Telekom AG";"mlab1-ham01";0.024604;3747989.469060;"0.004012999";"darwin";"80.239.142.212";"speedtest";1340009648;1134830.517800;0.026032;"9de2d56c-dfa2-4877-9f8f-efbec5d2eb54";3320;"16";"Berlin";10;6;2012;0;18;"20120618"
"188.107.5.72";"DE";8.450000;50.133300;"AS3209 Vodafone GmbH";"mlab1-ham01";0.022614;121839.197670;"0.004012999";"win32";"80.239.142.212";"speedtest";1340009669;14797.503947;0.040631;"8d185344-90ee-417c-b236-5d9f35178efb";3209;"05";"Kelkheim";10;6;2012;0;18;"20120618"
"62.156.232.10";"DE";9.000000;51.000000;"AS3320 Deutsche Telekom AG";"mlab1-ham01";0.014313;530306.540604;"0.004012999";"win32";"80.239.142.212";"bittorrent";1340009962;508209.908192;-1.000000;"83f9ba8d-8067-4f2a-8263-4ffb47c33144";3320;"";"";10;6;2012;0;18;"20120618"
"93.203.195.87";"DE";11.583300;48.150000;"AS3320 Deutsche Telekom AG";"mlab1-ham01";0.034656;3513025.854960;"0.004011999";"win32";"80.239.142.212";"speedtest";1340010116;898926.496187;0.035900;"627b8c63-1d61-4f22-9e44-28d71cc70e2e";3320;"02";"Munich";11;6;2012;0;18;"20120618"
"77.3.250.96";"DE";8.833300;47.766700;"AS6805 Telefonica Germany GmbH & Co.OHG";"mlab1-ham01";0.036591;1545442.861402;"0.004012999";"darwin";"80.239.142.212";"bittorrent";1340010360;114504.138513;-1.000000;"7f6dfa2b-14ff-4d0d-8b49-2d9db3f1749a";6805;"01";"Singen";11;6;2012;0;18;"20120618"
"109.91.66.24";"DE";9.000000;51.000000;"AS20825 Unitymedia NRW GmbH";"mlab1-ham01";0.021338;1824652.046865;"0.004012999";"darwin";"80.239.142.212";"bittorrent";1340010466;242978.306851;-1.000000;"d24c6cd0-970f-43da-b704-169ffc4c3edd";20825;"";"";11;6;2012;0;18;"20120618"
"95.89.147.151";"DE";7.364900;49.249000;"AS31334 Kabel Deutschland Vertrieb und Service GmbH";"mlab1-ham01";0.025545;8701492.713728;"0.004012999";"win32";"80.239.142.212";"bittorrent";1340010620;756405.099874;-1.000000;"6016980c-587e-4542-a75f-35eac912aa21";31334;"08";"Zweibrücken";11;6;2012;0;18;"20120618"
"88.73.250.177";"DE";11.033300;50.983300;"AS3209 Vodafone GmbH";"mlab1-ham01";0.017119;727786.864463;"0.004010999";"win32";"80.239.142.212";"speedtest";1340010648;76692.163801;0.021064;"737c65f9-12e2-47a9-9e14-942857e0d0b6";3209;"15";"Erfurt";11;6;2012;0;18;"20120618"
"94.219.178.130";"DE";8.647500;49.955300;"AS3209 Vodafone GmbH";"mlab1-ham01";0.019037;1409562.639830;"0.004012999";"darwin";"80.239.142.212";"speedtest";1340010755;97494.919927;0.021874;"81629ab0-96cf-48a2-bdd6-429233ae5325";3209;"05";"Erzhausen";11;6;2012;0;18;"20120618"
"46.223.18.206";"DE";8.385800;49.004700;"AS29562 Kabel BW GmbH";"mlab1-ham01";0.030772;1852095.206570;"0.004011999";"win32";"80.239.142.212";"speedtest";1340010825;312578.950934;0.031792;"62a0c3ba-8531-44c5-b8a3-ca82d00981cd";29562;"01";"Karlsruhe";11;6;2012;0;18;"20120618"
"91.66.87.178";"DE";13.400000;52.516700;"AS31334 Kabel Deutschland Vertrieb und Service GmbH";"mlab1-ham01";0.015032;11329675.804700;"0.004012999";"darwin";"80.239.142.212";"speedtest";1340010987;700464.573862;0.018082;"d03b38da-49e8-4c70-9004-63c1ff3bdde1";31334;"16";"Berlin";11;6;2012;0;18;"20120618"
"188.107.5.72";"DE";8.450000;50.133300;"AS3209 Vodafone GmbH";"mlab1-ham01";0.022873;130772.050917;"0.004012999";"win32";"80.239.142.212";"bittorrent";1340011151;14358.912326;-1.000000;"8d185344-90ee-417c-b236-5d9f35178efb";3209;"05";"Kelkheim";11;6;2012;0;18;"20120618"
"46.115.25.230";"DE";9.000000;51.000000;"AS12638 E-Plus Mobilfunk GmbH & Co. KG";"mlab1-ham01";0.555790;176448.910632;"0.004012999";"darwin";"80.239.142.212";"bittorrent";1340011200;40889.104352;-1.000000;"4baef5fd-7f85-41c9-b289-0d4d24e485da";12638;"";"";11;6;2012;0;18;"20120618"
"46.223.18.206";"DE";8.385800;49.004700;"AS29562 Kabel BW GmbH";"mlab1-ham01";0.047093;1823675.090361;"0.004012999";"win32";"80.239.142.212";"bittorrent";1340011358;313491.250336;-1.000000;"62a0c3ba-8531-44c5-b8a3-ca82d00981cd";29562;"01";"Karlsruhe";11;6;2012;0;18;"20120618"
"87.169.239.50";"DE";13.400000;52.516700;"AS3320 Deutsche Telekom AG";"mlab1-ham01";0.023711;4699570.252500;"0.004012999";"darwin";"80.239.142.212";"speedtest";1340011497;1023484.108590;0.025356;"f7e74337-5111-4d6a-a11a-2ef4a0c4db50";3320;"16";"Berlin";11;6;2012;0;18;"20120618"
"77.22.67.251";"DE";10.650000;52.250000;"AS31334 Kabel Deutschland Vertrieb und Service GmbH";"mlab1-ham01";0.023143;2070627.093340;"0.004012999";"win32";"80.239.142.212";"bittorrent";1340011551;759518.329459;-1.000000;"c1c874f5-0b6d-404d-8ecb-238232884c73";31334;"06";"Cremlingen";11;6;2012;0;18;"20120618"
"217.16.163.156";"DE";12.000000;51.366700;"AS35515 EVH GmbH";"mlab1-ham01";0.035115;254847.333195;"0.004012999";"linux2";"80.239.142.212";"speedtest";1340011961;173369.613770;0.036043;"5f387d5d-8687-4aab-81d1-a234c3553052";35515;"14";"Merseburg";11;6;2012;0;18;"20120618"
"77.21.138.42";"DE";9.715300;52.342500;"AS31334 Kabel Deutschland Vertrieb und Service GmbH";"mlab1-ham01";0.025656;1873808.903920;"0.004012999";"darwin";"80.239.142.212";"speedtest";1340012006;724769.383203;0.027821;"e28849dc-5e1b-4b79-a681-712c312f5816";31334;"06";"Hanover";11;6;2012;0;18;"20120618"
"95.89.147.151";"DE";7.364900;49.249000;"AS31334 Kabel Deutschland Vertrieb und Service GmbH";"mlab1-ham01";0.025900;7419689.774920;"0.004012999";"win32";"80.239.142.212";"speedtest";1340012045;605880.363162;0.029486;"6016980c-587e-4542-a75f-35eac912aa21";31334;"08";"Zweibrücken";11;6;2012;0;18;"20120618"
"77.87.48.248";"DE";9.000000;51.000000;"AS44194 Foerderverein Freie Netzwerke e.V.";"mlab1-ham01";0.073520;246046.964791;"0.004012999";"linux2";"80.239.142.212";"speedtest";1340012065;234282.022589;0.078600;"758cc354-ac16-4a47-90b8-16db3465444a";44194;"";"";11;6;2012;0;18;"20120618"
"109.91.66.24";"DE";9.000000;51.000000;"AS20825 Unitymedia NRW GmbH";"mlab1-ham01";0.020642;1926592.198650;"0.004012999";"darwin";"80.239.142.212";"speedtest";1340012094;242334.339285;0.024379;"d24c6cd0-970f-43da-b704-169ffc4c3edd";20825;"";"";11;6;2012;0;18;"20120618"
"93.206.233.146";"DE";8.283300;53.400000;"AS3320 Deutsche Telekom AG";"mlab1-ham01";0.024711;5493677.935040;"0.004011999";"win32";"80.239.142.212";"speedtest";1340012438;1142781.447570;0.021203;"540af2e6-2c0b-4173-a8ac-fd971d1b6fcb";3320;"06";"Jade";11;6;2012;0;18;"20120618"
"87.178.105.210";"DE";11.833300;48.083300;"AS3320 Deutsche Telekom AG";"mlab1-ham01";0.057390;646358.366069;"0.004012999";"darwin";"80.239.142.212";"speedtest";1340012575;66406.498460;0.068545;"f3523021-8b10-4afd-9dda-2ac916ad4c9a";3320;"02";"Zorneding";11;6;2012;0;18;"20120618"
"77.12.203.52";"DE";13.400000;52.516700;"AS6805 Telefonica Germany GmbH & Co.OHG";"mlab1-ham01";0.057914;1073795.716280;"0.004012999";"darwin";"80.239.142.212";"speedtest";1340012580;85764.540393;0.060813;"58702c42-fe45-49c2-94a4-4df8118774bb";6805;"16";"Berlin";11;6;2012;0;18;"20120618"
"82.83.62.103";"DE";9.000000;51.000000;"AS3209 Vodafone GmbH";"mlab1-ham01";0.028104;1108197.235710;"0.004012999";"linux2";"80.239.142.212";"speedtest";1340012618;107593.947066;0.028260;"e7b78883-6949-44d7-bffa-646118b01e16";3209;"";"";11;6;2012;0;18;"20120618"
"46.115.25.230";"DE";9.000000;51.000000;"AS12638 E-Plus Mobilfunk GmbH & Co. KG";"mlab1-ham01";0.159602;96418.406904;"0.004012999";"darwin";"80.239.142.212";"speedtest";1340012621;12988.070885;0.414371;"4baef5fd-7f85-41c9-b289-0d4d24e485da";12638;"";"";11;6;2012;0;18;"20120618"
"141.23.78.212";"DE";13.400000;52.516700;"AS680 Verein zur Foerderung eines Deutschen Forschungsnetzes e.V.";"mlab1-ham01";0.010177;4966926.463901;"0.004012999";"win32";"80.239.142.212";"bittorrent";1340012914;7931840.278749;-1.000000;"e41d9ff4-7130-4221-98c3-80b15c14f890";680;"16";"Berlin";11;6;2012;0;18;"20120618"
"62.156.232.10";"DE";9.000000;51.000000;"AS3320 Deutsche Telekom AG";"mlab1-ham01";0.013993;491452.947831;"0.004012999";"win32";"80.239.142.212";"bittorrent";1340012990;492405.547322;-1.000000;"83f9ba8d-8067-4f2a-8263-4ffb47c33144";3320;"";"";11;6;2012;0;18;"20120618"
"93.203.195.87";"DE";11.583300;48.150000;"AS3320 Deutsche Telekom AG";"mlab1-ham01";0.044593;4173819.436690;"0.004011999";"win32";"80.239.142.212";"speedtest";1340013059;976842.913343;0.035338;"627b8c63-1d61-4f22-9e44-28d71cc70e2e";3320;"02";"Munich";11;6;2012;0;18;"20120618"
"79.203.86.53";"DE";11.583300;48.150000;"AS3320 Deutsche Telekom AG";"mlab1-ham01";0.024308;1327874.837770;"0.004012999";"darwin";"80.239.142.212";"speedtest";1340013238;56689.816671;0.027463;"0445411f-1a91-486e-aa99-34aa63e4af95";3320;"02";"Munich";11;6;2012;0;18;"20120618"
"141.89.226.149";"DE";13.066700;52.400000;"AS680 Verein zur Foerderung eines Deutschen Forschungsnetzes e.V.";"mlab1-ham01";0.007414;2531916.020530;"0.004012999";"linux2";"80.239.142.212";"speedtest";1340013272;1899081.874030;0.009928;"853327e0-d084-49a5-a5df-81d9281ed740";680;"11";"Potsdam";11;6;2012;0;18;"20120618"
"84.158.46.111";"DE";8.416700;48.433300;"AS3320 Deutsche Telekom AG";"mlab1-ham01";0.062880;685578.201101;"0.004012999";"darwin";"80.239.142.212";"bittorrent";1340013359;65179.580407;-1.000000;"72dec868-fef9-4d06-9cad-b6b2dff41285";3320;"01";"Freudenstadt";11;6;2012;0;18;"20120618"
"77.3.250.96";"DE";8.833300;47.766700;"AS6805 Telefonica Germany GmbH & Co.OHG";"mlab1-ham01";0.209048;1452170.080450;"0.004012999";"darwin";"80.239.142.212";"bittorrent";1340013475;119485.746490;-1.000000;"7f6dfa2b-14ff-4d0d-8b49-2d9db3f1749a";6805;"01";"Singen";11;6;2012;0;18;"20120618"
"217.225.248.89";"DE";13.400000;52.516700;"AS3320 Deutsche Telekom AG";"mlab1-ham01";0.013197;1786128.872667;"0.004012999";"darwin";"80.239.142.212";"bittorrent";1340013480;124502.963768;-1.000000;"b2df2747-03e6-4404-a510-841b2f7a2b4f";3320;"16";"Berlin";11;6;2012;0;18;"20120618"
"88.73.250.177";"DE";11.033300;50.983300;"AS3209 Vodafone GmbH";"mlab1-ham01";0.018470;727606.805892;"0.004010999";"win32";"80.239.142.212";"speedtest";1340013505;76726.255087;0.021250;"737c65f9-12e2-47a9-9e14-942857e0d0b6";3209;"15";"Erfurt";11;6;2012;0;18;"20120618"
"93.219.83.124";"DE";13.066700;52.400000;"AS3320 Deutsche Telekom AG";"mlab1-ham01";0.022303;4827480.996070;"0.004012999";"linux2";"80.239.142.212";"speedtest";1340013640;1029887.150290;0.022710;"2522fb79-4e59-4c68-b014-2c4570739a62";3320;"11";"Potsdam";12;6;2012;0;18;"20120618"
"87.143.16.198";"DE";11.100000;51.150000;"AS3320 Deutsche Telekom AG";"mlab1-ham01";0.032968;1271592.848753;"0.004012999";"darwin";"80.239.142.212";"bittorrent";1340013692;90093.020993;-1.000000;"95120f16-54c4-4444-b2d8-e87391844949";3320;"15";"Sömmerda";12;6;2012;0;18;"20120618"
"109.91.66.24";"DE";9.000000;51.000000;"AS20825 Unitymedia NRW GmbH";"mlab1-ham01";0.020209;1965599.990111;"0.004012999";"darwin";"80.239.142.212";"bittorrent";1340013722;242606.359000;-1.000000;"d24c6cd0-970f-43da-b704-169ffc4c3edd";20825;"";"";12;6;2012;0;18;"20120618"
"77.23.61.29";"DE";9.000000;51.000000;"AS31334 Kabel Deutschland Vertrieb und Service GmbH";"mlab1-ham01";0.025450;2512816.947562;"0.004012999";"win32";"80.239.142.212";"bittorrent";1340013888;56254.830695;-1.000000;"898e2e06-ef2e-44fb-aafd-ae145f8e32af";31334;"";"";12;6;2012;0;18;"20120618"
"91.66.87.178";"DE";13.400000;52.516700;"AS31334 Kabel Deutschland Vertrieb und Service GmbH";"mlab1-ham01";0.016879;7644739.134950;"0.004012999";"darwin";"80.239.142.212";"speedtest";1340013923;753194.317400;0.020669;"d03b38da-49e8-4c70-9004-63c1ff3bdde1";31334;"16";"Berlin";12;6;2012;0;18;"20120618"
"188.107.5.72";"DE";8.450000;50.133300;"AS3209 Vodafone GmbH";"mlab1-ham01";0.023533;130188.626672;"0.004012999";"win32";"80.239.142.212";"bittorrent";1340014086;14546.317401;-1.000000;"8d185344-90ee-417c-b236-5d9f35178efb";3209;"05";"Kelkheim";12;6;2012;0;18;"20120618"
"91.61.73.174";"DE";13.400000;52.516700;"AS3320 Deutsche Telekom AG";"mlab1-ham01";0.026047;2409867.778453;"0.004012999";"darwin";"80.239.142.212";"bittorrent";1340014245;1031811.846987;-1.000000;"f3adc558-a824-40b0-b105-5a7c00397169";3320;"16";"Berlin";12;6;2012;0;18;"20120618"
"87.169.239.50";"DE";13.400000;52.516700;"AS3320 Deutsche Telekom AG";"mlab1-ham01";0.025075;4754234.560450;"0.004012999";"darwin";"80.239.142.212";"speedtest";1340014347;1033760.819380;0.025453;"f7e74337-5111-4d6a-a11a-2ef4a0c4db50";3320;"16";"Berlin";12;6;2012;0;18;"20120618"
"93.203.195.87";"DE";11.583300;48.150000;"AS3320 Deutsche Telekom AG";"mlab1-ham01";0.044792;5425809.335356;"0.004011999";"win32";"80.239.142.212";"bittorrent";1340014527;1000653.883311;-1.000000;"627b8c63-1d61-4f22-9e44-28d71cc70e2e";3320;"02";"Munich";12;6;2012;0;18;"20120618"
"217.16.163.156";"DE";12.000000;51.366700;"AS35515 EVH GmbH";"mlab1-ham01";0.035436;268372.882335;"0.004012999";"linux2";"80.239.142.212";"speedtest";1340014924;173120.259820;0.036105;"5f387d5d-8687-4aab-81d1-a234c3553052";35515;"14";"Merseburg";12;6;2012;0;18;"20120618"
"88.73.250.177";"DE";11.033300;50.983300;"AS3209 Vodafone GmbH";"mlab1-ham01";0.017884;702310.500730;"0.004010999";"win32";"80.239.142.212";"bittorrent";1340014937;76228.255591;-1.000000;"737c65f9-12e2-47a9-9e14-942857e0d0b6";3209;"15";"Erfurt";12;6;2012;0;18;"20120618"
"94.219.178.130";"DE";8.647500;49.955300;"AS3209 Vodafone GmbH";"mlab1-ham01";0.018507;1427989.219988;"0.004012999";"darwin";"80.239.142.212";"bittorrent";1340014998;112845.060488;-1.000000;"81629ab0-96cf-48a2-bdd6-429233ae5325";3209;"05";"Erzhausen";12;6;2012;0;18;"20120618"
"217.225.248.89";"DE";13.400000;52.516700;"AS3320 Deutsche Telekom AG";"mlab1-ham01";0.034203;1739702.210890;"0.004012999";"darwin";"80.239.142.212";"speedtest";1340015092;124020.173822;0.016984;"b2df2747-03e6-4404-a510-841b2f7a2b4f";3320;"16";"Berlin";12;6;2012;0;18;"20120618"
"87.143.16.198";"DE";11.100000;51.150000;"AS3320 Deutsche Telekom AG";"mlab1-ham01";0.032902;1208723.292600;"0.004012999";"darwin";"80.239.142.212";"speedtest";1340015135;92675.743538;0.036283;"95120f16-54c4-4444-b2d8-e87391844949";3320;"15";"Sömmerda";12;6;2012;0;18;"20120618"
"87.179.66.249";"DE";11.033300;50.983300;"AS3320 Deutsche Telekom AG";"mlab1-ham01";0.016993;1711993.412340;"0.004011999";"linux2";"80.239.142.212";"speedtest";1340015261;116826.550956;0.021147;"0575caf1-8a3d-4ae0-8b6e-5caaddb74121";3320;"15";"Erfurt";12;6;2012;0;18;"20120618"
"77.23.61.29";"DE";9.000000;51.000000;"AS31334 Kabel Deutschland Vertrieb und Service GmbH";"mlab1-ham01";0.021374;2408222.816600;"0.004012999";"win32";"80.239.142.212";"speedtest";1340015340;59039.988093;0.023200;"898e2e06-ef2e-44fb-aafd-ae145f8e32af";31334;"";"";12;6;2012;0;18;"20120618"
"93.206.233.146";"DE";8.283300;53.400000;"AS3320 Deutsche Telekom AG";"mlab1-ham01";0.019162;5658792.042440;"0.004011999";"win32";"80.239.142.212";"speedtest";1340015365;1074600.368680;0.023052;"540af2e6-2c0b-4173-a8ac-fd971d1b6fcb";3320;"06";"Jade";12;6;2012;0;18;"20120618"
"46.115.25.230";"DE";9.000000;51.000000;"AS12638 E-Plus Mobilfunk GmbH & Co. KG";"mlab1-ham01";0.264768;102595.244099;"0.004012999";"darwin";"80.239.142.212";"speedtest";1340015467;13211.763166;0.448001;"4baef5fd-7f85-41c9-b289-0d4d24e485da";12638;"";"";12;6;2012;0;18;"20120618"
"188.101.90.244";"DE";7.439400;51.380100;"AS3209 Vodafone GmbH";"mlab1-ham01";0.015978;354270.170556;"0.004012999";"linux2";"80.239.142.212";"bittorrent";1340015767;76401.319238;-1.000000;"1ff4cb94-d263-4238-8a05-89a9dd938d1c";3209;"07";"Hagen";12;6;2012;0;18;"20120618"
"87.169.239.50";"DE";13.400000;52.516700;"AS3320 Deutsche Telekom AG";"mlab1-ham01";0.025802;5081499.887447;"0.004012999";"darwin";"80.239.142.212";"bittorrent";1340015772;1036172.433797;-1.000000;"f7e74337-5111-4d6a-a11a-2ef4a0c4db50";3320;"16";"Berlin";12;6;2012;0;18;"20120618"
"92.224.186.239";"DE";7.450000;51.516700;"AS13184 Telefonica Germany GmbH & Co.OHG";"mlab1-ham01";0.054802;975393.356418;"0.004012999";"linux2";"80.239.142.212";"speedtest";1340015785;115277.498247;0.056746;"4461622b-002e-4033-b06e-34562c12f1f2";13184;"07";"Dortmund";12;6;2012;0;18;"20120618"
"93.203.195.87";"DE";11.583300;48.150000;"AS3320 Deutsche Telekom AG";"mlab1-ham01";0.045245;4292192.031580;"0.004011999";"win32";"80.239.142.212";"speedtest";1340015998;943950.335684;0.035945;"627b8c63-1d61-4f22-9e44-28d71cc70e2e";3320;"02";"Munich";12;6;2012;0;18;"20120618"
"88.73.250.177";"DE";11.033300;50.983300;"AS3209 Vodafone GmbH";"mlab1-ham01";0.019006;725337.184202;"0.004010999";"win32";"80.239.142.212";"speedtest";1340016362;76460.955944;0.022700;"737c65f9-12e2-47a9-9e14-942857e0d0b6";3209;"15";"Erfurt";12;6;2012;0;18;"20120618"
"217.16.163.156";"DE";12.000000;51.366700;"AS35515 EVH GmbH";"mlab1-ham01";0.034942;263919.232318;"0.004012999";"linux2";"80.239.142.212";"bittorrent";1340016408;170793.952357;-1.000000;"5f387d5d-8687-4aab-81d1-a234c3553052";35515;"14";"Merseburg";12;6;2012;0;18;"20120618"
"77.21.138.42";"DE";9.715300;52.342500;"AS31334 Kabel Deutschland Vertrieb und Service GmbH";"mlab1-ham01";0.023681;2286738.413966;"0.004012999";"darwin";"80.239.142.212";"bittorrent";1340016444;743462.086489;-1.000000;"e28849dc-5e1b-4b79-a681-712c312f5816";31334;"06";"Hanover";12;6;2012;0;18;"20120618"
"87.143.16.198";"DE";11.100000;51.150000;"AS3320 Deutsche Telekom AG";"mlab1-ham01";0.033458;1273681.880580;"0.004012999";"darwin";"80.239.142.212";"bittorrent";1340016582;91796.015406;-1.000000;"95120f16-54c4-4444-b2d8-e87391844949";3320;"15";"Sömmerda";12;6;2012;0;18;"20120618"
"78.54.81.245";"DE";9.935300;53.550300;"AS13184 Telefonica Germany GmbH & Co.OHG";"mlab1-ham01";0.024929;642187.213271;"0.004012999";"darwin";"80.239.142.212";"bittorrent";1340016643;78365.164588;-1.000000;"6875689a-fe8f-4f49-a0c9-e1f77ed45792";13184;"04";"Hamburg";12;6;2012;0;18;"20120618"
"178.13.177.34";"DE";9.000000;51.000000;"AS3209 Vodafone GmbH";"mlab1-ham01";0.068565;882273.658130;"0.004005999";"linux2";"80.239.142.212";"bittorrent";1340016735;145898.207013;-1.000000;"d80ec3cc-e940-4362-bb5a-c2bf17a6fd0d";3209;"";"";12;6;2012;0;18;"20120618"
"77.23.61.29";"DE";9.000000;51.000000;"AS31334 Kabel Deutschland Vertrieb und Service GmbH";"mlab1-ham01";0.022362;2492717.810114;"0.004012999";"win32";"80.239.142.212";"bittorrent";1340016842;56204.633066;-1.000000;"898e2e06-ef2e-44fb-aafd-ae145f8e32af";31334;"";"";12;6;2012;0;18;"20120618"
"46.223.18.206";"DE";8.385800;49.004700;"AS29562 Kabel BW GmbH";"mlab1-ham01";0.032061;1464099.954233;"0.004012999";"win32";"80.239.142.212";"bittorrent";1340016964;314088.307053;-1.000000;"62a0c3ba-8531-44c5-b8a3-ca82d00981cd";29562;"01";"Karlsruhe";12;6;2012;0;18;"20120618"
"92.195.115.156";"DE";11.033300;50.983300;"AS20676 QSC AG";"mlab1-ham01";3.244856;15068.108824;"0.004012999";"darwin";"80.239.142.212";"bittorrent";1340017069;16350.927897;-1.000000;"81014317-071d-48ad-b6b8-adca554fbdf6";20676;"15";"Erfurt";12;6;2012;0;18;"20120618"
"77.12.203.52";"DE";13.400000;52.516700;"AS6805 Telefonica Germany GmbH & Co.OHG";"mlab1-ham01";0.057122;1095679.576653;"0.004012999";"darwin";"80.239.142.212";"bittorrent";1340017086;93987.244768;-1.000000;"58702c42-fe45-49c2-94a4-4df8118774bb";6805;"16";"Berlin";12;6;2012;0;18;"20120618"
"87.169.239.50";"DE";13.400000;52.516700;"AS3320 Deutsche Telekom AG";"mlab1-ham01";0.024567;4890099.629440;"0.004012999";"darwin";"80.239.142.212";"speedtest";1340017196;1032866.988020;0.025483;"f7e74337-5111-4d6a-a11a-2ef4a0c4db50";3320;"16";"Berlin";12;6;2012;0;18;"20120618"
"92.224.186.239";"DE";7.450000;51.516700;"AS13184 Telefonica Germany GmbH & Co.OHG";"mlab1-ham01";0.054703;953043.879752;"0.004012999";"linux2";"80.239.142.212";"bittorrent";1340017311;115214.603086;-1.000000;"4461622b-002e-4033-b06e-34562c12f1f2";13184;"07";"Dortmund";13;6;2012;0;18;"20120618"
"217.252.108.118";"DE";8.550000;48.083300;"AS3320 Deutsche Telekom AG";"mlab1-ham01";0.067804;366358.297776;"0.004012999";"win32";"80.239.142.212";"bittorrent";1340017325;24964.943377;-1.000000;"13c4b97b-dd9b-4d0d-9ae7-2eff4b187e28";3320;"01";"Dauchingen";13;6;2012;0;18;"20120618"
"188.101.90.244";"DE";7.439400;51.380100;"AS3209 Vodafone GmbH";"mlab1-ham01";0.016020;318065.048987;"0.004012999";"linux2";"80.239.142.212";"speedtest";1340017487;76787.768320;0.020309;"1ff4cb94-d263-4238-8a05-89a9dd938d1c";3209;"07";"Hagen";13;6;2012;0;18;"20120618"
"93.203.195.87";"DE";11.583300;48.150000;"AS3320 Deutsche Telekom AG";"mlab1-ham01";0.044768;5451257.809661;"0.004011999";"win32";"80.239.142.212";"bittorrent";1340017468;925644.854034;-1.000000;"627b8c63-1d61-4f22-9e44-28d71cc70e2e";3320;"02";"Munich";13;6;2012;0;18;"20120618"
"95.89.147.151";"DE";7.364900;49.249000;"AS31334 Kabel Deutschland Vertrieb und Service GmbH";"mlab1-ham01";0.025211;8276109.384180;"0.004012999";"win32";"80.239.142.212";"speedtest";1340017723;654481.103541;0.028518;"6016980c-587e-4542-a75f-35eac912aa21";31334;"08";"Zweibrücken";13;6;2012;0;18;"20120618"
"88.73.250.177";"DE";11.033300;50.983300;"AS3209 Vodafone GmbH";"mlab1-ham01";0.017435;669303.813340;"0.004010999";"win32";"80.239.142.212";"bittorrent";1340017794;72089.363026;-1.000000;"737c65f9-12e2-47a9-9e14-942857e0d0b6";3209;"15";"Erfurt";13;6;2012;0;18;"20120618"
"217.16.163.156";"DE";12.000000;51.366700;"AS35515 EVH GmbH";"mlab1-ham01";0.035351;205872.250907;"0.004012999";"linux2";"80.239.142.212";"speedtest";1340017890;154265.596637;0.036247;"5f387d5d-8687-4aab-81d1-a234c3553052";35515;"14";"Merseburg";13;6;2012;0;18;"20120618"
"77.21.138.42";"DE";9.715300;52.342500;"AS31334 Kabel Deutschland Vertrieb und Service GmbH";"mlab1-ham01";0.027662;2011799.809230;"0.004012999";"darwin";"80.239.142.212";"speedtest";1340017923;740644.204322;0.027734;"e28849dc-5e1b-4b79-a681-712c312f5816";31334;"06";"Hanover";13;6;2012;0;18;"20120618"
"79.203.86.53";"DE";11.583300;48.150000;"AS3320 Deutsche Telekom AG";"mlab1-ham01";0.024535;1361762.128332;"0.004012999";"darwin";"80.239.142.212";"bittorrent";1340017992;91519.230758;-1.000000;"0445411f-1a91-486e-aa99-34aa63e4af95";3320;"02";"Munich";13;6;2012;0;18;"20120618"
"77.22.67.251";"DE";10.650000;52.250000;"AS31334 Kabel Deutschland Vertrieb und Service GmbH";"mlab1-ham01";0.024418;1430966.226049;"0.004012999";"win32";"80.239.142.212";"bittorrent";1340018035;545775.358678;-1.000000;"c1c874f5-0b6d-404d-8ecb-238232884c73";31334;"06";"Cremlingen";13;6;2012;0;18;"20120618"
"87.179.66.249";"DE";11.033300;50.983300;"AS3320 Deutsche Telekom AG";"mlab1-ham01";0.016832;1679016.332240;"0.004011999";"linux2";"80.239.142.212";"speedtest";1340018131;120044.233807;0.019843;"0575caf1-8a3d-4ae0-8b6e-5caaddb74121";3320;"15";"Erfurt";13;6;2012;0;18;"20120618"
"77.3.250.96";"DE";8.833300;47.766700;"AS6805 Telefonica Germany GmbH & Co.OHG";"mlab1-ham01";0.037180;1491867.768710;"0.004012999";"darwin";"80.239.142.212";"speedtest";1340018146;119954.244662;0.039697;"7f6dfa2b-14ff-4d0d-8b49-2d9db3f1749a";6805;"01";"Singen";13;6;2012;0;18;"20120618"
"217.225.248.89";"DE";13.400000;52.516700;"AS3320 Deutsche Telekom AG";"mlab1-ham01";0.033075;1766729.731110;"0.004012999";"darwin";"80.239.142.212";"speedtest";1340018327;123775.888708;0.018071;"b2df2747-03e6-4404-a510-841b2f7a2b4f";3320;"16";"Berlin";13;6;2012;0;18;"20120618"
"93.219.83.124";"DE";13.066700;52.400000;"AS3320 Deutsche Telekom AG";"mlab1-ham01";0.022587;5770398.612188;"0.004012999";"linux2";"80.239.142.212";"bittorrent";1340018405;1032691.991056;-1.000000;"2522fb79-4e59-4c68-b014-2c4570739a62";3320;"11";"Potsdam";13;6;2012;0;18;"20120618"
"188.107.5.72";"DE";8.450000;50.133300;"AS3209 Vodafone GmbH";"mlab1-ham01";0.020424;72183.072209;"0.004012999";"win32";"80.239.142.212";"speedtest";1340018496;11872.820597;0.076370;"8d185344-90ee-417c-b236-5d9f35178efb";3209;"05";"Kelkheim";13;6;2012;0;18;"20120618"
"91.35.33.88";"DE";9.433300;54.783300;"AS3320 Deutsche Telekom AG";"mlab1-ham01";0.012088;1469798.418090;"0.004012999";"win32";"80.239.142.212";"bittorrent";1340018860;77149.520496;-1.000000;"71ef70e0-ac7c-408a-99b6-991bcb0563bb";3320;"10";"Flensburg";13;6;2012;0;18;"20120618"
"87.142.186.36";"DE";10.000000;53.550000;"AS3320 Deutsche Telekom AG";"mlab1-ham01";0.022017;822094.251880;"0.004012999";"darwin";"80.239.142.212";"speedtest";1340018916;121938.452095;0.024285;"4b7f2ce0-70b7-4a89-ab11-52e3eb5a4189";3320;"04";"Hamburg";13;6;2012;0;18;"20120618"
"188.106.104.255";"DE";13.400000;52.516700;"AS3209 Vodafone GmbH";"mlab1-ham01";0.025897;254789.085211;"0.004012999";"linux2";"80.239.142.212";"bittorrent";1340018968;74709.566477;-1.000000;"4e602ea1-9da3-4e76-b31a-2792cc73d69c";3209;"16";"Berlin";13;6;2012;0;18;"20120618"
"84.151.239.50";"DE";6.950000;50.933300;"AS3320 Deutsche Telekom AG";"mlab1-ham01";0.029253;4682198.541550;"0.004012999";"win32";"80.239.142.212";"speedtest";1340019278;1155438.789540;0.029786;"9eff3e01-317a-4ea6-9b53-70ceaef409e3";3320;"07";"Köln";13;6;2012;0;18;"20120618"
"87.179.66.249";"DE";11.033300;50.983300;"AS3320 Deutsche Telekom AG";"mlab1-ham01";0.016638;1696838.377190;"0.004011999";"linux2";"80.239.142.212";"bittorrent";1340019574;120535.007745;-1.000000;"0575caf1-8a3d-4ae0-8b6e-5caaddb74121";3320;"15";"Erfurt";13;6;2012;0;18;"20120618"
"178.13.177.34";"DE";9.000000;51.000000;"AS3209 Vodafone GmbH";"mlab1-ham01";0.072136;867549.024566;"0.004005999";"linux2";"80.239.142.212";"bittorrent";1340019575;136875.896830;-1.000000;"d80ec3cc-e940-4362-bb5a-c2bf17a6fd0d";3209;"";"";13;6;2012;0;18;"20120618"
"141.89.226.149";"DE";13.066700;52.400000;"AS680 Verein zur Foerderung eines Deutschen Forschungsnetzes e.V.";"mlab1-ham01";0.007623;1766321.957127;"0.004012999";"linux2";"80.239.142.212";"bittorrent";1340019597;3379546.592935;-1.000000;"853327e0-d084-49a5-a5df-81d9281ed740";680;"11";"Potsdam";13;6;2012;0;18;"20120618"
"77.22.67.251";"DE";10.650000;52.250000;"AS31334 Kabel Deutschland Vertrieb und Service GmbH";"mlab1-ham01";3.030506;1839220.819930;"0.004012999";"win32";"80.239.142.212";"speedtest";1340019657;735777.465987;0.024384;"c1c874f5-0b6d-404d-8ecb-238232884c73";31334;"06";"Cremlingen";13;6;2012;0;18;"20120618"
"46.115.25.230";"DE";9.000000;51.000000;"AS12638 E-Plus Mobilfunk GmbH & Co. KG";"mlab1-ham01";0.152994;119191.647947;"0.004012999";"darwin";"80.239.142.212";"bittorrent";1340019745;24571.862984;-1.000000;"4baef5fd-7f85-41c9-b289-0d4d24e485da";12638;"";"";13;6;2012;0;18;"20120618"
"46.223.18.206";"DE";8.385800;49.004700;"AS29562 Kabel BW GmbH";"mlab1-ham01";0.032735;1801700.166354;"0.004012999";"win32";"80.239.142.212";"bittorrent";1340019762;308454.575854;-1.000000;"62a0c3ba-8531-44c5-b8a3-ca82d00981cd";29562;"01";"Karlsruhe";13;6;2012;0;18;"20120618"
"217.225.248.89";"DE";13.400000;52.516700;"AS3320 Deutsche Telekom AG";"mlab1-ham01";0.014183;1779877.758447;"0.004012999";"darwin";"80.239.142.212";"bittorrent";1340019943;124466.396217;-1.000000;"b2df2747-03e6-4404-a510-841b2f7a2b4f";3320;"16";"Berlin";13;6;2012;0;18;"20120618"
"87.178.105.210";"DE";11.833300;48.083300;"AS3320 Deutsche Telekom AG";"mlab1-ham01";0.057558;699533.394196;"0.004012999";"darwin";"80.239.142.212";"bittorrent";1340020108;64898.244715;-1.000000;"f3523021-8b10-4afd-9dda-2ac916ad4c9a";3320;"02";"Zorneding";13;6;2012;0;18;"20120618"
"94.223.142.4";"DE";9.000000;51.000000;"AS3209 Vodafone GmbH";"mlab1-ham01";0.023860;689082.499272;"0.004012999";"darwin";"80.239.142.212";"speedtest";1340020152;76855.265620;0.029827;"8c617ade-4e04-4778-8fa7-097ed11532d7";3209;"";"";13;6;2012;0;18;"20120618"
"91.35.33.88";"DE";9.433300;54.783300;"AS3320 Deutsche Telekom AG";"mlab1-ham01";0.011948;1488065.003500;"0.004012999";"win32";"80.239.142.212";"speedtest";1340020389;76159.294402;0.016039;"71ef70e0-ac7c-408a-99b6-991bcb0563bb";3320;"10";"Flensburg";13;6;2012;0;18;"20120618"
"92.200.7.193";"DE";9.700900;48.694400;"AS20676 QSC AG";"mlab1-ham01";0.057960;922553.497734;"0.004012999";"darwin";"80.239.142.212";"speedtest";1340020460;103279.506508;0.044241;"2ae1a06d-85e1-4e7e-9214-10e08a3a30ab";20676;"01";"Eislingen";13;6;2012;0;18;"20120618"
"95.89.147.151";"DE";7.364900;49.249000;"AS31334 Kabel Deutschland Vertrieb und Service GmbH";"mlab1-ham01";0.027448;870283.033091;"0.004012999";"win32";"80.239.142.212";"speedtest";1340020603;745501.206216;0.028465;"6016980c-587e-4542-a75f-35eac912aa21";31334;"08";"Zweibrücken";13;6;2012;0;18;"20120618"
"88.73.250.177";"DE";11.033300;50.983300;"AS3209 Vodafone GmbH";"mlab1-ham01";0.020984;739521.956749;"0.004010999";"win32";"80.239.142.212";"bittorrent";1340020650;76036.333794;-1.000000;"737c65f9-12e2-47a9-9e14-942857e0d0b6";3209;"15";"Erfurt";13;6;2012;0;18;"20120618"
"84.151.239.50";"DE";6.950000;50.933300;"AS3320 Deutsche Telekom AG";"mlab1-ham01";0.029211;3807291.332417;"0.004012999";"win32";"80.239.142.212";"bittorrent";1340020702;1156053.510026;-1.000000;"9eff3e01-317a-4ea6-9b53-70ceaef409e3";3320;"07";"Köln";13;6;2012;0;18;"20120618"
"87.178.168.159";"DE";8.250000;48.750000;"AS3320 Deutsche Telekom AG";"mlab1-ham01";0.067645;123023.115983;"0.004006999";"linux2";"80.239.142.212";"speedtest";1340021011;16658.927756;0.079526;"9d4a5d58-7055-46b1-9654-2de83fb0932f";3320;"01";"Baden-baden";14;6;2012;0;18;"20120618"
"87.79.35.60";"DE";9.000000;51.000000;"AS8422 NetCologne GmbH";"mlab1-ham01";0.012640;2033284.037580;"0.004012999";"linux2";"80.239.142.212";"speedtest";1340021106;823024.825214;0.012474;"13446eb4-e4e6-422f-b8d8-566f1064957c";8422;"";"";14;6;2012;0;18;"20120618"
"141.89.226.149";"DE";13.066700;52.400000;"AS680 Verein zur Foerderung eines Deutschen Forschungsnetzes e.V.";"mlab1-ham01";0.007845;2566765.384200;"0.004012999";"linux2";"80.239.142.212";"speedtest";1340021122;3862071.219840;0.008888;"853327e0-d084-49a5-a5df-81d9281ed740";680;"11";"Potsdam";14;6;2012;0;18;"20120618"
"91.49.121.208";"DE";9.000000;51.000000;"AS3320 Deutsche Telekom AG";"mlab1-ham01";0.044835;643317.886832;"0.004009999";"win32";"80.239.142.212";"speedtest";1340021149;65781.900036;0.048317;"6a700626-ba72-4d85-a42a-358de2cb9f5b";3320;"";"";14;6;2012;0;18;"20120618"
"93.206.233.146";"DE";8.283300;53.400000;"AS3320 Deutsche Telekom AG";"mlab1-ham01";0.019100;5647303.198080;"0.004011999";"win32";"80.239.142.212";"speedtest";1340021214;1142499.648870;0.021151;"540af2e6-2c0b-4173-a8ac-fd971d1b6fcb";3320;"06";"Jade";14;6;2012;0;18;"20120618"
"91.66.87.178";"DE";13.400000;52.516700;"AS31334 Kabel Deutschland Vertrieb und Service GmbH";"mlab1-ham01";0.014584;11485973.596183;"0.004012999";"darwin";"80.239.142.212";"bittorrent";1340021249;757120.928751;-1.000000;"d03b38da-49e8-4c70-9004-63c1ff3bdde1";31334;"16";"Berlin";14;6;2012;0;18;"20120618"
"188.107.5.72";"DE";8.450000;50.133300;"AS3209 Vodafone GmbH";"mlab1-ham01";0.022185;122154.324923;"0.004012999";"win32";"80.239.142.212";"speedtest";1340021449;14951.579768;0.037932;"8d185344-90ee-417c-b236-5d9f35178efb";3209;"05";"Kelkheim";14;6;2012;0;18;"20120618"
"87.169.236.230";"DE";13.400000;52.516700;"AS3320 Deutsche Telekom AG";"mlab1-ham01";0.025953;5413262.680853;"0.004012999";"darwin";"80.239.142.212";"bittorrent";1340021469;1042087.581573;-1.000000;"f7e74337-5111-4d6a-a11a-2ef4a0c4db50";3320;"16";"Berlin";14;6;2012;0;18;"20120618"
"93.219.83.124";"DE";13.066700;52.400000;"AS3320 Deutsche Telekom AG";"mlab1-ham01";0.022043;5071798.951531;"0.004012999";"linux2";"80.239.142.212";"bittorrent";1340021579;1026496.837734;-1.000000;"2522fb79-4e59-4c68-b014-2c4570739a62";3320;"11";"Potsdam";14;6;2012;0;18;"20120618"
"77.12.203.52";"DE";13.400000;52.516700;"AS6805 Telefonica Germany GmbH & Co.OHG";"mlab1-ham01";0.056417;1019871.148960;"0.004012999";"darwin";"80.239.142.212";"speedtest";1340021584;94237.482244;0.069971;"58702c42-fe45-49c2-94a4-4df8118774bb";6805;"16";"Berlin";14;6;2012;0;18;"20120618"
"91.35.33.88";"DE";9.433300;54.783300;"AS3320 Deutsche Telekom AG";"mlab1-ham01";0.011390;1520044.374673;"0.004012999";"win32";"80.239.142.212";"bittorrent";1340021964;76319.890550;-1.000000;"71ef70e0-ac7c-408a-99b6-991bcb0563bb";3320;"10";"Flensburg";14;6;2012;0;18;"20120618"
"95.89.147.151";"DE";7.364900;49.249000;"AS31334 Kabel Deutschland Vertrieb und Service GmbH";"mlab1-ham01";0.024216;8186738.254284;"0.004012999";"win32";"80.239.142.212";"bittorrent";1340022017;752339.525734;-1.000000;"6016980c-587e-4542-a75f-35eac912aa21";31334;"08";"Zweibrücken";14;6;2012;0;18;"20120618"
"88.73.250.177";"DE";11.033300;50.983300;"AS3209 Vodafone GmbH";"mlab1-ham01";0.017717;727461.740571;"0.004010999";"win32";"80.239.142.212";"speedtest";1340022075;76600.092677;0.021353;"737c65f9-12e2-47a9-9e14-942857e0d0b6";3209;"15";"Erfurt";14;6;2012;0;18;"20120618"
"77.21.138.42";"DE";9.715300;52.342500;"AS31334 Kabel Deutschland Vertrieb und Service GmbH";"mlab1-ham01";0.035390;2271778.589688;"0.004012999";"darwin";"80.239.142.212";"bittorrent";1340022363;736034.766856;-1.000000;"e28849dc-5e1b-4b79-a681-712c312f5816";31334;"06";"Hanover";14;6;2012;0;18;"20120618"
"178.13.177.34";"DE";9.000000;51.000000;"AS3209 Vodafone GmbH";"mlab1-ham01";0.077947;882588.428045;"0.004005999";"linux2";"80.239.142.212";"bittorrent";1340022414;125700.133605;-1.000000;"d80ec3cc-e940-4362-bb5a-c2bf17a6fd0d";3209;"";"";14;6;2012;0;18;"20120618"
"84.158.46.111";"DE";8.416700;48.433300;"AS3320 Deutsche Telekom AG";"mlab1-ham01";0.063089;636019.956870;"0.004012999";"darwin";"80.239.142.212";"bittorrent";1340022640;65352.470556;-1.000000;"72dec868-fef9-4d06-9cad-b6b2dff41285";3320;"01";"Freudenstadt";14;6;2012;0;18;"20120618"
"79.203.86.53";"DE";11.583300;48.150000;"AS3320 Deutsche Telekom AG";"mlab1-ham01";0.024251;1334960.728110;"0.004012999";"darwin";"80.239.142.212";"speedtest";1340022735;120834.615689;0.026593;"0445411f-1a91-486e-aa99-34aa63e4af95";3320;"02";"Munich";14;6;2012;0;18;"20120618"
"87.169.236.230";"DE";13.400000;52.516700;"AS3320 Deutsche Telekom AG";"mlab1-ham01";0.023645;5155240.844650;"0.004012999";"darwin";"80.239.142.212";"speedtest";1340022893;1033989.295370;0.024738;"f7e74337-5111-4d6a-a11a-2ef4a0c4db50";3320;"16";"Berlin";14;6;2012;0;18;"20120618"
"141.23.78.212";"DE";13.400000;52.516700;"AS680 Verein zur Foerderung eines Deutschen Forschungsnetzes e.V.";"mlab1-ham01";0.009920;2039674.744860;"0.004012999";"win32";"80.239.142.212";"speedtest";1340022971;2060943.276360;0.014125;"e41d9ff4-7130-4221-98c3-80b15c14f890";680;"16";"Berlin";14;6;2012;0;18;"20120618"
"78.54.81.245";"DE";9.935300;53.550300;"AS13184 Telefonica Germany GmbH & Co.OHG";"mlab1-ham01";0.028179;648555.846452;"0.004012999";"darwin";"80.239.142.212";"bittorrent";1340023036;78336.056555;-1.000000;"6875689a-fe8f-4f49-a0c9-e1f77ed45792";13184;"04";"Hamburg";14;6;2012;0;18;"20120618"
"92.195.115.156";"DE";11.033300;50.983300;"AS20676 QSC AG";"mlab1-ham01";0.889313;53554.773197;"0.004012999";"darwin";"80.239.142.212";"bittorrent";1340023137;19371.376283;-1.000000;"81014317-071d-48ad-b6b8-adca554fbdf6";20676;"15";"Erfurt";14;6;2012;0;18;"20120618"
"188.106.104.255";"DE";13.400000;52.516700;"AS3209 Vodafone GmbH";"mlab1-ham01";0.028024;698491.618168;"0.004012999";"linux2";"80.239.142.212";"speedtest";1340023482;74186.870992;0.031708;"4e602ea1-9da3-4e76-b31a-2792cc73d69c";3209;"16";"Berlin";14;6;2012;0;18;"20120618"
"88.73.250.177";"DE";11.033300;50.983300;"AS3209 Vodafone GmbH";"mlab1-ham01";0.017850;729129.656670;"0.004010999";"win32";"80.239.142.212";"bittorrent";1340023506;75990.206203;-1.000000;"737c65f9-12e2-47a9-9e14-942857e0d0b6";3209;"15";"Erfurt";14;6;2012;0;18;"20120618"
"87.143.16.198";"DE";11.100000;51.150000;"AS3320 Deutsche Telekom AG";"mlab1-ham01";0.034002;1240928.876900;"0.004012999";"darwin";"80.239.142.212";"speedtest";1340023804;89033.041267;0.036592;"95120f16-54c4-4444-b2d8-e87391844949";3320;"15";"Sömmerda";14;6;2012;0;18;"20120618"
"92.77.246.228";"DE";10.000000;53.550000;"AS3209 Vodafone GmbH";"mlab1-ham01";0.035813;1585127.618630;"0.004012999";"win32";"80.239.142.212";"speedtest";1340024576;90044.294233;0.021751;"35cb00ec-8dd5-4c10-b6d8-af0ca91cadc2";3209;"04";"Hamburg";15;6;2012;0;18;"20120618"
"46.223.18.206";"DE";8.385800;49.004700;"AS29562 Kabel BW GmbH";"mlab1-ham01";0.043290;1721065.979640;"0.004012999";"win32";"80.239.142.212";"speedtest";1340023963;311900.125330;0.034946;"62a0c3ba-8531-44c5-b8a3-ca82d00981cd";29562;"01";"Karlsruhe";14;6;2012;0;18;"20120618"
"141.89.226.149";"DE";13.066700;52.400000;"AS680 Verein zur Foerderung eines Deutschen Forschungsnetzes e.V.";"mlab1-ham01";0.007643;2483646.331220;"0.004012999";"linux2";"80.239.142.212";"speedtest";1340024169;3650516.836320;0.009155;"853327e0-d084-49a5-a5df-81d9281ed740";680;"11";"Potsdam";14;6;2012;0;18;"20120618"
"77.23.61.29";"DE";9.000000;51.000000;"AS31334 Kabel Deutschland Vertrieb und Service GmbH";"mlab1-ham01";0.021397;2429481.651960;"0.004012999";"win32";"80.239.142.212";"speedtest";1340024200;58169.226055;0.031908;"898e2e06-ef2e-44fb-aafd-ae145f8e32af";31334;"";"";14;6;2012;0;18;"20120618"
"78.54.81.245";"DE";9.935300;53.550300;"AS13184 Telefonica Germany GmbH & Co.OHG";"mlab1-ham01";0.025020;635367.596371;"0.004012999";"darwin";"80.239.142.212";"speedtest";1340024632;79183.825736;0.028934;"6875689a-fe8f-4f49-a0c9-e1f77ed45792";13184;"04";"Hamburg";15;6;2012;0;18;"20120618"
"92.195.115.156";"DE";11.033300;50.983300;"AS20676 QSC AG";"mlab1-ham01";3.477701;2621.121096;"0.004012999";"darwin";"80.239.142.212";"speedtest";1340024711;8790.646790;3.481182;"81014317-071d-48ad-b6b8-adca554fbdf6";20676;"15";"Erfurt";15;6;2012;0;18;"20120618"
"82.83.62.103";"DE";9.000000;51.000000;"AS3209 Vodafone GmbH";"mlab1-ham01";0.019582;1566212.643580;"0.004012999";"linux2";"80.239.142.212";"speedtest";1340025302;88522.410360;0.022414;"e7b78883-6949-44d7-bffa-646118b01e16";3209;"";"";15;6;2012;0;18;"20120618"
"217.16.163.156";"DE";12.000000;51.366700;"AS35515 EVH GmbH";"mlab1-ham01";0.035153;276576.000677;"0.004012999";"linux2";"80.239.142.212";"bittorrent";1340025311;169453.425368;-1.000000;"5f387d5d-8687-4aab-81d1-a234c3553052";35515;"14";"Merseburg";15;6;2012;0;18;"20120618"
"92.77.246.228";"DE";10.000000;53.550000;"AS3209 Vodafone GmbH";"mlab1-ham01";0.028163;1510506.698662;"0.004012999";"win32";"80.239.142.212";"bittorrent";1340025340;94368.549094;-1.000000;"35cb00ec-8dd5-4c10-b6d8-af0ca91cadc2";3209;"04";"Hamburg";15;6;2012;0;18;"20120618"
"46.223.18.206";"DE";8.385800;49.004700;"AS29562 Kabel BW GmbH";"mlab1-ham01";0.032515;1796854.201879;"0.004012999";"win32";"80.239.142.212";"bittorrent";1340025363;311095.164653;-1.000000;"62a0c3ba-8531-44c5-b8a3-ca82d00981cd";29562;"01";"Karlsruhe";15;6;2012;0;18;"20120618"
"77.23.61.29";"DE";9.000000;51.000000;"AS31334 Kabel Deutschland Vertrieb und Service GmbH";"mlab1-ham01";0.023300;2276486.736499;"0.004012999";"win32";"80.239.142.212";"bittorrent";1340025703;55324.304101;-1.000000;"898e2e06-ef2e-44fb-aafd-ae145f8e32af";31334;"";"";15;6;2012;0;18;"20120618"
"84.158.46.111";"DE";8.416700;48.433300;"AS3320 Deutsche Telekom AG";"mlab1-ham01";0.066128;620031.355980;"0.004012999";"darwin";"80.239.142.212";"bittorrent";1340025732;65084.554458;-1.000000;"72dec868-fef9-4d06-9cad-b6b2dff41285";3320;"01";"Freudenstadt";15;6;2012;0;18;"20120618"
"87.169.236.230";"DE";13.400000;52.516700;"AS3320 Deutsche Telekom AG";"mlab1-ham01";0.023300;5071811.753290;"0.004012999";"darwin";"80.239.142.212";"speedtest";1340025742;1035232.919740;0.024116;"f7e74337-5111-4d6a-a11a-2ef4a0c4db50";3320;"16";"Berlin";15;6;2012;0;18;"20120618"
"141.23.78.212";"DE";13.400000;52.516700;"AS680 Verein zur Foerderung eines Deutschen Forschungsnetzes e.V.";"mlab1-ham01";0.009005;2397563.139640;"0.004012999";"win32";"80.239.142.212";"speedtest";1340025750;3090459.931840;0.010820;"e41d9ff4-7130-4221-98c3-80b15c14f890";680;"16";"Berlin";15;6;2012;0;18;"20120618"
"84.151.239.50";"DE";6.950000;50.933300;"AS3320 Deutsche Telekom AG";"mlab1-ham01";0.028601;2837936.936910;"0.004012999";"win32";"80.239.142.212";"bittorrent";1340025904;1144199.052251;-1.000000;"9eff3e01-317a-4ea6-9b53-70ceaef409e3";3320;"07";"Köln";15;6;2012;0;18;"20120618"
"77.3.250.96";"DE";8.833300;47.766700;"AS6805 Telefonica Germany GmbH & Co.OHG";"mlab1-ham01";0.256587;175765.113691;"0.004012999";"darwin";"80.239.142.212";"bittorrent";1340025974;59510.093092;-1.000000;"7f6dfa2b-14ff-4d0d-8b49-2d9db3f1749a";6805;"01";"Singen";15;6;2012;0;18;"20120618"
"87.178.105.210";"DE";11.833300;48.083300;"AS3320 Deutsche Telekom AG";"mlab1-ham01";0.057474;699363.406270;"0.004012999";"darwin";"80.239.142.212";"bittorrent";1340026133;65285.424569;-1.000000;"f3523021-8b10-4afd-9dda-2ac916ad4c9a";3320;"02";"Zorneding";15;6;2012;0;18;"20120618"
"78.54.81.245";"DE";9.935300;53.550300;"AS13184 Telefonica Germany GmbH & Co.OHG";"mlab1-ham01";0.025055;648651.331447;"0.004012999";"darwin";"80.239.142.212";"bittorrent";1340026231;78938.690536;-1.000000;"6875689a-fe8f-4f49-a0c9-e1f77ed45792";13184;"04";"Hamburg";15;6;2012;0;18;"20120618"
"95.89.147.151";"DE";7.364900;49.249000;"AS31334 Kabel Deutschland Vertrieb und Service GmbH";"mlab1-ham01";0.030216;8649573.605980;"0.004012999";"win32";"80.239.142.212";"speedtest";1340026283;744289.987617;0.027143;"6016980c-587e-4542-a75f-35eac912aa21";31334;"08";"Zweibrücken";15;6;2012;0;18;"20120618"
"93.203.195.87";"DE";11.583300;48.150000;"AS3320 Deutsche Telekom AG";"mlab1-ham01";0.044099;3729316.233884;"0.004011999";"win32";"80.239.142.212";"bittorrent";1340026293;773532.840712;-1.000000;"627b8c63-1d61-4f22-9e44-28d71cc70e2e";3320;"02";"Munich";15;6;2012;0;18;"20120618"
"93.220.49.47";"DE";13.400000;52.516700;"AS3320 Deutsche Telekom AG";"mlab1-ham01";0.023312;2708842.410560;"0.004012999";"win32";"80.239.142.212";"speedtest";1340026307;1129845.047320;0.024164;"8ac1e576-29fc-4381-9927-cecba6229ca7";3320;"16";"Berlin";15;6;2012;0;18;"20120618"
"94.219.178.130";"DE";8.647500;49.955300;"AS3209 Vodafone GmbH";"mlab1-ham01";0.018519;1337860.120556;"0.004012999";"darwin";"80.239.142.212";"bittorrent";1340026310;114442.771488;-1.000000;"81629ab0-96cf-48a2-bdd6-429233ae5325";3209;"05";"Erzhausen";15;6;2012;0;18;"20120618"
"93.219.83.124";"DE";13.066700;52.400000;"AS3320 Deutsche Telekom AG";"mlab1-ham01";0.022517;5631150.989090;"0.004012999";"linux2";"80.239.142.212";"speedtest";1340026335;1037862.129270;0.022614;"2522fb79-4e59-4c68-b014-2c4570739a62";3320;"11";"Potsdam";15;6;2012;0;18;"20120618"
"88.73.250.177";"DE";11.033300;50.983300;"AS3209 Vodafone GmbH";"mlab1-ham01";0.017647;739451.465119;"0.004010999";"win32";"80.239.142.212";"bittorrent";1340026362;76196.992466;-1.000000;"737c65f9-12e2-47a9-9e14-942857e0d0b6";3209;"15";"Erfurt";15;6;2012;0;18;"20120618"
"94.223.142.4";"DE";9.000000;51.000000;"AS3209 Vodafone GmbH";"mlab1-ham01";0.023048;702429.402344;"0.004012999";"darwin";"80.239.142.212";"speedtest";1340026510;76894.291645;0.029657;"8c617ade-4e04-4778-8fa7-097ed11532d7";3209;"";"";15;6;2012;0;18;"20120618"
"62.156.232.10";"DE";9.000000;51.000000;"AS3320 Deutsche Telekom AG";"mlab1-ham01";0.015114;462570.080136;"0.004012999";"win32";"80.239.142.212";"speedtest";1340026621;389517.517809;0.017746;"83f9ba8d-8067-4f2a-8263-4ffb47c33144";3320;"";"";15;6;2012;0;18;"20120618"
"178.13.177.34";"DE";9.000000;51.000000;"AS3209 Vodafone GmbH";"mlab1-ham01";0.089583;801993.084968;"0.004005999";"linux2";"80.239.142.212";"speedtest";1340026674;150919.774172;0.078118;"d80ec3cc-e940-4362-bb5a-c2bf17a6fd0d";3209;"";"";15;6;2012;0;18;"20120618"
"87.143.16.198";"DE";11.100000;51.150000;"AS3320 Deutsche Telekom AG";"mlab1-ham01";0.050773;1285620.332270;"0.004012999";"darwin";"80.239.142.212";"speedtest";1340026694;92738.126148;0.035772;"95120f16-54c4-4444-b2d8-e87391844949";3320;"15";"Sömmerda";15;6;2012;0;18;"20120618"
"87.179.66.249";"DE";11.033300;50.983300;"AS3320 Deutsche Telekom AG";"mlab1-ham01";0.017553;1234502.601470;"0.004011999";"linux2";"80.239.142.212";"speedtest";1340026724;86578.088341;0.021284;"0575caf1-8a3d-4ae0-8b6e-5caaddb74121";3320;"15";"Erfurt";15;6;2012;0;18;"20120618"
"109.91.66.24";"DE";9.000000;51.000000;"AS20825 Unitymedia NRW GmbH";"mlab1-ham01";0.021132;1975038.408249;"0.004012999";"darwin";"80.239.142.212";"bittorrent";1340026749;241596.302800;-1.000000;"d24c6cd0-970f-43da-b704-169ffc4c3edd";20825;"";"";15;6;2012;0;18;"20120618"
"217.16.163.156";"DE";12.000000;51.366700;"AS35515 EVH GmbH";"mlab1-ham01";0.035112;179587.932423;"0.004012999";"linux2";"80.239.142.212";"speedtest";1340026793;146050.307406;0.036277;"5f387d5d-8687-4aab-81d1-a234c3553052";35515;"14";"Merseburg";15;6;2012;0;18;"20120618"
"77.21.138.42";"DE";9.715300;52.342500;"AS31334 Kabel Deutschland Vertrieb und Service GmbH";"mlab1-ham01";0.024372;1928647.115410;"0.004012999";"darwin";"80.239.142.212";"speedtest";1340026806;699884.437557;0.028001;"e28849dc-5e1b-4b79-a681-712c312f5816";31334;"06";"Hanover";15;6;2012;0;18;"20120618"
"134.147.162.194";"DE";7.216700;51.483300;"AS29484 Ruhr-Universitaet Bochum";"mlab1-ham01";0.007256;28509541.310900;"0.004012999";"darwin";"80.239.142.212";"speedtest";1340026847;16394818.119800;0.008894;"ec6cb0ee-2f10-446c-8f6c-d529280e7e5d";29484;"07";"Bochum";15;6;2012;0;18;"20120618"
"109.104.46.141";"DE";9.000000;51.000000;"AS16097 HL komm Telekommunikations GmbH";"mlab1-ham01";0.042477;3381315.342320;"0.004012999";"win32";"80.239.142.212";"speedtest";1340027122;1217472.069000;0.032189;"e03ed480-f318-416a-a657-1747a4d50f9e";16097;"";"";15;6;2012;0;18;"20120618"
"188.101.90.244";"DE";7.439400;51.380100;"AS3209 Vodafone GmbH";"mlab1-ham01";0.015960;485722.947385;"0.004012999";"linux2";"80.239.142.212";"speedtest";1340027236;77542.329453;0.020852;"1ff4cb94-d263-4238-8a05-89a9dd938d1c";3209;"07";"Hagen";15;6;2012;0;18;"20120618"
"77.23.61.29";"DE";9.000000;51.000000;"AS31334 Kabel Deutschland Vertrieb und Service GmbH";"mlab1-ham01";0.022549;2418523.557280;"0.004012999";"win32";"80.239.142.212";"speedtest";1340027155;57978.366984;0.024152;"898e2e06-ef2e-44fb-aafd-ae145f8e32af";31334;"";"";15;6;2012;0;18;"20120618"
"87.79.35.60";"DE";9.000000;51.000000;"AS8422 NetCologne GmbH";"mlab1-ham01";0.013361;1892116.065030;"0.004012999";"linux2";"80.239.142.212";"bittorrent";1340027245;1101269.088445;-1.000000;"13446eb4-e4e6-422f-b8d8-566f1064957c";8422;"";"";15;6;2012;0;18;"20120618"
"84.158.46.111";"DE";8.416700;48.433300;"AS3320 Deutsche Telekom AG";"mlab1-ham01";0.063131;635666.509448;"0.004012999";"darwin";"80.239.142.212";"speedtest";1340027276;66527.505556;0.066014;"72dec868-fef9-4d06-9cad-b6b2dff41285";3320;"01";"Freudenstadt";15;6;2012;0;18;"20120618"
"188.107.5.72";"DE";8.450000;50.133300;"AS3209 Vodafone GmbH";"mlab1-ham01";0.021144;121561.695698;"0.004012999";"win32";"80.239.142.212";"speedtest";1340027325;14893.233194;0.037768;"8d185344-90ee-417c-b236-5d9f35178efb";3209;"05";"Kelkheim";15;6;2012;0;18;"20120618"
"141.23.78.212";"DE";13.400000;52.516700;"AS680 Verein zur Foerderung eines Deutschen Forschungsnetzes e.V.";"mlab1-ham01";0.009241;4273340.490839;"0.004012999";"win32";"80.239.142.212";"bittorrent";1340027345;8048066.427132;-1.000000;"e41d9ff4-7130-4221-98c3-80b15c14f890";680;"16";"Berlin";15;6;2012;0;18;"20120618"
"91.61.73.174";"DE";13.400000;52.516700;"AS3320 Deutsche Telekom AG";"mlab1-ham01";0.024569;968798.767087;"0.004012999";"darwin";"80.239.142.212";"bittorrent";1340027476;666989.851097;-1.000000;"f3adc558-a824-40b0-b105-5a7c00397169";3320;"16";"Berlin";15;6;2012;0;18;"20120618"
"77.3.250.96";"DE";8.833300;47.766700;"AS6805 Telefonica Germany GmbH & Co.OHG";"mlab1-ham01";0.037626;1495725.587720;"0.004012999";"darwin";"80.239.142.212";"speedtest";1340027528;120020.017248;0.040071;"7f6dfa2b-14ff-4d0d-8b49-2d9db3f1749a";6805;"01";"Singen";15;6;2012;0;18;"20120618"
"217.235.122.86";"DE";11.025600;49.329200;"AS3320 Deutsche Telekom AG";"mlab1-ham01";0.065932;194589.497603;"0.004012999";"win32";"80.239.142.212";"speedtest";1340027571;33895.699137;0.273039;"25329937-558d-46a5-ad71-2b2adc1d8807";3320;"02";"Schwabach";15;6;2012;0;18;"20120618"
"88.73.250.177";"DE";11.033300;50.983300;"AS3209 Vodafone GmbH";"mlab1-ham01";0.017865;727698.049574;"0.004010999";"win32";"80.239.142.212";"speedtest";1340027791;76696.812037;0.021138;"737c65f9-12e2-47a9-9e14-942857e0d0b6";3209;"15";"Erfurt";15;6;2012;0;18;"20120618"
"93.219.83.124";"DE";13.066700;52.400000;"AS3320 Deutsche Telekom AG";"mlab1-ham01";0.022776;5796182.755946;"0.004012999";"linux2";"80.239.142.212";"bittorrent";1340027926;1048146.459060;-1.000000;"2522fb79-4e59-4c68-b014-2c4570739a62";3320;"11";"Potsdam";15;6;2012;0;18;"20120618"
"92.224.186.239";"DE";7.450000;51.516700;"AS13184 Telefonica Germany GmbH & Co.OHG";"mlab1-ham01";0.054771;873717.900284;"0.004012999";"linux2";"80.239.142.212";"speedtest";1340027994;114221.260215;0.056606;"4461622b-002e-4033-b06e-34562c12f1f2";13184;"07";"Dortmund";15;6;2012;0;18;"20120618"
"94.223.142.4";"DE";9.000000;51.000000;"AS3209 Vodafone GmbH";"mlab1-ham01";0.023442;716107.405537;"0.004012999";"darwin";"80.239.142.212";"bittorrent";1340028100;76553.443454;-1.000000;"8c617ade-4e04-4778-8fa7-097ed11532d7";3209;"";"";16;6;2012;0;18;"20120618"
"62.156.232.10";"DE";9.000000;51.000000;"AS3320 Deutsche Telekom AG";"mlab1-ham01";0.013154;513010.253662;"0.004012999";"win32";"80.239.142.212";"bittorrent";1340028138;302813.979914;-1.000000;"83f9ba8d-8067-4f2a-8263-4ffb47c33144";3320;"";"";16;6;2012;0;18;"20120618"
"87.179.66.249";"DE";11.033300;50.983300;"AS3320 Deutsche Telekom AG";"mlab1-ham01";0.016224;1167058.198151;"0.004011999";"linux2";"80.239.142.212";"bittorrent";1340028166;95500.788136;-1.000000;"0575caf1-8a3d-4ae0-8b6e-5caaddb74121";3320;"15";"Erfurt";16;6;2012;0;18;"20120618"
"217.16.163.156";"DE";12.000000;51.366700;"AS35515 EVH GmbH";"mlab1-ham01";0.034603;185971.730528;"0.004012999";"linux2";"80.239.142.212";"bittorrent";1340028280;152963.393557;-1.000000;"5f387d5d-8687-4aab-81d1-a234c3553052";35515;"14";"Merseburg";16;6;2012;0;18;"20120618"
"109.91.66.24";"DE";9.000000;51.000000;"AS20825 Unitymedia NRW GmbH";"mlab1-ham01";0.021686;1806049.266560;"0.004012999";"darwin";"80.239.142.212";"speedtest";1340028438;242900.875827;0.026862;"d24c6cd0-970f-43da-b704-169ffc4c3edd";20825;"";"";16;6;2012;0;18;"20120618"
"87.169.236.230";"DE";13.400000;52.516700;"AS3320 Deutsche Telekom AG";"mlab1-ham01";0.023663;5351924.432980;"0.004012999";"darwin";"80.239.142.212";"speedtest";1340028591;1035078.808020;0.023894;"f7e74337-5111-4d6a-a11a-2ef4a0c4db50";3320;"16";"Berlin";16;6;2012;0;18;"20120618"
"109.104.46.141";"DE";9.000000;51.000000;"AS16097 HL komm Telekommunikations GmbH";"mlab1-ham01";0.031436;4920243.850758;"0.004012999";"win32";"80.239.142.212";"bittorrent";1340028630;1235571.738892;-1.000000;"e03ed480-f318-416a-a657-1747a4d50f9e";16097;"";"";16;6;2012;0;18;"20120618"
"77.181.150.192";"DE";7.016700;51.450000;"AS6805 Telefonica Germany GmbH & Co.OHG";"mlab1-ham01";0.039787;876068.003288;"0.004012999";"linux2";"80.239.142.212";"bittorrent";1340028723;120343.002626;-1.000000;"7795b227-a577-4d12-98de-e1f745bbdf1f";6805;"07";"Essen";16;6;2012;0;18;"20120618"
"188.101.90.244";"DE";7.439400;51.380100;"AS3209 Vodafone GmbH";"mlab1-ham01";0.015963;338855.473565;"0.004012999";"linux2";"80.239.142.212";"bittorrent";1340028779;76955.442733;-1.000000;"1ff4cb94-d263-4238-8a05-89a9dd938d1c";3209;"07";"Hagen";16;6;2012;0;18;"20120618"
"84.158.46.111";"DE";8.416700;48.433300;"AS3320 Deutsche Telekom AG";"mlab1-ham01";0.063631;448315.436514;"0.004012999";"darwin";"80.239.142.212";"bittorrent";1340028830;45804.911550;-1.000000;"72dec868-fef9-4d06-9cad-b6b2dff41285";3320;"01";"Freudenstadt";16;6;2012;0;18;"20120618"
"84.151.239.50";"DE";6.950000;50.933300;"AS3320 Deutsche Telekom AG";"mlab1-ham01";0.028439;5154108.578197;"0.004012999";"win32";"80.239.142.212";"bittorrent";1340029059;1157753.955666;-1.000000;"9eff3e01-317a-4ea6-9b53-70ceaef409e3";3320;"07";"Köln";16;6;2012;0;18;"20120618"
"87.178.105.210";"DE";11.833300;48.083300;"AS3320 Deutsche Telekom AG";"mlab1-ham01";0.056785;696352.492826;"0.004012999";"darwin";"80.239.142.212";"bittorrent";1340029145;65336.969064;-1.000000;"f3523021-8b10-4afd-9dda-2ac916ad4c9a";3320;"02";"Zorneding";16;6;2012;0;18;"20120618"
"87.178.168.159";"DE";8.250000;48.750000;"AS3320 Deutsche Telekom AG";"mlab1-ham01";0.073457;125548.804862;"0.004006999";"linux2";"80.239.142.212";"bittorrent";1340029252;16607.777436;-1.000000;"9d4a5d58-7055-46b1-9654-2de83fb0932f";3320;"01";"Baden-baden";16;6;2012;0;18;"20120618"
"78.54.81.245";"DE";9.935300;53.550300;"AS13184 Telefonica Germany GmbH & Co.OHG";"mlab1-ham01";0.102432;204221.062979;"0.004012999";"darwin";"80.239.142.212";"bittorrent";1340029439;64983.791958;-1.000000;"6875689a-fe8f-4f49-a0c9-e1f77ed45792";13184;"04";"Hamburg";16;6;2012;0;18;"20120618"
"188.106.104.255";"DE";13.400000;52.516700;"AS3209 Vodafone GmbH";"mlab1-ham01";0.027503;708810.187671;"0.004012999";"linux2";"80.239.142.212";"speedtest";1340029489;72002.246369;0.030606;"4e602ea1-9da3-4e76-b31a-2792cc73d69c";3209;"16";"Berlin";16;6;2012;0;18;"20120618"
"93.219.83.124";"DE";13.066700;52.400000;"AS3320 Deutsche Telekom AG";"mlab1-ham01";0.023067;4733139.584940;"0.004012999";"linux2";"80.239.142.212";"speedtest";1340029509;1027176.081800;0.022521;"2522fb79-4e59-4c68-b014-2c4570739a62";3320;"11";"Potsdam";16;6;2012;0;18;"20120618"
"46.115.25.230";"DE";9.000000;51.000000;"AS12638 E-Plus Mobilfunk GmbH & Co. KG";"mlab1-ham01";0.201144;81700.050034;"0.004012999";"darwin";"80.239.142.212";"speedtest";1340029716;9692.817438;0.227072;"4baef5fd-7f85-41c9-b289-0d4d24e485da";12638;"";"";16;6;2012;0;18;"20120618"
"87.169.236.230";"DE";13.400000;52.516700;"AS3320 Deutsche Telekom AG";"mlab1-ham01";0.025614;5390125.350989;"0.004012999";"darwin";"80.239.142.212";"bittorrent";1340030016;1042771.844689;-1.000000;"f7e74337-5111-4d6a-a11a-2ef4a0c4db50";3320;"16";"Berlin";16;6;2012;0;18;"20120618"
"95.208.134.125";"DE";8.083300;48.533300;"AS29562 Kabel BW GmbH";"mlab1-ham01";0.033705;750815.883158;"0.004012999";"linux2";"80.239.142.212";"speedtest";1340030038;48782.930802;0.035986;"34f905d6-2b61-4a5e-a665-d1f8a3f2d041";29562;"01";"Oberkirch";16;6;2012;0;18;"20120618"
"82.83.62.103";"DE";9.000000;51.000000;"AS3209 Vodafone GmbH";"mlab1-ham01";0.038459;505294.151871;"0.004012999";"linux2";"80.239.142.212";"bittorrent";1340030073;56593.348523;-1.000000;"e7b78883-6949-44d7-bffa-646118b01e16";3209;"";"";16;6;2012;0;18;"20120618"
"109.104.46.141";"DE";9.000000;51.000000;"AS16097 HL komm Telekommunikations GmbH";"mlab1-ham01";0.030952;4127863.910620;"0.004012999";"win32";"80.239.142.212";"speedtest";1340030121;1504978.194000;0.031455;"e03ed480-f318-416a-a657-1747a4d50f9e";16097;"";"";16;6;2012;0;18;"20120618"
"141.23.78.212";"DE";13.400000;52.516700;"AS680 Verein zur Foerderung eines Deutschen Forschungsnetzes e.V.";"mlab1-ham01";0.012813;1068830.934076;"0.004012999";"win32";"80.239.142.212";"bittorrent";1340030180;2069529.479597;-1.000000;"e41d9ff4-7130-4221-98c3-80b15c14f890";680;"16";"Berlin";16;6;2012;0;18;"20120618"
"77.181.150.192";"DE";7.016700;51.450000;"AS6805 Telefonica Germany GmbH & Co.OHG";"mlab1-ham01";0.048899;833345.824601;"0.004012999";"linux2";"80.239.142.212";"speedtest";1340030228;117239.126980;0.047518;"7795b227-a577-4d12-98de-e1f745bbdf1f";6805;"07";"Essen";16;6;2012;0;18;"20120618"
"188.101.90.244";"DE";7.439400;51.380100;"AS3209 Vodafone GmbH";"mlab1-ham01";0.016236;408712.326268;"0.004012999";"linux2";"80.239.142.212";"speedtest";1340030491;77528.536447;0.020766;"1ff4cb94-d263-4238-8a05-89a9dd938d1c";3209;"07";"Hagen";16;6;2012;0;18;"20120618"
"94.219.178.130";"DE";8.647500;49.955300;"AS3209 Vodafone GmbH";"mlab1-ham01";0.019317;1394094.496610;"0.004012999";"darwin";"80.239.142.212";"speedtest";1340030551;97505.741276;0.022553;"81629ab0-96cf-48a2-bdd6-429233ae5325";3209;"05";"Erzhausen";16;6;2012;0;18;"20120618"
"88.73.250.177";"DE";11.033300;50.983300;"AS3209 Vodafone GmbH";"mlab1-ham01";0.019620;716934.826949;"0.004010999";"win32";"80.239.142.212";"speedtest";1340030648;76745.510489;0.021136;"737c65f9-12e2-47a9-9e14-942857e0d0b6";3209;"15";"Erfurt";16;6;2012;0;18;"20120618"
"87.178.168.159";"DE";8.250000;48.750000;"AS3320 Deutsche Telekom AG";"mlab1-ham01";0.068881;120093.036390;"0.004006999";"linux2";"80.239.142.212";"speedtest";1340030875;16577.401232;0.078807;"9d4a5d58-7055-46b1-9654-2de83fb0932f";3320;"01";"Baden-baden";16;6;2012;0;18;"20120618"
"92.200.7.193";"DE";9.700900;48.694400;"AS20676 QSC AG";"mlab1-ham01";0.091418;483681.537719;"0.004012999";"darwin";"80.239.142.212";"speedtest";1340030891;56784.343850;0.089789;"2ae1a06d-85e1-4e7e-9214-10e08a3a30ab";20676;"01";"Eislingen";16;6;2012;0;18;"20120618"
"178.13.177.34";"DE";9.000000;51.000000;"AS3209 Vodafone GmbH";"mlab1-ham01";0.075608;855714.393244;"0.004005999";"linux2";"80.239.142.212";"bittorrent";1340030939;133455.469082;-1.000000;"d80ec3cc-e940-4362-bb5a-c2bf17a6fd0d";3209;"";"";16;6;2012;0;18;"20120618"
"92.77.246.228";"DE";10.000000;53.550000;"AS3209 Vodafone GmbH";"mlab1-ham01";0.031494;1424221.844989;"0.004012999";"win32";"80.239.142.212";"bittorrent";1340030982;94654.916586;-1.000000;"35cb00ec-8dd5-4c10-b6d8-af0ca91cadc2";3209;"04";"Hamburg";16;6;2012;0;18;"20120618"
"93.219.83.124";"DE";13.066700;52.400000;"AS3320 Deutsche Telekom AG";"mlab1-ham01";0.022174;4979864.875429;"0.004012999";"linux2";"80.239.142.212";"bittorrent";1340031108;1042976.693976;-1.000000;"2522fb79-4e59-4c68-b014-2c4570739a62";3320;"11";"Potsdam";16;6;2012;0;18;"20120618"
"77.21.138.42";"DE";9.715300;52.342500;"AS31334 Kabel Deutschland Vertrieb und Service GmbH";"mlab1-ham01";0.024779;2348570.441955;"0.004012999";"darwin";"80.239.142.212";"bittorrent";1340031242;732673.516163;-1.000000;"e28849dc-5e1b-4b79-a681-712c312f5816";31334;"06";"Hanover";16;6;2012;0;18;"20120618"
"87.169.236.230";"DE";13.400000;52.516700;"AS3320 Deutsche Telekom AG";"mlab1-ham01";0.023175;5032314.334130;"0.004012999";"darwin";"80.239.142.212";"speedtest";1340031440;1034433.965710;0.024214;"f7e74337-5111-4d6a-a11a-2ef4a0c4db50";3320;"16";"Berlin";16;6;2012;0;18;"20120618"
"95.208.134.125";"DE";8.083300;48.533300;"AS29562 Kabel BW GmbH";"mlab1-ham01";0.033433;751724.721589;"0.004012999";"linux2";"80.239.142.212";"bittorrent";1340031635;48806.797112;-1.000000;"34f905d6-2b61-4a5e-a665-d1f8a3f2d041";29562;"01";"Oberkirch";17;6;2012;0;18;"20120618"
"84.158.46.111";"DE";8.416700;48.433300;"AS3320 Deutsche Telekom AG";"mlab1-ham01";0.061916;221351.637722;"0.004012999";"darwin";"80.239.142.212";"bittorrent";1340031937;28091.072972;-1.000000;"72dec868-fef9-4d06-9cad-b6b2dff41285";3320;"01";"Freudenstadt";17;6;2012;0;18;"20120618"
"88.73.250.177";"DE";11.033300;50.983300;"AS3209 Vodafone GmbH";"mlab1-ham01";0.018287;738958.761732;"0.004010999";"win32";"80.239.142.212";"bittorrent";1340032079;76183.261030;-1.000000;"737c65f9-12e2-47a9-9e14-942857e0d0b6";3209;"15";"Erfurt";17;6;2012;0;18;"20120618"
"77.12.203.52";"DE";13.400000;52.516700;"AS6805 Telefonica Germany GmbH & Co.OHG";"mlab1-ham01";0.059737;1096853.114491;"0.004012999";"darwin";"80.239.142.212";"bittorrent";1340032104;90190.696088;-1.000000;"58702c42-fe45-49c2-94a4-4df8118774bb";6805;"16";"Berlin";17;6;2012;0;18;"20120618"
"93.203.195.87";"DE";11.583300;48.150000;"AS3320 Deutsche Telekom AG";"mlab1-ham01";0.044287;5537299.020107;"0.004011999";"win32";"80.239.142.212";"bittorrent";1340032170;1018031.604588;-1.000000;"627b8c63-1d61-4f22-9e44-28d71cc70e2e";3320;"02";"Munich";17;6;2012;0;18;"20120618"
"92.195.115.156";"DE";11.033300;50.983300;"AS20676 QSC AG";"mlab1-ham01";0.064885;237245.222242;"0.004012999";"darwin";"80.239.142.212";"bittorrent";1340032178;44811.870530;-1.000000;"81014317-071d-48ad-b6b8-adca554fbdf6";20676;"15";"Erfurt";17;6;2012;0;18;"20120618"
"93.220.49.47";"DE";13.400000;52.516700;"AS3320 Deutsche Telekom AG";"mlab1-ham01";0.022360;2859057.021970;"0.004012999";"win32";"80.239.142.212";"speedtest";1340032187;1138025.274500;0.023078;"8ac1e576-29fc-4381-9927-cecba6229ca7";3320;"16";"Berlin";17;6;2012;0;18;"20120618"
"79.203.86.53";"DE";11.583300;48.150000;"AS3320 Deutsche Telekom AG";"mlab1-ham01";0.023751;1333816.580560;"0.004012999";"darwin";"80.239.142.212";"speedtest";1340032233;120211.999592;0.026644;"0445411f-1a91-486e-aa99-34aa63e4af95";3320;"02";"Munich";17;6;2012;0;18;"20120618"
"87.178.168.159";"DE";8.250000;48.750000;"AS3320 Deutsche Telekom AG";"mlab1-ham01";0.072923;125500.234812;"0.004006999";"linux2";"80.239.142.212";"bittorrent";1340032526;16707.883973;-1.000000;"9d4a5d58-7055-46b1-9654-2de83fb0932f";3320;"01";"Baden-baden";17;6;2012;0;18;"20120618"
"77.21.138.42";"DE";9.715300;52.342500;"AS31334 Kabel Deutschland Vertrieb und Service GmbH";"mlab1-ham01";0.023254;2156707.135780;"0.004012999";"darwin";"80.239.142.212";"speedtest";1340032721;729457.217742;0.026822;"e28849dc-5e1b-4b79-a681-712c312f5816";31334;"06";"Hanover";17;6;2012;0;18;"20120618"
"217.16.163.156";"DE";12.000000;51.366700;"AS35515 EVH GmbH";"mlab1-ham01";0.036538;197179.298064;"0.004012999";"linux2";"80.239.142.212";"speedtest";1340032720;168628.029657;0.036986;"5f387d5d-8687-4aab-81d1-a234c3553052";35515;"14";"Merseburg";17;6;2012;0;18;"20120618"
"91.35.33.88";"DE";9.433300;54.783300;"AS3320 Deutsche Telekom AG";"mlab1-ham01";0.012542;1482318.903600;"0.004012999";"win32";"80.239.142.212";"speedtest";1340032805;78076.264065;0.015927;"71ef70e0-ac7c-408a-99b6-991bcb0563bb";3320;"10";"Flensburg";17;6;2012;0;18;"20120618"
"93.206.233.146";"DE";8.283300;53.400000;"AS3320 Deutsche Telekom AG";"mlab1-ham01";0.019597;5646646.185910;"0.004011999";"win32";"80.239.142.212";"speedtest";1340032916;1140560.421780;0.020974;"540af2e6-2c0b-4173-a8ac-fd971d1b6fcb";3320;"06";"Jade";17;6;2012;0;18;"20120618"
"77.23.61.29";"DE";9.000000;51.000000;"AS31334 Kabel Deutschland Vertrieb und Service GmbH";"mlab1-ham01";0.020459;2149068.818970;"0.004012999";"win32";"80.239.142.212";"speedtest";1340033063;58880.714675;0.022911;"898e2e06-ef2e-44fb-aafd-ae145f8e32af";31334;"";"";17;6;2012;0;18;"20120618"
"95.89.147.151";"DE";7.364900;49.249000;"AS31334 Kabel Deutschland Vertrieb und Service GmbH";"mlab1-ham01";0.027472;8168441.224526;"0.004012999";"win32";"80.239.142.212";"bittorrent";1340033384;756852.645540;-1.000000;"6016980c-587e-4542-a75f-35eac912aa21";31334;"08";"Zweibrücken";17;6;2012;0;18;"20120618"
"93.203.195.87";"DE";11.583300;48.150000;"AS3320 Deutsche Telekom AG";"mlab1-ham01";0.042583;5008380.964530;"0.004011999";"win32";"80.239.142.212";"speedtest";1340033642;949578.330510;0.033410;"627b8c63-1d61-4f22-9e44-28d71cc70e2e";3320;"02";"Munich";17;6;2012;0;18;"20120618"
"188.101.90.244";"DE";7.439400;51.380100;"AS3209 Vodafone GmbH";"mlab1-ham01";0.015881;262725.127695;"0.004012999";"linux2";"80.239.142.212";"speedtest";1340033749;77520.164702;0.040350;"1ff4cb94-d263-4238-8a05-89a9dd938d1c";3209;"07";"Hagen";17;6;2012;0;18;"20120618"
"87.178.105.210";"DE";11.833300;48.083300;"AS3320 Deutsche Telekom AG";"mlab1-ham01";0.057474;656218.259958;"0.004012999";"darwin";"80.239.142.212";"speedtest";1340033663;66249.366086;0.060262;"f3523021-8b10-4afd-9dda-2ac916ad4c9a";3320;"02";"Zorneding";17;6;2012;0;18;"20120618"
"77.3.250.96";"DE";8.833300;47.766700;"AS6805 Telefonica Germany GmbH & Co.OHG";"mlab1-ham01";0.038544;1399064.742010;"0.004012999";"darwin";"80.239.142.212";"speedtest";1340033764;119879.344246;0.039675;"7f6dfa2b-14ff-4d0d-8b49-2d9db3f1749a";6805;"01";"Singen";17;6;2012;0;18;"20120618"
"84.151.239.50";"DE";6.950000;50.933300;"AS3320 Deutsche Telekom AG";"mlab1-ham01";0.028778;5371153.953630;"0.004012999";"win32";"80.239.142.212";"speedtest";1340033773;1138441.354870;0.029581;"9eff3e01-317a-4ea6-9b53-70ceaef409e3";3320;"07";"Köln";17;6;2012;0;18;"20120618"
"92.77.246.228";"DE";10.000000;53.550000;"AS3209 Vodafone GmbH";"mlab1-ham01";0.030252;1393226.902374;"0.004012999";"win32";"80.239.142.212";"bittorrent";1340033800;94919.586886;-1.000000;"35cb00ec-8dd5-4c10-b6d8-af0ca91cadc2";3209;"04";"Hamburg";17;6;2012;0;18;"20120618"
"87.143.16.198";"DE";11.100000;51.150000;"AS3320 Deutsche Telekom AG";"mlab1-ham01";0.032086;1337174.469496;"0.004012999";"darwin";"80.239.142.212";"bittorrent";1340033919;92982.831950;-1.000000;"95120f16-54c4-4444-b2d8-e87391844949";3320;"15";"Sömmerda";17;6;2012;0;18;"20120618"
"46.115.25.230";"DE";9.000000;51.000000;"AS12638 E-Plus Mobilfunk GmbH & Co. KG";"mlab1-ham01";0.282542;64547.267203;"0.004012999";"darwin";"80.239.142.212";"bittorrent";1340033990;14187.269272;-1.000000;"4baef5fd-7f85-41c9-b289-0d4d24e485da";12638;"";"";17;6;2012;0;18;"20120618"
"79.242.208.61";"DE";9.000000;51.000000;"AS3320 Deutsche Telekom AG";"mlab1-ham01";0.024156;1657417.827480;"0.004012999";"win32";"80.239.142.212";"speedtest";1340033990;122217.150364;0.027798;"5d339a24-8369-4b94-9c59-021adecef5a6";3320;"";"";17;6;2012;0;18;"20120618"
"87.169.236.230";"DE";13.400000;52.516700;"AS3320 Deutsche Telekom AG";"mlab1-ham01";0.024448;4922898.910670;"0.004012999";"darwin";"80.239.142.212";"speedtest";1340034289;1034699.489480;0.024981;"f7e74337-5111-4d6a-a11a-2ef4a0c4db50";3320;"16";"Berlin";17;6;2012;0;18;"20120618"
"91.35.33.88";"DE";9.433300;54.783300;"AS3320 Deutsche Telekom AG";"mlab1-ham01";0.011169;1492255.222339;"0.004012999";"win32";"80.239.142.212";"bittorrent";1340034381;58610.973746;-1.000000;"71ef70e0-ac7c-408a-99b6-991bcb0563bb";3320;"10";"Flensburg";17;6;2012;0;18;"20120618"
"46.223.18.206";"DE";8.385800;49.004700;"AS29562 Kabel BW GmbH";"mlab1-ham01";0.031863;1698498.804800;"0.004012999";"win32";"80.239.142.212";"speedtest";1340035160;314115.146714;0.035993;"62a0c3ba-8531-44c5-b8a3-ca82d00981cd";29562;"01";"Karlsruhe";17;6;2012;0;18;"20120618"
"87.178.105.210";"DE";11.833300;48.083300;"AS3320 Deutsche Telekom AG";"mlab1-ham01";0.057673;699925.670527;"0.004012999";"darwin";"80.239.142.212";"bittorrent";1340035170;65287.800535;-1.000000;"f3523021-8b10-4afd-9dda-2ac916ad4c9a";3320;"02";"Zorneding";17;6;2012;0;18;"20120618"
"188.106.104.255";"DE";13.400000;52.516700;"AS3209 Vodafone GmbH";"mlab1-ham01";0.027398;720786.399430;"0.004012999";"linux2";"80.239.142.212";"bittorrent";1340035288;63680.506640;-1.000000;"4e602ea1-9da3-4e76-b31a-2792cc73d69c";3209;"16";"Berlin";18;6;2012;0;18;"20120618"
"87.179.66.249";"DE";11.033300;50.983300;"AS3320 Deutsche Telekom AG";"mlab1-ham01";0.017290;1738068.366660;"0.004011999";"linux2";"80.239.142.212";"speedtest";1340035306;121350.545811;0.019964;"0575caf1-8a3d-4ae0-8b6e-5caaddb74121";3320;"15";"Erfurt";18;6;2012;0;18;"20120618"
"84.151.239.50";"DE";6.950000;50.933300;"AS3320 Deutsche Telekom AG";"mlab1-ham01";0.029503;5807192.958707;"0.004012999";"win32";"80.239.142.212";"bittorrent";1340035344;1146817.531521;-1.000000;"9eff3e01-317a-4ea6-9b53-70ceaef409e3";3320;"07";"Köln";18;6;2012;0;18;"20120618"
"87.143.16.198";"DE";11.100000;51.150000;"AS3320 Deutsche Telekom AG";"mlab1-ham01";0.033199;1200882.738670;"0.004012999";"darwin";"80.239.142.212";"speedtest";1340035362;92760.963895;0.035782;"95120f16-54c4-4444-b2d8-e87391844949";3320;"15";"Sömmerda";18;6;2012;0;18;"20120618"
"217.235.122.86";"DE";11.025600;49.329200;"AS3320 Deutsche Telekom AG";"mlab1-ham01";0.064987;352997.075528;"0.004012999";"win32";"80.239.142.212";"bittorrent";1340035504;46365.775442;-1.000000;"25329937-558d-46a5-ad71-2b2adc1d8807";3320;"02";"Schwabach";18;6;2012;0;18;"20120618"
"217.252.108.118";"DE";8.550000;48.083300;"AS3320 Deutsche Telekom AG";"mlab1-ham01";0.065233;355809.017215;"0.004012999";"win32";"80.239.142.212";"speedtest";1340035728;46398.076480;0.069614;"13c4b97b-dd9b-4d0d-9ae7-2eff4b187e28";3320;"01";"Dauchingen";18;6;2012;0;18;"20120618"
"93.206.233.146";"DE";8.283300;53.400000;"AS3320 Deutsche Telekom AG";"mlab1-ham01";0.021859;5647553.710010;"0.004011999";"win32";"80.239.142.212";"speedtest";1340035841;1134447.144690;0.020736;"540af2e6-2c0b-4173-a8ac-fd971d1b6fcb";3320;"06";"Jade";18;6;2012;0;18;"20120618"
"91.35.33.88";"DE";9.433300;54.783300;"AS3320 Deutsche Telekom AG";"mlab1-ham01";0.011181;1438010.408070;"0.004012999";"win32";"80.239.142.212";"speedtest";1340035931;76175.391001;0.016440;"71ef70e0-ac7c-408a-99b6-991bcb0563bb";3320;"10";"Flensburg";18;6;2012;0;18;"20120618"
"77.23.61.29";"DE";9.000000;51.000000;"AS31334 Kabel Deutschland Vertrieb und Service GmbH";"mlab1-ham01";0.021253;1762120.363950;"0.004012999";"win32";"80.239.142.212";"speedtest";1340036018;59078.979237;0.023253;"898e2e06-ef2e-44fb-aafd-ae145f8e32af";31334;"";"";18;6;2012;0;18;"20120618"
"109.104.46.141";"DE";9.000000;51.000000;"AS16097 HL komm Telekommunikations GmbH";"mlab1-ham01";0.031258;4360749.264230;"0.004012999";"win32";"80.239.142.212";"speedtest";1340036093;1453585.493730;0.031688;"e03ed480-f318-416a-a657-1747a4d50f9e";16097;"";"";18;6;2012;0;18;"20120618"
"188.107.5.72";"DE";8.450000;50.133300;"AS3209 Vodafone GmbH";"mlab1-ham01";0.023631;115427.057911;"0.004012999";"win32";"80.239.142.212";"speedtest";1340036147;13809.215403;0.048386;"8d185344-90ee-417c-b236-5d9f35178efb";3209;"05";"Kelkheim";18;6;2012;0;18;"20120618"
"95.208.134.125";"DE";8.083300;48.533300;"AS29562 Kabel BW GmbH";"mlab1-ham01";0.033839;730406.202241;"0.004012999";"linux2";"80.239.142.212";"speedtest";1340036413;49017.982077;0.035326;"34f905d6-2b61-4a5e-a665-d1f8a3f2d041";29562;"01";"Oberkirch";18;6;2012;0;18;"20120618"
"82.83.62.103";"DE";9.000000;51.000000;"AS3209 Vodafone GmbH";"mlab1-ham01";0.019622;570324.257203;"0.004012999";"linux2";"80.239.142.212";"bittorrent";1340036429;53868.285271;-1.000000;"e7b78883-6949-44d7-bffa-646118b01e16";3209;"";"";18;6;2012;0;18;"20120618"
"93.203.195.87";"DE";11.583300;48.150000;"AS3320 Deutsche Telekom AG";"mlab1-ham01";0.044837;3400991.081990;"0.004011999";"win32";"80.239.142.212";"speedtest";1340036587;947095.147560;0.035370;"627b8c63-1d61-4f22-9e44-28d71cc70e2e";3320;"02";"Munich";18;6;2012;0;18;"20120618"
"91.61.73.174";"DE";13.400000;52.516700;"AS3320 Deutsche Telekom AG";"mlab1-ham01";0.024968;1590976.414370;"0.004012999";"darwin";"80.239.142.212";"speedtest";1340036598;1054953.954560;0.028653;"f3adc558-a824-40b0-b105-5a7c00397169";3320;"16";"Berlin";18;6;2012;0;18;"20120618"
"178.13.177.34";"DE";9.000000;51.000000;"AS3209 Vodafone GmbH";"mlab1-ham01";0.068802;862698.360249;"0.004005999";"linux2";"80.239.142.212";"bittorrent";1340036619;116102.038260;-1.000000;"d80ec3cc-e940-4362-bb5a-c2bf17a6fd0d";3209;"";"";18;6;2012;0;18;"20120618"
"92.195.115.156";"DE";11.033300;50.983300;"AS20676 QSC AG";"mlab1-ham01";0.063112;165095.976287;"0.004012999";"darwin";"80.239.142.212";"speedtest";1340036643;45563.726206;0.069624;"81014317-071d-48ad-b6b8-adca554fbdf6";20676;"15";"Erfurt";18;6;2012;0;18;"20120618"
"87.178.105.210";"DE";11.833300;48.083300;"AS3320 Deutsche Telekom AG";"mlab1-ham01";0.057559;651910.568873;"0.004012999";"darwin";"80.239.142.212";"speedtest";1340036673;66212.164581;0.060180;"f3523021-8b10-4afd-9dda-2ac916ad4c9a";3320;"02";"Zorneding";18;6;2012;0;18;"20120618"
"188.106.104.255";"DE";13.400000;52.516700;"AS3209 Vodafone GmbH";"mlab1-ham01";0.028300;698859.357274;"0.004012999";"linux2";"80.239.142.212";"speedtest";1340036789;59244.082196;0.031597;"4e602ea1-9da3-4e76-b31a-2792cc73d69c";3209;"16";"Berlin";18;6;2012;0;18;"20120618"
"84.151.239.50";"DE";6.950000;50.933300;"AS3320 Deutsche Telekom AG";"mlab1-ham01";0.028580;5359743.790880;"0.004012999";"win32";"80.239.142.212";"speedtest";1340036917;1106209.114140;0.029349;"9eff3e01-317a-4ea6-9b53-70ceaef409e3";3320;"07";"Köln";18;6;2012;0;18;"20120618"
"77.185.86.33";"DE";14.066700;52.366700;"AS6805 Telefonica Germany GmbH & Co.OHG";"mlab1-ham01";0.077183;99995.932266;"0.004012999";"linux2";"80.239.142.212";"bittorrent";1340036917;12039.959492;-1.000000;"853327e0-d084-49a5-a5df-81d9281ed740";6805;"11";"Fürstenwalde";18;6;2012;0;18;"20120618"
"79.203.86.53";"DE";11.583300;48.150000;"AS3320 Deutsche Telekom AG";"mlab1-ham01";0.033373;1297819.968016;"0.004012999";"darwin";"80.239.142.212";"bittorrent";1340036984;98989.896581;-1.000000;"0445411f-1a91-486e-aa99-34aa63e4af95";3320;"02";"Munich";18;6;2012;0;18;"20120618"
"87.169.236.230";"DE";13.400000;52.516700;"AS3320 Deutsche Telekom AG";"mlab1-ham01";0.023233;5123159.626010;"0.004012999";"darwin";"80.239.142.212";"speedtest";1340037137;1036033.798230;0.024024;"f7e74337-5111-4d6a-a11a-2ef4a0c4db50";3320;"16";"Berlin";18;6;2012;0;18;"20120618"
"93.206.233.146";"DE";8.283300;53.400000;"AS3320 Deutsche Telekom AG";"mlab1-ham01";1.206781;5268446.677147;"0.004011999";"win32";"80.239.142.212";"bittorrent";1340037310;1149575.941582;-1.000000;"540af2e6-2c0b-4173-a8ac-fd971d1b6fcb";3320;"06";"Jade";18;6;2012;0;18;"20120618"
"88.73.250.177";"DE";11.033300;50.983300;"AS3209 Vodafone GmbH";"mlab1-ham01";0.018796;722817.924765;"0.004010999";"win32";"80.239.142.212";"bittorrent";1340037407;55905.475611;-1.000000;"737c65f9-12e2-47a9-9e14-942857e0d0b6";3209;"15";"Erfurt";18;6;2012;0;18;"20120618"
"91.35.33.88";"DE";9.433300;54.783300;"AS3320 Deutsche Telekom AG";"mlab1-ham01";0.011997;1522940.957599;"0.004012999";"win32";"80.239.142.212";"bittorrent";1340037484;77891.729965;-1.000000;"71ef70e0-ac7c-408a-99b6-991bcb0563bb";3320;"10";"Flensburg";18;6;2012;0;18;"20120618"
"82.83.62.103";"DE";9.000000;51.000000;"AS3209 Vodafone GmbH";"mlab1-ham01";0.019491;1617771.793460;"0.004012999";"linux2";"80.239.142.212";"speedtest";1340038011;98852.999207;0.022363;"e7b78883-6949-44d7-bffa-646118b01e16";3209;"";"";18;6;2012;0;18;"20120618"
"92.77.246.228";"DE";10.000000;53.550000;"AS3209 Vodafone GmbH";"mlab1-ham01";0.031641;1282937.321750;"0.004012999";"win32";"80.239.142.212";"speedtest";1340038680;96381.125406;0.023951;"35cb00ec-8dd5-4c10-b6d8-af0ca91cadc2";3209;"04";"Hamburg";18;6;2012;0;18;"20120618"
"178.13.177.34";"DE";9.000000;51.000000;"AS3209 Vodafone GmbH";"mlab1-ham01";0.096634;658893.884720;"0.004005999";"linux2";"80.239.142.212";"speedtest";1340038039;155687.246629;0.076463;"d80ec3cc-e940-4362-bb5a-c2bf17a6fd0d";3209;"";"";18;6;2012;0;18;"20120618"
"91.66.80.187";"DE";13.426900;52.487300;"AS31334 Kabel Deutschland Vertrieb und Service GmbH";"mlab1-ham01";0.014429;1859392.858126;"0.004012999";"win32";"80.239.142.212";"bittorrent";1340038090;176422.102187;-1.000000;"d7f48b63-cb3b-4cb1-9641-64a4a394afcb";31334;"16";"Berlin";18;6;2012;0;18;"20120618"
"46.115.25.230";"DE";9.000000;51.000000;"AS12638 E-Plus Mobilfunk GmbH & Co. KG";"mlab1-ham01";0.141930;137039.305916;"0.004012999";"darwin";"80.239.142.212";"speedtest";1340038248;21618.746121;0.205029;"4baef5fd-7f85-41c9-b289-0d4d24e485da";12638;"";"";18;6;2012;0;18;"20120618"
"87.143.16.198";"DE";11.100000;51.150000;"AS3320 Deutsche Telekom AG";"mlab1-ham01";0.032753;1245628.627720;"0.004012999";"darwin";"80.239.142.212";"speedtest";1340038252;92758.032135;0.035632;"95120f16-54c4-4444-b2d8-e87391844949";3320;"15";"Sömmerda";18;6;2012;0;18;"20120618"
"77.185.86.33";"DE";14.066700;52.366700;"AS6805 Telefonica Germany GmbH & Co.OHG";"mlab1-ham01";0.079534;228613.437598;"0.004012999";"linux2";"80.239.142.212";"speedtest";1340038397;17235.929676;0.081528;"853327e0-d084-49a5-a5df-81d9281ed740";6805;"11";"Fürstenwalde";18;6;2012;0;18;"20120618"
"217.224.80.167";"DE";9.016700;53.033300;"AS3320 Deutsche Telekom AG";"mlab1-ham01";0.061488;659919.931132;"0.004009999";"win32";"80.239.142.212";"speedtest";1340038405;64363.765135;0.049093;"6a700626-ba72-4d85-a42a-358de2cb9f5b";3320;"06";"Achim";18;6;2012;0;18;"20120618"
"77.3.250.96";"DE";8.833300;47.766700;"AS6805 Telefonica Germany GmbH & Co.OHG";"mlab1-ham01";0.036097;1511510.825662;"0.004012999";"darwin";"80.239.142.212";"bittorrent";1340038439;119136.077799;-1.000000;"7f6dfa2b-14ff-4d0d-8b49-2d9db3f1749a";6805;"01";"Singen";18;6;2012;0;18;"20120618"
"84.151.239.50";"DE";6.950000;50.933300;"AS3320 Deutsche Telekom AG";"mlab1-ham01";0.028762;5711437.572500;"0.004012999";"win32";"80.239.142.212";"bittorrent";1340038488;1155877.684906;-1.000000;"9eff3e01-317a-4ea6-9b53-70ceaef409e3";3320;"07";"Köln";18;6;2012;0;18;"20120618"
"217.252.108.118";"DE";8.550000;48.083300;"AS3320 Deutsche Telekom AG";"mlab1-ham01";0.178686;278947.374344;"0.004012999";"win32";"80.239.142.212";"speedtest";1340038560;45323.895579;0.162317;"13c4b97b-dd9b-4d0d-9ae7-2eff4b187e28";3320;"01";"Dauchingen";18;6;2012;0;18;"20120618"
"79.203.86.53";"DE";11.583300;48.150000;"AS3320 Deutsche Telekom AG";"mlab1-ham01";0.025783;1330310.508000;"0.004012999";"darwin";"80.239.142.212";"speedtest";1340038567;96274.243888;0.028001;"0445411f-1a91-486e-aa99-34aa63e4af95";3320;"02";"Munich";18;6;2012;0;18;"20120618"
"31.18.97.148";"DE";10.000000;53.550000;"AS31334 Kabel Deutschland Vertrieb und Service GmbH";"mlab1-ham01";0.019734;5307335.433708;"0.004012999";"darwin";"80.239.142.212";"bittorrent";1340038708;742174.801052;-1.000000;"a2d0b7d4-117a-4def-85bc-80f5d527088d";31334;"04";"Hamburg";18;6;2012;0;18;"20120618"
"93.206.233.146";"DE";8.283300;53.400000;"AS3320 Deutsche Telekom AG";"mlab1-ham01";0.022339;5483381.625730;"0.004011999";"win32";"80.239.142.212";"speedtest";1340038773;1140581.833700;0.022251;"540af2e6-2c0b-4173-a8ac-fd971d1b6fcb";3320;"06";"Jade";18;6;2012;0;18;"20120618"
"77.23.61.29";"DE";9.000000;51.000000;"AS31334 Kabel Deutschland Vertrieb und Service GmbH";"mlab1-ham01";0.020426;2355140.176080;"0.004012999";"win32";"80.239.142.212";"speedtest";1340038969;55510.468918;0.023939;"898e2e06-ef2e-44fb-aafd-ae145f8e32af";31334;"";"";19;6;2012;0;18;"20120618"
"94.219.178.130";"DE";8.647500;49.955300;"AS3209 Vodafone GmbH";"mlab1-ham01";0.019054;1346975.094950;"0.004012999";"darwin";"80.239.142.212";"speedtest";1340039032;97097.031891;0.022037;"81629ab0-96cf-48a2-bdd6-429233ae5325";3209;"05";"Erzhausen";19;6;2012;0;18;"20120618"
"188.107.5.72";"DE";8.450000;50.133300;"AS3209 Vodafone GmbH";"mlab1-ham01";0.023132;119465.696823;"0.004012999";"win32";"80.239.142.212";"speedtest";1340039133;12922.945997;0.037841;"8d185344-90ee-417c-b236-5d9f35178efb";3209;"05";"Kelkheim";19;6;2012;0;18;"20120618"
"46.223.18.206";"DE";8.385800;49.004700;"AS29562 Kabel BW GmbH";"mlab1-ham01";0.032178;1548478.441451;"0.004012999";"win32";"80.239.142.212";"bittorrent";1340039359;313536.457203;-1.000000;"62a0c3ba-8531-44c5-b8a3-ca82d00981cd";29562;"01";"Karlsruhe";19;6;2012;0;18;"20120618"
"93.220.49.47";"DE";13.400000;52.516700;"AS3320 Deutsche Telekom AG";"mlab1-ham01";0.071182;2131454.420443;"0.004012999";"win32";"80.239.142.212";"bittorrent";1340039584;744815.548295;-1.000000;"8ac1e576-29fc-4381-9927-cecba6229ca7";3320;"16";"Berlin";19;6;2012;0;18;"20120618"
"77.12.203.52";"DE";13.400000;52.516700;"AS6805 Telefonica Germany GmbH & Co.OHG";"mlab1-ham01";0.058350;1012600.678440;"0.004012999";"darwin";"80.239.142.212";"speedtest";1340039614;93790.433639;0.060574;"58702c42-fe45-49c2-94a4-4df8118774bb";6805;"16";"Berlin";19;6;2012;0;18;"20120618"
"46.115.25.230";"DE";9.000000;51.000000;"AS12638 E-Plus Mobilfunk GmbH & Co. KG";"mlab1-ham01";0.148220;149467.472436;"0.004012999";"darwin";"80.239.142.212";"bittorrent";1340039705;37589.717834;-1.000000;"4baef5fd-7f85-41c9-b289-0d4d24e485da";12638;"";"";19;6;2012;0;18;"20120618"
"77.185.86.33";"DE";14.066700;52.366700;"AS6805 Telefonica Germany GmbH & Co.OHG";"mlab1-ham01";0.074139;207111.353226;"0.004012999";"linux2";"80.239.142.212";"bittorrent";1340039885;43716.374454;-1.000000;"853327e0-d084-49a5-a5df-81d9281ed740";6805;"11";"Fürstenwalde";19;6;2012;0;18;"20120618"
"188.108.103.6";"DE";10.133300;54.333300;"AS3209 Vodafone GmbH";"mlab1-ham01";0.018457;1694300.143040;"0.004012999";"win32";"80.239.142.212";"speedtest";1340039943;119682.004877;0.019909;"90b4ab67-12f0-4448-b7b6-4f7333e84971";3209;"10";"Kiel";19;6;2012;0;18;"20120618"
"79.242.208.61";"DE";9.000000;51.000000;"AS3320 Deutsche Telekom AG";"mlab1-ham01";0.024704;1524429.572620;"0.004012999";"win32";"80.239.142.212";"speedtest";1340039989;118592.479537;0.028782;"5d339a24-8369-4b94-9c59-021adecef5a6";3320;"";"";19;6;2012;0;18;"20120618"
"84.151.239.50";"DE";6.950000;50.933300;"AS3320 Deutsche Telekom AG";"mlab1-ham01";0.190360;1121902.397410;"0.004012999";"win32";"80.239.142.212";"speedtest";1340040087;506104.251935;0.216242;"9eff3e01-317a-4ea6-9b53-70ceaef409e3";3320;"07";"Köln";19;6;2012;0;18;"20120618"
"79.203.86.53";"DE";11.583300;48.150000;"AS3320 Deutsche Telekom AG";"mlab1-ham01";0.026367;1374063.775225;"0.004012999";"darwin";"80.239.142.212";"bittorrent";1340040150;119667.853381;-1.000000;"0445411f-1a91-486e-aa99-34aa63e4af95";3320;"02";"Munich";19;6;2012;0;18;"20120618"
"188.101.90.244";"DE";7.439400;51.380100;"AS3209 Vodafone GmbH";"mlab1-ham01";0.015804;335680.894017;"0.004012999";"linux2";"80.239.142.212";"speedtest";1340040257;77509.072379;0.020675;"1ff4cb94-d263-4238-8a05-89a9dd938d1c";3209;"07";"Hagen";19;6;2012;0;18;"20120618"
"88.73.250.177";"DE";11.033300;50.983300;"AS3209 Vodafone GmbH";"mlab1-ham01";0.019250;739327.935516;"0.004010999";"win32";"80.239.142.212";"bittorrent";1340040206;76623.875520;-1.000000;"737c65f9-12e2-47a9-9e14-942857e0d0b6";3209;"15";"Erfurt";19;6;2012;0;18;"20120618"
"94.219.178.130";"DE";8.647500;49.955300;"AS3209 Vodafone GmbH";"mlab1-ham01";0.018745;1355682.026931;"0.004012999";"darwin";"80.239.142.212";"bittorrent";1340040448;97944.721691;-1.000000;"81629ab0-96cf-48a2-bdd6-429233ae5325";3209;"05";"Erzhausen";19;6;2012;0;18;"20120618"
"87.178.168.159";"DE";8.250000;48.750000;"AS3320 Deutsche Telekom AG";"mlab1-ham01";0.067032;119979.856183;"0.004006999";"linux2";"80.239.142.212";"speedtest";1340040686;16365.231560;0.078193;"9d4a5d58-7055-46b1-9654-2de83fb0932f";3320;"01";"Baden-baden";19;6;2012;0;18;"20120618"
"88.217.69.131";"DE";10.883300;48.366700;"AS8767 M-net Telekommunikations GmbH, Germany";"mlab1-ham01";0.047132;927680.724788;"0.004012999";"win32";"80.239.142.212";"bittorrent";1340040843;128917.308532;-1.000000;"1ccde378-8b74-4c88-bb1e-35d1b840d68d";8767;"02";"Augsburg";19;6;2012;0;18;"20120618"
"92.77.246.228";"DE";10.000000;53.550000;"AS3209 Vodafone GmbH";"mlab1-ham01";0.031036;1515529.910100;"0.004012999";"win32";"80.239.142.212";"speedtest";1340041496;91015.844255;0.022213;"35cb00ec-8dd5-4c10-b6d8-af0ca91cadc2";3209;"04";"Hamburg";19;6;2012;0;18;"20120618"
"77.12.203.52";"DE";13.400000;52.516700;"AS6805 Telefonica Germany GmbH & Co.OHG";"mlab1-ham01";0.058623;1096113.548052;"0.004012999";"darwin";"80.239.142.212";"bittorrent";1340041114;95595.132884;-1.000000;"58702c42-fe45-49c2-94a4-4df8118774bb";6805;"16";"Berlin";19;6;2012;0;18;"20120618"
"188.108.103.6";"DE";10.133300;54.333300;"AS3209 Vodafone GmbH";"mlab1-ham01";0.017014;1704212.199268;"0.004012999";"win32";"80.239.142.212";"bittorrent";1340041350;120058.808023;-1.000000;"90b4ab67-12f0-4448-b7b6-4f7333e84971";3209;"10";"Kiel";19;6;2012;0;18;"20120618"
"217.224.80.167";"DE";9.016700;53.033300;"AS3320 Deutsche Telekom AG";"mlab1-ham01";0.202520;547997.864568;"0.004009999";"win32";"80.239.142.212";"speedtest";1340041408;31839.771628;0.148946;"6a700626-ba72-4d85-a42a-358de2cb9f5b";3320;"06";"Achim";19;6;2012;0;18;"20120618"
"87.169.236.230";"DE";13.400000;52.516700;"AS3320 Deutsche Telekom AG";"mlab1-ham01";0.025425;5342032.821732;"0.004012999";"darwin";"80.239.142.212";"bittorrent";1340041413;1037740.398447;-1.000000;"f7e74337-5111-4d6a-a11a-2ef4a0c4db50";3320;"16";"Berlin";19;6;2012;0;18;"20120618"
"217.252.108.118";"DE";8.550000;48.083300;"AS3320 Deutsche Telekom AG";"mlab1-ham01";0.235599;137079.286871;"0.004012999";"win32";"80.239.142.212";"speedtest";1340041423;19644.666632;0.260908;"13c4b97b-dd9b-4d0d-9ae7-2eff4b187e28";3320;"01";"Dauchingen";19;6;2012;0;18;"20120618"
"31.18.97.148";"DE";10.000000;53.550000;"AS31334 Kabel Deutschland Vertrieb und Service GmbH";"mlab1-ham01";0.015437;3545010.064500;"0.004012999";"darwin";"80.239.142.212";"bittorrent";1340041531;744734.021291;-1.000000;"a2d0b7d4-117a-4def-85bc-80f5d527088d";31334;"04";"Hamburg";19;6;2012;0;18;"20120618"
"87.182.222.244";"DE";10.750000;49.833300;"AS3320 Deutsche Telekom AG";"mlab1-ham01";0.060387;355866.878268;"0.004012999";"darwin";"80.239.142.212";"bittorrent";1340041591;45847.581606;-1.000000;"27feb7e1-567e-48fa-9471-cf5dc8c62356";3320;"02";"Burgebrach";19;6;2012;0;18;"20120618"
"84.151.239.50";"DE";6.950000;50.933300;"AS3320 Deutsche Telekom AG";"mlab1-ham01";0.029253;5680945.490431;"0.004012999";"win32";"80.239.142.212";"bittorrent";1340041658;1130878.256283;-1.000000;"9eff3e01-317a-4ea6-9b53-70ceaef409e3";3320;"07";"Köln";19;6;2012;0;18;"20120618"
"217.235.122.86";"DE";11.025600;49.329200;"AS3320 Deutsche Telekom AG";"mlab1-ham01";0.066094;369443.020398;"0.004012999";"win32";"80.239.142.212";"bittorrent";1340041835;46725.749418;-1.000000;"25329937-558d-46a5-ad71-2b2adc1d8807";3320;"02";"Schwabach";19;6;2012;0;18;"20120618"
"94.219.178.130";"DE";8.647500;49.955300;"AS3209 Vodafone GmbH";"mlab1-ham01";0.018604;1402131.398960;"0.004012999";"darwin";"80.239.142.212";"speedtest";1340041860;97254.558249;0.021915;"81629ab0-96cf-48a2-bdd6-429233ae5325";3209;"05";"Erzhausen";19;6;2012;0;18;"20120618"
"92.77.246.228";"DE";10.000000;53.550000;"AS3209 Vodafone GmbH";"mlab1-ham01";0.035255;1361115.881457;"0.004012999";"win32";"80.239.142.212";"bittorrent";1340042261;89969.005423;-1.000000;"35cb00ec-8dd5-4c10-b6d8-af0ca91cadc2";3209;"04";"Hamburg";19;6;2012;0;18;"20120618"
"87.142.175.167";"DE";10.094400;53.706700;"AS3320 Deutsche Telekom AG";"mlab1-ham01";1.062598;716581.722365;"0.004012999";"darwin";"80.239.142.212";"bittorrent";1340042281;119317.609614;-1.000000;"4b7f2ce0-70b7-4a89-ab11-52e3eb5a4189";3320;"04";"Hamburg";19;6;2012;0;18;"20120618"
"91.66.80.187";"DE";13.426900;52.487300;"AS31334 Kabel Deutschland Vertrieb und Service GmbH";"mlab1-ham01";0.039773;2694093.711290;"0.004012999";"win32";"80.239.142.212";"speedtest";1340042374;184740.039352;0.021424;"d7f48b63-cb3b-4cb1-9641-64a4a394afcb";31334;"16";"Berlin";19;6;2012;0;18;"20120618"
"217.238.87.147";"DE";8.850000;48.283300;"AS3320 Deutsche Telekom AG";"mlab1-ham01";0.027964;1507454.470850;"0.004012999";"darwin";"80.239.142.212";"speedtest";1340042502;70506.917393;0.032574;"9c68b0e6-01ea-450f-a537-a94ee7a39856";3320;"01";"Balingen";20;6;2012;0;18;"20120618"
"93.220.49.47";"DE";13.400000;52.516700;"AS3320 Deutsche Telekom AG";"mlab1-ham01";0.034911;2476347.056218;"0.004012999";"win32";"80.239.142.212";"bittorrent";1340042527;639444.046900;-1.000000;"8ac1e576-29fc-4381-9927-cecba6229ca7";3320;"16";"Berlin";20;6;2012;0;18;"20120618"
"77.12.203.52";"DE";13.400000;52.516700;"AS6805 Telefonica Germany GmbH & Co.OHG";"mlab1-ham01";0.059081;1015975.887740;"0.004012999";"darwin";"80.239.142.212";"speedtest";1340042611;94249.291582;0.062727;"58702c42-fe45-49c2-94a4-4df8118774bb";6805;"16";"Berlin";20;6;2012;0;18;"20120618"
"87.178.105.210";"DE";11.833300;48.083300;"AS3320 Deutsche Telekom AG";"mlab1-ham01";0.058047;649783.792896;"0.004012999";"darwin";"80.239.142.212";"speedtest";1340042700;66229.378916;0.060241;"f3523021-8b10-4afd-9dda-2ac916ad4c9a";3320;"02";"Zorneding";20;6;2012;0;18;"20120618"
"82.83.62.103";"DE";9.000000;51.000000;"AS3209 Vodafone GmbH";"mlab1-ham01";0.020039;1488105.732383;"0.004012999";"linux2";"80.239.142.212";"bittorrent";1340042775;42015.622763;-1.000000;"e7b78883-6949-44d7-bffa-646118b01e16";3209;"";"";20;6;2012;0;18;"20120618"
"77.185.86.33";"DE";14.066700;52.366700;"AS6805 Telefonica Germany GmbH & Co.OHG";"mlab1-ham01";0.073587;206665.571321;"0.004012999";"linux2";"80.239.142.212";"bittorrent";1340042829;41903.692032;-1.000000;"853327e0-d084-49a5-a5df-81d9281ed740";6805;"11";"Fürstenwalde";20;6;2012;0;18;"20120618"
"87.169.236.230";"DE";13.400000;52.516700;"AS3320 Deutsche Telekom AG";"mlab1-ham01";0.023059;5269066.458180;"0.004012999";"darwin";"80.239.142.212";"speedtest";1340042836;1034822.884770;0.024285;"f7e74337-5111-4d6a-a11a-2ef4a0c4db50";3320;"16";"Berlin";20;6;2012;0;18;"20120618"
"79.242.208.61";"DE";9.000000;51.000000;"AS3320 Deutsche Telekom AG";"mlab1-ham01";0.024057;1282928.189970;"0.004012999";"win32";"80.239.142.212";"speedtest";1340042985;123003.658803;0.028100;"5d339a24-8369-4b94-9c59-021adecef5a6";3320;"";"";20;6;2012;0;18;"20120618"
"31.18.1.84";"DE";9.879400;53.565800;"AS31334 Kabel Deutschland Vertrieb und Service GmbH";"mlab1-ham01";0.016162;3473241.606960;"0.004012999";"darwin";"80.239.142.212";"speedtest";1340043047;741531.431769;0.018840;"d94c5607-e6a9-4d76-8431-ea85b9fd52dc";31334;"04";"Hamburg";20;6;2012;0;18;"20120618"
"95.117.171.155";"DE";9.936100;49.787800;"AS6805 Telefonica Germany GmbH & Co.OHG";"mlab1-ham01";0.070203;309244.303369;"0.004012999";"linux2";"80.239.142.212";"bittorrent";1340043074;44396.567523;-1.000000;"8e521e13-eb3c-4a65-b6f8-cc0353a8e0d9";6805;"02";"Würzburg";20;6;2012;0;18;"20120618"
"77.3.250.96";"DE";8.833300;47.766700;"AS6805 Telefonica Germany GmbH & Co.OHG";"mlab1-ham01";0.036886;1328567.706820;"0.004012999";"darwin";"80.239.142.212";"speedtest";1340043108;112637.140656;0.042679;"7f6dfa2b-14ff-4d0d-8b49-2d9db3f1749a";6805;"01";"Singen";20;6;2012;0;18;"20120618"
"84.151.239.50";"DE";6.950000;50.933300;"AS3320 Deutsche Telekom AG";"mlab1-ham01";0.029375;5103702.646100;"0.004012999";"win32";"80.239.142.212";"speedtest";1340043233;1148614.734350;0.030024;"9eff3e01-317a-4ea6-9b53-70ceaef409e3";3320;"07";"Köln";20;6;2012;0;18;"20120618"
"94.219.178.130";"DE";8.647500;49.955300;"AS3209 Vodafone GmbH";"mlab1-ham01";0.018844;1375635.992824;"0.004012999";"darwin";"80.239.142.212";"bittorrent";1340043275;97692.071561;-1.000000;"81629ab0-96cf-48a2-bdd6-429233ae5325";3209;"05";"Erzhausen";20;6;2012;0;18;"20120618"
"178.6.125.245";"DE";7.311000;51.474500;"AS3209 Vodafone GmbH";"mlab1-ham01";0.025691;1118076.269342;"0.004012999";"darwin";"80.239.142.212";"bittorrent";1340043551;117369.340290;-1.000000;"ec6cb0ee-2f10-446c-8f6c-d529280e7e5d";3209;"07";"Bochum";20;6;2012;0;18;"20120618"
"178.13.177.34";"DE";9.000000;51.000000;"AS3209 Vodafone GmbH";"mlab1-ham01";0.080601;750317.386191;"0.004005999";"linux2";"80.239.142.212";"speedtest";1340043717;157951.750109;0.075682;"d80ec3cc-e940-4362-bb5a-c2bf17a6fd0d";3209;"";"";20;6;2012;0;18;"20120618"
"91.66.80.187";"DE";13.426900;52.487300;"AS31334 Kabel Deutschland Vertrieb und Service GmbH";"mlab1-ham01";0.015777;1393754.144699;"0.004012999";"win32";"80.239.142.212";"bittorrent";1340043809;193047.811892;-1.000000;"d7f48b63-cb3b-4cb1-9641-64a4a394afcb";31334;"16";"Berlin";20;6;2012;0;18;"20120618"
"93.219.83.124";"DE";13.066700;52.400000;"AS3320 Deutsche Telekom AG";"mlab1-ham01";0.021251;5274833.687523;"0.004012999";"linux2";"80.239.142.212";"bittorrent";1340043818;866017.837990;-1.000000;"2522fb79-4e59-4c68-b014-2c4570739a62";3320;"11";"Potsdam";20;6;2012;0;18;"20120618"
"92.195.115.156";"DE";11.033300;50.983300;"AS20676 QSC AG";"mlab1-ham01";0.066479;239532.291327;"0.004012999";"darwin";"80.239.142.212";"bittorrent";1340044084;44654.568737;-1.000000;"81014317-071d-48ad-b6b8-adca554fbdf6";20676;"15";"Erfurt";20;6;2012;0;18;"20120618"
"188.108.103.6";"DE";10.133300;54.333300;"AS3209 Vodafone GmbH";"mlab1-ham01";0.017271;1667354.310445;"0.004012999";"win32";"80.239.142.212";"bittorrent";1340044134;119801.217757;-1.000000;"90b4ab67-12f0-4448-b7b6-4f7333e84971";3209;"10";"Kiel";20;6;2012;0;18;"20120618"
"87.169.236.230";"DE";13.400000;52.516700;"AS3320 Deutsche Telekom AG";"mlab1-ham01";0.021929;5136431.140962;"0.004012999";"darwin";"80.239.142.212";"bittorrent";1340044262;1042044.856266;-1.000000;"f7e74337-5111-4d6a-a11a-2ef4a0c4db50";3320;"16";"Berlin";20;6;2012;0;18;"20120618"
"88.73.250.177";"DE";11.033300;50.983300;"AS3209 Vodafone GmbH";"mlab1-ham01";0.017777;679152.647805;"0.004010999";"win32";"80.239.142.212";"speedtest";1340044389;76725.288528;0.022548;"737c65f9-12e2-47a9-9e14-942857e0d0b6";3209;"15";"Erfurt";20;6;2012;0;18;"20120618"
"31.18.1.84";"DE";9.879400;53.565800;"AS31334 Kabel Deutschland Vertrieb und Service GmbH";"mlab1-ham01";0.024846;2627934.524843;"0.004012999";"darwin";"80.239.142.212";"bittorrent";1340044452;751790.967864;-1.000000;"d94c5607-e6a9-4d76-8431-ea85b9fd52dc";31334;"04";"Hamburg";20;6;2012;0;18;"20120618"
"46.223.18.206";"DE";8.385800;49.004700;"AS29562 Kabel BW GmbH";"mlab1-ham01";0.031407;1673966.485921;"0.004012999";"win32";"80.239.142.212";"bittorrent";1340044960;310845.136423;-1.000000;"62a0c3ba-8531-44c5-b8a3-ca82d00981cd";29562;"01";"Karlsruhe";20;6;2012;0;18;"20120618"
"91.66.80.187";"DE";13.426900;52.487300;"AS31334 Kabel Deutschland Vertrieb und Service GmbH";"mlab1-ham01";0.015083;928382.751250;"0.004012999";"win32";"80.239.142.212";"speedtest";1340045243;142517.556551;0.022939;"d7f48b63-cb3b-4cb1-9641-64a4a394afcb";31334;"16";"Berlin";20;6;2012;0;18;"20120618"
"87.179.66.249";"DE";11.033300;50.983300;"AS3320 Deutsche Telekom AG";"mlab1-ham01";0.016234;1770195.206516;"0.004011999";"linux2";"80.239.142.212";"bittorrent";1340045346;121516.560108;-1.000000;"0575caf1-8a3d-4ae0-8b6e-5caaddb74121";3320;"15";"Erfurt";20;6;2012;0;18;"20120618"
"93.203.195.87";"DE";11.583300;48.150000;"AS3320 Deutsche Telekom AG";"mlab1-ham01";0.045125;4359874.962600;"0.004011999";"win32";"80.239.142.212";"speedtest";1340045412;940743.316504;0.035901;"627b8c63-1d61-4f22-9e44-28d71cc70e2e";3320;"02";"Munich";20;6;2012;0;18;"20120618"
"188.108.103.6";"DE";10.133300;54.333300;"AS3209 Vodafone GmbH";"mlab1-ham01";0.017490;1702522.188350;"0.004012999";"win32";"80.239.142.212";"speedtest";1340045525;83923.084196;0.019533;"90b4ab67-12f0-4448-b7b6-4f7333e84971";3209;"10";"Kiel";20;6;2012;0;18;"20120618"
"217.238.87.147";"DE";8.850000;48.283300;"AS3320 Deutsche Telekom AG";"mlab1-ham01";0.030304;1566756.689790;"0.004012999";"darwin";"80.239.142.212";"speedtest";1340045646;67450.288975;0.046098;"9c68b0e6-01ea-450f-a537-a94ee7a39856";3320;"01";"Balingen";20;6;2012;0;18;"20120618"
"87.178.122.108";"DE";11.500000;48.716700;"AS3320 Deutsche Telekom AG";"mlab1-ham01";0.056999;653495.441736;"0.004012999";"darwin";"80.239.142.212";"speedtest";1340045712;65830.899232;0.060212;"f3523021-8b10-4afd-9dda-2ac916ad4c9a";3320;"02";"Manching";20;6;2012;0;18;"20120618"
"31.16.61.45";"DE";13.100000;54.300000;"AS31334 Kabel Deutschland Vertrieb und Service GmbH";"mlab1-ham01";0.055727;1017957.815380;"0.004011999";"win32";"80.239.142.212";"speedtest";1340045720;68460.188478;0.025653;"aecf17fc-981b-43cc-b735-ec14b82cb7f0";31334;"12";"Stralsund";20;6;2012;0;18;"20120618"
"217.252.108.118";"DE";8.550000;48.083300;"AS3320 Deutsche Telekom AG";"mlab1-ham01";0.099824;270918.690987;"0.004012999";"win32";"80.239.142.212";"bittorrent";1340045719;27387.129099;-1.000000;"13c4b97b-dd9b-4d0d-9ae7-2eff4b187e28";3320;"01";"Dauchingen";20;6;2012;0;18;"20120618"
"88.73.250.177";"DE";11.033300;50.983300;"AS3209 Vodafone GmbH";"mlab1-ham01";0.021625;734542.013251;"0.004010999";"win32";"80.239.142.212";"bittorrent";1340045788;76131.366267;-1.000000;"737c65f9-12e2-47a9-9e14-942857e0d0b6";3209;"15";"Erfurt";20;6;2012;0;18;"20120618"
"95.208.134.125";"DE";8.083300;48.533300;"AS29562 Kabel BW GmbH";"mlab1-ham01";0.034109;728138.383434;"0.004012999";"linux2";"80.239.142.212";"speedtest";1340045975;48913.053839;0.037967;"34f905d6-2b61-4a5e-a665-d1f8a3f2d041";29562;"01";"Oberkirch";20;6;2012;0;18;"20120618"
"91.61.73.174";"DE";13.400000;52.516700;"AS3320 Deutsche Telekom AG";"mlab1-ham01";0.024757;2508248.026930;"0.004012999";"darwin";"80.239.142.212";"speedtest";1340045988;1126739.493560;0.026006;"f3adc558-a824-40b0-b105-5a7c00397169";3320;"16";"Berlin";20;6;2012;0;18;"20120618"
"95.117.171.155";"DE";9.936100;49.787800;"AS6805 Telefonica Germany GmbH & Co.OHG";"mlab1-ham01";0.063043;466054.113979;"0.004012999";"linux2";"80.239.142.212";"bittorrent";1340046074;95262.240154;-1.000000;"8e521e13-eb3c-4a65-b6f8-cc0353a8e0d9";6805;"02";"Würzburg";21;6;2012;0;18;"20120618"
"77.3.250.96";"DE";8.833300;47.766700;"AS6805 Telefonica Germany GmbH & Co.OHG";"mlab1-ham01";0.036542;1402297.980320;"0.004012999";"darwin";"80.239.142.212";"speedtest";1340046221;118708.786960;0.039388;"7f6dfa2b-14ff-4d0d-8b49-2d9db3f1749a";6805;"01";"Singen";21;6;2012;0;18;"20120618"
"188.193.244.188";"DE";9.000000;51.000000;"AS31334 Kabel Deutschland Vertrieb und Service GmbH";"mlab1-ham01";0.029120;779962.051731;"0.004011999";"linux2";"80.239.142.212";"speedtest";1340046264;477417.795044;0.030629;"9f89ee34-a114-46cb-a58c-d520d561108c";31334;"";"";21;6;2012;0;18;"20120618"
"84.151.239.50";"DE";6.950000;50.933300;"AS3320 Deutsche Telekom AG";"mlab1-ham01";0.029825;2898128.581850;"0.004012999";"win32";"80.239.142.212";"speedtest";1340046380;1134534.853880;0.030193;"9eff3e01-317a-4ea6-9b53-70ceaef409e3";3320;"07";"Köln";21;6;2012;0;18;"20120618"
"92.77.246.228";"DE";10.000000;53.550000;"AS3209 Vodafone GmbH";"mlab1-ham01";0.031832;1146853.171840;"0.004012999";"win32";"80.239.142.212";"speedtest";1340047140;96266.829491;0.024179;"35cb00ec-8dd5-4c10-b6d8-af0ca91cadc2";3209;"04";"Hamburg";21;6;2012;0;18;"20120618"
"87.142.175.167";"DE";10.094400;53.706700;"AS3320 Deutsche Telekom AG";"mlab1-ham01";0.022456;564808.341609;"0.004012999";"darwin";"80.239.142.212";"speedtest";1340046493;119450.399566;0.030758;"4b7f2ce0-70b7-4a89-ab11-52e3eb5a4189";3320;"04";"Hamburg";21;6;2012;0;18;"20120618"
"178.13.177.34";"DE";9.000000;51.000000;"AS3209 Vodafone GmbH";"mlab1-ham01";0.092437;805950.486653;"0.004005999";"linux2";"80.239.142.212";"speedtest";1340046557;133823.301285;0.075732;"d80ec3cc-e940-4362-bb5a-c2bf17a6fd0d";3209;"";"";21;6;2012;0;18;"20120618"
"91.66.80.187";"DE";13.426900;52.487300;"AS31334 Kabel Deutschland Vertrieb und Service GmbH";"mlab1-ham01";0.014041;1892603.828976;"0.004012999";"win32";"80.239.142.212";"bittorrent";1340046671;129651.646205;-1.000000;"d7f48b63-cb3b-4cb1-9641-64a4a394afcb";31334;"16";"Berlin";21;6;2012;0;18;"20120618"
"93.220.49.47";"DE";13.400000;52.516700;"AS3320 Deutsche Telekom AG";"mlab1-ham01";0.023263;2092719.431130;"0.004012999";"win32";"80.239.142.212";"speedtest";1340046944;532612.053511;0.027479;"8ac1e576-29fc-4381-9927-cecba6229ca7";3320;"16";"Berlin";21;6;2012;0;18;"20120618"
"78.54.81.245";"DE";9.935300;53.550300;"AS13184 Telefonica Germany GmbH & Co.OHG";"mlab1-ham01";0.025007;635455.961345;"0.004012999";"darwin";"80.239.142.212";"speedtest";1340047007;79248.334360;0.029156;"6875689a-fe8f-4f49-a0c9-e1f77ed45792";13184;"04";"Hamburg";21;6;2012;0;18;"20120618"
"92.195.115.156";"DE";11.033300;50.983300;"AS20676 QSC AG";"mlab1-ham01";0.064435;189863.602329;"0.004012999";"darwin";"80.239.142.212";"bittorrent";1340047071;42925.100805;-1.000000;"81014317-071d-48ad-b6b8-adca554fbdf6";20676;"15";"Erfurt";21;6;2012;0;18;"20120618"
"77.12.203.52";"DE";13.400000;52.516700;"AS6805 Telefonica Germany GmbH & Co.OHG";"mlab1-ham01";0.131374;1065177.387720;"0.004012999";"darwin";"80.239.142.212";"bittorrent";1340047120;95473.619118;-1.000000;"58702c42-fe45-49c2-94a4-4df8118774bb";6805;"16";"Berlin";21;6;2012;0;18;"20120618"
"217.238.87.147";"DE";8.850000;48.283300;"AS3320 Deutsche Telekom AG";"mlab1-ham01";0.027816;1611347.885241;"0.004012999";"darwin";"80.239.142.212";"bittorrent";1340047219;64354.707134;-1.000000;"9c68b0e6-01ea-450f-a537-a94ee7a39856";3320;"01";"Balingen";21;6;2012;0;18;"20120618"
"87.178.122.108";"DE";11.500000;48.716700;"AS3320 Deutsche Telekom AG";"mlab1-ham01";0.133382;699063.617960;"0.004012999";"darwin";"80.239.142.212";"bittorrent";1340047221;65252.696113;-1.000000;"f3523021-8b10-4afd-9dda-2ac916ad4c9a";3320;"02";"Manching";21;6;2012;0;18;"20120618"
"77.185.86.33";"DE";14.066700;52.366700;"AS6805 Telefonica Germany GmbH & Co.OHG";"mlab1-ham01";0.384424;224332.979262;"0.004012999";"linux2";"80.239.142.212";"speedtest";1340047248;45860.822451;0.874439;"853327e0-d084-49a5-a5df-81d9281ed740";6805;"11";"Fürstenwalde";21;6;2012;0;18;"20120618"
"217.224.80.167";"DE";9.016700;53.033300;"AS3320 Deutsche Telekom AG";"mlab1-ham01";0.055267;381142.322307;"0.004009999";"win32";"80.239.142.212";"speedtest";1340047395;63550.219214;0.050131;"6a700626-ba72-4d85-a42a-358de2cb9f5b";3320;"06";"Achim";21;6;2012;0;18;"20120618"
"79.242.208.61";"DE";9.000000;51.000000;"AS3320 Deutsche Telekom AG";"mlab1-ham01";0.025312;925959.097282;"0.004012999";"win32";"80.239.142.212";"bittorrent";1340047489;123904.164761;-1.000000;"5d339a24-8369-4b94-9c59-021adecef5a6";3320;"";"";21;6;2012;0;18;"20120618"
"94.219.178.130";"DE";8.647500;49.955300;"AS3209 Vodafone GmbH";"mlab1-ham01";0.019003;1352535.981040;"0.004012999";"darwin";"80.239.142.212";"speedtest";1340047514;97728.467723;0.022546;"81629ab0-96cf-48a2-bdd6-429233ae5325";3209;"05";"Erzhausen";21;6;2012;0;18;"20120618"
"95.117.171.155";"DE";9.936100;49.787800;"AS6805 Telefonica Germany GmbH & Co.OHG";"mlab1-ham01";0.065854;373006.513103;"0.004012999";"linux2";"80.239.142.212";"speedtest";1340047576;93239.642222;0.069035;"8e521e13-eb3c-4a65-b6f8-cc0353a8e0d9";6805;"02";"Würzburg";21;6;2012;0;18;"20120618"
"77.3.250.96";"DE";8.833300;47.766700;"AS6805 Telefonica Germany GmbH & Co.OHG";"mlab1-ham01";0.036816;1518632.973706;"0.004012999";"darwin";"80.239.142.212";"bittorrent";1340047779;117470.385390;-1.000000;"7f6dfa2b-14ff-4d0d-8b49-2d9db3f1749a";6805;"01";"Singen";21;6;2012;0;18;"20120618"
"79.203.86.53";"DE";11.583300;48.150000;"AS3320 Deutsche Telekom AG";"mlab1-ham01";0.025281;1333252.235640;"0.004012999";"darwin";"80.239.142.212";"speedtest";1340048062;111219.556662;0.027520;"0445411f-1a91-486e-aa99-34aa63e4af95";3320;"02";"Munich";21;6;2012;0;18;"20120618"
"109.104.46.141";"DE";9.000000;51.000000;"AS16097 HL komm Telekommunikations GmbH";"mlab1-ham01";0.031802;4494442.454050;"0.004012999";"win32";"80.239.142.212";"speedtest";1340048062;1339169.725990;0.032011;"e03ed480-f318-416a-a657-1747a4d50f9e";16097;"";"";21;6;2012;0;18;"20120618"
"188.108.103.6";"DE";10.133300;54.333300;"AS3209 Vodafone GmbH";"mlab1-ham01";0.018170;1524253.223080;"0.004012999";"win32";"80.239.142.212";"speedtest";1340048310;117771.997434;0.019714;"90b4ab67-12f0-4448-b7b6-4f7333e84971";3209;"10";"Kiel";21;6;2012;0;18;"20120618"
"91.35.33.88";"DE";9.433300;54.783300;"AS3320 Deutsche Telekom AG";"mlab1-ham01";0.012418;1482781.509290;"0.004012999";"win32";"80.239.142.212";"speedtest";1340048348;74794.704562;0.016447;"71ef70e0-ac7c-408a-99b6-991bcb0563bb";3320;"10";"Flensburg";21;6;2012;0;18;"20120618"
"87.169.236.230";"DE";13.400000;52.516700;"AS3320 Deutsche Telekom AG";"mlab1-ham01";0.023060;5205994.397320;"0.004012999";"darwin";"80.239.142.212";"speedtest";1340048535;1035754.359200;0.024713;"f7e74337-5111-4d6a-a11a-2ef4a0c4db50";3320;"16";"Berlin";21;6;2012;0;18;"20120618"
"93.130.189.86";"DE";6.795700;51.421600;"AS6805 Telefonica Germany GmbH & Co.OHG";"mlab1-ham01";0.045769;736968.401831;"0.004012999";"linux2";"80.239.142.212";"speedtest";1340048564;111137.294788;0.040717;"7795b227-a577-4d12-98de-e1f745bbdf1f";6805;"07";"Duisburg";21;6;2012;0;18;"20120618"
"77.185.86.33";"DE";14.066700;52.366700;"AS6805 Telefonica Germany GmbH & Co.OHG";"mlab1-ham01";0.074135;244020.993719;"0.004012999";"linux2";"80.239.142.212";"bittorrent";1340048719;45304.776151;-1.000000;"853327e0-d084-49a5-a5df-81d9281ed740";6805;"11";"Fürstenwalde";21;6;2012;0;18;"20120618"
"87.178.122.108";"DE";11.500000;48.716700;"AS3320 Deutsche Telekom AG";"mlab1-ham01";0.057543;646342.369755;"0.004012999";"darwin";"80.239.142.212";"speedtest";1340048726;66209.507661;0.060116;"f3523021-8b10-4afd-9dda-2ac916ad4c9a";3320;"02";"Manching";21;6;2012;0;18;"20120618"
"217.224.80.167";"DE";9.016700;53.033300;"AS3320 Deutsche Telekom AG";"mlab1-ham01";0.053854;703527.095801;"0.004009999";"win32";"80.239.142.212";"bittorrent";1340048905;64689.550325;-1.000000;"6a700626-ba72-4d85-a42a-358de2cb9f5b";3320;"06";"Achim";21;6;2012;0;18;"20120618"
"94.219.178.130";"DE";8.647500;49.955300;"AS3209 Vodafone GmbH";"mlab1-ham01";0.388245;318645.135792;"0.004012999";"darwin";"80.239.142.212";"bittorrent";1340048953;56262.218113;-1.000000;"81629ab0-96cf-48a2-bdd6-429233ae5325";3209;"05";"Erzhausen";21;6;2012;0;18;"20120618"
"95.117.171.155";"DE";9.936100;49.787800;"AS6805 Telefonica Germany GmbH & Co.OHG";"mlab1-ham01";0.065626;214381.515336;"0.004012999";"linux2";"80.239.142.212";"bittorrent";1340049087;95744.777844;-1.000000;"8e521e13-eb3c-4a65-b6f8-cc0353a8e0d9";6805;"02";"Würzburg";21;6;2012;0;18;"20120618"
"77.22.67.251";"DE";10.650000;52.250000;"AS31334 Kabel Deutschland Vertrieb und Service GmbH";"mlab1-ham01";0.021518;1888606.090713;"0.004012999";"win32";"80.239.142.212";"bittorrent";1340049114;745022.400012;-1.000000;"c1c874f5-0b6d-404d-8ecb-238232884c73";31334;"06";"Cremlingen";21;6;2012;0;18;"20120618"
"46.223.18.206";"DE";8.385800;49.004700;"AS29562 Kabel BW GmbH";"mlab1-ham01";0.033370;1478743.605930;"0.004012999";"win32";"80.239.142.212";"speedtest";1340049161;311356.247761;0.035388;"62a0c3ba-8531-44c5-b8a3-ca82d00981cd";29562;"01";"Karlsruhe";21;6;2012;0;18;"20120618"
"95.208.134.125";"DE";8.083300;48.533300;"AS29562 Kabel BW GmbH";"mlab1-ham01";0.034311;729876.403150;"0.004012999";"linux2";"80.239.142.212";"speedtest";1340049163;49047.891806;0.036309;"34f905d6-2b61-4a5e-a665-d1f8a3f2d041";29562;"01";"Oberkirch";21;6;2012;0;18;"20120618"
"84.151.239.50";"DE";6.950000;50.933300;"AS3320 Deutsche Telekom AG";"mlab1-ham01";0.028845;5141410.863530;"0.004012999";"win32";"80.239.142.212";"speedtest";1340049527;1034447.218050;0.029417;"9eff3e01-317a-4ea6-9b53-70ceaef409e3";3320;"07";"Köln";21;6;2012;0;18;"20120618"
"109.104.46.141";"DE";9.000000;51.000000;"AS16097 HL komm Telekommunikations GmbH";"mlab1-ham01";0.031621;4252033.342118;"0.004012999";"win32";"80.239.142.212";"bittorrent";1340049556;1295970.872621;-1.000000;"e03ed480-f318-416a-a657-1747a4d50f9e";16097;"";"";21;6;2012;0;18;"20120618"
"79.203.86.53";"DE";11.583300;48.150000;"AS3320 Deutsche Telekom AG";"mlab1-ham01";0.023340;1377204.347260;"0.004012999";"darwin";"80.239.142.212";"bittorrent";1340049647;111693.428322;-1.000000;"0445411f-1a91-486e-aa99-34aa63e4af95";3320;"02";"Munich";22;6;2012;0;18;"20120618"
"46.115.25.230";"DE";9.000000;51.000000;"AS12638 E-Plus Mobilfunk GmbH & Co. KG";"mlab1-ham01";0.179338;66012.131086;"0.004012999";"darwin";"80.239.142.212";"speedtest";1340049729;9239.362966;0.432119;"4baef5fd-7f85-41c9-b289-0d4d24e485da";12638;"";"";22;6;2012;0;18;"20120618"
"95.208.134.125";"DE";8.083300;48.533300;"AS29562 Kabel BW GmbH";"mlab1-ham01";0.033875;745393.608576;"0.004012999";"linux2";"80.239.142.212";"bittorrent";1340049864;48817.387145;-1.000000;"34f905d6-2b61-4a5e-a665-d1f8a3f2d041";29562;"01";"Oberkirch";22;6;2012;0;18;"20120618"
"84.62.44.105";"DE";6.785500;51.246500;"AS3209 Vodafone GmbH";"mlab1-ham01";0.016832;236939.810600;"0.004012999";"win32";"80.239.142.212";"speedtest";1340049876;23481.458475;0.643158;"ced6b13f-4229-47ba-9400-c4b8931d7c7c";3209;"07";"Düsseldorf";22;6;2012;0;18;"20120618"
"188.101.90.244";"DE";7.439400;51.380100;"AS3209 Vodafone GmbH";"mlab1-ham01";0.016370;440097.214221;"0.004012999";"linux2";"80.239.142.212";"speedtest";1340050005;77290.582638;0.020790;"1ff4cb94-d263-4238-8a05-89a9dd938d1c";3209;"07";"Hagen";22;6;2012;0;18;"20120618"
"88.73.250.177";"DE";11.033300;50.983300;"AS3209 Vodafone GmbH";"mlab1-ham01";0.046427;605105.749793;"0.004010999";"win32";"80.239.142.212";"speedtest";1340049972;75035.004961;0.033027;"737c65f9-12e2-47a9-9e14-942857e0d0b6";3209;"15";"Erfurt";22;6;2012;0;18;"20120618"
"92.195.115.156";"DE";11.033300;50.983300;"AS20676 QSC AG";"mlab1-ham01";0.060415;234338.706815;"0.004012999";"darwin";"80.239.142.212";"bittorrent";1340050046;41069.705008;-1.000000;"81014317-071d-48ad-b6b8-adca554fbdf6";20676;"15";"Erfurt";22;6;2012;0;18;"20120618"
"77.12.203.52";"DE";13.400000;52.516700;"AS6805 Telefonica Germany GmbH & Co.OHG";"mlab1-ham01";0.114263;321678.047306;"0.004012999";"darwin";"80.239.142.212";"bittorrent";1340050132;91135.684770;-1.000000;"58702c42-fe45-49c2-94a4-4df8118774bb";6805;"16";"Berlin";22;6;2012;0;18;"20120618"
"79.242.208.61";"DE";9.000000;51.000000;"AS3320 Deutsche Telekom AG";"mlab1-ham01";0.024255;933457.160450;"0.004012999";"win32";"80.239.142.212";"bittorrent";1340050486;123358.514387;-1.000000;"5d339a24-8369-4b94-9c59-021adecef5a6";3320;"";"";22;6;2012;0;18;"20120618"
"46.223.18.206";"DE";8.385800;49.004700;"AS29562 Kabel BW GmbH";"mlab1-ham01";0.031236;1861000.165728;"0.004012999";"win32";"80.239.142.212";"bittorrent";1340050564;313079.497346;-1.000000;"62a0c3ba-8531-44c5-b8a3-ca82d00981cd";29562;"01";"Karlsruhe";22;6;2012;0;18;"20120618"
"141.23.78.212";"DE";13.400000;52.516700;"AS680 Verein zur Foerderung eines Deutschen Forschungsnetzes e.V.";"mlab1-ham01";0.008460;6256980.819116;"0.004012999";"win32";"80.239.142.212";"bittorrent";1340050638;8237521.040456;-1.000000;"e41d9ff4-7130-4221-98c3-80b15c14f890";680;"16";"Berlin";22;6;2012;0;18;"20120618"
"91.61.73.174";"DE";13.400000;52.516700;"AS3320 Deutsche Telekom AG";"mlab1-ham01";0.023505;2139935.083076;"0.004012999";"darwin";"80.239.142.212";"bittorrent";1340050681;1122169.482366;-1.000000;"f3adc558-a824-40b0-b105-5a7c00397169";3320;"16";"Berlin";22;6;2012;0;18;"20120618"
"77.22.67.251";"DE";10.650000;52.250000;"AS31334 Kabel Deutschland Vertrieb und Service GmbH";"mlab1-ham01";0.025379;1919789.443380;"0.004012999";"win32";"80.239.142.212";"speedtest";1340050703;755013.915424;0.025383;"c1c874f5-0b6d-404d-8ecb-238232884c73";31334;"06";"Cremlingen";22;6;2012;0;18;"20120618"
"178.13.177.34";"DE";9.000000;51.000000;"AS3209 Vodafone GmbH";"mlab1-ham01";0.069195;880638.862717;"0.004005999";"linux2";"80.239.142.212";"bittorrent";1340050818;134674.525932;-1.000000;"d80ec3cc-e940-4362-bb5a-c2bf17a6fd0d";3209;"";"";22;6;2012;0;18;"20120618"
"178.6.125.245";"DE";7.311000;51.474500;"AS3209 Vodafone GmbH";"mlab1-ham01";0.026833;1028597.545780;"0.004012999";"darwin";"80.239.142.212";"speedtest";1340050914;114877.324345;0.029576;"ec6cb0ee-2f10-446c-8f6c-d529280e7e5d";3209;"07";"Bochum";22;6;2012;0;18;"20120618"
"84.191.150.215";"DE";13.400000;52.516700;"AS3320 Deutsche Telekom AG";"mlab1-ham01";0.048548;706069.366331;"0.004012999";"darwin";"80.239.142.212";"bittorrent";1340051055;60777.629372;-1.000000;"41659353-89e4-438f-ad1a-7233c23d7d4e";3320;"16";"Berlin";22;6;2012;0;18;"20120618"
"188.108.103.6";"DE";10.133300;54.333300;"AS3209 Vodafone GmbH";"mlab1-ham01";0.017420;1643343.319500;"0.004012999";"win32";"80.239.142.212";"speedtest";1340051093;119747.804556;0.020202;"90b4ab67-12f0-4448-b7b6-4f7333e84971";3209;"10";"Kiel";22;6;2012;0;18;"20120618"
"84.151.239.50";"DE";6.950000;50.933300;"AS3320 Deutsche Telekom AG";"mlab1-ham01";0.028444;5253433.919723;"0.004012999";"win32";"80.239.142.212";"bittorrent";1340051098;1135557.264095;-1.000000;"9eff3e01-317a-4ea6-9b53-70ceaef409e3";3320;"07";"Köln";22;6;2012;0;18;"20120618"
"92.200.7.193";"DE";9.700900;48.694400;"AS20676 QSC AG";"mlab1-ham01";0.041673;1252644.976160;"0.004012999";"darwin";"80.239.142.212";"bittorrent";1340051123;93826.579116;-1.000000;"2ae1a06d-85e1-4e7e-9214-10e08a3a30ab";20676;"01";"Eislingen";22;6;2012;0;18;"20120618"
"46.115.25.230";"DE";9.000000;51.000000;"AS12638 E-Plus Mobilfunk GmbH & Co. KG";"mlab1-ham01";0.143566;34028.083097;"0.004012999";"darwin";"80.239.142.212";"bittorrent";1340051158;39306.568058;-1.000000;"4baef5fd-7f85-41c9-b289-0d4d24e485da";12638;"";"";22;6;2012;0;18;"20120618"
"93.220.49.47";"DE";13.400000;52.516700;"AS3320 Deutsche Telekom AG";"mlab1-ham01";0.023291;2714839.063285;"0.004012999";"win32";"80.239.142.212";"bittorrent";1340051350;901292.348204;-1.000000;"8ac1e576-29fc-4381-9927-cecba6229ca7";3320;"16";"Berlin";22;6;2012;0;18;"20120618"
"80.140.122.113";"DE";9.566700;51.633300;"AS3320 Deutsche Telekom AG";"mlab1-ham01";0.027645;1708761.756522;"0.004012999";"linux2";"80.239.142.212";"bittorrent";1340051385;122283.348300;-1.000000;"619c73cc-8177-4213-a611-ee54b41dc487";3320;"06";"Bodenfelde";22;6;2012;0;18;"20120618"
"134.3.108.253";"DE";8.655900;49.548100;"AS29562 Kabel BW GmbH";"mlab1-ham01";0.065710;563019.671328;"0.004012999";"win32";"80.239.142.212";"bittorrent";1340051589;19837.007359;-1.000000;"b19b7ad5-78b3-4536-a644-3d3027bc00ab";29562;"01";"Weinheim";22;6;2012;0;18;"20120618"
"188.193.244.188";"DE";9.000000;51.000000;"AS31334 Kabel Deutschland Vertrieb und Service GmbH";"mlab1-ham01";0.029440;2134794.524038;"0.004011999";"linux2";"80.239.142.212";"bittorrent";1340051617;752762.624653;-1.000000;"9f89ee34-a114-46cb-a58c-d520d561108c";31334;"";"";22;6;2012;0;18;"20120618"
"77.12.203.52";"DE";13.400000;52.516700;"AS6805 Telefonica Germany GmbH & Co.OHG";"mlab1-ham01";0.077073;946654.648147;"0.004012999";"darwin";"80.239.142.212";"speedtest";1340051627;93381.001864;0.071507;"58702c42-fe45-49c2-94a4-4df8118774bb";6805;"16";"Berlin";22;6;2012;0;18;"20120618"
"93.219.83.124";"DE";13.066700;52.400000;"AS3320 Deutsche Telekom AG";"mlab1-ham01";0.023874;5198980.270880;"0.004012999";"linux2";"80.239.142.212";"speedtest";1340051749;879729.855989;0.024350;"2522fb79-4e59-4c68-b014-2c4570739a62";3320;"11";"Potsdam";22;6;2012;0;18;"20120618"
"78.54.81.245";"DE";9.935300;53.550300;"AS13184 Telefonica Germany GmbH & Co.OHG";"mlab1-ham01";0.028297;648235.701562;"0.004012999";"darwin";"80.239.142.212";"bittorrent";1340051799;78996.723127;-1.000000;"6875689a-fe8f-4f49-a0c9-e1f77ed45792";13184;"04";"Hamburg";22;6;2012;0;18;"20120618"
"93.130.235.157";"DE";6.550000;51.266700;"AS6805 Telefonica Germany GmbH & Co.OHG";"mlab1-ham01";0.036434;331854.475411;"0.004012999";"linux2";"80.239.142.212";"speedtest";1340052035;44391.793723;0.041816;"77658477-f823-4da0-9751-57a2251a55c9";6805;"07";"Willich";22;6;2012;0;18;"20120618"
"91.64.126.99";"DE";13.400000;52.516700;"AS31334 Kabel Deutschland Vertrieb und Service GmbH";"mlab1-ham01";0.017454;2531678.523869;"0.004012999";"win32";"80.239.142.212";"bittorrent";1340052099;220641.126744;-1.000000;"6b7b73d2-41df-4e04-a873-c90a2e3d55a4";31334;"16";"Berlin";22;6;2012;0;18;"20120618"
"87.142.175.167";"DE";10.094400;53.706700;"AS3320 Deutsche Telekom AG";"mlab1-ham01";0.021556;771916.753082;"0.004012999";"darwin";"80.239.142.212";"speedtest";1340052120;122415.740424;0.088143;"4b7f2ce0-70b7-4a89-ab11-52e3eb5a4189";3320;"04";"Hamburg";22;6;2012;0;18;"20120618"
"91.61.73.174";"DE";13.400000;52.516700;"AS3320 Deutsche Telekom AG";"mlab1-ham01";0.023705;1827633.913540;"0.004012999";"darwin";"80.239.142.212";"speedtest";1340052244;1109200.720250;0.026548;"f3adc558-a824-40b0-b105-5a7c00397169";3320;"16";"Berlin";22;6;2012;0;18;"20120618"
"84.62.44.105";"DE";6.785500;51.246500;"AS3209 Vodafone GmbH";"mlab1-ham01";0.015809;295315.807730;"0.004012999";"win32";"80.239.142.212";"speedtest";1340052763;7176.248953;0.344528;"ced6b13f-4229-47ba-9400-c4b8931d7c7c";3209;"07";"Düsseldorf";22;6;2012;0;18;"20120618"
"88.73.250.177";"DE";11.033300;50.983300;"AS3209 Vodafone GmbH";"mlab1-ham01";0.017152;724884.821709;"0.004010999";"win32";"80.239.142.212";"speedtest";1340052763;76497.008675;0.021502;"737c65f9-12e2-47a9-9e14-942857e0d0b6";3209;"15";"Erfurt";22;6;2012;0;18;"20120618"
"79.203.86.53";"DE";11.583300;48.150000;"AS3320 Deutsche Telekom AG";"mlab1-ham01";0.024789;1375431.352348;"0.004012999";"darwin";"80.239.142.212";"bittorrent";1340052815;80830.367583;-1.000000;"0445411f-1a91-486e-aa99-34aa63e4af95";3320;"02";"Munich";22;6;2012;0;18;"20120618"
"88.217.69.131";"DE";10.883300;48.366700;"AS8767 M-net Telekommunikations GmbH, Germany";"mlab1-ham01";0.056559;1513649.283009;"0.004012999";"win32";"80.239.142.212";"bittorrent";1340052865;129240.127354;-1.000000;"1ccde378-8b74-4c88-bb1e-35d1b840d68d";8767;"02";"Augsburg";22;6;2012;0;18;"20120618"
"94.219.178.130";"DE";8.647500;49.955300;"AS3209 Vodafone GmbH";"mlab1-ham01";0.087016;187781.135389;"0.004012999";"darwin";"80.239.142.212";"speedtest";1340053258;47227.529468;0.271462;"81629ab0-96cf-48a2-bdd6-429233ae5325";3209;"05";"Erzhausen";23;6;2012;0;18;"20120618"
"91.50.121.99";"DE";6.333300;51.400000;"AS3320 Deutsche Telekom AG";"mlab1-ham01";0.019241;5640499.250520;"0.004011999";"win32";"80.239.142.212";"speedtest";1340053399;1138987.358850;0.022148;"540af2e6-2c0b-4173-a8ac-fd971d1b6fcb";3320;"07";"Wachtendonk";23;6;2012;0;18;"20120618"
"217.238.87.147";"DE";8.850000;48.283300;"AS3320 Deutsche Telekom AG";"mlab1-ham01";0.028017;1619181.968421;"0.004012999";"darwin";"80.239.142.212";"bittorrent";1340053504;70317.704512;-1.000000;"9c68b0e6-01ea-450f-a537-a94ee7a39856";3320;"01";"Balingen";23;6;2012;0;18;"20120618"
"93.130.235.157";"DE";6.550000;51.266700;"AS6805 Telefonica Germany GmbH & Co.OHG";"mlab1-ham01";0.039190;342071.421521;"0.004012999";"linux2";"80.239.142.212";"bittorrent";1340053516;44048.438774;-1.000000;"77658477-f823-4da0-9751-57a2251a55c9";6805;"07";"Willich";23;6;2012;0;18;"20120618"
"95.117.171.155";"DE";9.936100;49.787800;"AS6805 Telefonica Germany GmbH & Co.OHG";"mlab1-ham01";0.065925;167426.814649;"0.004012999";"linux2";"80.239.142.212";"speedtest";1340053609;85467.080263;0.096932;"8e521e13-eb3c-4a65-b6f8-cc0353a8e0d9";6805;"02";"Würzburg";23;6;2012;0;18;"20120618"
"77.23.61.29";"DE";9.000000;51.000000;"AS31334 Kabel Deutschland Vertrieb und Service GmbH";"mlab1-ham01";0.021290;2339634.580940;"0.004012999";"win32";"80.239.142.212";"speedtest";1340053755;59049.966665;0.032302;"898e2e06-ef2e-44fb-aafd-ae145f8e32af";31334;"";"";23;6;2012;0;18;"20120618"
"188.108.103.6";"DE";10.133300;54.333300;"AS3209 Vodafone GmbH";"mlab1-ham01";0.029778;397829.489780;"0.004012999";"win32";"80.239.142.212";"speedtest";1340053894;78744.894731;0.032331;"90b4ab67-12f0-4448-b7b6-4f7333e84971";3209;"10";"Kiel";23;6;2012;0;18;"20120618"
"82.83.62.103";"DE";9.000000;51.000000;"AS3209 Vodafone GmbH";"mlab1-ham01";0.020770;1671451.866930;"0.004012999";"linux2";"80.239.142.212";"speedtest";1340053901;114969.102598;0.022219;"e7b78883-6949-44d7-bffa-646118b01e16";3209;"";"";23;6;2012;0;18;"20120618"
"87.179.66.249";"DE";11.033300;50.983300;"AS3320 Deutsche Telekom AG";"mlab1-ham01";0.016349;1582715.111003;"0.004011999";"linux2";"80.239.142.212";"bittorrent";1340053930;114011.327295;-1.000000;"0575caf1-8a3d-4ae0-8b6e-5caaddb74121";3320;"15";"Erfurt";23;6;2012;0;18;"20120618"
"87.143.16.198";"DE";11.100000;51.150000;"AS3320 Deutsche Telekom AG";"mlab1-ham01";0.032104;1351613.169863;"0.004012999";"darwin";"80.239.142.212";"bittorrent";1340054146;93363.723201;-1.000000;"95120f16-54c4-4444-b2d8-e87391844949";3320;"15";"Sömmerda";23;6;2012;0;18;"20120618"
"88.73.250.177";"DE";11.033300;50.983300;"AS3209 Vodafone GmbH";"mlab1-ham01";0.047435;641778.307298;"0.004010999";"win32";"80.239.142.212";"bittorrent";1340054163;72175.387350;-1.000000;"737c65f9-12e2-47a9-9e14-942857e0d0b6";3209;"15";"Erfurt";23;6;2012;0;18;"20120618"
"188.106.104.255";"DE";13.400000;52.516700;"AS3209 Vodafone GmbH";"mlab1-ham01";0.027289;671398.827711;"0.004012999";"linux2";"80.239.142.212";"speedtest";1340054199;52534.809843;0.032517;"4e602ea1-9da3-4e76-b31a-2792cc73d69c";3209;"16";"Berlin";23;6;2012;0;18;"20120618"
"93.220.49.47";"DE";13.400000;52.516700;"AS3320 Deutsche Telekom AG";"mlab1-ham01";0.022604;2257035.272909;"0.004012999";"win32";"80.239.142.212";"bittorrent";1340054299;620128.043583;-1.000000;"8ac1e576-29fc-4381-9927-cecba6229ca7";3320;"16";"Berlin";23;6;2012;0;18;"20120618"
"88.217.69.131";"DE";10.883300;48.366700;"AS8767 M-net Telekommunikations GmbH, Germany";"mlab1-ham01";0.046284;1400002.054700;"0.004012999";"win32";"80.239.142.212";"speedtest";1340054367;130600.129036;0.049918;"1ccde378-8b74-4c88-bb1e-35d1b840d68d";8767;"02";"Augsburg";23;6;2012;0;18;"20120618"
"217.235.122.86";"DE";11.025600;49.329200;"AS3320 Deutsche Telekom AG";"mlab1-ham01";0.064315;369390.236844;"0.004012999";"win32";"80.239.142.212";"bittorrent";1340054437;46204.708193;-1.000000;"25329937-558d-46a5-ad71-2b2adc1d8807";3320;"02";"Schwabach";23;6;2012;0;18;"20120618"
"91.35.33.88";"DE";9.433300;54.783300;"AS3320 Deutsche Telekom AG";"mlab1-ham01";0.011910;1508687.559900;"0.004012999";"win32";"80.239.142.212";"speedtest";1340054555;77990.312064;0.015937;"71ef70e0-ac7c-408a-99b6-991bcb0563bb";3320;"10";"Flensburg";23;6;2012;0;18;"20120618"
"94.219.178.130";"DE";8.647500;49.955300;"AS3209 Vodafone GmbH";"mlab1-ham01";0.018333;1484950.115480;"0.004012999";"darwin";"80.239.142.212";"bittorrent";1340054687;98172.438555;-1.000000;"81629ab0-96cf-48a2-bdd6-429233ae5325";3209;"05";"Erzhausen";23;6;2012;0;18;"20120618"
"188.193.244.188";"DE";9.000000;51.000000;"AS31334 Kabel Deutschland Vertrieb und Service GmbH";"mlab1-ham01";0.028764;2508260.512735;"0.004011999";"linux2";"80.239.142.212";"bittorrent";1340054755;753133.938517;-1.000000;"9f89ee34-a114-46cb-a58c-d520d561108c";31334;"";"";23;6;2012;0;18;"20120618"
"93.219.83.124";"DE";13.066700;52.400000;"AS3320 Deutsche Telekom AG";"mlab1-ham01";0.043640;5037309.728510;"0.004012999";"linux2";"80.239.142.212";"speedtest";1340054922;860635.091932;0.024771;"2522fb79-4e59-4c68-b014-2c4570739a62";3320;"11";"Potsdam";23;6;2012;0;18;"20120618"
"87.142.175.167";"DE";10.094400;53.706700;"AS3320 Deutsche Telekom AG";"mlab1-ham01";0.022516;1346060.725820;"0.004012999";"darwin";"80.239.142.212";"speedtest";1340054935;119740.914842;0.024310;"4b7f2ce0-70b7-4a89-ab11-52e3eb5a4189";3320;"04";"Hamburg";23;6;2012;0;18;"20120618"
"93.130.235.157";"DE";6.550000;51.266700;"AS6805 Telefonica Germany GmbH & Co.OHG";"mlab1-ham01";0.040085;331778.160242;"0.004012999";"linux2";"80.239.142.212";"speedtest";1340054990;44341.812638;0.044195;"77658477-f823-4da0-9751-57a2251a55c9";6805;"07";"Willich";23;6;2012;0;18;"20120618"
"217.238.87.147";"DE";8.850000;48.283300;"AS3320 Deutsche Telekom AG";"mlab1-ham01";0.027987;1567965.156160;"0.004012999";"darwin";"80.239.142.212";"speedtest";1340055075;70092.568680;0.032185;"9c68b0e6-01ea-450f-a537-a94ee7a39856";3320;"01";"Balingen";23;6;2012;0;18;"20120618"
"91.64.126.99";"DE";13.400000;52.516700;"AS31334 Kabel Deutschland Vertrieb und Service GmbH";"mlab1-ham01";0.016657;3014148.794903;"0.004012999";"win32";"80.239.142.212";"bittorrent";1340055150;227833.551587;-1.000000;"6b7b73d2-41df-4e04-a873-c90a2e3d55a4";31334;"16";"Berlin";23;6;2012;0;18;"20120618"
"141.23.78.212";"DE";13.400000;52.516700;"AS680 Verein zur Foerderung eines Deutschen Forschungsnetzes e.V.";"mlab1-ham01";0.009384;8717987.000880;"0.004012999";"win32";"80.239.142.212";"speedtest";1340055239;8997867.938410;0.010433;"e41d9ff4-7130-4221-98c3-80b15c14f890";680;"16";"Berlin";23;6;2012;0;18;"20120618"
"85.182.40.72";"DE";7.450000;51.516700;"AS13184 Telefonica Germany GmbH & Co.OHG";"mlab1-ham01";0.053849;928141.091184;"0.004012999";"linux2";"80.239.142.212";"speedtest";1340055283;106613.960343;0.057015;"4461622b-002e-4033-b06e-34562c12f1f2";13184;"07";"Dortmund";23;6;2012;0;18;"20120618"
"88.73.250.177";"DE";11.033300;50.983300;"AS3209 Vodafone GmbH";"mlab1-ham01";0.017956;716427.978013;"0.004010999";"win32";"80.239.142.212";"speedtest";1340055554;76716.456170;0.023269;"737c65f9-12e2-47a9-9e14-942857e0d0b6";3209;"15";"Erfurt";23;6;2012;0;18;"20120618"
"87.143.16.198";"DE";11.100000;51.150000;"AS3320 Deutsche Telekom AG";"mlab1-ham01";0.032544;1229129.673900;"0.004012999";"darwin";"80.239.142.212";"speedtest";1340055589;92733.838362;0.035509;"95120f16-54c4-4444-b2d8-e87391844949";3320;"15";"Sömmerda";23;6;2012;0;18;"20120618"
"217.225.231.99";"DE";13.400000;52.516700;"AS3320 Deutsche Telekom AG";"mlab1-ham01";0.032376;1429823.793600;"0.004012999";"darwin";"80.239.142.212";"speedtest";1340055659;123936.589086;0.019979;"b2df2747-03e6-4404-a510-841b2f7a2b4f";3320;"16";"Berlin";23;6;2012;0;18;"20120618"
"188.106.104.255";"DE";13.400000;52.516700;"AS3209 Vodafone GmbH";"mlab1-ham01";0.147042;689244.894479;"0.004012999";"linux2";"80.239.142.212";"bittorrent";1340055704;70491.391138;-1.000000;"4e602ea1-9da3-4e76-b31a-2792cc73d69c";3209;"16";"Berlin";23;6;2012;0;18;"20120618"
"217.235.122.86";"DE";11.025600;49.329200;"AS3320 Deutsche Telekom AG";"mlab1-ham01";0.065614;338404.134546;"0.004012999";"win32";"80.239.142.212";"speedtest";1340056012;31645.575073;0.064300;"25329937-558d-46a5-ad71-2b2adc1d8807";3320;"02";"Schwabach";23;6;2012;0;18;"20120618"
"92.195.115.156";"DE";11.033300;50.983300;"AS20676 QSC AG";"mlab1-ham01";0.063374;239641.896509;"0.004012999";"darwin";"80.239.142.212";"bittorrent";1340056026;44870.028909;-1.000000;"81014317-071d-48ad-b6b8-adca554fbdf6";20676;"15";"Erfurt";23;6;2012;0;18;"20120618"
"188.193.244.188";"DE";9.000000;51.000000;"AS31334 Kabel Deutschland Vertrieb und Service GmbH";"mlab1-ham01";0.029410;2342900.665080;"0.004011999";"linux2";"80.239.142.212";"speedtest";1340056323;746724.849328;0.029522;"9f89ee34-a114-46cb-a58c-d520d561108c";31334;"";"";23;6;2012;0;18;"20120618"
"178.13.177.34";"DE";9.000000;51.000000;"AS3209 Vodafone GmbH";"mlab1-ham01";0.066396;846563.660611;"0.004005999";"linux2";"80.239.142.212";"bittorrent";1340056498;133037.441371;-1.000000;"d80ec3cc-e940-4362-bb5a-c2bf17a6fd0d";3209;"";"";23;6;2012;0;18;"20120618"
"93.219.83.124";"DE";13.066700;52.400000;"AS3320 Deutsche Telekom AG";"mlab1-ham01";0.022141;5310387.340050;"0.004012999";"linux2";"80.239.142.212";"bittorrent";1340056515;962446.701218;-1.000000;"2522fb79-4e59-4c68-b014-2c4570739a62";3320;"11";"Potsdam";23;6;2012;0;18;"20120618"
"141.23.78.212";"DE";13.400000;52.516700;"AS680 Verein zur Foerderung eines Deutschen Forschungsnetzes e.V.";"mlab1-ham01";0.008313;3223797.525529;"0.004012999";"win32";"80.239.142.212";"bittorrent";1340056663;7599045.028144;-1.000000;"e41d9ff4-7130-4221-98c3-80b15c14f890";680;"16";"Berlin";23;6;2012;0;18;"20120618"
"188.108.103.6";"DE";10.133300;54.333300;"AS3209 Vodafone GmbH";"mlab1-ham01";0.017904;1573008.873420;"0.004012999";"win32";"80.239.142.212";"speedtest";1340056703;120051.096129;0.019552;"90b4ab67-12f0-4448-b7b6-4f7333e84971";3209;"10";"Kiel";23;6;2012;0;18;"20120618"
"87.179.66.249";"DE";11.033300;50.983300;"AS3320 Deutsche Telekom AG";"mlab1-ham01";0.016543;1759536.076303;"0.004011999";"linux2";"80.239.142.212";"bittorrent";1340056790;119890.966525;-1.000000;"0575caf1-8a3d-4ae0-8b6e-5caaddb74121";3320;"15";"Erfurt";23;6;2012;0;18;"20120618"
"85.182.40.72";"DE";7.450000;51.516700;"AS13184 Telefonica Germany GmbH & Co.OHG";"mlab1-ham01";0.050766;989752.092447;"0.004012999";"linux2";"80.239.142.212";"bittorrent";1340056810;104787.656850;-1.000000;"4461622b-002e-4033-b06e-34562c12f1f2";13184;"07";"Dortmund";0;6;2012;1;19;"20120618"
"46.115.25.230";"DE";9.000000;51.000000;"AS12638 E-Plus Mobilfunk GmbH & Co. KG";"mlab1-ham01";0.716828;71230.282358;"0.004012999";"darwin";"80.239.142.212";"bittorrent";1340056871;41775.370494;-1.000000;"4baef5fd-7f85-41c9-b289-0d4d24e485da";12638;"";"";0;6;2012;1;19;"20120618"
"84.62.53.194";"DE";6.766700;51.216700;"AS3209 Vodafone GmbH";"mlab1-ham01";0.016811;448207.665109;"0.004012999";"win32";"80.239.142.212";"bittorrent";1340057111;65365.227646;-1.000000;"ced6b13f-4229-47ba-9400-c4b8931d7c7c";3209;"07";"Düsseldorf";0;6;2012;1;19;"20120618"
"217.86.136.234";"DE";9.000000;51.000000;"AS3320 Deutsche Telekom AG";"mlab1-ham01";0.044833;4048267.925580;"0.004011999";"win32";"80.239.142.212";"speedtest";1340057178;680623.836511;0.035551;"627b8c63-1d61-4f22-9e44-28d71cc70e2e";3320;"";"";0;6;2012;1;19;"20120618"
"93.220.49.47";"DE";13.400000;52.516700;"AS3320 Deutsche Telekom AG";"mlab1-ham01";0.034750;2029194.443424;"0.004012999";"win32";"80.239.142.212";"bittorrent";1340057242;569198.792427;-1.000000;"8ac1e576-29fc-4381-9927-cecba6229ca7";3320;"16";"Berlin";0;6;2012;1;19;"20120618"
"178.27.166.176";"DE";9.000000;51.000000;"AS31334 Kabel Deutschland Vertrieb und Service GmbH";"mlab1-ham01";0.042932;1556686.886430;"0.004012999";"win32";"80.239.142.212";"speedtest";1340057456;201730.115942;0.036322;"d771b38f-8330-4a86-9b4b-32a67f184450";31334;"";"";0;6;2012;1;19;"20120618"
"92.195.115.156";"DE";11.033300;50.983300;"AS20676 QSC AG";"mlab1-ham01";0.063186;226063.127424;"0.004012999";"darwin";"80.239.142.212";"speedtest";1340057510;45446.696732;0.070869;"81014317-071d-48ad-b6b8-adca554fbdf6";20676;"15";"Erfurt";0;6;2012;1;19;"20120618"
"46.223.18.206";"DE";8.385800;49.004700;"AS29562 Kabel BW GmbH";"mlab1-ham01";0.031820;890477.141257;"0.004012999";"win32";"80.239.142.212";"speedtest";1340057564;311740.264245;0.034680;"62a0c3ba-8531-44c5-b8a3-ca82d00981cd";29562;"01";"Karlsruhe";0;6;2012;1;19;"20120618"
"178.13.177.34";"DE";9.000000;51.000000;"AS3209 Vodafone GmbH";"mlab1-ham01";0.092708;573527.844796;"0.004005999";"linux2";"80.239.142.212";"speedtest";1340057919;131656.986691;0.075441;"d80ec3cc-e940-4362-bb5a-c2bf17a6fd0d";3209;"";"";0;6;2012;1;19;"20120618"
"91.66.80.187";"DE";13.426900;52.487300;"AS31334 Kabel Deutschland Vertrieb und Service GmbH";"mlab1-ham01";0.014828;3109226.524090;"0.004012999";"win32";"80.239.142.212";"bittorrent";1340058079;242313.192246;-1.000000;"d7f48b63-cb3b-4cb1-9641-64a4a394afcb";31334;"16";"Berlin";0;6;2012;1;19;"20120618"
"188.108.103.6";"DE";10.133300;54.333300;"AS3209 Vodafone GmbH";"mlab1-ham01";0.016924;1732858.267777;"0.004012999";"win32";"80.239.142.212";"bittorrent";1340058107;129217.523694;-1.000000;"90b4ab67-12f0-4448-b7b6-4f7333e84971";3209;"10";"Kiel";0;6;2012;1;19;"20120618"
"217.238.87.147";"DE";8.850000;48.283300;"AS3320 Deutsche Telekom AG";"mlab1-ham01";0.030042;1560268.754670;"0.004012999";"darwin";"80.239.142.212";"speedtest";1340058218;66154.635819;0.034320;"9c68b0e6-01ea-450f-a537-a94ee7a39856";3320;"01";"Balingen";0;6;2012;1;19;"20120618"
"87.179.66.249";"DE";11.033300;50.983300;"AS3320 Deutsche Telekom AG";"mlab1-ham01";0.016533;1736255.142540;"0.004011999";"linux2";"80.239.142.212";"speedtest";1340058213;120875.901186;0.019826;"0575caf1-8a3d-4ae0-8b6e-5caaddb74121";3320;"15";"Erfurt";0;6;2012;1;19;"20120618"
"46.115.25.230";"DE";9.000000;51.000000;"AS12638 E-Plus Mobilfunk GmbH & Co. KG";"mlab1-ham01";0.603629;152775.730089;"0.004012999";"darwin";"80.239.142.212";"speedtest";1340058284;15106.850200;0.201974;"4baef5fd-7f85-41c9-b289-0d4d24e485da";12638;"";"";0;6;2012;1;19;"20120618"
"178.6.125.245";"DE";7.311000;51.474500;"AS3209 Vodafone GmbH";"mlab1-ham01";0.027533;1154943.710767;"0.004012999";"darwin";"80.239.142.212";"bittorrent";1340058291;118701.558099;-1.000000;"ec6cb0ee-2f10-446c-8f6c-d529280e7e5d";3209;"07";"Bochum";0;6;2012;1;19;"20120618"
"85.182.40.72";"DE";7.450000;51.516700;"AS13184 Telefonica Germany GmbH & Co.OHG";"mlab1-ham01";0.050507;932677.388348;"0.004012999";"linux2";"80.239.142.212";"speedtest";1340058334;93112.618598;0.052598;"4461622b-002e-4033-b06e-34562c12f1f2";13184;"07";"Dortmund";0;6;2012;1;19;"20120618"
"82.83.62.103";"DE";9.000000;51.000000;"AS3209 Vodafone GmbH";"mlab1-ham01";0.019407;1640997.453611;"0.004012999";"linux2";"80.239.142.212";"bittorrent";1340058670;69425.638091;-1.000000;"e7b78883-6949-44d7-bffa-646118b01e16";3209;"";"";0;6;2012;1;19;"20120618"
"93.220.49.47";"DE";13.400000;52.516700;"AS3320 Deutsche Telekom AG";"mlab1-ham01";0.046832;1804115.132480;"0.004012999";"win32";"80.239.142.212";"speedtest";1340058723;590149.815183;0.033682;"8ac1e576-29fc-4381-9927-cecba6229ca7";3320;"16";"Berlin";0;6;2012;1;19;"20120618"
"217.235.122.86";"DE";11.025600;49.329200;"AS3320 Deutsche Telekom AG";"mlab1-ham01";0.065002;344021.806835;"0.004012999";"win32";"80.239.142.212";"speedtest";1340059177;33324.083383;0.067543;"25329937-558d-46a5-ad71-2b2adc1d8807";3320;"02";"Schwabach";0;6;2012;1;19;"20120618"
"194.29.236.67";"DE";13.400000;52.516700;"AS20647 IPB Internet Provider in Berlin GmbH";"mlab1-ham01";0.012214;123010.455688;"0.004012999";"linux2";"80.239.142.212";"speedtest";1340059280;574824.354232;0.014764;"758cc354-ac16-4a47-90b8-16db3465444a";20647;"16";"Berlin";0;6;2012;1;19;"20120618"
"93.130.235.157";"DE";6.550000;51.266700;"AS6805 Telefonica Germany GmbH & Co.OHG";"mlab1-ham01";0.038633;340656.156991;"0.004012999";"linux2";"80.239.142.212";"bittorrent";1340059427;43883.845435;-1.000000;"77658477-f823-4da0-9751-57a2251a55c9";6805;"07";"Willich";0;6;2012;1;19;"20120618"
"87.179.66.249";"DE";11.033300;50.983300;"AS3320 Deutsche Telekom AG";"mlab1-ham01";0.015833;1763808.189940;"0.004011999";"linux2";"80.239.142.212";"bittorrent";1340059651;121611.316346;-1.000000;"0575caf1-8a3d-4ae0-8b6e-5caaddb74121";3320;"15";"Erfurt";0;6;2012;1;19;"20120618"
"46.115.25.230";"DE";9.000000;51.000000;"AS12638 E-Plus Mobilfunk GmbH & Co. KG";"mlab1-ham01";0.316257;116730.735776;"0.004012999";"darwin";"80.239.142.212";"bittorrent";1340059720;42492.807113;-1.000000;"4baef5fd-7f85-41c9-b289-0d4d24e485da";12638;"";"";0;6;2012;1;19;"20120618"
"178.6.125.245";"DE";7.311000;51.474500;"AS3209 Vodafone GmbH";"mlab1-ham01";0.027746;1150672.218760;"0.004012999";"darwin";"80.239.142.212";"speedtest";1340059766;119012.247542;0.028905;"ec6cb0ee-2f10-446c-8f6c-d529280e7e5d";3209;"07";"Bochum";0;6;2012;1;19;"20120618"
"85.180.184.118";"DE";8.683300;50.116700;"AS13184 Telefonica Germany GmbH & Co.OHG";"mlab1-ham01";0.021166;1456908.592063;"0.004012999";"darwin";"80.239.142.212";"bittorrent";1340059770;120827.027423;-1.000000;"4a7acde3-b2a8-410c-9408-67f722112ef1";13184;"05";"Frankfurt Am Main";0;6;2012;1;19;"20120618"
"87.143.16.198";"DE";11.100000;51.150000;"AS3320 Deutsche Telekom AG";"mlab1-ham01";0.033477;1330060.092189;"0.004012999";"darwin";"80.239.142.212";"bittorrent";1340059926;87734.525490;-1.000000;"95120f16-54c4-4444-b2d8-e87391844949";3320;"15";"Sömmerda";0;6;2012;1;19;"20120618"
"87.169.236.230";"DE";13.400000;52.516700;"AS3320 Deutsche Telekom AG";"mlab1-ham01";0.023131;5050437.231680;"0.004012999";"darwin";"80.239.142.212";"speedtest";1340059931;1036187.387070;0.024089;"f7e74337-5111-4d6a-a11a-2ef4a0c4db50";3320;"16";"Berlin";0;6;2012;1;19;"20120618"
"188.193.244.188";"DE";9.000000;51.000000;"AS31334 Kabel Deutschland Vertrieb und Service GmbH";"mlab1-ham01";0.028010;9089994.684380;"0.004012999";"linux2";"80.239.142.212";"speedtest";1340060067;750892.511279;0.030883;"9f89ee34-a114-46cb-a58c-d520d561108c";31334;"";"";0;6;2012;1;19;"20120618"
"92.195.115.156";"DE";11.033300;50.983300;"AS20676 QSC AG";"mlab1-ham01";2.170717;36371.200461;"0.004012999";"darwin";"80.239.142.212";"speedtest";1340060579;15651.467756;2.191171;"81014317-071d-48ad-b6b8-adca554fbdf6";20676;"15";"Erfurt";1;6;2012;1;19;"20120618"
"178.13.177.34";"DE";9.000000;51.000000;"AS3209 Vodafone GmbH";"mlab1-ham01";0.087805;711458.122729;"0.004005999";"linux2";"80.239.142.212";"speedtest";1340060757;139147.623237;0.076443;"d80ec3cc-e940-4362-bb5a-c2bf17a6fd0d";3209;"";"";1;6;2012;1;19;"20120618"
"91.35.33.88";"DE";9.433300;54.783300;"AS3320 Deutsche Telekom AG";"mlab1-ham01";0.011738;1499913.002830;"0.004012999";"win32";"80.239.142.212";"speedtest";1340060763;77072.732779;0.015768;"71ef70e0-ac7c-408a-99b6-991bcb0563bb";3320;"10";"Flensburg";1;6;2012;1;19;"20120618"
"188.108.123.171";"DE";10.133300;54.333300;"AS3209 Vodafone GmbH";"mlab1-ham01";0.017930;1641252.790162;"0.004012999";"win32";"80.239.142.212";"bittorrent";1340060916;119468.203332;-1.000000;"90b4ab67-12f0-4448-b7b6-4f7333e84971";3209;"10";"Kiel";1;6;2012;1;19;"20120618"
"79.210.191.29";"DE";14.000000;53.033300;"AS3320 Deutsche Telekom AG";"mlab1-ham01";0.072840;43820.159523;"0.004012999";"darwin";"80.239.142.212";"bittorrent";1340060993;9553.406696;-1.000000;"8c617ade-4e04-4778-8fa7-097ed11532d7";3320;"11";"Angermünde";1;6;2012;1;19;"20120618"
"46.115.25.230";"DE";9.000000;51.000000;"AS12638 E-Plus Mobilfunk GmbH & Co. KG";"mlab1-ham01";0.144024;140136.453729;"0.004012999";"darwin";"80.239.142.212";"speedtest";1340061130;21257.510023;0.190721;"4baef5fd-7f85-41c9-b289-0d4d24e485da";12638;"";"";1;6;2012;1;19;"20120618"
"178.6.125.245";"DE";7.311000;51.474500;"AS3209 Vodafone GmbH";"mlab1-ham01";0.024723;1154681.911001;"0.004012999";"darwin";"80.239.142.212";"bittorrent";1340061241;119228.626250;-1.000000;"ec6cb0ee-2f10-446c-8f6c-d529280e7e5d";3209;"07";"Bochum";1;6;2012;1;19;"20120618"
"85.182.40.72";"DE";7.450000;51.516700;"AS13184 Telefonica Germany GmbH & Co.OHG";"mlab1-ham01";0.054952;897017.376775;"0.004012999";"linux2";"80.239.142.212";"speedtest";1340061383;115055.708989;0.057308;"4461622b-002e-4033-b06e-34562c12f1f2";13184;"07";"Dortmund";1;6;2012;1;19;"20120618"
"84.62.53.194";"DE";6.766700;51.216700;"AS3209 Vodafone GmbH";"mlab1-ham01";0.015476;417950.273400;"0.004012999";"win32";"80.239.142.212";"speedtest";1340061434;16300.186536;0.644130;"ced6b13f-4229-47ba-9400-c4b8931d7c7c";3209;"07";"Düsseldorf";1;6;2012;1;19;"20120618"
"178.27.166.176";"DE";9.000000;51.000000;"AS31334 Kabel Deutschland Vertrieb und Service GmbH";"mlab1-ham01";0.028440;1494471.090515;"0.004012999";"win32";"80.239.142.212";"bittorrent";1340061769;183515.332772;-1.000000;"d771b38f-8330-4a86-9b4b-32a67f184450";31334;"";"";1;6;2012;1;19;"20120618"
"77.12.203.52";"DE";13.400000;52.516700;"AS6805 Telefonica Germany GmbH & Co.OHG";"mlab1-ham01";0.058435;1029343.536730;"0.004012999";"darwin";"80.239.142.212";"bittorrent";1340062132;88693.009158;-1.000000;"58702c42-fe45-49c2-94a4-4df8118774bb";6805;"16";"Berlin";1;6;2012;1;19;"20120618"
"91.50.121.99";"DE";6.333300;51.400000;"AS3320 Deutsche Telekom AG";"mlab1-ham01";0.020864;5667532.229280;"0.004011999";"win32";"80.239.142.212";"speedtest";1340062176;1134831.097730;0.021002;"540af2e6-2c0b-4173-a8ac-fd971d1b6fcb";3320;"07";"Wachtendonk";1;6;2012;1;19;"20120618"
"178.13.177.34";"DE";9.000000;51.000000;"AS3209 Vodafone GmbH";"mlab1-ham01";0.062590;900820.497830;"0.004005999";"linux2";"80.239.142.212";"bittorrent";1340062178;129226.264714;-1.000000;"d80ec3cc-e940-4362-bb5a-c2bf17a6fd0d";3209;"";"";1;6;2012;1;19;"20120618"
"188.108.123.171";"DE";10.133300;54.333300;"AS3209 Vodafone GmbH";"mlab1-ham01";0.018823;1329763.235670;"0.004012999";"win32";"80.239.142.212";"speedtest";1340062289;83198.857981;0.020569;"90b4ab67-12f0-4448-b7b6-4f7333e84971";3209;"10";"Kiel";1;6;2012;1;19;"20120618"
"79.203.86.53";"DE";11.583300;48.150000;"AS3320 Deutsche Telekom AG";"mlab1-ham01";0.025604;1371077.208172;"0.004012999";"darwin";"80.239.142.212";"bittorrent";1340062316;56682.642919;-1.000000;"0445411f-1a91-486e-aa99-34aa63e4af95";3320;"02";"Munich";1;6;2012;1;19;"20120618"
"91.35.33.88";"DE";9.433300;54.783300;"AS3320 Deutsche Telekom AG";"mlab1-ham01";0.011475;1476731.242354;"0.004012999";"win32";"80.239.142.212";"bittorrent";1340062318;78019.607246;-1.000000;"71ef70e0-ac7c-408a-99b6-991bcb0563bb";3320;"10";"Flensburg";1;6;2012;1;19;"20120618"
"141.23.78.212";"DE";13.400000;52.516700;"AS680 Verein zur Foerderung eines Deutschen Forschungsnetzes e.V.";"mlab1-ham01";0.008474;10143834.880128;"0.004012999";"win32";"80.239.142.212";"bittorrent";1340062354;9427991.500254;-1.000000;"e41d9ff4-7130-4221-98c3-80b15c14f890";680;"16";"Berlin";1;6;2012;1;19;"20120618"
"77.23.61.29";"DE";9.000000;51.000000;"AS31334 Kabel Deutschland Vertrieb und Service GmbH";"mlab1-ham01";0.021598;2168945.154760;"0.004012999";"win32";"80.239.142.212";"speedtest";1340062615;58463.468158;0.022664;"898e2e06-ef2e-44fb-aafd-ae145f8e32af";31334;"";"";1;6;2012;1;19;"20120618"
"92.200.7.193";"DE";9.700900;48.694400;"AS20676 QSC AG";"mlab1-ham01";0.037234;1102281.760550;"0.004012999";"darwin";"80.239.142.212";"speedtest";1340062794;104178.283861;0.040941;"2ae1a06d-85e1-4e7e-9214-10e08a3a30ab";20676;"01";"Eislingen";1;6;2012;1;19;"20120618"
"87.143.16.198";"DE";11.100000;51.150000;"AS3320 Deutsche Telekom AG";"mlab1-ham01";0.032192;1270894.148977;"0.004012999";"darwin";"80.239.142.212";"bittorrent";1340062817;92581.663487;-1.000000;"95120f16-54c4-4444-b2d8-e87391844949";3320;"15";"Sömmerda";1;6;2012;1;19;"20120618"
"46.223.18.206";"DE";8.385800;49.004700;"AS29562 Kabel BW GmbH";"mlab1-ham01";0.029847;1866971.480460;"0.004012999";"win32";"80.239.142.212";"speedtest";1340063160;312161.436129;0.032629;"62a0c3ba-8531-44c5-b8a3-ca82d00981cd";29562;"01";"Karlsruhe";1;6;2012;1;19;"20120618"
"178.27.166.176";"DE";9.000000;51.000000;"AS31334 Kabel Deutschland Vertrieb und Service GmbH";"mlab1-ham01";0.029904;954430.307712;"0.004012999";"win32";"80.239.142.212";"speedtest";1340063199;171233.026886;0.033353;"d771b38f-8330-4a86-9b4b-32a67f184450";31334;"";"";1;6;2012;1;19;"20120618"
"77.3.250.96";"DE";8.833300;47.766700;"AS6805 Telefonica Germany GmbH & Co.OHG";"mlab1-ham01";0.037046;1534526.680080;"0.004012999";"darwin";"80.239.142.212";"bittorrent";1340063352;120823.008575;-1.000000;"7f6dfa2b-14ff-4d0d-8b49-2d9db3f1749a";6805;"01";"Singen";1;6;2012;1;19;"20120618"
"178.13.177.34";"DE";9.000000;51.000000;"AS3209 Vodafone GmbH";"mlab1-ham01";0.086191;683635.380729;"0.004005999";"linux2";"80.239.142.212";"speedtest";1340063596;154174.499484;0.073921;"d80ec3cc-e940-4362-bb5a-c2bf17a6fd0d";3209;"";"";1;6;2012;1;19;"20120618"
"141.23.78.212";"DE";13.400000;52.516700;"AS680 Verein zur Foerderung eines Deutschen Forschungsnetzes e.V.";"mlab1-ham01";0.010035;8971682.320280;"0.004012999";"win32";"80.239.142.212";"speedtest";1340063778;9820998.467230;0.010163;"e41d9ff4-7130-4221-98c3-80b15c14f890";680;"16";"Berlin";1;6;2012;1;19;"20120618"
"87.178.122.108";"DE";11.500000;48.716700;"AS3320 Deutsche Telekom AG";"mlab1-ham01";0.056839;652527.239862;"0.004012999";"darwin";"80.239.142.212";"speedtest";1340063786;66239.106664;0.060225;"f3523021-8b10-4afd-9dda-2ac916ad4c9a";3320;"02";"Manching";1;6;2012;1;19;"20120618"
"79.203.86.53";"DE";11.583300;48.150000;"AS3320 Deutsche Telekom AG";"mlab1-ham01";0.025810;1328389.968920;"0.004012999";"darwin";"80.239.142.212";"speedtest";1340063901;66420.485086;0.056423;"0445411f-1a91-486e-aa99-34aa63e4af95";3320;"02";"Munich";1;6;2012;1;19;"20120618"
"217.235.122.86";"DE";11.025600;49.329200;"AS3320 Deutsche Telekom AG";"mlab1-ham01";0.053342;353208.133352;"0.004012999";"win32";"80.239.142.212";"bittorrent";1340063934;45720.990594;-1.000000;"25329937-558d-46a5-ad71-2b2adc1d8807";3320;"02";"Schwabach";1;6;2012;1;19;"20120618"
"87.179.66.249";"DE";11.033300;50.983300;"AS3320 Deutsche Telekom AG";"mlab1-ham01";0.016855;1716126.404620;"0.004011999";"linux2";"80.239.142.212";"speedtest";1340063934;121250.489330;0.020420;"0575caf1-8a3d-4ae0-8b6e-5caaddb74121";3320;"15";"Erfurt";1;6;2012;1;19;"20120618"
"130.43.73.127";"GR";23.733300;37.983300;"AS1241 Forthnet";"mlab2-ath01";0.043966;869803.947248;"0.004012999";"win32";"83.212.4.32";"speedtest";1339988618;107259.351855;0.026936;"062ac9cd-ccd3-4d13-9905-fe4beb7155a0";1241;"35";"Athens";6;6;2012;0;18;"20120618"
"130.43.73.127";"GR";23.733300;37.983300;"AS1241 Forthnet";"mlab2-ath01";0.044219;878589.028102;"0.004012999";"win32";"83.212.4.32";"speedtest";1339994209;85512.223957;0.027517;"062ac9cd-ccd3-4d13-9905-fe4beb7155a0";1241;"35";"Athens";7;6;2012;0;18;"20120618"
"212.251.115.121";"GR";23.733300;37.983300;"AS1241 Forthnet";"mlab2-ath01";0.043343;907280.355631;"0.004012999";"win32";"83.212.4.32";"bittorrent";1340012407;109100.999725;-1.000000;"062ac9cd-ccd3-4d13-9905-fe4beb7155a0";1241;"35";"Athens";12;6;2012;0;18;"20120618"
"212.251.115.121";"GR";23.733300;37.983300;"AS1241 Forthnet";"mlab2-ath01";0.043945;718161.478762;"0.004012999";"win32";"83.212.4.32";"speedtest";1340016602;83106.621546;0.033487;"062ac9cd-ccd3-4d13-9905-fe4beb7155a0";1241;"35";"Athens";13;6;2012;0;18;"20120618"
"212.251.115.121";"GR";23.733300;37.983300;"AS1241 Forthnet";"mlab2-ath01";0.044204;323212.196995;"0.004012999";"win32";"83.212.4.32";"bittorrent";1340023596;77289.073599;-1.000000;"062ac9cd-ccd3-4d13-9905-fe4beb7155a0";1241;"35";"Athens";15;6;2012;0;18;"20120618"
"212.251.115.121";"GR";23.733300;37.983300;"AS1241 Forthnet";"mlab2-ath01";0.049559;458244.577884;"0.004012999";"win32";"83.212.4.32";"speedtest";1340023615;103882.401008;0.030470;"062ac9cd-ccd3-4d13-9905-fe4beb7155a0";1241;"35";"Athens";15;6;2012;0;18;"20120618"
"212.251.115.121";"GR";23.733300;37.983300;"AS1241 Forthnet";"mlab2-ath01";0.053687;533520.734771;"0.004012999";"win32";"83.212.4.32";"speedtest";1340027792;99066.529986;0.030564;"062ac9cd-ccd3-4d13-9905-fe4beb7155a0";1241;"35";"Athens";16;6;2012;0;18;"20120618"
"212.251.115.121";"GR";23.733300;37.983300;"AS1241 Forthnet";"mlab2-ath01";0.044786;106995.208349;"0.004012999";"win32";"83.212.4.32";"bittorrent";1340028100;107075.607184;-1.000000;"062ac9cd-ccd3-4d13-9905-fe4beb7155a0";1241;"35";"Athens";17;6;2012;0;18;"20120618"
"212.251.115.121";"GR";23.733300;37.983300;"AS1241 Forthnet";"mlab2-ath01";0.045466;496133.851907;"0.004012999";"win32";"83.212.4.32";"speedtest";1340033382;87504.296395;0.033694;"062ac9cd-ccd3-4d13-9905-fe4beb7155a0";1241;"35";"Athens";18;6;2012;0;18;"20120618"
"212.251.115.121";"GR";23.733300;37.983300;"AS1241 Forthnet";"mlab2-ath01";0.043501;803199.003758;"0.004012999";"win32";"83.212.4.32";"bittorrent";1340045985;74112.736713;-1.000000;"062ac9cd-ccd3-4d13-9905-fe4beb7155a0";1241;"35";"Athens";21;6;2012;0;18;"20120618"
"212.251.115.121";"GR";23.733300;37.983300;"AS1241 Forthnet";"mlab2-ath01";0.044065;850173.995790;"0.004012999";"win32";"83.212.4.32";"speedtest";1340047386;78422.767010;0.028146;"062ac9cd-ccd3-4d13-9905-fe4beb7155a0";1241;"35";"Athens";22;6;2012;0;18;"20120618"
"212.251.115.121";"GR";23.733300;37.983300;"AS1241 Forthnet";"mlab2-ath01";0.043811;883295.427994;"0.004012999";"win32";"83.212.4.32";"speedtest";1340050179;101515.382729;0.027174;"062ac9cd-ccd3-4d13-9905-fe4beb7155a0";1241;"35";"Athens";23;6;2012;0;18;"20120618"
"178.128.126.223";"GR";23.733300;37.983300;"AS1241 Forthnet";"mlab2-ath01";0.049785;648420.299469;"0.004012999";"win32";"83.212.4.32";"bittorrent";1340051575;98983.968773;-1.000000;"062ac9cd-ccd3-4d13-9905-fe4beb7155a0";1241;"35";"Athens";23;6;2012;0;18;"20120618"
"188.4.186.201";"GR";23.733300;37.983300;"AS1241 Forthnet";"mlab2-ath01";0.043889;883825.261805;"0.004012999";"win32";"83.212.4.32";"bittorrent";1340057167;101278.909471;-1.000000;"062ac9cd-ccd3-4d13-9905-fe4beb7155a0";1241;"35";"Athens";1;6;2012;1;19;"20120618"
"77.98.68.89";"GB";-1.939900;52.310500;"AS5089 Virgin Media Limited";"mlab1-lhr01";0.109771;1183946.746337;"0.004012999";"linux2";"217.163.1.81";"bittorrent";1339977958;114295.921116;-1.000000;"ee5bc8c0-ae84-4f54-b716-63ba15e38795";5089;"Q4";"Redditch";1;6;2012;0;18;"20120618"
"134.151.33.84";"GB";-1.916700;52.466700;"AS786 The JNT Association";"mlab1-lhr01";0.015000;2274765.987800;"0.004011999";"linux2";"217.163.1.81";"speedtest";1339977858;1250145.796000;0.016152;"34987743-340f-404c-bbab-25f3ba5726fb";786;"A7";"Birmingham";1;6;2012;0;18;"20120618"
"194.164.232.154";"GB";-0.130000;51.500000;"AS8897 KCOM Group PLC";"mlab1-lhr01";0.044325;242676.956767;"0.004011999";"win32";"217.163.1.81";"bittorrent";1339978411;88310.740840;-1.000000;"d71ed525-d91d-4946-ab33-3e2483201805";8897;"";"";1;6;2012;0;18;"20120618"
"81.158.148.124";"GB";-1.333300;54.216700;"AS2856 BTnet UK Regional network";"mlab1-lhr01";0.033449;127291.225055;"0.004012999";"linux2";"217.163.1.81";"speedtest";1339978427;45064.107967;0.042598;"e37b8625-0644-419c-92a3-b5a6a3b3726c";2856;"J7";"Thirsk";1;6;2012;0;18;"20120618"
"78.146.233.72";"GB";-0.093100;51.514200;"AS13285 TalkTalk Communications Limited";"mlab1-lhr01";0.030330;553923.802758;"0.004012999";"win32";"217.163.1.81";"bittorrent";1339979308;89707.069182;-1.000000;"407ac3cb-a4ae-41d8-9c4c-0971091666da";13285;"H9";"London";1;6;2012;0;18;"20120618"
"109.153.120.105";"GB";-0.093100;51.514200;"AS2856 BTnet UK Regional network";"mlab1-lhr01";0.024109;999147.543142;"0.004012999";"darwin";"217.163.1.81";"bittorrent";1339979658;122691.918604;-1.000000;"591848d7-684a-46db-a17c-1bb1ef97f6c4";2856;"H9";"London";1;6;2012;0;18;"20120618"
"92.23.170.255";"GB";-3.050000;53.816700;"AS13285 TalkTalk Communications Limited";"mlab1-lhr01";0.034201;211039.575593;"0.004012999";"darwin";"217.163.1.81";"speedtest";1339979798;73230.633922;0.038443;"b7d03dcd-7026-4d92-8600-3f5f13ebd736";13285;"A9";"Blackpool";1;6;2012;0;18;"20120618"
"134.151.0.67";"GB";-1.916700;52.466700;"AS786 The JNT Association";"mlab1-lhr01";0.015020;15120.194980;"0.004011999";"linux2";"217.163.1.81";"bittorrent";1339979822;15129.536098;-1.000000;"20cb2125-2367-46ae-8343-0682023aab13";786;"A7";"Birmingham";1;6;2012;0;18;"20120618"
"82.16.158.94";"GB";-0.093100;51.514200;"AS5089 Virgin Media Limited";"mlab1-lhr01";0.024191;5723006.496160;"0.004012999";"win32";"217.163.1.81";"speedtest";1339979908;377005.282473;0.029267;"9726bbb2-cde6-4c53-9b05-82c3b868ab5f";5089;"H9";"London";1;6;2012;0;18;"20120618"
"81.158.148.124";"GB";-1.333300;54.216700;"AS2856 BTnet UK Regional network";"mlab1-lhr01";1.217541;32379.027588;"0.004012999";"linux2";"217.163.1.81";"bittorrent";1339979993;32209.079681;-1.000000;"e37b8625-0644-419c-92a3-b5a6a3b3726c";2856;"J7";"Thirsk";1;6;2012;0;18;"20120618"
"62.173.117.2";"GB";-4.557800;51.986400;"AS6656 Star Technology Services Limited";"mlab1-lhr01";0.007288;5808570.528280;"0.004010999";"linux2";"217.163.1.81";"speedtest";1339980012;5394366.263170;0.008664;"f05e11ce-f17a-4492-af90-1a5c53e38d5d";6656;"Y7";"Star";1;6;2012;0;18;"20120618"
"87.194.32.93";"GB";-0.233300;51.500000;"AS35228 Telefonica UK Limited";"mlab1-lhr01";0.014738;910810.941252;"0.004012999";"linux2";"217.163.1.81";"speedtest";1339980961;111994.021703;0.018754;"fa75ae33-87ca-4c4a-8aeb-0a3a19684949";35228;"F1";"Hammersmith";1;6;2012;0;18;"20120618"
"109.153.120.105";"GB";-0.093100;51.514200;"AS2856 BTnet UK Regional network";"mlab1-lhr01";0.023118;1078101.043550;"0.004012999";"darwin";"217.163.1.81";"speedtest";1339981273;122003.937240;0.027276;"591848d7-684a-46db-a17c-1bb1ef97f6c4";2856;"H9";"London";2;6;2012;0;18;"20120618"
"82.16.158.94";"GB";-0.093100;51.514200;"AS5089 Virgin Media Limited";"mlab1-lhr01";0.009337;5790105.121682;"0.004012999";"win32";"217.163.1.81";"bittorrent";1339981307;413027.472381;-1.000000;"9726bbb2-cde6-4c53-9b05-82c3b868ab5f";5089;"H9";"London";2;6;2012;0;18;"20120618"
"84.233.227.240";"GB";-0.093100;51.514200;"AS8928 Interoute Communications Limited";"mlab1-lhr01";0.371263;23964.777601;"0.004012999";"darwin";"217.163.1.81";"bittorrent";1339981618;30797.117797;-1.000000;"15eb85bd-e3cb-4d25-862c-2c4eba8ab47b";8928;"H9";"London";2;6;2012;0;18;"20120618"
"134.151.0.67";"GB";-1.916700;52.466700;"AS786 The JNT Association";"mlab1-lhr01";0.014982;1674851.583380;"0.004011999";"linux2";"217.163.1.81";"speedtest";1339981633;1640264.967680;0.016370;"20cb2125-2367-46ae-8343-0682023aab13";786;"A7";"Birmingham";2;6;2012;0;18;"20120618"
"94.175.11.250";"GB";-0.093100;51.514200;"AS5089 Virgin Media Limited";"mlab1-lhr01";0.020592;4504254.751510;"0.004012999";"darwin";"217.163.1.81";"speedtest";1339982423;182200.258798;0.026108;"31fd9ef2-28eb-4f11-ab98-d75d22e70cd7";5089;"H9";"London";2;6;2012;0;18;"20120618"
"87.194.32.93";"GB";-0.233300;51.500000;"AS35228 Telefonica UK Limited";"mlab1-lhr01";0.014652;931704.374590;"0.004012999";"linux2";"217.163.1.81";"bittorrent";1339982495;110401.178962;-1.000000;"fa75ae33-87ca-4c4a-8aeb-0a3a19684949";35228;"F1";"Hammersmith";2;6;2012;0;18;"20120618"
"77.98.68.89";"GB";-1.939900;52.310500;"AS5089 Virgin Media Limited";"mlab1-lhr01";0.307717;1151913.778500;"0.004012999";"linux2";"217.163.1.81";"speedtest";1339982610;89459.672422;0.099063;"ee5bc8c0-ae84-4f54-b716-63ba15e38795";5089;"Q4";"Redditch";2;6;2012;0;18;"20120618"
"134.151.33.84";"GB";-1.916700;52.466700;"AS786 The JNT Association";"mlab1-lhr01";0.014979;2708515.237067;"0.004011999";"linux2";"217.163.1.81";"bittorrent";1339982929;2247154.406651;-1.000000;"34987743-340f-404c-bbab-25f3ba5726fb";786;"A7";"Birmingham";2;6;2012;0;18;"20120618"
"134.151.0.62";"GB";-1.916700;52.466700;"AS786 The JNT Association";"mlab1-lhr01";0.015163;1675043.943440;"0.004011999";"linux2";"217.163.1.81";"speedtest";1339983036;1619127.847730;0.016798;"fd8de4c7-c3b6-4aa3-8e16-e3400ab7a911";786;"A7";"Birmingham";2;6;2012;0;18;"20120618"
"81.158.148.124";"GB";-1.333300;54.216700;"AS2856 BTnet UK Regional network";"mlab1-lhr01";0.036768;145993.281143;"0.004012999";"linux2";"217.163.1.81";"bittorrent";1339983038;34766.687600;-1.000000;"e37b8625-0644-419c-92a3-b5a6a3b3726c";2856;"J7";"Thirsk";2;6;2012;0;18;"20120618"
"84.233.227.240";"GB";-0.093100;51.514200;"AS8928 Interoute Communications Limited";"mlab1-lhr01";0.018952;36379.040060;"0.004012999";"darwin";"217.163.1.81";"speedtest";1339983097;30919.030663;0.023741;"15eb85bd-e3cb-4d25-862c-2c4eba8ab47b";8928;"H9";"London";2;6;2012;0;18;"20120618"
"134.151.0.67";"GB";-1.916700;52.466700;"AS786 The JNT Association";"mlab1-lhr01";0.015195;15203.617991;"0.004011999";"linux2";"217.163.1.81";"bittorrent";1339983477;14955.227468;-1.000000;"20cb2125-2367-46ae-8343-0682023aab13";786;"A7";"Birmingham";2;6;2012;0;18;"20120618"
"87.194.32.93";"GB";-0.233300;51.500000;"AS35228 Telefonica UK Limited";"mlab1-lhr01";0.014949;907512.169433;"0.004012999";"linux2";"217.163.1.81";"speedtest";1339984025;108480.737452;0.018801;"fa75ae33-87ca-4c4a-8aeb-0a3a19684949";35228;"F1";"Hammersmith";2;6;2012;0;18;"20120618"
"84.233.227.240";"GB";-0.093100;51.514200;"AS8928 Interoute Communications Limited";"mlab1-lhr01";0.019641;11785.489343;"0.004012999";"darwin";"217.163.1.81";"bittorrent";1339984654;30676.644219;-1.000000;"15eb85bd-e3cb-4d25-862c-2c4eba8ab47b";8928;"H9";"London";2;6;2012;0;18;"20120618"
"194.164.232.154";"GB";-0.130000;51.500000;"AS8897 KCOM Group PLC";"mlab1-lhr01";0.037151;242015.771455;"0.004011999";"win32";"217.163.1.81";"bittorrent";1339984863;82386.796748;-1.000000;"d71ed525-d91d-4946-ab33-3e2483201805";8897;"";"";3;6;2012;0;18;"20120618"
"134.151.0.62";"GB";-1.916700;52.466700;"AS786 The JNT Association";"mlab1-lhr01";0.015210;15170.841264;"0.004011999";"linux2";"217.163.1.81";"bittorrent";1339984924;15182.904975;-1.000000;"fd8de4c7-c3b6-4aa3-8e16-e3400ab7a911";786;"A7";"Birmingham";3;6;2012;0;18;"20120618"
"92.23.170.255";"GB";-3.050000;53.816700;"AS13285 TalkTalk Communications Limited";"mlab1-lhr01";0.032791;216383.138527;"0.004012999";"darwin";"217.163.1.81";"bittorrent";1339984989;68263.921353;-1.000000;"b7d03dcd-7026-4d92-8600-3f5f13ebd736";13285;"A9";"Blackpool";3;6;2012;0;18;"20120618"
"92.24.88.222";"GB";-0.093100;51.514200;"AS13285 TalkTalk Communications Limited";"mlab1-lhr01";0.034678;586689.995226;"0.004012999";"win32";"217.163.1.81";"bittorrent";1339985035;98133.304199;-1.000000;"407ac3cb-a4ae-41d8-9c4c-0971091666da";13285;"H9";"London";3;6;2012;0;18;"20120618"
"134.151.0.67";"GB";-1.916700;52.466700;"AS786 The JNT Association";"mlab1-lhr01";0.015532;1645443.604640;"0.004011999";"linux2";"217.163.1.81";"speedtest";1339985287;1638343.269670;0.016477;"20cb2125-2367-46ae-8343-0682023aab13";786;"A7";"Birmingham";3;6;2012;0;18;"20120618"
"87.194.32.93";"GB";-0.233300;51.500000;"AS35228 Telefonica UK Limited";"mlab1-lhr01";0.015272;964835.647865;"0.004012999";"linux2";"217.163.1.81";"bittorrent";1339985557;108227.826989;-1.000000;"fa75ae33-87ca-4c4a-8aeb-0a3a19684949";35228;"F1";"Hammersmith";3;6;2012;0;18;"20120618"
"109.153.120.105";"GB";-0.093100;51.514200;"AS2856 BTnet UK Regional network";"mlab1-lhr01";0.025213;1109415.936371;"0.004012999";"darwin";"217.163.1.81";"bittorrent";1339986127;122851.070637;-1.000000;"591848d7-684a-46db-a17c-1bb1ef97f6c4";2856;"H9";"London";3;6;2012;0;18;"20120618"
"134.151.0.62";"GB";-1.916700;52.466700;"AS786 The JNT Association";"mlab1-lhr01";0.015629;1649137.236390;"0.004011999";"linux2";"217.163.1.81";"speedtest";1339986736;1664313.292620;0.016781;"fd8de4c7-c3b6-4aa3-8e16-e3400ab7a911";786;"A7";"Birmingham";3;6;2012;0;18;"20120618"
"134.151.0.67";"GB";-1.916700;52.466700;"AS786 The JNT Association";"mlab1-lhr01";0.015058;15165.883010;"0.004011999";"linux2";"217.163.1.81";"bittorrent";1339987125;16163.162369;-1.000000;"20cb2125-2367-46ae-8343-0682023aab13";786;"A7";"Birmingham";3;6;2012;0;18;"20120618"
"82.31.117.136";"GB";0.157500;51.474400;"AS5089 Virgin Media Limited";"mlab1-lhr01";0.011533;4292457.034906;"0.004012999";"linux2";"217.163.1.81";"bittorrent";1339987162;1189051.952486;-1.000000;"4734c249-c01f-4aa9-a857-643af3bbcee2";5089;"A6";"Erith";3;6;2012;0;18;"20120618"
"62.173.117.2";"GB";-4.557800;51.986400;"AS6656 Star Technology Services Limited";"mlab1-lhr01";0.007652;5909588.330480;"0.004010999";"linux2";"217.163.1.81";"bittorrent";1339987523;5916080.221870;-1.000000;"f05e11ce-f17a-4492-af90-1a5c53e38d5d";6656;"Y7";"Star";3;6;2012;0;18;"20120618"
"212.139.246.127";"GB";-0.130000;51.500000;"AS9105 Tiscali UK";"mlab1-lhr01";0.016652;469035.441068;"0.004012999";"darwin";"217.163.1.81";"speedtest";1339987873;79657.444706;0.019993;"17522bf2-605a-483d-b0d7-36583414f00c";9105;"";"";3;6;2012;0;18;"20120618"
"194.164.232.154";"GB";-0.130000;51.500000;"AS8897 KCOM Group PLC";"mlab1-lhr01";0.036147;241265.919635;"0.004011999";"win32";"217.163.1.81";"bittorrent";1339988087;87553.505029;-1.000000;"d71ed525-d91d-4946-ab33-3e2483201805";8897;"";"";3;6;2012;0;18;"20120618"
"82.16.158.94";"GB";-0.093100;51.514200;"AS5089 Virgin Media Limited";"mlab1-lhr01";0.028041;5917549.346860;"0.004012999";"win32";"217.163.1.81";"speedtest";1339988295;556058.144624;0.016640;"9726bbb2-cde6-4c53-9b05-82c3b868ab5f";5089;"H9";"London";3;6;2012;0;18;"20120618"
"82.31.117.136";"GB";0.157500;51.474400;"AS5089 Virgin Media Limited";"mlab1-lhr01";0.010695;3336742.149190;"0.004012999";"linux2";"217.163.1.81";"speedtest";1339988749;1206564.501130;0.016830;"4734c249-c01f-4aa9-a857-643af3bbcee2";5089;"A6";"Erith";4;6;2012;0;18;"20120618"
"82.16.158.94";"GB";-0.093100;51.514200;"AS5089 Virgin Media Limited";"mlab1-lhr01";0.013135;6263574.771230;"0.004012999";"win32";"217.163.1.81";"bittorrent";1339989693;529479.067238;-1.000000;"9726bbb2-cde6-4c53-9b05-82c3b868ab5f";5089;"H9";"London";4;6;2012;0;18;"20120618"
"87.194.32.93";"GB";-0.233300;51.500000;"AS35228 Telefonica UK Limited";"mlab1-lhr01";0.014808;903861.425213;"0.004012999";"linux2";"217.163.1.81";"speedtest";1339990152;107985.963722;0.018448;"fa75ae33-87ca-4c4a-8aeb-0a3a19684949";35228;"F1";"Hammersmith";4;6;2012;0;18;"20120618"
"62.173.117.2";"GB";-4.557800;51.986400;"AS6656 Star Technology Services Limited";"mlab1-lhr01";0.007468;5652188.707566;"0.004010999";"linux2";"217.163.1.81";"bittorrent";1339990525;5906269.494202;-1.000000;"f05e11ce-f17a-4492-af90-1a5c53e38d5d";6656;"Y7";"Star";4;6;2012;0;18;"20120618"
"134.151.0.67";"GB";-1.916700;52.466700;"AS786 The JNT Association";"mlab1-lhr01";0.015210;15827.555959;"0.004011999";"linux2";"217.163.1.81";"bittorrent";1339990776;14998.268723;-1.000000;"20cb2125-2367-46ae-8343-0682023aab13";786;"A7";"Birmingham";4;6;2012;0;18;"20120618"
"92.24.88.222";"GB";-0.093100;51.514200;"AS13285 TalkTalk Communications Limited";"mlab1-lhr01";0.024311;234659.351192;"0.004012999";"win32";"217.163.1.81";"bittorrent";1339990777;97775.997560;-1.000000;"407ac3cb-a4ae-41d8-9c4c-0971091666da";13285;"H9";"London";4;6;2012;0;18;"20120618"
"134.151.33.84";"GB";-1.916700;52.466700;"AS786 The JNT Association";"mlab1-lhr01";0.015006;3307672.274940;"0.004011999";"linux2";"217.163.1.81";"speedtest";1339990927;1602641.079500;0.016063;"34987743-340f-404c-bbab-25f3ba5726fb";786;"A7";"Birmingham";4;6;2012;0;18;"20120618"
"92.23.170.255";"GB";-3.050000;53.816700;"AS13285 TalkTalk Communications Limited";"mlab1-lhr01";0.032669;143091.635621;"0.004012999";"darwin";"217.163.1.81";"speedtest";1339991463;68714.016089;0.037470;"b7d03dcd-7026-4d92-8600-3f5f13ebd736";13285;"A9";"Blackpool";4;6;2012;0;18;"20120618"
"87.194.32.93";"GB";-0.233300;51.500000;"AS35228 Telefonica UK Limited";"mlab1-lhr01";0.014504;960836.903496;"0.004012999";"linux2";"217.163.1.81";"bittorrent";1339991685;86937.224176;-1.000000;"fa75ae33-87ca-4c4a-8aeb-0a3a19684949";35228;"F1";"Hammersmith";4;6;2012;0;18;"20120618"
"82.16.158.94";"GB";-0.093100;51.514200;"AS5089 Virgin Media Limited";"mlab1-lhr01";0.035851;6161881.278552;"0.004012999";"win32";"217.163.1.81";"bittorrent";1339992489;577704.404148;-1.000000;"9726bbb2-cde6-4c53-9b05-82c3b868ab5f";5089;"H9";"London";5;6;2012;0;18;"20120618"
"134.151.33.84";"GB";-1.916700;52.466700;"AS786 The JNT Association";"mlab1-lhr01";0.014732;3277151.532145;"0.004011999";"linux2";"217.163.1.81";"bittorrent";1339992757;1562880.991535;-1.000000;"34987743-340f-404c-bbab-25f3ba5726fb";786;"A7";"Birmingham";5;6;2012;0;18;"20120618"
"62.173.117.2";"GB";-4.557800;51.986400;"AS6656 Star Technology Services Limited";"mlab1-lhr01";0.007387;5919111.316900;"0.004010999";"linux2";"217.163.1.81";"bittorrent";1339993527;5916958.539059;-1.000000;"f05e11ce-f17a-4492-af90-1a5c53e38d5d";6656;"Y7";"Star";5;6;2012;0;18;"20120618"
"2.217.168.188";"GB";-2.366700;53.300000;"AS5607 British Sky Broadcasting Limited";"mlab1-lhr01";0.035050;783403.279021;"0.004012999";"linux2";"217.163.1.81";"speedtest";1339994156;84327.867609;0.040192;"7848f9fb-7dab-4a50-8c91-e2fbf96acfc0";5607;"Z7";"Knutsford";5;6;2012;0;18;"20120618"
"134.151.33.84";"GB";-1.916700;52.466700;"AS786 The JNT Association";"mlab1-lhr01";0.015025;2341404.968240;"0.004011999";"linux2";"217.163.1.81";"speedtest";1339994199;1566680.394610;0.016018;"34987743-340f-404c-bbab-25f3ba5726fb";786;"A7";"Birmingham";5;6;2012;0;18;"20120618"
"87.194.32.93";"GB";-0.233300;51.500000;"AS35228 Telefonica UK Limited";"mlab1-lhr01";0.014118;900023.769660;"0.004012999";"linux2";"217.163.1.81";"bittorrent";1339994748;110283.913189;-1.000000;"fa75ae33-87ca-4c4a-8aeb-0a3a19684949";35228;"F1";"Hammersmith";5;6;2012;0;18;"20120618"
"212.139.246.127";"GB";-0.130000;51.500000;"AS9105 Tiscali UK";"mlab1-lhr01";0.016315;474129.005293;"0.004012999";"darwin";"217.163.1.81";"bittorrent";1339994874;79754.047408;-1.000000;"17522bf2-605a-483d-b0d7-36583414f00c";9105;"";"";5;6;2012;0;18;"20120618"
"77.98.68.89";"GB";-1.939900;52.310500;"AS5089 Virgin Media Limited";"mlab1-lhr01";0.018074;1133316.298060;"0.004012999";"linux2";"217.163.1.81";"speedtest";1339995001;82207.853757;0.021606;"ee5bc8c0-ae84-4f54-b716-63ba15e38795";5089;"Q4";"Redditch";5;6;2012;0;18;"20120618"
"82.16.158.94";"GB";-0.093100;51.514200;"AS5089 Virgin Media Limited";"mlab1-lhr01";0.011548;6218491.071238;"0.004012999";"win32";"217.163.1.81";"bittorrent";1339995286;583651.301602;-1.000000;"9726bbb2-cde6-4c53-9b05-82c3b868ab5f";5089;"H9";"London";5;6;2012;0;18;"20120618"
"84.233.227.240";"GB";-0.093100;51.514200;"AS8928 Interoute Communications Limited";"mlab1-lhr01";0.018254;33996.120530;"0.004012999";"darwin";"217.163.1.81";"speedtest";1339995417;31207.506849;0.022685;"15eb85bd-e3cb-4d25-862c-2c4eba8ab47b";8928;"H9";"London";5;6;2012;0;18;"20120618"
"2.217.168.188";"GB";-2.366700;53.300000;"AS5607 British Sky Broadcasting Limited";"mlab1-lhr01";0.037330;815797.241088;"0.004012999";"linux2";"217.163.1.81";"bittorrent";1339995748;83046.504778;-1.000000;"7848f9fb-7dab-4a50-8c91-e2fbf96acfc0";5607;"Z7";"Knutsford";6;6;2012;0;18;"20120618"
"109.153.120.105";"GB";-0.093100;51.514200;"AS2856 BTnet UK Regional network";"mlab1-lhr01";0.024267;1110023.645091;"0.004012999";"darwin";"217.163.1.81";"bittorrent";1339995833;122950.101912;-1.000000;"591848d7-684a-46db-a17c-1bb1ef97f6c4";2856;"H9";"London";6;6;2012;0;18;"20120618"
"134.151.0.62";"GB";-1.916700;52.466700;"AS786 The JNT Association";"mlab1-lhr01";0.015642;15128.941008;"0.004011999";"linux2";"217.163.1.81";"bittorrent";1339995920;14821.082091;-1.000000;"fd8de4c7-c3b6-4aa3-8e16-e3400ab7a911";786;"A7";"Birmingham";6;6;2012;0;18;"20120618"
"134.151.33.84";"GB";-1.916700;52.466700;"AS786 The JNT Association";"mlab1-lhr01";0.015178;3416077.316479;"0.004011999";"linux2";"217.163.1.81";"bittorrent";1339996006;1118687.965346;-1.000000;"34987743-340f-404c-bbab-25f3ba5726fb";786;"A7";"Birmingham";6;6;2012;0;18;"20120618"
"194.164.232.154";"GB";-0.130000;51.500000;"AS8897 KCOM Group PLC";"mlab1-lhr01";0.033667;236639.832960;"0.004011999";"win32";"217.163.1.81";"speedtest";1339996142;88611.147185;0.038295;"d71ed525-d91d-4946-ab33-3e2483201805";8897;"";"";6;6;2012;0;18;"20120618"
"212.139.246.127";"GB";-0.130000;51.500000;"AS9105 Tiscali UK";"mlab1-lhr01";0.016347;468679.466561;"0.004012999";"darwin";"217.163.1.81";"speedtest";1339996272;79982.188470;0.020711;"17522bf2-605a-483d-b0d7-36583414f00c";9105;"";"";6;6;2012;0;18;"20120618"
"77.98.68.89";"GB";-1.939900;52.310500;"AS5089 Virgin Media Limited";"mlab1-lhr01";0.125915;1165721.621608;"0.004012999";"linux2";"217.163.1.81";"bittorrent";1339996546;105187.545803;-1.000000;"ee5bc8c0-ae84-4f54-b716-63ba15e38795";5089;"Q4";"Redditch";6;6;2012;0;18;"20120618"
"134.151.33.84";"GB";-1.916700;52.466700;"AS786 The JNT Association";"mlab1-lhr01";0.015183;2191792.241720;"0.004011999";"linux2";"217.163.1.81";"speedtest";1339997448;1438514.896850;0.016004;"34987743-340f-404c-bbab-25f3ba5726fb";786;"A7";"Birmingham";6;6;2012;0;18;"20120618"
"92.24.88.222";"GB";-0.093100;51.514200;"AS13285 TalkTalk Communications Limited";"mlab1-lhr01";0.030057;922525.632245;"0.004012999";"win32";"217.163.1.81";"speedtest";1339997959;96596.564801;0.033728;"407ac3cb-a4ae-41d8-9c4c-0971091666da";13285;"H9";"London";6;6;2012;0;18;"20120618"
"82.16.158.94";"GB";-0.093100;51.514200;"AS5089 Virgin Media Limited";"mlab1-lhr01";0.016569;5921556.351180;"0.004012999";"win32";"217.163.1.81";"bittorrent";1339998083;554701.250529;-1.000000;"9726bbb2-cde6-4c53-9b05-82c3b868ab5f";5089;"H9";"London";6;6;2012;0;18;"20120618"
"134.151.0.67";"GB";-1.916700;52.466700;"AS786 The JNT Association";"mlab1-lhr01";0.014905;15061.024944;"0.004011999";"linux2";"217.163.1.81";"bittorrent";1339998104;14931.024757;-1.000000;"20cb2125-2367-46ae-8343-0682023aab13";786;"A7";"Birmingham";6;6;2012;0;18;"20120618"
"81.106.144.233";"GB";-0.183300;50.833300;"AS5089 Virgin Media Limited";"mlab1-lhr01";0.017298;1054403.099030;"0.004012999";"darwin";"217.163.1.81";"speedtest";1339998154;127788.005453;0.023000;"1fb825b9-bc1f-4f83-85de-6307dd06a1a1";5089;"B6";"Hove";6;6;2012;0;18;"20120618"
"176.253.167.56";"GB";-3.000000;53.416700;"AS5607 British Sky Broadcasting Limited";"mlab1-lhr01";7.233979;120638.660718;"0.004010999";"win32";"217.163.1.81";"speedtest";1339999062;45492.844001;0.144730;"3b91ee22-7771-44e4-9417-2f816adf6b1c";5607;"H8";"Liverpool";6;6;2012;0;18;"20120618"
"92.24.88.222";"GB";-0.093100;51.514200;"AS13285 TalkTalk Communications Limited";"mlab1-lhr01";0.030331;78268.595363;"0.004012999";"win32";"217.163.1.81";"bittorrent";1339999396;97300.339684;-1.000000;"407ac3cb-a4ae-41d8-9c4c-0971091666da";13285;"H9";"London";7;6;2012;0;18;"20120618"
"77.98.68.89";"GB";-1.939900;52.310500;"AS5089 Virgin Media Limited";"mlab1-lhr01";0.020714;1162657.810133;"0.004012999";"linux2";"217.163.1.81";"bittorrent";1339999641;111122.058765;-1.000000;"ee5bc8c0-ae84-4f54-b716-63ba15e38795";5089;"Q4";"Redditch";7;6;2012;0;18;"20120618"
"87.194.32.93";"GB";-0.233300;51.500000;"AS35228 Telefonica UK Limited";"mlab1-lhr01";0.015109;943569.955728;"0.004012999";"linux2";"217.163.1.81";"bittorrent";1340000874;109260.590519;-1.000000;"fa75ae33-87ca-4c4a-8aeb-0a3a19684949";35228;"F1";"Hammersmith";7;6;2012;0;18;"20120618"
"81.106.144.233";"GB";-0.183300;50.833300;"AS5089 Virgin Media Limited";"mlab1-lhr01";0.020490;1013614.491210;"0.004012999";"darwin";"217.163.1.81";"speedtest";1340001182;127613.432764;0.023674;"1fb825b9-bc1f-4f83-85de-6307dd06a1a1";5089;"B6";"Hove";7;6;2012;0;18;"20120618"
"134.151.0.62";"GB";-1.916700;52.466700;"AS786 The JNT Association";"mlab1-lhr01";0.015432;1650775.742420;"0.004011999";"linux2";"217.163.1.81";"speedtest";1340001396;1631952.825010;0.016649;"fd8de4c7-c3b6-4aa3-8e16-e3400ab7a911";786;"A7";"Birmingham";7;6;2012;0;18;"20120618"
"82.31.117.136";"GB";0.157500;51.474400;"AS5089 Virgin Media Limited";"mlab1-lhr01";0.051039;3002524.904600;"0.004012999";"linux2";"217.163.1.81";"speedtest";1340001712;1209406.402890;0.022220;"4734c249-c01f-4aa9-a857-643af3bbcee2";5089;"A6";"Erith";7;6;2012;0;18;"20120618"
"212.139.246.127";"GB";-0.130000;51.500000;"AS9105 Tiscali UK";"mlab1-lhr01";0.018669;468931.146596;"0.004012999";"darwin";"217.163.1.81";"speedtest";1340001872;79271.645314;0.020106;"17522bf2-605a-483d-b0d7-36583414f00c";9105;"";"";7;6;2012;0;18;"20120618"
"82.16.158.94";"GB";-0.093100;51.514200;"AS5089 Virgin Media Limited";"mlab1-lhr01";0.054491;5813809.261070;"0.004012999";"win32";"217.163.1.81";"speedtest";1340002277;545547.921125;0.021961;"9726bbb2-cde6-4c53-9b05-82c3b868ab5f";5089;"H9";"London";7;6;2012;0;18;"20120618"
"87.194.32.93";"GB";-0.233300;51.500000;"AS35228 Telefonica UK Limited";"mlab1-lhr01";0.014639;927254.037983;"0.004012999";"linux2";"217.163.1.81";"speedtest";1340002404;116213.772755;0.018635;"fa75ae33-87ca-4c4a-8aeb-0a3a19684949";35228;"F1";"Hammersmith";7;6;2012;0;18;"20120618"
"81.106.144.233";"GB";-0.183300;50.833300;"AS5089 Virgin Media Limited";"mlab1-lhr01";0.017582;1065780.119484;"0.004012999";"darwin";"217.163.1.81";"bittorrent";1340002698;126630.266676;-1.000000;"1fb825b9-bc1f-4f83-85de-6307dd06a1a1";5089;"B6";"Hove";7;6;2012;0;18;"20120618"
"84.233.227.240";"GB";-0.093100;51.514200;"AS8928 Interoute Communications Limited";"mlab1-lhr01";0.341896;56249.456182;"0.004012999";"darwin";"217.163.1.81";"bittorrent";1340002950;21001.440853;-1.000000;"15eb85bd-e3cb-4d25-862c-2c4eba8ab47b";8928;"H9";"London";8;6;2012;0;18;"20120618"
"134.151.0.62";"GB";-1.916700;52.466700;"AS786 The JNT Association";"mlab1-lhr01";0.015205;15094.819576;"0.004011999";"linux2";"217.163.1.81";"bittorrent";1340003265;14164.152316;-1.000000;"fd8de4c7-c3b6-4aa3-8e16-e3400ab7a911";786;"A7";"Birmingham";8;6;2012;0;18;"20120618"
"81.106.144.233";"GB";-0.183300;50.833300;"AS5089 Virgin Media Limited";"mlab1-lhr01";0.017473;1157076.445470;"0.004012999";"darwin";"217.163.1.81";"speedtest";1340004210;127539.526617;0.026091;"1fb825b9-bc1f-4f83-85de-6307dd06a1a1";5089;"B6";"Hove";8;6;2012;0;18;"20120618"
"77.98.68.89";"GB";-1.939900;52.310500;"AS5089 Virgin Media Limited";"mlab1-lhr01";0.180240;1022652.695460;"0.004012999";"linux2";"217.163.1.81";"speedtest";1340004295;98742.348993;0.112802;"ee5bc8c0-ae84-4f54-b716-63ba15e38795";5089;"Q4";"Redditch";8;6;2012;0;18;"20120618"
"82.31.117.136";"GB";0.157500;51.474400;"AS5089 Virgin Media Limited";"mlab1-lhr01";0.019128;2182347.840350;"0.004012999";"linux2";"217.163.1.81";"speedtest";1340004960;1050116.913200;0.021984;"4734c249-c01f-4aa9-a857-643af3bbcee2";5089;"A6";"Erith";8;6;2012;0;18;"20120618"
"87.194.32.93";"GB";-0.233300;51.500000;"AS35228 Telefonica UK Limited";"mlab1-lhr01";0.055348;150697.725390;"0.004012999";"linux2";"217.163.1.81";"speedtest";1340005496;86939.575560;0.049054;"fa75ae33-87ca-4c4a-8aeb-0a3a19684949";35228;"F1";"Hammersmith";8;6;2012;0;18;"20120618"
"81.106.144.233";"GB";-0.183300;50.833300;"AS5089 Virgin Media Limited";"mlab1-lhr01";0.016875;1200104.813908;"0.004012999";"darwin";"217.163.1.81";"bittorrent";1340005724;126457.050453;-1.000000;"1fb825b9-bc1f-4f83-85de-6307dd06a1a1";5089;"B6";"Hove";8;6;2012;0;18;"20120618"
"134.151.33.84";"GB";-1.916700;52.466700;"AS786 The JNT Association";"mlab1-lhr01";0.015046;4117708.237532;"0.004011999";"linux2";"217.163.1.81";"bittorrent";1340005779;1258050.001783;-1.000000;"34987743-340f-404c-bbab-25f3ba5726fb";786;"A7";"Birmingham";8;6;2012;0;18;"20120618"
"134.151.33.84";"GB";-1.916700;52.466700;"AS786 The JNT Association";"mlab1-lhr01";0.014914;2188120.080690;"0.004011999";"linux2";"217.163.1.81";"speedtest";1340007268;1141144.632310;0.016102;"34987743-340f-404c-bbab-25f3ba5726fb";786;"A7";"Birmingham";9;6;2012;0;18;"20120618"
"82.45.214.67";"GB";-0.093100;51.514200;"AS5089 Virgin Media Limited";"mlab1-lhr01";0.017924;3322051.133344;"0.004012999";"darwin";"217.163.1.81";"bittorrent";1340007561;152615.818044;-1.000000;"21525883-9d15-4b10-89d0-4184ed22aac4";5089;"H9";"London";9;6;2012;0;18;"20120618"
"62.173.117.2";"GB";-4.557800;51.986400;"AS6656 Star Technology Services Limited";"mlab1-lhr01";0.007721;5641757.065844;"0.004010999";"linux2";"217.163.1.81";"bittorrent";1340008539;5893654.312248;-1.000000;"f05e11ce-f17a-4492-af90-1a5c53e38d5d";6656;"Y7";"Star";9;6;2012;0;18;"20120618"
"87.194.32.93";"GB";-0.233300;51.500000;"AS35228 Telefonica UK Limited";"mlab1-lhr01";0.014726;990719.268239;"0.004012999";"linux2";"217.163.1.81";"speedtest";1340008560;115033.924187;0.018704;"fa75ae33-87ca-4c4a-8aeb-0a3a19684949";35228;"F1";"Hammersmith";9;6;2012;0;18;"20120618"
"81.106.144.233";"GB";-0.183300;50.833300;"AS5089 Virgin Media Limited";"mlab1-lhr01";0.018961;1108141.497654;"0.004012999";"darwin";"217.163.1.81";"bittorrent";1340008752;126726.895573;-1.000000;"1fb825b9-bc1f-4f83-85de-6307dd06a1a1";5089;"B6";"Hove";9;6;2012;0;18;"20120618"
"92.23.170.255";"GB";-3.050000;53.816700;"AS13285 TalkTalk Communications Limited";"mlab1-lhr01";0.033670;231935.805796;"0.004012999";"darwin";"217.163.1.81";"bittorrent";1340008878;72321.906990;-1.000000;"b7d03dcd-7026-4d92-8600-3f5f13ebd736";13285;"A9";"Blackpool";9;6;2012;0;18;"20120618"
"77.98.68.89";"GB";-1.939900;52.310500;"AS5089 Virgin Media Limited";"mlab1-lhr01";0.019321;1207056.945884;"0.004012999";"linux2";"217.163.1.81";"bittorrent";1340008936;113100.959371;-1.000000;"ee5bc8c0-ae84-4f54-b716-63ba15e38795";5089;"Q4";"Redditch";9;6;2012;0;18;"20120618"
"134.151.33.84";"GB";-1.916700;52.466700;"AS786 The JNT Association";"mlab1-lhr01";0.015115;5130360.760490;"0.004011999";"linux2";"217.163.1.81";"bittorrent";1340009078;1555450.963839;-1.000000;"34987743-340f-404c-bbab-25f3ba5726fb";786;"A7";"Birmingham";9;6;2012;0;18;"20120618"
"134.151.0.67";"GB";-1.916700;52.466700;"AS786 The JNT Association";"mlab1-lhr01";0.015605;15185.968665;"0.004011999";"linux2";"217.163.1.81";"bittorrent";1340009109;15681.554230;-1.000000;"20cb2125-2367-46ae-8343-0682023aab13";786;"A7";"Birmingham";9;6;2012;0;18;"20120618"
"92.23.170.255";"GB";-3.050000;53.816700;"AS13285 TalkTalk Communications Limited";"mlab1-lhr01";0.032487;218164.013738;"0.004012999";"darwin";"217.163.1.81";"speedtest";1340010347;73326.162562;0.037440;"b7d03dcd-7026-4d92-8600-3f5f13ebd736";13285;"A9";"Blackpool";10;6;2012;0;18;"20120618"
"109.153.120.105";"GB";-0.093100;51.514200;"AS2856 BTnet UK Regional network";"mlab1-lhr01";0.024391;1049094.899560;"0.004012999";"darwin";"217.163.1.81";"speedtest";1340010390;121606.511134;0.031748;"591848d7-684a-46db-a17c-1bb1ef97f6c4";2856;"H9";"London";10;6;2012;0;18;"20120618"
"77.98.68.89";"GB";-1.939900;52.310500;"AS5089 Virgin Media Limited";"mlab1-lhr01";0.032088;1106884.738610;"0.004012999";"linux2";"217.163.1.81";"speedtest";1340010491;83593.268560;0.071099;"ee5bc8c0-ae84-4f54-b716-63ba15e38795";5089;"Q4";"Redditch";10;6;2012;0;18;"20120618"
"134.151.0.62";"GB";-1.916700;52.466700;"AS786 The JNT Association";"mlab1-lhr01";0.015373;14431.907741;"0.004011999";"linux2";"217.163.1.81";"bittorrent";1340010632;15130.655329;-1.000000;"fd8de4c7-c3b6-4aa3-8e16-e3400ab7a911";786;"A7";"Birmingham";10;6;2012;0;18;"20120618"
"62.173.117.2";"GB";-4.557800;51.986400;"AS6656 Star Technology Services Limited";"mlab1-lhr01";0.007838;5904423.950098;"0.004010999";"linux2";"217.163.1.81";"bittorrent";1340011541;5915049.964813;-1.000000;"f05e11ce-f17a-4492-af90-1a5c53e38d5d";6656;"Y7";"Star";10;6;2012;0;18;"20120618"
"81.106.144.233";"GB";-0.183300;50.833300;"AS5089 Virgin Media Limited";"mlab1-lhr01";0.017418;1191111.824225;"0.004012999";"darwin";"217.163.1.81";"bittorrent";1340011790;42097.533160;-1.000000;"1fb825b9-bc1f-4f83-85de-6307dd06a1a1";5089;"B6";"Hove";10;6;2012;0;18;"20120618"
"87.236.135.204";"GB";-0.093100;51.514200;"AS8530 Excell Group PLC";"mlab1-lhr01";0.002756;1071275.036756;"0.004012999";"darwin";"217.163.1.81";"bittorrent";1340012315;1769225.809650;-1.000000;"a8f930ed-e628-4688-83ed-7f9d2ef2fc9e";8530;"H9";"London";10;6;2012;0;18;"20120618"
"134.151.0.67";"GB";-1.916700;52.466700;"AS786 The JNT Association";"mlab1-lhr01";0.015032;15009.483014;"0.004011999";"linux2";"217.163.1.81";"bittorrent";1340012793;15126.442501;-1.000000;"20cb2125-2367-46ae-8343-0682023aab13";786;"A7";"Birmingham";10;6;2012;0;18;"20120618"
"212.139.246.127";"GB";-0.130000;51.500000;"AS9105 Tiscali UK";"mlab1-lhr01";0.017037;469295.709047;"0.004012999";"darwin";"217.163.1.81";"speedtest";1340013070;78914.660285;0.020128;"17522bf2-605a-483d-b0d7-36583414f00c";9105;"";"";10;6;2012;0;18;"20120618"
"109.153.120.105";"GB";-0.093100;51.514200;"AS2856 BTnet UK Regional network";"mlab1-lhr01";0.023630;1077626.083960;"0.004012999";"darwin";"217.163.1.81";"speedtest";1340013623;122429.836795;0.027395;"591848d7-684a-46db-a17c-1bb1ef97f6c4";2856;"H9";"London";11;6;2012;0;18;"20120618"
"212.139.246.127";"GB";-0.130000;51.500000;"AS9105 Tiscali UK";"mlab1-lhr01";0.016385;474513.563454;"0.004012999";"darwin";"217.163.1.81";"bittorrent";1340014472;80325.116137;-1.000000;"17522bf2-605a-483d-b0d7-36583414f00c";9105;"";"";11;6;2012;0;18;"20120618"
"134.151.0.67";"GB";-1.916700;52.466700;"AS786 The JNT Association";"mlab1-lhr01";0.015099;1643631.162440;"0.004011999";"linux2";"217.163.1.81";"speedtest";1340014602;1631409.737780;0.016511;"20cb2125-2367-46ae-8343-0682023aab13";786;"A7";"Birmingham";11;6;2012;0;18;"20120618"
"87.194.32.93";"GB";-0.233300;51.500000;"AS35228 Telefonica UK Limited";"mlab1-lhr01";0.014883;834574.954783;"0.004012999";"linux2";"217.163.1.81";"speedtest";1340014688;112316.882661;0.023987;"fa75ae33-87ca-4c4a-8aeb-0a3a19684949";35228;"F1";"Hammersmith";11;6;2012;0;18;"20120618"
"82.31.117.136";"GB";0.157500;51.474400;"AS5089 Virgin Media Limited";"mlab1-lhr01";0.024541;1739875.919900;"0.004012999";"linux2";"217.163.1.81";"speedtest";1340014689;1196942.440510;0.028511;"4734c249-c01f-4aa9-a857-643af3bbcee2";5089;"A6";"Erith";11;6;2012;0;18;"20120618"
"77.98.68.89";"GB";-1.939900;52.310500;"AS5089 Virgin Media Limited";"mlab1-lhr01";0.186966;1206021.366506;"0.004012999";"linux2";"217.163.1.81";"bittorrent";1340015140;84356.781796;-1.000000;"ee5bc8c0-ae84-4f54-b716-63ba15e38795";5089;"Q4";"Redditch";11;6;2012;0;18;"20120618"
"87.236.135.204";"GB";-0.093100;51.514200;"AS8530 Excell Group PLC";"mlab1-lhr01";0.001944;4354968.133447;"0.004012999";"darwin";"217.163.1.81";"bittorrent";1340015583;4622492.532245;-1.000000;"21525883-9d15-4b10-89d0-4184ed22aac4";8530;"H9";"London";11;6;2012;0;18;"20120618"
"92.23.170.255";"GB";-3.050000;53.816700;"AS13285 TalkTalk Communications Limited";"mlab1-lhr01";0.033161;217763.217369;"0.004012999";"darwin";"217.163.1.81";"speedtest";1340016236;73309.531626;0.037539;"b7d03dcd-7026-4d92-8600-3f5f13ebd736";13285;"A9";"Blackpool";11;6;2012;0;18;"20120618"
"134.151.0.67";"GB";-1.916700;52.466700;"AS786 The JNT Association";"mlab1-lhr01";0.015353;14919.455454;"0.004011999";"linux2";"217.163.1.81";"bittorrent";1340016447;15162.898913;-1.000000;"20cb2125-2367-46ae-8343-0682023aab13";786;"A7";"Birmingham";11;6;2012;0;18;"20120618"
"134.151.33.84";"GB";-1.916700;52.466700;"AS786 The JNT Association";"mlab1-lhr01";0.015038;2570942.348620;"0.004011999";"linux2";"217.163.1.81";"speedtest";1340017054;1864299.815790;0.016092;"34987743-340f-404c-bbab-25f3ba5726fb";786;"A7";"Birmingham";11;6;2012;0;18;"20120618"
"87.194.32.93";"GB";-0.233300;51.500000;"AS35228 Telefonica UK Limited";"mlab1-lhr01";0.015349;773943.258030;"0.004012999";"linux2";"217.163.1.81";"speedtest";1340017753;103652.991535;0.019101;"fa75ae33-87ca-4c4a-8aeb-0a3a19684949";35228;"F1";"Hammersmith";12;6;2012;0;18;"20120618"
"82.31.117.136";"GB";0.157500;51.474400;"AS5089 Virgin Media Limited";"mlab1-lhr01";0.027726;858111.820588;"0.004012999";"linux2";"217.163.1.81";"speedtest";1340017935;1175490.606710;0.027732;"4734c249-c01f-4aa9-a857-643af3bbcee2";5089;"A6";"Erith";12;6;2012;0;18;"20120618"
"87.236.135.204";"GB";-0.093100;51.514200;"AS8530 Excell Group PLC";"mlab1-lhr01";0.004178;1530709.266809;"0.004012999";"darwin";"217.163.1.81";"bittorrent";1340018277;2055454.278287;-1.000000;"a8f930ed-e628-4688-83ed-7f9d2ef2fc9e";8530;"H9";"London";12;6;2012;0;18;"20120618"
"176.253.167.56";"GB";-3.000000;53.416700;"AS5607 British Sky Broadcasting Limited";"mlab1-lhr01";0.036713;261513.958760;"0.004010999";"win32";"217.163.1.81";"bittorrent";1340018489;84476.248133;-1.000000;"3b91ee22-7771-44e4-9417-2f816adf6b1c";5607;"H8";"Liverpool";12;6;2012;0;18;"20120618"
"134.151.33.84";"GB";-1.916700;52.466700;"AS786 The JNT Association";"mlab1-lhr01";0.015206;2845553.663015;"0.004011999";"linux2";"217.163.1.81";"bittorrent";1340018887;2072061.640765;-1.000000;"34987743-340f-404c-bbab-25f3ba5726fb";786;"A7";"Birmingham";12;6;2012;0;18;"20120618"
"92.23.170.255";"GB";-3.050000;53.816700;"AS13285 TalkTalk Communications Limited";"mlab1-lhr01";0.033982;217545.172673;"0.004012999";"darwin";"217.163.1.81";"speedtest";1340019211;44079.422720;0.038328;"b7d03dcd-7026-4d92-8600-3f5f13ebd736";13285;"A9";"Blackpool";12;6;2012;0;18;"20120618"
"109.153.120.105";"GB";-0.093100;51.514200;"AS2856 BTnet UK Regional network";"mlab1-lhr01";0.023393;1036524.418630;"0.004012999";"darwin";"217.163.1.81";"speedtest";1340020099;121154.803632;0.027671;"591848d7-684a-46db-a17c-1bb1ef97f6c4";2856;"H9";"London";12;6;2012;0;18;"20120618"
"134.151.33.84";"GB";-1.916700;52.466700;"AS786 The JNT Association";"mlab1-lhr01";0.015405;2093782.194250;"0.004011999";"linux2";"217.163.1.81";"speedtest";1340020349;1541305.718120;0.016186;"34987743-340f-404c-bbab-25f3ba5726fb";786;"A7";"Birmingham";12;6;2012;0;18;"20120618"
"87.236.135.204";"GB";-0.093100;51.514200;"AS8530 Excell Group PLC";"mlab1-lhr01";0.006778;1185301.035229;"0.004012999";"darwin";"217.163.1.81";"bittorrent";1340021260;1727141.541335;-1.000000;"a8f930ed-e628-4688-83ed-7f9d2ef2fc9e";8530;"H9";"London";13;6;2012;0;18;"20120618"
"134.151.0.62";"GB";-1.916700;52.466700;"AS786 The JNT Association";"mlab1-lhr01";0.015592;15156.865854;"0.004011999";"linux2";"217.163.1.81";"bittorrent";1340021628;15176.040818;-1.000000;"fd8de4c7-c3b6-4aa3-8e16-e3400ab7a911";786;"A7";"Birmingham";13;6;2012;0;18;"20120618"
"212.139.246.127";"GB";-0.130000;51.500000;"AS9105 Tiscali UK";"mlab1-lhr01";0.031582;456708.997386;"0.004012999";"darwin";"217.163.1.81";"bittorrent";1340022871;78755.110404;-1.000000;"17522bf2-605a-483d-b0d7-36583414f00c";9105;"";"";13;6;2012;0;18;"20120618"
"77.98.68.89";"GB";-1.939900;52.310500;"AS5089 Virgin Media Limited";"mlab1-lhr01";0.019691;1173446.954600;"0.004012999";"linux2";"217.163.1.81";"speedtest";1340022888;110734.618799;0.023411;"ee5bc8c0-ae84-4f54-b716-63ba15e38795";5089;"Q4";"Redditch";13;6;2012;0;18;"20120618"
"87.194.32.93";"GB";-0.233300;51.500000;"AS35228 Telefonica UK Limited";"mlab1-lhr01";0.014725;914222.750959;"0.004012999";"linux2";"217.163.1.81";"speedtest";1340023878;111365.162630;0.018637;"fa75ae33-87ca-4c4a-8aeb-0a3a19684949";35228;"F1";"Hammersmith";13;6;2012;0;18;"20120618"
"176.253.167.56";"GB";-3.000000;53.416700;"AS5607 British Sky Broadcasting Limited";"mlab1-lhr01";0.036341;304435.538146;"0.004010999";"win32";"217.163.1.81";"bittorrent";1340024628;84421.300387;-1.000000;"3b91ee22-7771-44e4-9417-2f816adf6b1c";5607;"H8";"Liverpool";14;6;2012;0;18;"20120618"
"87.236.135.204";"GB";-0.093100;51.514200;"AS8530 Excell Group PLC";"mlab1-lhr01";0.002005;4419680.892086;"0.004012999";"darwin";"217.163.1.81";"bittorrent";1340025170;3906444.092388;-1.000000;"21525883-9d15-4b10-89d0-4184ed22aac4";8530;"H9";"London";14;6;2012;0;18;"20120618"
"82.31.117.136";"GB";0.157500;51.474400;"AS5089 Virgin Media Limited";"mlab1-lhr01";0.049583;378106.986210;"0.004012999";"linux2";"217.163.1.81";"bittorrent";1340026102;1208397.068677;-1.000000;"4734c249-c01f-4aa9-a857-643af3bbcee2";5089;"A6";"Erith";14;6;2012;0;18;"20120618"
"87.236.135.204";"GB";-0.093100;51.514200;"AS8530 Excell Group PLC";"mlab1-lhr01";0.002195;3285948.619230;"0.004012999";"darwin";"217.163.1.81";"speedtest";1340026766;4345921.905170;0.003797;"21525883-9d15-4b10-89d0-4184ed22aac4";8530;"H9";"London";14;6;2012;0;18;"20120618"
"81.106.144.233";"GB";-0.183300;50.833300;"AS5089 Virgin Media Limited";"mlab1-lhr01";0.037580;1178355.178588;"0.004012999";"darwin";"217.163.1.81";"bittorrent";1340026963;91102.457410;-1.000000;"1fb825b9-bc1f-4f83-85de-6307dd06a1a1";5089;"B6";"Hove";14;6;2012;0;18;"20120618"
"134.151.33.84";"GB";-1.916700;52.466700;"AS786 The JNT Association";"mlab1-lhr01";0.015099;2573555.017350;"0.004011999";"linux2";"217.163.1.81";"speedtest";1340026912;1195403.805930;0.016130;"34987743-340f-404c-bbab-25f3ba5726fb";786;"A7";"Birmingham";14;6;2012;0;18;"20120618"
"77.98.68.89";"GB";-1.939900;52.310500;"AS5089 Virgin Media Limited";"mlab1-lhr01";0.195148;1204657.954135;"0.004012999";"linux2";"217.163.1.81";"bittorrent";1340027530;112579.950481;-1.000000;"ee5bc8c0-ae84-4f54-b716-63ba15e38795";5089;"Q4";"Redditch";14;6;2012;0;18;"20120618"
"82.31.117.136";"GB";0.157500;51.474400;"AS5089 Virgin Media Limited";"mlab1-lhr01";0.053338;365648.070107;"0.004012999";"linux2";"217.163.1.81";"speedtest";1340027694;1198063.937030;0.048591;"4734c249-c01f-4aa9-a857-643af3bbcee2";5089;"A6";"Erith";14;6;2012;0;18;"20120618"
"62.173.117.2";"GB";-4.557800;51.986400;"AS6656 Star Technology Services Limited";"mlab1-lhr01";0.007833;5842635.507790;"0.004010999";"linux2";"217.163.1.81";"speedtest";1340028047;5439946.398690;0.008694;"f05e11ce-f17a-4492-af90-1a5c53e38d5d";6656;"Y7";"Star";15;6;2012;0;18;"20120618"
"87.236.135.204";"GB";-0.093100;51.514200;"AS8530 Excell Group PLC";"mlab1-lhr01";0.001944;2805029.778361;"0.004012999";"darwin";"217.163.1.81";"bittorrent";1340028366;4267884.563206;-1.000000;"21525883-9d15-4b10-89d0-4184ed22aac4";8530;"H9";"London";15;6;2012;0;18;"20120618"
"87.194.32.93";"GB";-0.233300;51.500000;"AS35228 Telefonica UK Limited";"mlab1-lhr01";0.014785;812575.483904;"0.004012999";"linux2";"217.163.1.81";"bittorrent";1340028478;107398.630341;-1.000000;"fa75ae33-87ca-4c4a-8aeb-0a3a19684949";35228;"F1";"Hammersmith";15;6;2012;0;18;"20120618"
"134.151.33.84";"GB";-1.916700;52.466700;"AS786 The JNT Association";"mlab1-lhr01";0.016891;3374871.420610;"0.004011999";"linux2";"217.163.1.81";"bittorrent";1340028744;1423580.309741;-1.000000;"34987743-340f-404c-bbab-25f3ba5726fb";786;"A7";"Birmingham";15;6;2012;0;18;"20120618"
"77.98.68.89";"GB";-1.939900;52.310500;"AS5089 Virgin Media Limited";"mlab1-lhr01";0.023282;1173923.649080;"0.004012999";"linux2";"217.163.1.81";"speedtest";1340029082;121997.506274;0.025805;"ee5bc8c0-ae84-4f54-b716-63ba15e38795";5089;"Q4";"Redditch";15;6;2012;0;18;"20120618"
"82.31.117.136";"GB";0.157500;51.474400;"AS5089 Virgin Media Limited";"mlab1-lhr01";0.042654;304284.003869;"0.004012999";"linux2";"217.163.1.81";"bittorrent";1340029350;1208070.175903;-1.000000;"4734c249-c01f-4aa9-a857-643af3bbcee2";5089;"A6";"Erith";15;6;2012;0;18;"20120618"
"92.23.170.255";"GB";-3.050000;53.816700;"AS13285 TalkTalk Communications Limited";"mlab1-lhr01";0.034170;221614.716071;"0.004012999";"darwin";"217.163.1.81";"bittorrent";1340029527;69691.558381;-1.000000;"b7d03dcd-7026-4d92-8600-3f5f13ebd736";13285;"A9";"Blackpool";15;6;2012;0;18;"20120618"
"212.139.246.127";"GB";-0.130000;51.500000;"AS9105 Tiscali UK";"mlab1-lhr01";0.016600;468733.391259;"0.004012999";"darwin";"217.163.1.81";"speedtest";1340029868;79807.766125;0.020493;"17522bf2-605a-483d-b0d7-36583414f00c";9105;"";"";15;6;2012;0;18;"20120618"
"77.98.68.89";"GB";-1.939900;52.310500;"AS5089 Virgin Media Limited";"mlab1-lhr01";0.020039;1205067.414533;"0.004012999";"linux2";"217.163.1.81";"bittorrent";1340030624;121075.024847;-1.000000;"ee5bc8c0-ae84-4f54-b716-63ba15e38795";5089;"Q4";"Redditch";15;6;2012;0;18;"20120618"
"109.153.120.105";"GB";-0.093100;51.514200;"AS2856 BTnet UK Regional network";"mlab1-lhr01";0.038452;785112.160393;"0.004012999";"darwin";"217.163.1.81";"bittorrent";1340031429;115588.271618;-1.000000;"591848d7-684a-46db-a17c-1bb1ef97f6c4";2856;"H9";"London";15;6;2012;0;18;"20120618"
"134.151.33.84";"GB";-1.916700;52.466700;"AS786 The JNT Association";"mlab1-lhr01";0.015288;2061227.089079;"0.004011999";"linux2";"217.163.1.81";"bittorrent";1340032010;1365790.732889;-1.000000;"34987743-340f-404c-bbab-25f3ba5726fb";786;"A7";"Birmingham";16;6;2012;0;18;"20120618"
"92.23.170.255";"GB";-3.050000;53.816700;"AS13285 TalkTalk Communications Limited";"mlab1-lhr01";0.032523;232674.913424;"0.004012999";"darwin";"217.163.1.81";"bittorrent";1340032473;72351.578226;-1.000000;"b7d03dcd-7026-4d92-8600-3f5f13ebd736";13285;"A9";"Blackpool";16;6;2012;0;18;"20120618"
"87.236.135.204";"GB";-0.093100;51.514200;"AS8530 Excell Group PLC";"mlab1-lhr01";0.010635;980072.945588;"0.004012999";"darwin";"217.163.1.81";"bittorrent";1340033172;1896721.048948;-1.000000;"a8f930ed-e628-4688-83ed-7f9d2ef2fc9e";8530;"H9";"London";16;6;2012;0;18;"20120618"
"134.151.33.84";"GB";-1.916700;52.466700;"AS786 The JNT Association";"mlab1-lhr01";0.015254;2601275.644500;"0.004011999";"linux2";"217.163.1.81";"speedtest";1340033498;1512104.372630;0.016378;"34987743-340f-404c-bbab-25f3ba5726fb";786;"A7";"Birmingham";16;6;2012;0;18;"20120618"
"2.102.246.122";"GB";-0.130000;51.500000;"AS13285 TalkTalk Communications Limited";"mlab1-lhr01";0.035223;1215859.282750;"0.004012999";"darwin";"217.163.1.81";"speedtest";1340033834;90017.260862;0.038584;"030aa0df-ee3f-4a0a-9067-2a0a6890ef21";13285;"";"";16;6;2012;0;18;"20120618"
"212.139.246.127";"GB";-0.130000;51.500000;"AS9105 Tiscali UK";"mlab1-lhr01";0.023847;469331.066312;"0.004012999";"darwin";"217.163.1.81";"bittorrent";1340034070;80152.399937;-1.000000;"17522bf2-605a-483d-b0d7-36583414f00c";9105;"";"";16;6;2012;0;18;"20120618"
"81.106.144.233";"GB";-0.183300;50.833300;"AS5089 Virgin Media Limited";"mlab1-lhr01";0.024138;1136852.204530;"0.004012999";"darwin";"217.163.1.81";"speedtest";1340034528;119244.542170;0.032647;"1fb825b9-bc1f-4f83-85de-6307dd06a1a1";5089;"B6";"Hove";16;6;2012;0;18;"20120618"
"87.236.135.204";"GB";-0.093100;51.514200;"AS8530 Excell Group PLC";"mlab1-lhr01";0.002103;3665629.769594;"0.004012999";"darwin";"217.163.1.81";"bittorrent";1340034763;3705965.158877;-1.000000;"21525883-9d15-4b10-89d0-4184ed22aac4";8530;"H9";"London";16;6;2012;0;18;"20120618"
"134.151.33.84";"GB";-1.916700;52.466700;"AS786 The JNT Association";"mlab1-lhr01";0.015172;2734900.811275;"0.004011999";"linux2";"217.163.1.81";"bittorrent";1340035301;1334848.208917;-1.000000;"34987743-340f-404c-bbab-25f3ba5726fb";786;"A7";"Birmingham";17;6;2012;0;18;"20120618"
"176.253.167.56";"GB";-3.000000;53.416700;"AS5607 British Sky Broadcasting Limited";"mlab1-lhr01";0.035546;244554.964266;"0.004010999";"win32";"217.163.1.81";"speedtest";1340035353;60768.056721;0.041954;"3b91ee22-7771-44e4-9417-2f816adf6b1c";5607;"H8";"Liverpool";17;6;2012;0;18;"20120618"
"194.164.232.154";"GB";-0.130000;51.500000;"AS8897 KCOM Group PLC";"mlab1-lhr01";0.035369;94002.993729;"0.004011999";"win32";"217.163.1.81";"bittorrent";1340035843;87514.386401;-1.000000;"d71ed525-d91d-4946-ab33-3e2483201805";8897;"";"";17;6;2012;0;18;"20120618"
"87.236.135.204";"GB";-0.093100;51.514200;"AS8530 Excell Group PLC";"mlab1-lhr01";0.006699;936758.541669;"0.004012999";"darwin";"217.163.1.81";"bittorrent";1340036153;1575063.577102;-1.000000;"a8f930ed-e628-4688-83ed-7f9d2ef2fc9e";8530;"H9";"London";17;6;2012;0;18;"20120618"
"81.106.144.233";"GB";-0.183300;50.833300;"AS5089 Virgin Media Limited";"mlab1-lhr01";0.178348;331326.778339;"0.004012999";"darwin";"217.163.1.81";"bittorrent";1340036241;5205.061374;-1.000000;"1fb825b9-bc1f-4f83-85de-6307dd06a1a1";5089;"B6";"Hove";17;6;2012;0;18;"20120618"
"134.151.0.62";"GB";-1.916700;52.466700;"AS786 The JNT Association";"mlab1-lhr01";0.015085;15191.973656;"0.004011999";"linux2";"217.163.1.81";"bittorrent";1340036288;14708.733728;-1.000000;"fd8de4c7-c3b6-4aa3-8e16-e3400ab7a911";786;"A7";"Birmingham";17;6;2012;0;18;"20120618"
"134.151.0.67";"GB";-1.916700;52.466700;"AS786 The JNT Association";"mlab1-lhr01";0.015223;1674330.292790;"0.004011999";"linux2";"217.163.1.81";"speedtest";1340036628;1665837.289430;0.016460;"20cb2125-2367-46ae-8343-0682023aab13";786;"A7";"Birmingham";17;6;2012;0;18;"20120618"
"77.98.68.89";"GB";-1.939900;52.310500;"AS5089 Virgin Media Limited";"mlab1-lhr01";0.158970;1158183.208896;"0.004012999";"linux2";"217.163.1.81";"bittorrent";1340036847;21600.437820;-1.000000;"ee5bc8c0-ae84-4f54-b716-63ba15e38795";5089;"Q4";"Redditch";17;6;2012;0;18;"20120618"
"85.210.170.198";"GB";-0.130000;51.500000;"AS9105 Tiscali UK";"mlab1-lhr01";0.037049;551217.152519;"0.004012999";"darwin";"217.163.1.81";"speedtest";1340036911;104995.399087;0.038814;"a3ed558e-796a-4d51-b95b-789390083c13";9105;"";"";17;6;2012;0;18;"20120618"
"194.164.232.154";"GB";-0.130000;51.500000;"AS8897 KCOM Group PLC";"mlab1-lhr01";0.036040;233725.501211;"0.004011999";"win32";"217.163.1.81";"speedtest";1340037465;88088.007339;0.037759;"d71ed525-d91d-4946-ab33-3e2483201805";8897;"";"";17;6;2012;0;18;"20120618"
"87.194.32.93";"GB";-0.233300;51.500000;"AS35228 Telefonica UK Limited";"mlab1-lhr01";0.014433;876624.637494;"0.004012999";"linux2";"217.163.1.81";"bittorrent";1340037665;106042.530975;-1.000000;"fa75ae33-87ca-4c4a-8aeb-0a3a19684949";35228;"F1";"Hammersmith";17;6;2012;0;18;"20120618"
"82.31.117.136";"GB";0.157500;51.474400;"AS5089 Virgin Media Limited";"mlab1-lhr01";0.065373;271540.736041;"0.004012999";"linux2";"217.163.1.81";"speedtest";1340037710;1164404.346140;0.048693;"4734c249-c01f-4aa9-a857-643af3bbcee2";5089;"A6";"Erith";17;6;2012;0;18;"20120618"
"81.106.144.233";"GB";-0.183300;50.833300;"AS5089 Virgin Media Limited";"mlab1-lhr01";0.019525;1164417.886310;"0.004012999";"darwin";"217.163.1.81";"speedtest";1340037753;122845.038391;0.040731;"1fb825b9-bc1f-4f83-85de-6307dd06a1a1";5089;"B6";"Hove";17;6;2012;0;18;"20120618"
"109.153.120.105";"GB";-0.093100;51.514200;"AS2856 BTnet UK Regional network";"mlab1-lhr01";0.026524;1077945.167825;"0.004012999";"darwin";"217.163.1.81";"bittorrent";1340037899;122212.237132;-1.000000;"591848d7-684a-46db-a17c-1bb1ef97f6c4";2856;"H9";"London";17;6;2012;0;18;"20120618"
"134.151.0.67";"GB";-1.916700;52.466700;"AS786 The JNT Association";"mlab1-lhr01";0.015220;14323.116567;"0.004011999";"linux2";"217.163.1.81";"bittorrent";1340038489;14540.967490;-1.000000;"20cb2125-2367-46ae-8343-0682023aab13";786;"A7";"Birmingham";17;6;2012;0;18;"20120618"
"85.210.170.198";"GB";-0.130000;51.500000;"AS9105 Tiscali UK";"mlab1-lhr01";0.043884;236348.987474;"0.004012999";"darwin";"217.163.1.81";"bittorrent";1340038506;96585.013515;-1.000000;"a3ed558e-796a-4d51-b95b-789390083c13";9105;"";"";17;6;2012;0;18;"20120618"
"134.151.33.84";"GB";-1.916700;52.466700;"AS786 The JNT Association";"mlab1-lhr01";0.015261;2179355.006549;"0.004011999";"linux2";"217.163.1.81";"bittorrent";1340038573;1226171.782238;-1.000000;"34987743-340f-404c-bbab-25f3ba5726fb";786;"A7";"Birmingham";17;6;2012;0;18;"20120618"
"86.153.58.85";"GB";-0.130000;51.500000;"AS2856 BTnet UK Regional network";"mlab1-lhr01";0.023996;628656.285034;"0.004011999";"win32";"217.163.1.81";"bittorrent";1340038632;42053.886623;-1.000000;"0b18a6cd-73b8-45a1-93e1-13a6c156891b";2856;"";"";17;6;2012;0;18;"20120618"
"176.253.167.56";"GB";-3.000000;53.416700;"AS5607 British Sky Broadcasting Limited";"mlab1-lhr01";0.034917;245304.086096;"0.004010999";"win32";"217.163.1.81";"bittorrent";1340039967;72349.211949;-1.000000;"3b91ee22-7771-44e4-9417-2f816adf6b1c";5607;"H8";"Liverpool";18;6;2012;0;18;"20120618"
"134.151.0.67";"GB";-1.916700;52.466700;"AS786 The JNT Association";"mlab1-lhr01";0.015127;1674863.650070;"0.004011999";"linux2";"217.163.1.81";"speedtest";1340040300;1653160.643330;0.016649;"20cb2125-2367-46ae-8343-0682023aab13";786;"A7";"Birmingham";18;6;2012;0;18;"20120618"
"81.106.144.233";"GB";-0.183300;50.833300;"AS5089 Virgin Media Limited";"mlab1-lhr01";0.019693;1175950.435820;"0.004012999";"darwin";"217.163.1.81";"speedtest";1340040873;126788.835557;0.025907;"1fb825b9-bc1f-4f83-85de-6307dd06a1a1";5089;"B6";"Hove";18;6;2012;0;18;"20120618"
"62.173.117.2";"GB";-4.557800;51.986400;"AS6656 Star Technology Services Limited";"mlab1-lhr01";0.007550;5896437.143493;"0.004010999";"linux2";"217.163.1.81";"bittorrent";1340041564;5879308.086357;-1.000000;"f05e11ce-f17a-4492-af90-1a5c53e38d5d";6656;"Y7";"Star";18;6;2012;0;18;"20120618"
"86.153.58.85";"GB";-0.130000;51.500000;"AS2856 BTnet UK Regional network";"mlab1-lhr01";0.022953;613454.403038;"0.004011999";"win32";"217.163.1.81";"bittorrent";1340041696;32092.947408;-1.000000;"0b18a6cd-73b8-45a1-93e1-13a6c156891b";2856;"";"";18;6;2012;0;18;"20120618"
"194.164.232.154";"GB";-0.130000;51.500000;"AS8897 KCOM Group PLC";"mlab1-lhr01";0.269602;96731.631383;"0.004011999";"win32";"217.163.1.81";"speedtest";1340041735;58150.883861;0.369479;"d71ed525-d91d-4946-ab33-3e2483201805";8897;"";"";18;6;2012;0;18;"20120618"
"2.103.210.195";"GB";-0.130000;51.500000;"AS13285 TalkTalk Communications Limited";"mlab1-lhr01";0.031709;3504643.078950;"0.004012999";"win32";"217.163.1.81";"speedtest";1340042714;207514.015854;0.027351;"b6a38e2a-1b12-4eea-9aff-91e453afc185";13285;"";"";19;6;2012;0;18;"20120618"
"81.158.148.124";"GB";-1.333300;54.216700;"AS2856 BTnet UK Regional network";"mlab1-lhr01";0.056352;135297.420835;"0.004012999";"linux2";"217.163.1.81";"speedtest";1340042995;45735.145899;0.107011;"e37b8625-0644-419c-92a3-b5a6a3b3726c";2856;"J7";"Thirsk";19;6;2012;0;18;"20120618"
"109.153.120.105";"GB";-0.093100;51.514200;"AS2856 BTnet UK Regional network";"mlab1-lhr01";0.023960;1109502.379599;"0.004012999";"darwin";"217.163.1.81";"bittorrent";1340042996;122910.465836;-1.000000;"591848d7-684a-46db-a17c-1bb1ef97f6c4";2856;"H9";"London";19;6;2012;0;18;"20120618"
"134.151.0.62";"GB";-1.916700;52.466700;"AS786 The JNT Association";"mlab1-lhr01";0.015728;15079.683959;"0.004011999";"linux2";"217.163.1.81";"bittorrent";1340043646;14659.630379;-1.000000;"fd8de4c7-c3b6-4aa3-8e16-e3400ab7a911";786;"A7";"Birmingham";19;6;2012;0;18;"20120618"
"82.16.158.94";"GB";-0.093100;51.514200;"AS5089 Virgin Media Limited";"mlab1-lhr01";0.188418;63091.101011;"0.004012999";"win32";"217.163.1.81";"bittorrent";1340043774;13771.841700;-1.000000;"9726bbb2-cde6-4c53-9b05-82c3b868ab5f";5089;"H9";"London";19;6;2012;0;18;"20120618"
"87.194.32.93";"GB";-0.233300;51.500000;"AS35228 Telefonica UK Limited";"mlab1-lhr01";0.014570;996761.246137;"0.004012999";"linux2";"217.163.1.81";"bittorrent";1340043799;112045.764772;-1.000000;"fa75ae33-87ca-4c4a-8aeb-0a3a19684949";35228;"F1";"Hammersmith";19;6;2012;0;18;"20120618"
"134.151.0.67";"GB";-1.916700;52.466700;"AS786 The JNT Association";"mlab1-lhr01";0.015499;1674023.615560;"0.004011999";"linux2";"217.163.1.81";"speedtest";1340043982;1639024.442320;0.016558;"20cb2125-2367-46ae-8343-0682023aab13";786;"A7";"Birmingham";19;6;2012;0;18;"20120618"
"212.139.246.127";"GB";-0.130000;51.500000;"AS9105 Tiscali UK";"mlab1-lhr01";0.016368;468842.043183;"0.004012999";"darwin";"217.163.1.81";"speedtest";1340044458;80003.478360;0.020239;"17522bf2-605a-483d-b0d7-36583414f00c";9105;"";"";19;6;2012;0;18;"20120618"
"109.153.120.105";"GB";-0.093100;51.514200;"AS2856 BTnet UK Regional network";"mlab1-lhr01";0.023460;1068955.602300;"0.004012999";"darwin";"217.163.1.81";"speedtest";1340044473;122293.775218;0.027893;"591848d7-684a-46db-a17c-1bb1ef97f6c4";2856;"H9";"London";19;6;2012;0;18;"20120618"
"176.253.167.56";"GB";-3.000000;53.416700;"AS5607 British Sky Broadcasting Limited";"mlab1-lhr01";0.037034;194242.066491;"0.004010999";"win32";"217.163.1.81";"speedtest";1340044557;64655.255288;0.043700;"3b91ee22-7771-44e4-9417-2f816adf6b1c";5607;"H8";"Liverpool";19;6;2012;0;18;"20120618"
"195.137.56.210";"GB";-0.130000;51.500000;"AS9105 Tiscali UK";"mlab1-lhr01";0.029680;36256.677555;"0.004010999";"win32";"217.163.1.81";"speedtest";1340044717;70233.567205;0.036614;"21b8434f-b3f5-4129-a93e-e6fc50ac35c3";9105;"";"";19;6;2012;0;18;"20120618"
"134.151.33.84";"GB";-1.916700;52.466700;"AS786 The JNT Association";"mlab1-lhr01";0.024172;3692669.500199;"0.004011999";"linux2";"217.163.1.81";"bittorrent";1340045127;1173623.102920;-1.000000;"34987743-340f-404c-bbab-25f3ba5726fb";786;"A7";"Birmingham";19;6;2012;0;18;"20120618"
"82.16.158.94";"GB";-0.093100;51.514200;"AS5089 Virgin Media Limited";"mlab1-lhr01";0.051406;3203908.674230;"0.004012999";"win32";"217.163.1.81";"speedtest";1340045281;554006.207032;0.040886;"9726bbb2-cde6-4c53-9b05-82c3b868ab5f";5089;"H9";"London";19;6;2012;0;18;"20120618"
"87.194.32.93";"GB";-0.233300;51.500000;"AS35228 Telefonica UK Limited";"mlab1-lhr01";0.015389;980888.169525;"0.004012999";"linux2";"217.163.1.81";"speedtest";1340045329;113854.696425;0.018622;"fa75ae33-87ca-4c4a-8aeb-0a3a19684949";35228;"F1";"Hammersmith";19;6;2012;0;18;"20120618"
"134.151.0.62";"GB";-1.916700;52.466700;"AS786 The JNT Association";"mlab1-lhr01";0.015750;1674384.413170;"0.004011999";"linux2";"217.163.1.81";"speedtest";1340045456;1636090.485770;0.017289;"fd8de4c7-c3b6-4aa3-8e16-e3400ab7a911";786;"A7";"Birmingham";19;6;2012;0;18;"20120618"
"81.106.144.233";"GB";-0.183300;50.833300;"AS5089 Virgin Media Limited";"mlab1-lhr01";2.215453;282257.170240;"0.004012999";"darwin";"217.163.1.81";"bittorrent";1340045556;4440.421684;-1.000000;"1fb825b9-bc1f-4f83-85de-6307dd06a1a1";5089;"B6";"Hove";19;6;2012;0;18;"20120618"
"62.173.117.2";"GB";-4.557800;51.986400;"AS6656 Star Technology Services Limited";"mlab1-lhr01";0.007323;5822801.740000;"0.004010999";"linux2";"217.163.1.81";"speedtest";1340046061;5509720.766250;0.008560;"f05e11ce-f17a-4492-af90-1a5c53e38d5d";6656;"Y7";"Star";20;6;2012;0;18;"20120618"
"2.103.210.195";"GB";-0.130000;51.500000;"AS13285 TalkTalk Communications Limited";"mlab1-lhr01";0.025465;1520134.511690;"0.004012999";"win32";"217.163.1.81";"speedtest";1340046161;209671.086305;0.028528;"b6a38e2a-1b12-4eea-9aff-91e453afc185";13285;"";"";20;6;2012;0;18;"20120618"
"92.23.170.255";"GB";-3.050000;53.816700;"AS13285 TalkTalk Communications Limited";"mlab1-lhr01";0.032786;167211.149910;"0.004012999";"darwin";"217.163.1.81";"speedtest";1340046613;69665.817911;0.038835;"b7d03dcd-7026-4d92-8600-3f5f13ebd736";13285;"A9";"Blackpool";20;6;2012;0;18;"20120618"
"134.151.33.84";"GB";-1.916700;52.466700;"AS786 The JNT Association";"mlab1-lhr01";0.015209;2230906.077590;"0.004011999";"linux2";"217.163.1.81";"speedtest";1340046580;1952413.645210;0.016278;"34987743-340f-404c-bbab-25f3ba5726fb";786;"A7";"Birmingham";20;6;2012;0;18;"20120618"
"87.194.32.93";"GB";-0.233300;51.500000;"AS35228 Telefonica UK Limited";"mlab1-lhr01";0.014747;970603.417679;"0.004012999";"linux2";"217.163.1.81";"bittorrent";1340046863;108099.776280;-1.000000;"fa75ae33-87ca-4c4a-8aeb-0a3a19684949";35228;"F1";"Hammersmith";20;6;2012;0;18;"20120618"
"85.210.170.198";"GB";-0.130000;51.500000;"AS9105 Tiscali UK";"mlab1-lhr01";0.035800;206877.075327;"0.004012999";"darwin";"217.163.1.81";"speedtest";1340046940;100464.990697;0.038488;"a3ed558e-796a-4d51-b95b-789390083c13";9105;"";"";20;6;2012;0;18;"20120618"
"109.153.120.105";"GB";-0.093100;51.514200;"AS2856 BTnet UK Regional network";"mlab1-lhr01";0.023404;1078005.391630;"0.004012999";"darwin";"217.163.1.81";"speedtest";1340047421;120803.612207;0.028022;"591848d7-684a-46db-a17c-1bb1ef97f6c4";2856;"H9";"London";20;6;2012;0;18;"20120618"
"212.139.246.127";"GB";-0.130000;51.500000;"AS9105 Tiscali UK";"mlab1-lhr01";0.016433;468849.801210;"0.004012999";"darwin";"217.163.1.81";"speedtest";1340047546;80012.867390;0.020301;"17522bf2-605a-483d-b0d7-36583414f00c";9105;"";"";20;6;2012;0;18;"20120618"
"62.173.117.2";"GB";-4.557800;51.986400;"AS6656 Star Technology Services Limited";"mlab1-lhr01";0.007598;5470145.543050;"0.004010999";"linux2";"217.163.1.81";"bittorrent";1340047569;5919057.295146;-1.000000;"f05e11ce-f17a-4492-af90-1a5c53e38d5d";6656;"Y7";"Star";20;6;2012;0;18;"20120618"
"176.253.167.56";"GB";-3.000000;53.416700;"AS5607 British Sky Broadcasting Limited";"mlab1-lhr01";0.036978;258846.538579;"0.004010999";"win32";"217.163.1.81";"speedtest";1340047621;82241.022537;0.042124;"3b91ee22-7771-44e4-9417-2f816adf6b1c";5607;"H8";"Liverpool";20;6;2012;0;18;"20120618"
"134.151.0.67";"GB";-1.916700;52.466700;"AS786 The JNT Association";"mlab1-lhr01";0.016291;1668724.728680;"0.004011999";"linux2";"217.163.1.81";"speedtest";1340047656;1627172.441150;0.016843;"20cb2125-2367-46ae-8343-0682023aab13";786;"A7";"Birmingham";20;6;2012;0;18;"20120618"
"195.137.56.210";"GB";-0.130000;51.500000;"AS9105 Tiscali UK";"mlab1-lhr01";0.029149;21978.742220;"0.004010999";"win32";"217.163.1.81";"speedtest";1340047975;86921.073370;0.033056;"21b8434f-b3f5-4129-a93e-e6fc50ac35c3";9105;"";"";20;6;2012;0;18;"20120618"
"134.151.33.84";"GB";-1.916700;52.466700;"AS786 The JNT Association";"mlab1-lhr01";0.015131;4251211.865388;"0.004011999";"linux2";"217.163.1.81";"bittorrent";1340048384;1141947.153698;-1.000000;"34987743-340f-404c-bbab-25f3ba5726fb";786;"A7";"Birmingham";20;6;2012;0;18;"20120618"
"87.194.32.93";"GB";-0.233300;51.500000;"AS35228 Telefonica UK Limited";"mlab1-lhr01";0.015316;901391.929996;"0.004012999";"linux2";"217.163.1.81";"speedtest";1340048394;113610.828002;0.018753;"fa75ae33-87ca-4c4a-8aeb-0a3a19684949";35228;"F1";"Hammersmith";20;6;2012;0;18;"20120618"
"81.106.144.233";"GB";-0.183300;50.833300;"AS5089 Virgin Media Limited";"mlab1-lhr01";0.193671;243587.783585;"0.004012999";"darwin";"217.163.1.81";"bittorrent";1340048720;5819.796465;-1.000000;"1fb825b9-bc1f-4f83-85de-6307dd06a1a1";5089;"B6";"Hove";20;6;2012;0;18;"20120618"
"109.153.120.105";"GB";-0.093100;51.514200;"AS2856 BTnet UK Regional network";"mlab1-lhr01";0.026199;1084783.211653;"0.004012999";"darwin";"217.163.1.81";"bittorrent";1340048896;122899.026243;-1.000000;"591848d7-684a-46db-a17c-1bb1ef97f6c4";2856;"H9";"London";20;6;2012;0;18;"20120618"
"62.173.117.2";"GB";-4.557800;51.986400;"AS6656 Star Technology Services Limited";"mlab1-lhr01";0.007670;5852846.864400;"0.004010999";"linux2";"217.163.1.81";"speedtest";1340049064;5436495.451050;0.008657;"f05e11ce-f17a-4492-af90-1a5c53e38d5d";6656;"Y7";"Star";20;6;2012;0;18;"20120618"
"86.25.59.6";"GB";0.150000;51.450000;"AS5089 Virgin Media Limited";"mlab1-lhr01";0.039904;572527.601291;"0.004012999";"win32";"217.163.1.81";"speedtest";1340049237;417321.340175;0.021675;"16eb7c93-5e6a-4d3c-83b5-7918b4a44ff0";5089;"A6";"Bexleyheath";20;6;2012;0;18;"20120618"
"94.11.241.243";"GB";-2.100000;53.500000;"AS5607 British Sky Broadcasting Limited";"mlab1-lhr01";0.222940;739600.121195;"0.004012999";"win32";"217.163.1.81";"bittorrent";1340049314;22772.148530;-1.000000;"d43f1d39-8e2d-40e8-8bf2-9953c953a0f0";5607;"O1";"Ashton-under-lyne";20;6;2012;0;18;"20120618"
"82.16.158.94";"GB";-0.093100;51.514200;"AS5089 Virgin Media Limited";"mlab1-lhr01";0.241116;960282.718792;"0.004012999";"win32";"217.163.1.81";"bittorrent";1340049870;4404.623782;-1.000000;"9726bbb2-cde6-4c53-9b05-82c3b868ab5f";5089;"H9";"London";21;6;2012;0;18;"20120618"
"87.194.32.93";"GB";-0.233300;51.500000;"AS35228 Telefonica UK Limited";"mlab1-lhr01";0.015052;912167.370801;"0.004012999";"linux2";"217.163.1.81";"bittorrent";1340049927;112401.563931;-1.000000;"fa75ae33-87ca-4c4a-8aeb-0a3a19684949";35228;"F1";"Hammersmith";21;6;2012;0;18;"20120618"
"134.151.33.84";"GB";-1.916700;52.466700;"AS786 The JNT Association";"mlab1-lhr01";0.015221;2007320.986930;"0.004011999";"linux2";"217.163.1.81";"speedtest";1340049827;1573031.680740;0.016240;"34987743-340f-404c-bbab-25f3ba5726fb";786;"A7";"Birmingham";21;6;2012;0;18;"20120618"
"81.106.144.233";"GB";-0.183300;50.833300;"AS5089 Virgin Media Limited";"mlab1-lhr01";0.032818;1092161.501670;"0.004012999";"darwin";"217.163.1.81";"speedtest";1340050232;124996.849909;0.033025;"1fb825b9-bc1f-4f83-85de-6307dd06a1a1";5089;"B6";"Hove";21;6;2012;0;18;"20120618"
"85.210.170.198";"GB";-0.130000;51.500000;"AS9105 Tiscali UK";"mlab1-lhr01";0.035266;150630.745674;"0.004012999";"darwin";"217.163.1.81";"speedtest";1340050373;102422.181438;0.037764;"a3ed558e-796a-4d51-b95b-789390083c13";9105;"";"";21;6;2012;0;18;"20120618"
"176.253.167.56";"GB";-3.000000;53.416700;"AS5607 British Sky Broadcasting Limited";"mlab1-lhr01";0.039283;232805.460613;"0.004010999";"win32";"217.163.1.81";"speedtest";1340050692;76465.093037;0.043292;"3b91ee22-7771-44e4-9417-2f816adf6b1c";5607;"H8";"Liverpool";21;6;2012;0;18;"20120618"
"217.42.142.130";"GB";-0.700000;52.300000;"AS2856 BTnet UK Regional network";"mlab1-lhr01";0.023102;819595.344269;"0.004010999";"win32";"217.163.1.81";"bittorrent";1340051121;46133.766469;-1.000000;"ce72110c-12d3-473e-b32a-d3b0309312b8";2856;"J1";"Wellingborough";21;6;2012;0;18;"20120618"
"134.151.0.67";"GB";-1.916700;52.466700;"AS786 The JNT Association";"mlab1-lhr01";0.015863;1648573.957350;"0.004011999";"linux2";"217.163.1.81";"speedtest";1340051342;1630797.386920;0.016743;"20cb2125-2367-46ae-8343-0682023aab13";786;"A7";"Birmingham";21;6;2012;0;18;"20120618"
"134.151.33.84";"GB";-1.916700;52.466700;"AS786 The JNT Association";"mlab1-lhr01";0.015267;6993384.375641;"0.004011999";"linux2";"217.163.1.81";"bittorrent";1340051629;1235588.137400;-1.000000;"34987743-340f-404c-bbab-25f3ba5726fb";786;"A7";"Birmingham";21;6;2012;0;18;"20120618"
"86.25.59.6";"GB";0.150000;51.450000;"AS5089 Virgin Media Limited";"mlab1-lhr01";0.035976;1138854.197400;"0.004012999";"win32";"217.163.1.81";"speedtest";1340051738;379578.571403;0.030822;"16eb7c93-5e6a-4d3c-83b5-7918b4a44ff0";5089;"A6";"Bexleyheath";21;6;2012;0;18;"20120618"
"82.31.117.136";"GB";0.157500;51.474400;"AS5089 Virgin Media Limited";"mlab1-lhr01";0.062232;309915.847416;"0.004012999";"linux2";"217.163.1.81";"speedtest";1340051858;1192683.942330;0.037483;"4734c249-c01f-4aa9-a857-643af3bbcee2";5089;"A6";"Erith";21;6;2012;0;18;"20120618"
"94.11.241.243";"GB";-2.100000;53.500000;"AS5607 British Sky Broadcasting Limited";"mlab1-lhr01";0.033323;241569.070971;"0.004012999";"win32";"217.163.1.81";"bittorrent";1340052371;20781.421323;-1.000000;"d43f1d39-8e2d-40e8-8bf2-9953c953a0f0";5607;"O1";"Ashton-under-lyne";21;6;2012;0;18;"20120618"
"86.153.58.85";"GB";-0.130000;51.500000;"AS2856 BTnet UK Regional network";"mlab1-lhr01";0.051821;131002.663195;"0.004011999";"win32";"217.163.1.81";"bittorrent";1340052444;44387.290971;-1.000000;"0b18a6cd-73b8-45a1-93e1-13a6c156891b";2856;"";"";21;6;2012;0;18;"20120618"
"134.151.33.84";"GB";-1.916700;52.466700;"AS786 The JNT Association";"mlab1-lhr01";0.015331;2503994.129190;"0.004011999";"linux2";"217.163.1.81";"speedtest";1340053076;1707256.354680;0.016133;"34987743-340f-404c-bbab-25f3ba5726fb";786;"A7";"Birmingham";21;6;2012;0;18;"20120618"
"212.139.246.127";"GB";-0.130000;51.500000;"AS9105 Tiscali UK";"mlab1-lhr01";0.017248;468748.162860;"0.004012999";"darwin";"217.163.1.81";"speedtest";1340053723;80018.501898;0.020264;"17522bf2-605a-483d-b0d7-36583414f00c";9105;"";"";22;6;2012;0;18;"20120618"
"82.16.158.94";"GB";-0.093100;51.514200;"AS5089 Virgin Media Limited";"mlab1-lhr01";0.030402;5346977.994780;"0.004012999";"win32";"217.163.1.81";"speedtest";1340054487;487201.931414;0.028496;"9726bbb2-cde6-4c53-9b05-82c3b868ab5f";5089;"H9";"London";22;6;2012;0;18;"20120618"
"62.173.117.2";"GB";-4.557800;51.986400;"AS6656 Star Technology Services Limited";"mlab1-lhr01";0.007393;5856594.255780;"0.004010999";"linux2";"217.163.1.81";"speedtest";1340055067;5475581.815860;0.008388;"f05e11ce-f17a-4492-af90-1a5c53e38d5d";6656;"Y7";"Star";22;6;2012;0;18;"20120618"
"109.170.163.183";"GB";-0.130000;51.500000;"AS31290 Daisy Communications Ltd";"mlab1-lhr01";0.048695;198064.527024;"0.004012999";"win32";"217.163.1.81";"speedtest";1340055330;43782.945226;0.067461;"2a40d0cb-eaae-4ecd-8c4f-409bcb674e6a";31290;"";"";22;6;2012;0;18;"20120618"
"134.151.33.84";"GB";-1.916700;52.466700;"AS786 The JNT Association";"mlab1-lhr01";0.023075;2388778.246880;"0.004011999";"linux2";"217.163.1.81";"speedtest";1340056328;1383648.252110;0.016152;"34987743-340f-404c-bbab-25f3ba5726fb";786;"A7";"Birmingham";22;6;2012;0;18;"20120618"
"62.173.117.2";"GB";-4.557800;51.986400;"AS6656 Star Technology Services Limited";"mlab1-lhr01";0.007296;5846259.866527;"0.004010999";"linux2";"217.163.1.81";"bittorrent";1340056576;5922865.339114;-1.000000;"f05e11ce-f17a-4492-af90-1a5c53e38d5d";6656;"Y7";"Star";22;6;2012;0;18;"20120618"
"195.137.56.210";"GB";-0.130000;51.500000;"AS9105 Tiscali UK";"mlab1-lhr01";0.029522;156983.025848;"0.004010999";"win32";"217.163.1.81";"speedtest";1340057502;87822.352223;0.032989;"21b8434f-b3f5-4129-a93e-e6fc50ac35c3";9105;"";"";23;6;2012;0;18;"20120618"
"82.16.158.94";"GB";-0.093100;51.514200;"AS5089 Virgin Media Limited";"mlab1-lhr01";0.052728;2888608.884820;"0.004012999";"win32";"217.163.1.81";"speedtest";1340057599;530123.051242;0.123510;"9726bbb2-cde6-4c53-9b05-82c3b868ab5f";5089;"H9";"London";23;6;2012;0;18;"20120618"
"81.159.213.203";"GB";-0.093100;51.514200;"AS2856 BTnet UK Regional network";"mlab1-lhr01";0.023803;1074190.097939;"0.004012999";"darwin";"217.163.1.81";"bittorrent";1340057730;122008.410545;-1.000000;"591848d7-684a-46db-a17c-1bb1ef97f6c4";2856;"H9";"London";23;6;2012;0;18;"20120618"
"62.173.117.2";"GB";-4.557800;51.986400;"AS6656 Star Technology Services Limited";"mlab1-lhr01";0.007414;5850236.120960;"0.004010999";"linux2";"217.163.1.81";"speedtest";1340058070;5468477.206250;0.008446;"f05e11ce-f17a-4492-af90-1a5c53e38d5d";6656;"Y7";"Star";23;6;2012;0;18;"20120618"
"176.253.167.56";"GB";-3.000000;53.416700;"AS5607 British Sky Broadcasting Limited";"mlab1-lhr01";0.036716;241840.026976;"0.004010999";"win32";"217.163.1.81";"bittorrent";1340058373;59088.291906;-1.000000;"3b91ee22-7771-44e4-9417-2f816adf6b1c";5607;"H8";"Liverpool";23;6;2012;0;18;"20120618"
"109.170.163.183";"GB";-0.130000;51.500000;"AS31290 Daisy Communications Ltd";"mlab1-lhr01";0.230403;261932.983881;"0.004012999";"win32";"217.163.1.81";"speedtest";1340058533;62269.188822;0.101428;"2a40d0cb-eaae-4ecd-8c4f-409bcb674e6a";31290;"";"";23;6;2012;0;18;"20120618"
"82.31.117.136";"GB";0.157500;51.474400;"AS5089 Virgin Media Limited";"mlab1-lhr01";0.015783;411267.190344;"0.004012999";"linux2";"217.163.1.81";"speedtest";1340058927;1191923.290750;0.034236;"4734c249-c01f-4aa9-a857-643af3bbcee2";5089;"A6";"Erith";23;6;2012;0;18;"20120618"
"134.151.33.84";"GB";-1.916700;52.466700;"AS786 The JNT Association";"mlab1-lhr01";0.015186;1797541.850780;"0.004011999";"linux2";"217.163.1.81";"speedtest";1340059581;1463282.444270;0.036151;"34987743-340f-404c-bbab-25f3ba5726fb";786;"A7";"Birmingham";23;6;2012;0;18;"20120618"
"134.151.0.67";"GB";-1.916700;52.466700;"AS786 The JNT Association";"mlab1-lhr01";0.015011;15029.678755;"0.004011999";"linux2";"217.163.1.81";"bittorrent";1340060529;15104.276234;-1.000000;"20cb2125-2367-46ae-8343-0682023aab13";786;"A7";"Birmingham";0;6;2012;1;19;"20120618"
"134.151.33.84";"GB";-1.916700;52.466700;"AS786 The JNT Association";"mlab1-lhr01";0.015061;1854900.246726;"0.004011999";"linux2";"217.163.1.81";"bittorrent";1340061428;1739992.041262;-1.000000;"34987743-340f-404c-bbab-25f3ba5726fb";786;"A7";"Birmingham";0;6;2012;1;19;"20120618"
"77.98.68.89";"GB";-1.939900;52.310500;"AS5089 Virgin Media Limited";"mlab1-lhr01";0.019583;1209707.187188;"0.004012999";"linux2";"217.163.1.81";"bittorrent";1340061859;126321.915212;-1.000000;"ee5bc8c0-ae84-4f54-b716-63ba15e38795";5089;"Q4";"Redditch";0;6;2012;1;19;"20120618"
"92.24.93.61";"GB";-0.093100;51.514200;"AS13285 TalkTalk Communications Limited";"mlab1-lhr01";0.029969;563968.222773;"0.004012999";"win32";"217.163.1.81";"speedtest";1340063603;95760.371706;0.037807;"407ac3cb-a4ae-41d8-9c4c-0971091666da";13285;"H9";"London";0;6;2012;1;19;"20120618"
"82.16.158.94";"GB";-0.093100;51.514200;"AS5089 Virgin Media Limited";"mlab1-lhr01";0.043683;5283613.981300;"0.004012999";"win32";"217.163.1.81";"speedtest";1340063707;523559.562749;0.027707;"9726bbb2-cde6-4c53-9b05-82c3b868ab5f";5089;"H9";"London";0;6;2012;1;19;"20120618"
"87.194.32.93";"GB";-0.233300;51.500000;"AS35228 Telefonica UK Limited";"mlab1-lhr01";0.015511;995757.450364;"0.004012999";"linux2";"217.163.1.81";"speedtest";1340063879;116230.637402;0.018686;"fa75ae33-87ca-4c4a-8aeb-0a3a19684949";35228;"F1";"Hammersmith";0;6;2012;1;19;"20120618"
"115.126.163.1";"NC";166.450000;-22.266700;"AS45345 Nautile";"mlab1-wlg01";0.081442;884425.777740;"0.004010999";"linux2";"103.10.233.20";"speedtest";1339977991;98004.635754;0.085396;"f50034fa-0b72-4403-af77-e6227fa91d30";45345;"00";"Nouméa";11;6;2012;0;18;"20120618"
"115.126.163.1";"NC";166.450000;-22.266700;"AS45345 Nautile";"mlab1-wlg01";0.080926;10915.717797;"0.004010999";"linux2";"103.10.233.20";"bittorrent";1339979476;10159.290621;-1.000000;"f50034fa-0b72-4403-af77-e6227fa91d30";45345;"00";"Nouméa";11;6;2012;0;18;"20120618"
"116.251.189.15";"NZ";174.000000;-41.000000;"AS55850 TrustPower Ltd";"mlab1-wlg01";0.045493;969210.914939;"0.004012999";"win32";"103.10.233.20";"bittorrent";1339980121;355900.968802;-1.000000;"42540054-8fac-44ca-b82c-3d2939f5ce30";55850;"";"";0;6;2012;0;18;"20120618"
"101.98.179.198";"NZ";174.000000;-41.000000;"AS9790 CallPlus Services Limited";"mlab1-wlg01";0.034939;1126345.741960;"0.004012999";"win32";"103.10.233.20";"speedtest";1339980653;66248.874881;0.037855;"79031f01-617b-4b0b-bd7d-5b51f7b9fb22";9790;"";"";0;6;2012;0;18;"20120618"
"115.126.163.1";"NC";166.450000;-22.266700;"AS45345 Nautile";"mlab1-wlg01";0.081703;555705.934773;"0.004010999";"linux2";"103.10.233.20";"speedtest";1339980888;98596.394067;0.084163;"f50034fa-0b72-4403-af77-e6227fa91d30";45345;"00";"Nouméa";11;6;2012;0;18;"20120618"
"116.251.189.15";"NZ";174.000000;-41.000000;"AS55850 TrustPower Ltd";"mlab1-wlg01";0.046264;739399.121436;"0.004012999";"win32";"103.10.233.20";"speedtest";1339981527;352344.835714;0.046741;"42540054-8fac-44ca-b82c-3d2939f5ce30";55850;"";"";1;6;2012;0;18;"20120618"
"101.98.179.198";"NZ";174.000000;-41.000000;"AS9790 CallPlus Services Limited";"mlab1-wlg01";0.034927;1224937.054391;"0.004012999";"win32";"103.10.233.20";"bittorrent";1339982048;108893.554525;-1.000000;"79031f01-617b-4b0b-bd7d-5b51f7b9fb22";9790;"";"";1;6;2012;0;18;"20120618"
"115.126.163.1";"NC";166.450000;-22.266700;"AS45345 Nautile";"mlab1-wlg01";0.080749;10764.826355;"0.004010999";"linux2";"103.10.233.20";"bittorrent";1339982368;10133.677832;-1.000000;"f50034fa-0b72-4403-af77-e6227fa91d30";45345;"00";"Nouméa";12;6;2012;0;18;"20120618"
"101.98.179.198";"NZ";174.000000;-41.000000;"AS9790 CallPlus Services Limited";"mlab1-wlg01";0.035438;871952.697133;"0.004012999";"win32";"103.10.233.20";"speedtest";1339983603;107628.679768;0.037909;"79031f01-617b-4b0b-bd7d-5b51f7b9fb22";9790;"";"";1;6;2012;0;18;"20120618"
"115.126.163.1";"NC";166.450000;-22.266700;"AS45345 Nautile";"mlab1-wlg01";0.080781;522286.580697;"0.004010999";"linux2";"103.10.233.20";"speedtest";1339983777;99161.084054;0.083794;"f50034fa-0b72-4403-af77-e6227fa91d30";45345;"00";"Nouméa";12;6;2012;0;18;"20120618"
"116.251.189.15";"NZ";174.000000;-41.000000;"AS55850 TrustPower Ltd";"mlab1-wlg01";0.045239;817237.881380;"0.004012999";"win32";"103.10.233.20";"speedtest";1339984347;332666.620311;0.046761;"42540054-8fac-44ca-b82c-3d2939f5ce30";55850;"";"";1;6;2012;0;18;"20120618"
"115.126.163.1";"NC";166.450000;-22.266700;"AS45345 Nautile";"mlab1-wlg01";0.083480;9882.348076;"0.004010999";"linux2";"103.10.233.20";"bittorrent";1339985281;10390.024218;-1.000000;"f50034fa-0b72-4403-af77-e6227fa91d30";45345;"00";"Nouméa";13;6;2012;0;18;"20120618"
"115.126.163.1";"NC";166.450000;-22.266700;"AS45345 Nautile";"mlab1-wlg01";0.081347;353837.154662;"0.004010999";"linux2";"103.10.233.20";"speedtest";1339986692;92810.727212;0.084085;"f50034fa-0b72-4403-af77-e6227fa91d30";45345;"00";"Nouméa";13;6;2012;0;18;"20120618"
"116.251.189.15";"NZ";174.000000;-41.000000;"AS55850 TrustPower Ltd";"mlab1-wlg01";0.045531;832992.805409;"0.004012999";"win32";"103.10.233.20";"speedtest";1339987156;337151.481014;0.046347;"42540054-8fac-44ca-b82c-3d2939f5ce30";55850;"";"";2;6;2012;0;18;"20120618"
"115.126.163.1";"NC";166.450000;-22.266700;"AS45345 Nautile";"mlab1-wlg01";0.080879;10725.737010;"0.004010999";"linux2";"103.10.233.20";"bittorrent";1339988213;10313.570097;-1.000000;"f50034fa-0b72-4403-af77-e6227fa91d30";45345;"00";"Nouméa";13;6;2012;0;18;"20120618"
"115.126.163.1";"NC";166.450000;-22.266700;"AS45345 Nautile";"mlab1-wlg01";0.080715;226830.422257;"0.004010999";"linux2";"103.10.233.20";"speedtest";1339989633;101305.738737;0.084789;"f50034fa-0b72-4403-af77-e6227fa91d30";45345;"00";"Nouméa";14;6;2012;0;18;"20120618"
"116.251.189.15";"NZ";174.000000;-41.000000;"AS55850 TrustPower Ltd";"mlab1-wlg01";0.045792;906339.244408;"0.004012999";"win32";"103.10.233.20";"speedtest";1339989964;346504.988736;0.046565;"42540054-8fac-44ca-b82c-3d2939f5ce30";55850;"";"";3;6;2012;0;18;"20120618"
"101.98.179.198";"NZ";174.000000;-41.000000;"AS9790 CallPlus Services Limited";"mlab1-wlg01";0.036336;347811.542222;"0.004012999";"win32";"103.10.233.20";"bittorrent";1339990934;109949.301235;-1.000000;"79031f01-617b-4b0b-bd7d-5b51f7b9fb22";9790;"";"";3;6;2012;0;18;"20120618"
"115.126.163.1";"NC";166.450000;-22.266700;"AS45345 Nautile";"mlab1-wlg01";0.079977;10467.884459;"0.004010999";"linux2";"103.10.233.20";"bittorrent";1339991165;10008.818674;-1.000000;"f50034fa-0b72-4403-af77-e6227fa91d30";45345;"00";"Nouméa";14;6;2012;0;18;"20120618"
"101.98.179.198";"NZ";174.000000;-41.000000;"AS9790 CallPlus Services Limited";"mlab1-wlg01";0.035346;500454.686005;"0.004012999";"win32";"103.10.233.20";"speedtest";1339992483;59295.085239;0.038015;"79031f01-617b-4b0b-bd7d-5b51f7b9fb22";9790;"";"";4;6;2012;0;18;"20120618"
"115.126.163.1";"NC";166.450000;-22.266700;"AS45345 Nautile";"mlab1-wlg01";0.080233;209596.545468;"0.004010999";"linux2";"103.10.233.20";"speedtest";1339992586;85074.793765;0.087038;"f50034fa-0b72-4403-af77-e6227fa91d30";45345;"00";"Nouméa";15;6;2012;0;18;"20120618"
"101.98.179.198";"NZ";174.000000;-41.000000;"AS9790 CallPlus Services Limited";"mlab1-wlg01";0.035743;392559.096183;"0.004012999";"win32";"103.10.233.20";"bittorrent";1339993883;97283.666053;-1.000000;"79031f01-617b-4b0b-bd7d-5b51f7b9fb22";9790;"";"";4;6;2012;0;18;"20120618"
"115.126.163.1";"NC";166.450000;-22.266700;"AS45345 Nautile";"mlab1-wlg01";0.080693;10589.728770;"0.004010999";"linux2";"103.10.233.20";"bittorrent";1339994083;10703.967463;-1.000000;"f50034fa-0b72-4403-af77-e6227fa91d30";45345;"00";"Nouméa";15;6;2012;0;18;"20120618"
"101.98.179.198";"NZ";174.000000;-41.000000;"AS9790 CallPlus Services Limited";"mlab1-wlg01";0.037525;240960.347310;"0.004012999";"win32";"103.10.233.20";"speedtest";1339995440;53170.683776;0.037789;"79031f01-617b-4b0b-bd7d-5b51f7b9fb22";9790;"";"";4;6;2012;0;18;"20120618"
"115.126.163.1";"NC";166.450000;-22.266700;"AS45345 Nautile";"mlab1-wlg01";0.080414;251795.613464;"0.004010999";"linux2";"103.10.233.20";"speedtest";1339995489;96846.940687;0.084158;"f50034fa-0b72-4403-af77-e6227fa91d30";45345;"00";"Nouméa";15;6;2012;0;18;"20120618"
"101.98.179.198";"NZ";174.000000;-41.000000;"AS9790 CallPlus Services Limited";"mlab1-wlg01";0.035519;209822.698891;"0.004012999";"win32";"103.10.233.20";"bittorrent";1339996844;108756.851266;-1.000000;"79031f01-617b-4b0b-bd7d-5b51f7b9fb22";9790;"";"";5;6;2012;0;18;"20120618"
"115.126.163.1";"NC";166.450000;-22.266700;"AS45345 Nautile";"mlab1-wlg01";0.081280;9862.297848;"0.004010999";"linux2";"103.10.233.20";"bittorrent";1339996970;9754.177770;-1.000000;"f50034fa-0b72-4403-af77-e6227fa91d30";45345;"00";"Nouméa";16;6;2012;0;18;"20120618"
"101.98.179.198";"NZ";174.000000;-41.000000;"AS9790 CallPlus Services Limited";"mlab1-wlg01";0.035549;135480.001390;"0.004012999";"win32";"103.10.233.20";"speedtest";1339998401;61947.774799;0.038306;"79031f01-617b-4b0b-bd7d-5b51f7b9fb22";9790;"";"";5;6;2012;0;18;"20120618"
"115.126.163.1";"NC";166.450000;-22.266700;"AS45345 Nautile";"mlab1-wlg01";0.080507;354731.235109;"0.004010999";"linux2";"103.10.233.20";"speedtest";1339998383;94018.945900;0.084877;"f50034fa-0b72-4403-af77-e6227fa91d30";45345;"00";"Nouméa";16;6;2012;0;18;"20120618"
"116.251.189.15";"NZ";174.000000;-41.000000;"AS55850 TrustPower Ltd";"mlab1-wlg01";0.044829;960874.643778;"0.004012999";"win32";"103.10.233.20";"bittorrent";1339999800;355935.187141;-1.000000;"42540054-8fac-44ca-b82c-3d2939f5ce30";55850;"";"";6;6;2012;0;18;"20120618"
"101.98.179.198";"NZ";174.000000;-41.000000;"AS9790 CallPlus Services Limited";"mlab1-wlg01";0.034885;115547.041523;"0.004012999";"win32";"103.10.233.20";"bittorrent";1339999804;109028.214075;-1.000000;"79031f01-617b-4b0b-bd7d-5b51f7b9fb22";9790;"";"";6;6;2012;0;18;"20120618"
"115.126.163.1";"NC";166.450000;-22.266700;"AS45345 Nautile";"mlab1-wlg01";0.080832;10528.850927;"0.004010999";"linux2";"103.10.233.20";"bittorrent";1339999910;10967.865609;-1.000000;"f50034fa-0b72-4403-af77-e6227fa91d30";45345;"00";"Nouméa";17;6;2012;0;18;"20120618"
"115.126.163.1";"NC";166.450000;-22.266700;"AS45345 Nautile";"mlab1-wlg01";0.080625;266338.503863;"0.004010999";"linux2";"103.10.233.20";"speedtest";1340001320;95516.137555;0.085171;"f50034fa-0b72-4403-af77-e6227fa91d30";45345;"00";"Nouméa";17;6;2012;0;18;"20120618"
"115.126.163.1";"NC";166.450000;-22.266700;"AS45345 Nautile";"mlab1-wlg01";0.081374;263804.669028;"0.004010999";"linux2";"103.10.233.20";"speedtest";1340004434;99717.575406;0.084081;"f50034fa-0b72-4403-af77-e6227fa91d30";45345;"00";"Nouméa";18;6;2012;0;18;"20120618"
"115.126.163.1";"NC";166.450000;-22.266700;"AS45345 Nautile";"mlab1-wlg01";0.081444;211128.070221;"0.004010999";"linux2";"103.10.233.20";"speedtest";1340007555;88717.281904;0.086673;"f50034fa-0b72-4403-af77-e6227fa91d30";45345;"00";"Nouméa";19;6;2012;0;18;"20120618"
"115.126.163.1";"NC";166.450000;-22.266700;"AS45345 Nautile";"mlab1-wlg01";0.080649;166245.625563;"0.004010999";"linux2";"103.10.233.20";"speedtest";1340010662;100020.604246;0.086284;"f50034fa-0b72-4403-af77-e6227fa91d30";45345;"00";"Nouméa";20;6;2012;0;18;"20120618"
"115.126.163.1";"NC";166.450000;-22.266700;"AS45345 Nautile";"mlab1-wlg01";0.081258;186313.681679;"0.004010999";"linux2";"103.10.233.20";"speedtest";1340013772;93470.931249;0.087785;"f50034fa-0b72-4403-af77-e6227fa91d30";45345;"00";"Nouméa";21;6;2012;0;18;"20120618"
"101.98.179.198";"NZ";174.000000;-41.000000;"AS9790 CallPlus Services Limited";"mlab1-wlg01";0.036648;519961.848539;"0.004012999";"win32";"103.10.233.20";"speedtest";1340016436;53423.142865;0.037934;"79031f01-617b-4b0b-bd7d-5b51f7b9fb22";9790;"";"";10;6;2012;0;18;"20120618"
"115.126.163.1";"NC";166.450000;-22.266700;"AS45345 Nautile";"mlab1-wlg01";0.080717;237955.200904;"0.004010999";"linux2";"103.10.233.20";"speedtest";1340016883;91918.030254;0.084127;"f50034fa-0b72-4403-af77-e6227fa91d30";45345;"00";"Nouméa";21;6;2012;0;18;"20120618"
"115.126.163.1";"NC";166.450000;-22.266700;"AS45345 Nautile";"mlab1-wlg01";0.082628;10762.693545;"0.004010999";"linux2";"103.10.233.20";"bittorrent";1340018378;10832.486747;-1.000000;"f50034fa-0b72-4403-af77-e6227fa91d30";45345;"00";"Nouméa";22;6;2012;0;18;"20120618"
"115.126.163.1";"NC";166.450000;-22.266700;"AS45345 Nautile";"mlab1-wlg01";0.080474;346966.935605;"0.004010999";"linux2";"103.10.233.20";"speedtest";1340019784;91945.925809;0.084480;"f50034fa-0b72-4403-af77-e6227fa91d30";45345;"00";"Nouméa";22;6;2012;0;18;"20120618"
"115.126.163.1";"NC";166.450000;-22.266700;"AS45345 Nautile";"mlab1-wlg01";0.080556;10655.812437;"0.004010999";"linux2";"103.10.233.20";"bittorrent";1340021266;10314.731480;-1.000000;"f50034fa-0b72-4403-af77-e6227fa91d30";45345;"00";"Nouméa";23;6;2012;0;18;"20120618"
"115.126.163.1";"NC";166.450000;-22.266700;"AS45345 Nautile";"mlab1-wlg01";0.082417;330851.968657;"0.004010999";"linux2";"103.10.233.20";"speedtest";1340022676;85256.141553;0.085235;"f50034fa-0b72-4403-af77-e6227fa91d30";45345;"00";"Nouméa";23;6;2012;0;18;"20120618"
"115.126.163.1";"NC";166.450000;-22.266700;"AS45345 Nautile";"mlab1-wlg01";0.080385;9787.125468;"0.004010999";"linux2";"103.10.233.20";"bittorrent";1340024169;10749.421358;-1.000000;"f50034fa-0b72-4403-af77-e6227fa91d30";45345;"00";"Nouméa";23;6;2012;0;18;"20120618"
"115.126.163.1";"NC";166.450000;-22.266700;"AS45345 Nautile";"mlab1-wlg01";0.080819;265309.569319;"0.004010999";"linux2";"103.10.233.20";"speedtest";1340025579;87602.756355;0.085389;"f50034fa-0b72-4403-af77-e6227fa91d30";45345;"00";"Nouméa";0;6;2012;1;19;"20120618"
"115.126.163.1";"NC";166.450000;-22.266700;"AS45345 Nautile";"mlab1-wlg01";0.081171;217134.359304;"0.004010999";"linux2";"103.10.233.20";"bittorrent";1340027000;90985.215606;-1.000000;"f50034fa-0b72-4403-af77-e6227fa91d30";45345;"00";"Nouméa";0;6;2012;1;19;"20120618"
"115.126.163.1";"NC";166.450000;-22.266700;"AS45345 Nautile";"mlab1-wlg01";0.084109;301355.673467;"0.004010999";"linux2";"103.10.233.20";"speedtest";1340028409;82512.120054;0.086023;"f50034fa-0b72-4403-af77-e6227fa91d30";45345;"00";"Nouméa";1;6;2012;1;19;"20120618"
"115.126.163.1";"NC";166.450000;-22.266700;"AS45345 Nautile";"mlab1-wlg01";0.080965;225362.708578;"0.004010999";"linux2";"103.10.233.20";"bittorrent";1340029830;92372.297482;-1.000000;"f50034fa-0b72-4403-af77-e6227fa91d30";45345;"00";"Nouméa";1;6;2012;1;19;"20120618"
"115.126.163.1";"NC";166.450000;-22.266700;"AS45345 Nautile";"mlab1-wlg01";0.080473;207243.145897;"0.004010999";"linux2";"103.10.233.20";"speedtest";1340031253;87016.176122;0.085191;"f50034fa-0b72-4403-af77-e6227fa91d30";45345;"00";"Nouméa";1;6;2012;1;19;"20120618"
"115.126.163.1";"NC";166.450000;-22.266700;"AS45345 Nautile";"mlab1-wlg01";0.081406;349363.940740;"0.004010999";"linux2";"103.10.233.20";"bittorrent";1340032670;67144.986195;-1.000000;"f50034fa-0b72-4403-af77-e6227fa91d30";45345;"00";"Nouméa";2;6;2012;1;19;"20120618"
"115.126.163.1";"NC";166.450000;-22.266700;"AS45345 Nautile";"mlab1-wlg01";0.080232;473918.348787;"0.004010999";"linux2";"103.10.233.20";"speedtest";1340034080;85656.860047;0.084806;"f50034fa-0b72-4403-af77-e6227fa91d30";45345;"00";"Nouméa";2;6;2012;1;19;"20120618"
"115.126.163.1";"NC";166.450000;-22.266700;"AS45345 Nautile";"mlab1-wlg01";0.081031;334542.239959;"0.004010999";"linux2";"103.10.233.20";"bittorrent";1340035509;75590.556634;-1.000000;"f50034fa-0b72-4403-af77-e6227fa91d30";45345;"00";"Nouméa";3;6;2012;1;19;"20120618"
"115.126.163.1";"NC";166.450000;-22.266700;"AS45345 Nautile";"mlab1-wlg01";0.080183;354469.256649;"0.004010999";"linux2";"103.10.233.20";"speedtest";1340036920;87764.832819;0.086394;"f50034fa-0b72-4403-af77-e6227fa91d30";45345;"00";"Nouméa";3;6;2012;1;19;"20120618"
"115.126.163.1";"NC";166.450000;-22.266700;"AS45345 Nautile";"mlab1-wlg01";0.080214;306011.328515;"0.004010999";"linux2";"103.10.233.20";"bittorrent";1340038333;97507.139860;-1.000000;"f50034fa-0b72-4403-af77-e6227fa91d30";45345;"00";"Nouméa";3;6;2012;1;19;"20120618"
"115.126.163.1";"NC";166.450000;-22.266700;"AS45345 Nautile";"mlab1-wlg01";0.080254;319000.076797;"0.004010999";"linux2";"103.10.233.20";"speedtest";1340039749;96547.012381;0.086374;"f50034fa-0b72-4403-af77-e6227fa91d30";45345;"00";"Nouméa";4;6;2012;1;19;"20120618"
"115.126.163.1";"NC";166.450000;-22.266700;"AS45345 Nautile";"mlab1-wlg01";0.080776;277606.967299;"0.004010999";"linux2";"103.10.233.20";"bittorrent";1340041163;99493.702675;-1.000000;"f50034fa-0b72-4403-af77-e6227fa91d30";45345;"00";"Nouméa";4;6;2012;1;19;"20120618"
"115.126.163.1";"NC";166.450000;-22.266700;"AS45345 Nautile";"mlab1-wlg01";0.080234;240162.429772;"0.004010999";"linux2";"103.10.233.20";"speedtest";1340042583;85364.600332;0.083578;"f50034fa-0b72-4403-af77-e6227fa91d30";45345;"00";"Nouméa";5;6;2012;1;19;"20120618"
"115.126.163.1";"NC";166.450000;-22.266700;"AS45345 Nautile";"mlab1-wlg01";0.080191;396563.938268;"0.004010999";"linux2";"103.10.233.20";"bittorrent";1340044007;93957.073665;-1.000000;"f50034fa-0b72-4403-af77-e6227fa91d30";45345;"00";"Nouméa";5;6;2012;1;19;"20120618"
"115.126.163.1";"NC";166.450000;-22.266700;"AS45345 Nautile";"mlab1-wlg01";0.081495;346926.727014;"0.004010999";"linux2";"103.10.233.20";"speedtest";1340045414;93082.247940;0.086629;"f50034fa-0b72-4403-af77-e6227fa91d30";45345;"00";"Nouméa";5;6;2012;1;19;"20120618"
"115.126.163.1";"NC";166.450000;-22.266700;"AS45345 Nautile";"mlab1-wlg01";0.080742;402275.603601;"0.004010999";"linux2";"103.10.233.20";"bittorrent";1340046839;95219.609889;-1.000000;"f50034fa-0b72-4403-af77-e6227fa91d30";45345;"00";"Nouméa";6;6;2012;1;19;"20120618"
"115.126.163.1";"NC";166.450000;-22.266700;"AS45345 Nautile";"mlab1-wlg01";0.080681;355640.278009;"0.004010999";"linux2";"103.10.233.20";"speedtest";1340048248;95980.302162;0.084166;"f50034fa-0b72-4403-af77-e6227fa91d30";45345;"00";"Nouméa";6;6;2012;1;19;"20120618"
"115.126.163.1";"NC";166.450000;-22.266700;"AS45345 Nautile";"mlab1-wlg01";0.080398;533802.403069;"0.004010999";"linux2";"103.10.233.20";"bittorrent";1340049660;97450.547282;-1.000000;"f50034fa-0b72-4403-af77-e6227fa91d30";45345;"00";"Nouméa";7;6;2012;1;19;"20120618"
"115.126.163.1";"NC";166.450000;-22.266700;"AS45345 Nautile";"mlab1-wlg01";0.080877;587218.477199;"0.004010999";"linux2";"103.10.233.20";"speedtest";1340051067;82762.692791;0.084389;"f50034fa-0b72-4403-af77-e6227fa91d30";45345;"00";"Nouméa";7;6;2012;1;19;"20120618"
"115.126.163.1";"NC";166.450000;-22.266700;"AS45345 Nautile";"mlab1-wlg01";0.081821;317990.560852;"0.004010999";"linux2";"103.10.233.20";"bittorrent";1340052485;93167.829946;-1.000000;"f50034fa-0b72-4403-af77-e6227fa91d30";45345;"00";"Nouméa";7;6;2012;1;19;"20120618"
"115.126.163.1";"NC";166.450000;-22.266700;"AS45345 Nautile";"mlab1-wlg01";0.080649;329396.319890;"0.004010999";"linux2";"103.10.233.20";"speedtest";1340053898;87349.769676;0.086084;"f50034fa-0b72-4403-af77-e6227fa91d30";45345;"00";"Nouméa";8;6;2012;1;19;"20120618"
"101.98.179.198";"NZ";174.000000;-41.000000;"AS9790 CallPlus Services Limited";"mlab1-wlg01";0.040927;1050136.250408;"0.004012999";"win32";"103.10.233.20";"bittorrent";1340055482;104191.795208;-1.000000;"79031f01-617b-4b0b-bd7d-5b51f7b9fb22";9790;"";"";21;6;2012;0;18;"20120618"
"115.126.163.1";"NC";166.450000;-22.266700;"AS45345 Nautile";"mlab1-wlg01";0.080520;10565.370401;"0.004010999";"linux2";"103.10.233.20";"bittorrent";1340055529;10519.588029;-1.000000;"f50034fa-0b72-4403-af77-e6227fa91d30";45345;"00";"Nouméa";8;6;2012;1;19;"20120618"
"115.126.163.1";"NC";166.450000;-22.266700;"AS45345 Nautile";"mlab1-wlg01";0.081130;353189.976442;"0.004010999";"linux2";"103.10.233.20";"speedtest";1340056944;86965.468050;0.109425;"f50034fa-0b72-4403-af77-e6227fa91d30";45345;"00";"Nouméa";9;6;2012;1;19;"20120618"
"115.126.163.1";"NC";166.450000;-22.266700;"AS45345 Nautile";"mlab1-wlg01";0.080982;10338.158522;"0.004010999";"linux2";"103.10.233.20";"bittorrent";1340058445;10294.204885;-1.000000;"f50034fa-0b72-4403-af77-e6227fa91d30";45345;"00";"Nouméa";9;6;2012;1;19;"20120618"
"115.126.163.1";"NC";166.450000;-22.266700;"AS45345 Nautile";"mlab1-wlg01";0.080813;555484.537504;"0.004010999";"linux2";"103.10.233.20";"speedtest";1340059854;74349.654622;0.084763;"f50034fa-0b72-4403-af77-e6227fa91d30";45345;"00";"Nouméa";9;6;2012;1;19;"20120618"
"101.98.179.198";"NZ";174.000000;-41.000000;"AS9790 CallPlus Services Limited";"mlab1-wlg01";0.035650;1442312.379880;"0.004012999";"win32";"103.10.233.20";"speedtest";1340060112;50770.428069;0.037591;"79031f01-617b-4b0b-bd7d-5b51f7b9fb22";9790;"";"";22;6;2012;0;18;"20120618"
"115.126.163.1";"NC";166.450000;-22.266700;"AS45345 Nautile";"mlab1-wlg01";0.080684;10336.222903;"0.004010999";"linux2";"103.10.233.20";"bittorrent";1340061334;11033.843046;-1.000000;"f50034fa-0b72-4403-af77-e6227fa91d30";45345;"00";"Nouméa";10;6;2012;1;19;"20120618"
"115.126.163.1";"NC";166.450000;-22.266700;"AS45345 Nautile";"mlab1-wlg01";0.080610;335606.812342;"0.004010999";"linux2";"103.10.233.20";"speedtest";1340062745;90157.468215;0.084517;"f50034fa-0b72-4403-af77-e6227fa91d30";45345;"00";"Nouméa";10;6;2012;1;19;"20120618"
"101.98.179.198";"NZ";174.000000;-41.000000;"AS9790 CallPlus Services Limited";"mlab1-wlg01";0.034809;1638152.059460;"0.004012999";"win32";"103.10.233.20";"speedtest";1340063126;75831.331226;0.037515;"79031f01-617b-4b0b-bd7d-5b51f7b9fb22";9790;"";"";23;6;2012;0;18;"20120618"
"116.251.189.15";"NZ";174.000000;-41.000000;"AS55850 TrustPower Ltd";"mlab1-wlg01";0.045451;932385.752810;"0.004012999";"win32";"103.10.233.20";"speedtest";1340063440;347167.016630;0.046907;"42540054-8fac-44ca-b82c-3d2939f5ce30";55850;"";"";23;6;2012;0;18;"20120618"
"79.20.70.163";"IT";8.066600;45.572300;"AS3269 Telecom Italia S.p.a.";"mlab1-mil01";0.039300;809915.845777;"0.004012999";"darwin";"213.200.99.211";"speedtest";1339977910;41342.150854;0.044466;"432d3481-f83e-450d-b373-e60ae5f17efe";3269;"12";"Biella";2;6;2012;0;18;"20120618"
"80.180.3.244";"IT";8.933300;44.950000;"AS3269 Telecom Italia S.p.a.";"mlab1-mil01";0.034104;733726.547092;"0.004009999";"win32";"213.200.99.211";"speedtest";1339978603;94128.802682;0.031159;"43fc56b7-cfe0-496f-a712-ead0946dc63a";3269;"12";"Pontecurone";2;6;2012;0;18;"20120618"
"31.185.19.156";"IT";12.566700;43.050000;"AS47187 Forinicom S.r.l.";"mlab1-mil01";0.018268;239078.586153;"0.004012999";"win32";"213.200.99.211";"speedtest";1339978961;202618.988948;0.019767;"2a30a2a8-273c-4b16-9671-803dc3d96492";47187;"18";"Santa Maria Degli Angeli";2;6;2012;0;18;"20120618"
"93.50.201.172";"IT";7.666700;45.050000;"AS12874 Fastweb SpA";"mlab1-mil01";0.026069;1186234.390711;"0.004012999";"win32";"213.200.99.211";"bittorrent";1339979049;1173787.242457;-1.000000;"82d7cd8b-95b2-4fb4-be64-f55010d39d3e";12874;"12";"Torino";2;6;2012;0;18;"20120618"
"109.234.63.11";"IT";12.833300;42.833300;"AS43989 Ehinet Srl";"mlab1-mil01";0.022925;462494.642524;"0.004009999";"win32";"213.200.99.211";"speedtest";1339979138;20202.447945;0.032760;"5d6312ec-b414-42e6-8e89-702c7b4fd5e8";43989;"";"";2;6;2012;0;18;"20120618"
"62.98.65.177";"IT";14.250000;40.833300;"AS1267 WIND Telecomunicazioni S.p.A.";"mlab1-mil01";0.025641;674601.165175;"0.004012999";"win32";"213.200.99.211";"bittorrent";1339979230;41996.575028;-1.000000;"2d006d8d-7c04-46bb-b056-798468ee365e";1267;"04";"Napoli";2;6;2012;0;18;"20120618"
"134.255.171.36";"IT";12.833300;42.833300;"AS198292 Wave-Max S.r.L.";"mlab1-mil01";0.102414;481808.794320;"0.004012999";"win32";"213.200.99.211";"speedtest";1339979419;45844.791783;0.105798;"708a55f0-3758-4099-a346-23683a39926d";198292;"";"";2;6;2012;0;18;"20120618"
"2.36.184.63";"IT";9.200000;45.466700;"AS30722 Vodafone Omnitel N.V.";"mlab1-mil01";0.060580;466014.138286;"0.004011999";"win32";"213.200.99.211";"speedtest";1339979522;26503.500832;0.062681;"60e4ddb8-b47b-4b72-a668-dea9c263699a";30722;"09";"Milan";2;6;2012;0;18;"20120618"
"130.192.91.213";"IT";7.666700;45.050000;"AS137 GARR Italian academic and research network";"mlab1-mil01";0.013751;10973362.252613;"0.004012999";"linux2";"213.200.99.211";"bittorrent";1339979741;7641919.166195;-1.000000;"cd78793c-1e3b-4944-b4b2-9768fc1cdb97";137;"12";"Torino";2;6;2012;0;18;"20120618"
"88.47.41.57";"IT";12.833300;42.833300;"AS3269 Telecom Italia S.p.a.";"mlab1-mil01";0.044838;760106.699187;"0.004012999";"win32";"213.200.99.211";"bittorrent";1339980013;28971.022765;-1.000000;"ec2e71be-f555-4dee-b674-bc8e80a61d77";3269;"";"";2;6;2012;0;18;"20120618"
"188.152.109.177";"IT";7.666700;45.050000;"AS44957 Vodafone Omnitel N.V.";"mlab1-mil01";0.047827;396660.663376;"0.004012999";"darwin";"213.200.99.211";"speedtest";1339980189;19091.249275;0.064942;"fd2cba45-5000-4263-b0bc-8c4a654ac411";44957;"12";"Torino";2;6;2012;0;18;"20120618"
"95.252.38.138";"IT";9.200000;45.466700;"AS3269 Telecom Italia S.p.a.";"mlab1-mil01";0.023827;1001336.588487;"0.004012999";"win32";"213.200.99.211";"bittorrent";1339980310;74520.141116;-1.000000;"fabd9ec4-04a0-49f7-9afc-39e5f8c565ba";3269;"09";"Milan";2;6;2012;0;18;"20120618"
"87.18.255.91";"IT";17.229700;40.476100;"AS3269 Telecom Italia S.p.a.";"mlab1-mil01";0.072663;742232.745118;"0.004009999";"win32";"213.200.99.211";"speedtest";1339980349;47434.913201;0.068529;"7989d7c5-459e-4910-93c2-ffd113604f5d";3269;"13";"Taranto";2;6;2012;0;18;"20120618"
"109.234.63.11";"IT";12.833300;42.833300;"AS43989 Ehinet Srl";"mlab1-mil01";0.054018;402696.409305;"0.004009999";"win32";"213.200.99.211";"bittorrent";1339980577;19172.230975;-1.000000;"5d6312ec-b414-42e6-8e89-702c7b4fd5e8";43989;"";"";2;6;2012;0;18;"20120618"
"2.36.184.63";"IT";9.200000;45.466700;"AS30722 Vodafone Omnitel N.V.";"mlab1-mil01";0.047422;530773.337155;"0.004011999";"win32";"213.200.99.211";"bittorrent";1339980926;32402.429832;-1.000000;"60e4ddb8-b47b-4b72-a668-dea9c263699a";30722;"09";"Milan";2;6;2012;0;18;"20120618"
"95.248.65.26";"IT";8.283300;46.016700;"AS3269 Telecom Italia S.p.a.";"mlab1-mil01";0.044561;700499.013562;"0.004012999";"win32";"213.200.99.211";"bittorrent";1339980951;48890.801485;-1.000000;"19176454-a721-4c97-8342-b9cf8e375390";3269;"12";"Vogogna";2;6;2012;0;18;"20120618"
"93.34.192.104";"IT";9.200000;45.466700;"AS12874 Fastweb SpA";"mlab1-mil01";0.032254;1088048.268930;"0.004008999";"linux2";"213.200.99.211";"speedtest";1339981096;1141066.855340;0.036555;"3a436766-5606-4f4e-98ae-e6e71385d6fd";12874;"09";"Milan";2;6;2012;0;18;"20120618"
"151.49.229.123";"IT";13.780000;45.648600;"AS1267 WIND Telecomunicazioni S.p.A.";"mlab1-mil01";0.022056;817839.788498;"0.004011999";"linux2";"213.200.99.211";"bittorrent";1339981155;53446.308403;-1.000000;"db4c1f00-a6b9-40ad-b36d-a2fad669a491";1267;"06";"Trieste";2;6;2012;0;18;"20120618"
"130.192.91.213";"IT";7.666700;45.050000;"AS137 GARR Italian academic and research network";"mlab1-mil01";0.013333;10826429.155000;"0.004012999";"linux2";"213.200.99.211";"speedtest";1339981217;1560348.313130;0.015221;"cd78793c-1e3b-4944-b4b2-9768fc1cdb97";137;"12";"Torino";3;6;2012;0;18;"20120618"
"188.152.94.198";"IT";12.833300;42.833300;"AS44957 Vodafone Omnitel N.V.";"mlab1-mil01";0.046024;867841.385204;"0.004012999";"linux2";"213.200.99.211";"speedtest";1339981445;49505.270541;0.051545;"b6f7bc90-fab9-4db0-af8a-1737ebd554f1";44957;"";"";3;6;2012;0;18;"20120618"
"2.227.55.184";"IT";12.500000;41.666700;"AS12874 Fastweb SpA";"mlab1-mil01";0.035888;865804.592793;"0.004012999";"linux2";"213.200.99.211";"speedtest";1339981556;105668.001967;0.041570;"202944e6-094c-4bb9-86da-7234fa3c010e";12874;"07";"Pomezia";3;6;2012;0;18;"20120618"
"188.152.109.177";"IT";7.666700;45.050000;"AS44957 Vodafone Omnitel N.V.";"mlab1-mil01";0.048481;503018.750253;"0.004012999";"darwin";"213.200.99.211";"bittorrent";1339981701;48746.880322;-1.000000;"fd2cba45-5000-4263-b0bc-8c4a654ac411";44957;"12";"Torino";3;6;2012;0;18;"20120618"
"2.36.184.63";"IT";9.200000;45.466700;"AS30722 Vodafone Omnitel N.V.";"mlab1-mil01";0.081340;469629.987095;"0.004011999";"win32";"213.200.99.211";"speedtest";1339982327;27321.421679;0.071724;"60e4ddb8-b47b-4b72-a668-dea9c263699a";30722;"09";"Milan";3;6;2012;0;18;"20120618"
"87.4.68.136";"IT";8.400000;45.783300;"AS3269 Telecom Italia S.p.a.";"mlab1-mil01";0.064626;80861.793658;"0.004012999";"win32";"213.200.99.211";"bittorrent";1339982675;34136.062883;-1.000000;"d8a56420-51dd-4f7f-811c-30fa9ca36858";3269;"12";"San Maurizio D'opaglio";3;6;2012;0;18;"20120618"
"130.192.91.213";"IT";7.666700;45.050000;"AS137 GARR Italian academic and research network";"mlab1-mil01";0.013184;11717929.620664;"0.004012999";"linux2";"213.200.99.211";"bittorrent";1339982737;6196125.536452;-1.000000;"cd78793c-1e3b-4944-b4b2-9768fc1cdb97";137;"12";"Torino";3;6;2012;0;18;"20120618"
"188.11.197.8";"IT";12.483300;41.900000;"AS3269 Telecom Italia S.p.a.";"mlab1-mil01";0.034731;1360473.388683;"0.004012999";"darwin";"213.200.99.211";"bittorrent";1339983627;91190.202296;-1.000000;"c671e4d7-9027-4ae8-9058-ad41f0746af0";3269;"07";"Rome";3;6;2012;0;18;"20120618"
"2.230.212.185";"IT";7.666700;45.050000;"AS12874 Fastweb SpA";"mlab1-mil01";0.026796;581912.997710;"0.004012999";"win32";"213.200.99.211";"bittorrent";1339984274;963102.974931;-1.000000;"93a97de3-c431-4df5-a005-ea55834352bd";12874;"12";"Torino";3;6;2012;0;18;"20120618"
"130.192.91.211";"IT";7.666700;45.050000;"AS137 GARR Italian academic and research network";"mlab1-mil01";1.214277;6333.569205;"0.004012999";"linux2";"213.200.99.211";"speedtest";1339984350;24409.785125;1.217853;"91708cf1-7028-4b58-9520-faea0010494c";137;"12";"Torino";3;6;2012;0;18;"20120618"
"95.232.210.92";"IT";7.550000;45.100000;"AS3269 Telecom Italia S.p.a.";"mlab1-mil01";0.045900;749615.135978;"0.004012999";"win32";"213.200.99.211";"speedtest";1339984588;49301.714174;0.048629;"f0582543-2bfe-4624-80ce-da152d4c2c58";3269;"12";"Pianezza";3;6;2012;0;18;"20120618"
"62.98.65.177";"IT";14.250000;40.833300;"AS1267 WIND Telecomunicazioni S.p.A.";"mlab1-mil01";0.023738;704296.613220;"0.004012999";"win32";"213.200.99.211";"bittorrent";1339984998;41582.276383;-1.000000;"2d006d8d-7c04-46bb-b056-798468ee365e";1267;"04";"Napoli";4;6;2012;0;18;"20120618"
"87.18.255.91";"IT";17.229700;40.476100;"AS3269 Telecom Italia S.p.a.";"mlab1-mil01";0.061425;761414.376961;"0.004009999";"win32";"213.200.99.211";"bittorrent";1339985089;48979.670823;-1.000000;"7989d7c5-459e-4910-93c2-ffd113604f5d";3269;"13";"Taranto";4;6;2012;0;18;"20120618"
"188.11.197.8";"IT";12.483300;41.900000;"AS3269 Telecom Italia S.p.a.";"mlab1-mil01";0.035120;1302507.928830;"0.004012999";"darwin";"213.200.99.211";"speedtest";1339985173;93276.018103;0.039198;"c671e4d7-9027-4ae8-9058-ad41f0746af0";3269;"07";"Rome";4;6;2012;0;18;"20120618"
"2.225.128.51";"IT";7.666700;45.050000;"AS12874 Fastweb SpA";"mlab1-mil01";0.047108;416404.986338;"0.004012999";"darwin";"213.200.99.211";"speedtest";1339985325;51654.295701;0.049728;"28ba3b2e-cd9a-4c00-8b29-33e0cfe5c596";12874;"12";"Torino";4;6;2012;0;18;"20120618"
"94.34.136.12";"IT";11.083300;43.783300;"AS8612 Tiscali Italia S.P.A.";"mlab1-mil01";0.070253;714058.452829;"0.004012999";"darwin";"213.200.99.211";"bittorrent";1339986065;2723.639809;-1.000000;"5f59af2e-2b13-403e-ba8c-0801e50c8913";8612;"16";"Signa";4;6;2012;0;18;"20120618"
"109.234.63.11";"IT";12.833300;42.833300;"AS43989 Ehinet Srl";"mlab1-mil01";0.031893;482619.456220;"0.004009999";"win32";"213.200.99.211";"bittorrent";1339986325;53629.617645;-1.000000;"5d6312ec-b414-42e6-8e89-702c7b4fd5e8";43989;"";"";4;6;2012;0;18;"20120618"
"134.255.171.36";"IT";12.833300;42.833300;"AS198292 Wave-Max S.r.L.";"mlab1-mil01";0.095592;320453.341085;"0.004012999";"win32";"213.200.99.211";"bittorrent";1339986396;44410.726809;-1.000000;"708a55f0-3758-4099-a346-23683a39926d";198292;"";"";4;6;2012;0;18;"20120618"
"151.49.229.123";"IT";13.780000;45.648600;"AS1267 WIND Telecomunicazioni S.p.A.";"mlab1-mil01";0.023292;811852.572366;"0.004011999";"linux2";"213.200.99.211";"bittorrent";1339987104;53495.119809;-1.000000;"db4c1f00-a6b9-40ad-b36d-a2fad669a491";1267;"06";"Trieste";4;6;2012;0;18;"20120618"
"2.227.55.184";"IT";12.500000;41.666700;"AS12874 Fastweb SpA";"mlab1-mil01";0.036016;835437.274175;"0.004012999";"linux2";"213.200.99.211";"speedtest";1339987686;107911.413487;0.039628;"202944e6-094c-4bb9-86da-7234fa3c010e";12874;"07";"Pomezia";4;6;2012;0;18;"20120618"
"95.252.38.138";"IT";9.200000;45.466700;"AS3269 Telecom Italia S.p.a.";"mlab1-mil01";0.023835;1022869.055510;"0.004012999";"win32";"213.200.99.211";"speedtest";1339987934;73829.705745;0.028601;"fabd9ec4-04a0-49f7-9afc-39e5f8c565ba";3269;"09";"Milan";4;6;2012;0;18;"20120618"
"2.225.128.51";"IT";7.666700;45.050000;"AS12874 Fastweb SpA";"mlab1-mil01";0.049282;414785.206836;"0.004012999";"darwin";"213.200.99.211";"speedtest";1339988546;51564.948654;0.051218;"28ba3b2e-cd9a-4c00-8b29-33e0cfe5c596";12874;"12";"Torino";5;6;2012;0;18;"20120618"
"130.192.91.213";"IT";7.666700;45.050000;"AS137 GARR Italian academic and research network";"mlab1-mil01";0.013545;11739771.625899;"0.004012999";"linux2";"213.200.99.211";"bittorrent";1339988728;11081026.349730;-1.000000;"cd78793c-1e3b-4944-b4b2-9768fc1cdb97";137;"12";"Torino";5;6;2012;0;18;"20120618"
"188.152.94.198";"IT";12.833300;42.833300;"AS44957 Vodafone Omnitel N.V.";"mlab1-mil01";0.046144;922377.686624;"0.004012999";"linux2";"213.200.99.211";"bittorrent";1339988912;49210.979154;-1.000000;"b6f7bc90-fab9-4db0-af8a-1737ebd554f1";44957;"";"";5;6;2012;0;18;"20120618"
"109.234.63.11";"IT";12.833300;42.833300;"AS43989 Ehinet Srl";"mlab1-mil01";0.022751;484405.158186;"0.004009999";"win32";"213.200.99.211";"bittorrent";1339989194;36239.644220;-1.000000;"5d6312ec-b414-42e6-8e89-702c7b4fd5e8";43989;"";"";5;6;2012;0;18;"20120618"
"2.225.128.51";"IT";7.666700;45.050000;"AS12874 Fastweb SpA";"mlab1-mil01";0.046196;411079.159715;"0.004012999";"darwin";"213.200.99.211";"bittorrent";1339990159;58240.505407;-1.000000;"28ba3b2e-cd9a-4c00-8b29-33e0cfe5c596";12874;"12";"Torino";5;6;2012;0;18;"20120618"
"2.230.212.185";"IT";7.666700;45.050000;"AS12874 Fastweb SpA";"mlab1-mil01";0.026925;593575.276767;"0.004012999";"win32";"213.200.99.211";"bittorrent";1339990177;975413.525370;-1.000000;"93a97de3-c431-4df5-a005-ea55834352bd";12874;"12";"Torino";5;6;2012;0;18;"20120618"
"109.234.63.11";"IT";12.833300;42.833300;"AS43989 Ehinet Srl";"mlab1-mil01";0.059180;408523.663712;"0.004009999";"win32";"213.200.99.211";"speedtest";1339990635;37977.727402;0.044385;"5d6312ec-b414-42e6-8e89-702c7b4fd5e8";43989;"";"";5;6;2012;0;18;"20120618"
"188.152.109.177";"IT";7.666700;45.050000;"AS44957 Vodafone Omnitel N.V.";"mlab1-mil01";0.047882;504056.864925;"0.004012999";"darwin";"213.200.99.211";"bittorrent";1339990725;48820.620746;-1.000000;"fd2cba45-5000-4263-b0bc-8c4a654ac411";44957;"12";"Torino";5;6;2012;0;18;"20120618"
"95.252.38.138";"IT";9.200000;45.466700;"AS3269 Telecom Italia S.p.a.";"mlab1-mil01";0.024329;996115.548538;"0.004012999";"win32";"213.200.99.211";"speedtest";1339990985;73021.284101;0.028277;"fabd9ec4-04a0-49f7-9afc-39e5f8c565ba";3269;"09";"Milan";5;6;2012;0;18;"20120618"
"151.49.229.123";"IT";13.780000;45.648600;"AS1267 WIND Telecomunicazioni S.p.A.";"mlab1-mil01";0.023251;754623.488541;"0.004011999";"linux2";"213.200.99.211";"speedtest";1339991563;53753.301089;0.027045;"db4c1f00-a6b9-40ad-b36d-a2fad669a491";1267;"06";"Trieste";5;6;2012;0;18;"20120618"
"79.20.70.163";"IT";8.066600;45.572300;"AS3269 Telecom Italia S.p.a.";"mlab1-mil01";0.038850;813524.015619;"0.004012999";"darwin";"213.200.99.211";"speedtest";1339991578;41433.295385;0.044202;"e838c543-3d44-45bd-9a51-ed5e3c0d7d06";3269;"12";"Biella";5;6;2012;0;18;"20120618"
"2.230.212.185";"IT";7.666700;45.050000;"AS12874 Fastweb SpA";"mlab1-mil01";0.027229;586829.018832;"0.004012999";"win32";"213.200.99.211";"speedtest";1339991638;1065580.021780;0.026864;"93a97de3-c431-4df5-a005-ea55834352bd";12874;"12";"Torino";5;6;2012;0;18;"20120618"
"188.152.109.177";"IT";7.666700;45.050000;"AS44957 Vodafone Omnitel N.V.";"mlab1-mil01";0.048375;480978.695539;"0.004012999";"darwin";"213.200.99.211";"speedtest";1339992225;48988.061090;0.054320;"fd2cba45-5000-4263-b0bc-8c4a654ac411";44957;"12";"Torino";6;6;2012;0;18;"20120618"
"87.18.255.91";"IT";17.229700;40.476100;"AS3269 Telecom Italia S.p.a.";"mlab1-mil01";0.072654;741718.289807;"0.004009999";"win32";"213.200.99.211";"speedtest";1339992958;50110.752859;0.068021;"7989d7c5-459e-4910-93c2-ffd113604f5d";3269;"13";"Taranto";6;6;2012;0;18;"20120618"
"79.20.70.163";"IT";8.066600;45.572300;"AS3269 Telecom Italia S.p.a.";"mlab1-mil01";0.038864;854561.831330;"0.004012999";"darwin";"213.200.99.211";"bittorrent";1339993216;41242.546707;-1.000000;"e838c543-3d44-45bd-9a51-ed5e3c0d7d06";3269;"12";"Biella";6;6;2012;0;18;"20120618"
"62.98.65.177";"IT";14.250000;40.833300;"AS1267 WIND Telecomunicazioni S.p.A.";"mlab1-mil01";0.046465;703459.235628;"0.004012999";"win32";"213.200.99.211";"bittorrent";1339993648;41262.181647;-1.000000;"2d006d8d-7c04-46bb-b056-798468ee365e";1267;"04";"Napoli";6;6;2012;0;18;"20120618"
"188.11.197.8";"IT";12.483300;41.900000;"AS3269 Telecom Italia S.p.a.";"mlab1-mil01";0.034757;1301906.668590;"0.004012999";"darwin";"213.200.99.211";"speedtest";1339994459;93326.093632;0.039067;"c671e4d7-9027-4ae8-9058-ad41f0746af0";3269;"07";"Rome";6;6;2012;0;18;"20120618"
"2.230.212.185";"IT";7.666700;45.050000;"AS12874 Fastweb SpA";"mlab1-mil01";0.045728;540843.082917;"0.004012999";"win32";"213.200.99.211";"speedtest";1339994671;1006321.843500;0.028737;"93a97de3-c431-4df5-a005-ea55834352bd";12874;"12";"Torino";6;6;2012;0;18;"20120618"
"188.152.94.198";"IT";12.833300;42.833300;"AS44957 Vodafone Omnitel N.V.";"mlab1-mil01";0.047060;922295.686864;"0.004012999";"linux2";"213.200.99.211";"bittorrent";1339994884;46645.502706;-1.000000;"b6f7bc90-fab9-4db0-af8a-1737ebd554f1";44957;"";"";6;6;2012;0;18;"20120618"
"84.221.231.178";"IT";7.666700;45.050000;"AS8612 Tiscali Italia S.P.A.";"mlab1-mil01";0.023065;1967056.550340;"0.004012999";"darwin";"213.200.99.211";"speedtest";1339994914;102395.825027;0.029152;"7e3598a2-40f8-4213-beaa-47abf033b292";8612;"12";"Torino";6;6;2012;0;18;"20120618"
"79.20.70.163";"IT";8.066600;45.572300;"AS3269 Telecom Italia S.p.a.";"mlab1-mil01";0.037657;850211.296969;"0.004012999";"darwin";"213.200.99.211";"bittorrent";1339995060;41392.438902;-1.000000;"432d3481-f83e-450d-b373-e60ae5f17efe";3269;"12";"Biella";6;6;2012;0;18;"20120618"
"188.152.109.177";"IT";7.666700;45.050000;"AS44957 Vodafone Omnitel N.V.";"mlab1-mil01";0.047874;463805.330839;"0.004012999";"darwin";"213.200.99.211";"speedtest";1339995234;48770.726695;0.056245;"fd2cba45-5000-4263-b0bc-8c4a654ac411";44957;"12";"Torino";6;6;2012;0;18;"20120618"
"88.47.41.57";"IT";12.833300;42.833300;"AS3269 Telecom Italia S.p.a.";"mlab1-mil01";0.059974;760732.065666;"0.004012999";"win32";"213.200.99.211";"bittorrent";1339997210;46545.711422;-1.000000;"ec2e71be-f555-4dee-b674-bc8e80a61d77";3269;"";"";7;6;2012;0;18;"20120618"
"109.117.162.135";"IT";12.833300;42.833300;"AS30722 Vodafone Omnitel N.V.";"mlab1-mil01";0.088768;224005.705324;"0.004012999";"linux2";"213.200.99.211";"speedtest";1339997709;7205.395064;0.121608;"69812081-5887-4c20-99b8-91c1d276eca2";30722;"";"";7;6;2012;0;18;"20120618"
"130.192.91.213";"IT";7.666700;45.050000;"AS137 GARR Italian academic and research network";"mlab1-mil01";0.013378;11747892.792215;"0.004012999";"linux2";"213.200.99.211";"bittorrent";1339997714;7407875.142532;-1.000000;"cd78793c-1e3b-4944-b4b2-9768fc1cdb97";137;"12";"Torino";7;6;2012;0;18;"20120618"
"109.234.63.11";"IT";12.833300;42.833300;"AS43989 Ehinet Srl";"mlab1-mil01";0.053065;451689.789348;"0.004009999";"win32";"213.200.99.211";"bittorrent";1339997829;57024.303430;-1.000000;"5d6312ec-b414-42e6-8e89-702c7b4fd5e8";43989;"";"";7;6;2012;0;18;"20120618"
"79.0.19.229";"IT";12.483300;41.900000;"AS3269 Telecom Italia S.p.a.";"mlab1-mil01";0.030948;1438623.738450;"0.004012999";"darwin";"213.200.99.211";"speedtest";1339998112;104574.710299;0.034033;"69fb5e33-52f0-4549-a67d-9deb0c9b5493";3269;"07";"Rome";7;6;2012;0;18;"20120618"
"79.20.70.163";"IT";8.066600;45.572300;"AS3269 Telecom Italia S.p.a.";"mlab1-mil01";0.038950;812802.392831;"0.004012999";"darwin";"213.200.99.211";"speedtest";1339998119;41535.445278;0.044827;"e838c543-3d44-45bd-9a51-ed5e3c0d7d06";3269;"12";"Biella";7;6;2012;0;18;"20120618"
"188.152.109.177";"IT";7.666700;45.050000;"AS44957 Vodafone Omnitel N.V.";"mlab1-mil01";0.047786;453779.593194;"0.004012999";"darwin";"213.200.99.211";"speedtest";1339998242;48786.367639;0.055022;"fd2cba45-5000-4263-b0bc-8c4a654ac411";44957;"12";"Torino";7;6;2012;0;18;"20120618"
"78.14.224.92";"IT";9.116700;45.766700;"AS8612 Tiscali Italia S.P.A.";"mlab1-mil01";0.035217;381446.343300;"0.004012999";"darwin";"213.200.99.211";"speedtest";1339998435;28165.468117;0.038830;"39792736-bd8b-4a56-942d-1cc983336add";8612;"09";"Lurago D'erba";7;6;2012;0;18;"20120618"
"85.18.29.42";"IT";9.200000;45.466700;"AS12874 Fastweb SpA";"mlab1-mil01";0.023722;1145184.097900;"0.004012999";"darwin";"213.200.99.211";"speedtest";1339999023;1156911.213950;0.024656;"2c46fdf6-7306-4016-9a75-e529fa590549";12874;"09";"Milan";7;6;2012;0;18;"20120618"
"79.9.218.223";"IT";12.483300;41.900000;"AS3269 Telecom Italia S.p.a.";"mlab1-mil01";0.034855;793689.304366;"0.004012999";"darwin";"213.200.99.211";"speedtest";1339999250;93361.482183;0.038058;"4372ef01-dfbb-4175-8485-4bcfde678997";3269;"07";"Rome";8;6;2012;0;18;"20120618"
"109.234.63.11";"IT";12.833300;42.833300;"AS43989 Ehinet Srl";"mlab1-mil01";0.025510;426547.808877;"0.004009999";"win32";"213.200.99.211";"speedtest";1339999271;42603.613215;0.049203;"5d6312ec-b414-42e6-8e89-702c7b4fd5e8";43989;"";"";8;6;2012;0;18;"20120618"
"87.18.255.91";"IT";17.229700;40.476100;"AS3269 Telecom Italia S.p.a.";"mlab1-mil01";0.071561;730397.383616;"0.004009999";"win32";"213.200.99.211";"speedtest";1339999263;50119.118362;0.068541;"7989d7c5-459e-4910-93c2-ffd113604f5d";3269;"13";"Taranto";8;6;2012;0;18;"20120618"
"93.63.140.2";"IT";12.435800;44.070800;"AS12874 Fastweb SpA";"mlab1-mil01";0.044195;352698.256709;"0.004012999";"win32";"213.200.99.211";"bittorrent";1339999731;250470.952176;-1.000000;"8050c4c2-de4c-4f89-ab47-528f246a0f23";12874;"05";"Santarcangelo";8;6;2012;0;18;"20120618"
"188.152.109.177";"IT";7.666700;45.050000;"AS44957 Vodafone Omnitel N.V.";"mlab1-mil01";0.193940;331771.134744;"0.004012999";"darwin";"213.200.99.211";"bittorrent";1339999764;20878.041320;-1.000000;"fd2cba45-5000-4263-b0bc-8c4a654ac411";44957;"12";"Torino";8;6;2012;0;18;"20120618"
"88.47.41.57";"IT";12.833300;42.833300;"AS3269 Telecom Italia S.p.a.";"mlab1-mil01";0.545578;592071.034529;"0.004012999";"win32";"213.200.99.211";"bittorrent";1340000078;43515.479953;-1.000000;"ec2e71be-f555-4dee-b674-bc8e80a61d77";3269;"";"";8;6;2012;0;18;"20120618"
"31.196.6.210";"IT";12.833300;42.833300;"AS3269 Telecom Italia S.p.a.";"mlab1-mil01";0.360406;201780.886163;"0.004012999";"win32";"213.200.99.211";"speedtest";1340000362;208136.952623;0.110058;"8f96be96-0318-4e62-a639-7816bf69ae7b";3269;"";"";8;6;2012;0;18;"20120618"
"81.174.47.101";"IT";12.833300;42.833300;"AS35612 NGI Spa";"mlab1-mil01";0.011816;849057.691624;"0.004012999";"darwin";"213.200.99.211";"bittorrent";1340000561;112893.557633;-1.000000;"59a9e8e1-3618-48e2-adea-6559f48400b8";35612;"";"";8;6;2012;0;18;"20120618"
"79.20.70.163";"IT";8.066600;45.572300;"AS3269 Telecom Italia S.p.a.";"mlab1-mil01";0.038954;813124.097742;"0.004012999";"darwin";"213.200.99.211";"speedtest";1340001386;41430.000712;0.044374;"e838c543-3d44-45bd-9a51-ed5e3c0d7d06";3269;"12";"Biella";8;6;2012;0;18;"20120618"
"88.47.41.57";"IT";12.833300;42.833300;"AS3269 Telecom Italia S.p.a.";"mlab1-mil01";0.044546;711217.180282;"0.004012999";"win32";"213.200.99.211";"speedtest";1340001540;45594.734352;0.050035;"ec2e71be-f555-4dee-b674-bc8e80a61d77";3269;"";"";8;6;2012;0;18;"20120618"
"87.2.107.159";"IT";11.083300;46.216700;"AS3269 Telecom Italia S.p.a.";"mlab1-mil01";0.028138;1389536.229600;"0.004012999";"darwin";"213.200.99.211";"speedtest";1340001840;100484.127901;0.031716;"3a2b787f-c941-4b74-b356-2363c9904a6c";3269;"17";"Mezzolombardo";8;6;2012;0;18;"20120618"
"151.65.29.17";"IT";10.200000;45.650000;"AS1267 WIND Telecomunicazioni S.p.A.";"mlab1-mil01";0.033815;823964.142949;"0.004012999";"win32";"213.200.99.211";"speedtest";1340001891;105205.802844;0.038738;"9861474e-5920-4dc4-b269-535f5029f86a";1267;"09";"Sarezzo";8;6;2012;0;18;"20120618"
"130.192.91.211";"IT";7.666700;45.050000;"AS137 GARR Italian academic and research network";"mlab1-mil01";1.214100;4808.870921;"0.004012999";"linux2";"213.200.99.211";"speedtest";1340001949;18224.922409;1.217367;"91708cf1-7028-4b58-9520-faea0010494c";137;"12";"Torino";8;6;2012;0;18;"20120618"
"84.221.231.178";"IT";7.666700;45.050000;"AS8612 Tiscali Italia S.P.A.";"mlab1-mil01";0.023383;2040355.751061;"0.004012999";"darwin";"213.200.99.211";"bittorrent";1340002039;104573.417879;-1.000000;"7e3598a2-40f8-4213-beaa-47abf033b292";8612;"12";"Torino";8;6;2012;0;18;"20120618"
"85.18.29.42";"IT";9.200000;45.466700;"AS12874 Fastweb SpA";"mlab1-mil01";0.023689;1144854.215850;"0.004012999";"darwin";"213.200.99.211";"speedtest";1340002063;1155190.081800;0.024660;"2c46fdf6-7306-4016-9a75-e529fa590549";12874;"09";"Milan";8;6;2012;0;18;"20120618"
"217.133.46.117";"IT";11.316700;43.583300;"AS8612 Tiscali Italia S.P.A.";"mlab1-mil01";0.027625;1671587.917010;"0.004012999";"win32";"213.200.99.211";"speedtest";1340002575;78928.554322;0.030549;"2765e625-af97-4607-9fbe-b7195291ba59";8612;"16";"Greve";8;6;2012;0;18;"20120618"
"95.252.38.138";"IT";9.200000;45.466700;"AS3269 Telecom Italia S.p.a.";"mlab1-mil01";0.024082;1022831.847930;"0.004012999";"win32";"213.200.99.211";"speedtest";1340003188;73873.288963;0.029202;"fabd9ec4-04a0-49f7-9afc-39e5f8c565ba";3269;"09";"Milan";9;6;2012;0;18;"20120618"
"79.30.49.39";"IT";8.950000;44.416700;"AS3269 Telecom Italia S.p.a.";"mlab1-mil01";0.209002;52347.162842;"0.004012999";"win32";"213.200.99.211";"bittorrent";1340003213;23570.626652;-1.000000;"14b0478f-78ea-46ec-8409-548af450a827";3269;"08";"Genova";9;6;2012;0;18;"20120618"
"93.62.73.167";"IT";7.666700;45.050000;"AS12874 Fastweb SpA";"mlab1-mil01";0.048189;1645685.047084;"0.004012999";"win32";"213.200.99.211";"bittorrent";1340003284;70149.544189;-1.000000;"ba264b82-0dde-485e-bdfd-b866b37d1bf8";12874;"12";"Torino";9;6;2012;0;18;"20120618"
"87.2.107.159";"IT";11.083300;46.216700;"AS3269 Telecom Italia S.p.a.";"mlab1-mil01";0.027657;1412281.215515;"0.004012999";"darwin";"213.200.99.211";"bittorrent";1340003436;101449.308838;-1.000000;"3a2b787f-c941-4b74-b356-2363c9904a6c";3269;"17";"Mezzolombardo";9;6;2012;0;18;"20120618"
"85.18.29.42";"IT";9.200000;45.466700;"AS12874 Fastweb SpA";"mlab1-mil01";0.023469;1148311.785765;"0.004012999";"darwin";"213.200.99.211";"bittorrent";1340003583;1158958.067377;-1.000000;"2c46fdf6-7306-4016-9a75-e529fa590549";12874;"09";"Milan";9;6;2012;0;18;"20120618"
"151.32.59.217";"IT";12.833300;42.833300;"AS1267 WIND Telecomunicazioni S.p.A.";"mlab1-mil01";0.011212;833538.668755;"0.004012999";"linux2";"213.200.99.211";"speedtest";1340003635;51434.693035;0.015931;"e58cbc1f-8414-4fe3-8578-f8c48106d21d";1267;"";"";9;6;2012;0;18;"20120618"
"79.41.80.159";"IT";12.833300;42.833300;"AS3269 Telecom Italia S.p.a.";"mlab1-mil01";0.040693;648720.336982;"0.004012999";"win32";"213.200.99.211";"speedtest";1340003970;29103.690470;0.052688;"82d91f18-b22f-4114-9d5f-c95a1ed7ad87";3269;"";"";9;6;2012;0;18;"20120618"
"147.162.42.20";"IT";11.883300;45.416700;"AS137 GARR Italian academic and research network";"mlab1-mil01";0.013602;11393460.177553;"0.004010999";"linux2";"213.200.99.211";"bittorrent";1340004184;11506038.167932;-1.000000;"727d6a40-2b78-4641-8061-04b6a384e6a6";137;"20";"Padova";9;6;2012;0;18;"20120618"
"188.152.109.177";"IT";7.666700;45.050000;"AS44957 Vodafone Omnitel N.V.";"mlab1-mil01";0.129224;352207.213516;"0.004012999";"darwin";"213.200.99.211";"speedtest";1340004299;27981.184506;0.112198;"fd2cba45-5000-4263-b0bc-8c4a654ac411";44957;"12";"Torino";9;6;2012;0;18;"20120618"
"37.116.41.81";"IT";8.866700;44.900000;"AS30722 Vodafone Omnitel N.V.";"mlab1-mil01";0.246527;261456.352987;"0.004012999";"win32";"213.200.99.211";"speedtest";1340004468;61952.820921;0.041390;"19176454-a721-4c97-8342-b9cf8e375390";30722;"12";"Tortona";9;6;2012;0;18;"20120618"
"93.63.140.2";"IT";12.435800;44.070800;"AS12874 Fastweb SpA";"mlab1-mil01";0.045014;328399.523009;"0.004012999";"win32";"213.200.99.211";"speedtest";1340004519;194918.589043;0.049093;"8050c4c2-de4c-4f89-ab47-528f246a0f23";12874;"05";"Santarcangelo";9;6;2012;0;18;"20120618"
"78.14.224.92";"IT";9.116700;45.766700;"AS8612 Tiscali Italia S.P.A.";"mlab1-mil01";0.035702;540677.830715;"0.004012999";"darwin";"213.200.99.211";"speedtest";1340004551;22810.350820;0.037368;"39792736-bd8b-4a56-942d-1cc983336add";8612;"09";"Lurago D'erba";9;6;2012;0;18;"20120618"
"79.39.193.153";"IT";12.833300;42.833300;"AS3269 Telecom Italia S.p.a.";"mlab1-mil01";0.115845;473915.727100;"0.004012999";"win32";"213.200.99.211";"speedtest";1340004692;44163.587223;0.109891;"ec58670d-cc26-4c10-aeb5-a22a61fd34c0";3269;"";"";9;6;2012;0;18;"20120618"
"79.30.49.39";"IT";8.950000;44.416700;"AS3269 Telecom Italia S.p.a.";"mlab1-mil01";0.069543;78471.623845;"0.004012999";"win32";"213.200.99.211";"speedtest";1340004754;20845.074781;0.077261;"14b0478f-78ea-46ec-8409-548af450a827";3269;"08";"Genova";9;6;2012;0;18;"20120618"
"95.226.164.10";"IT";11.416700;45.683300;"AS3269 Telecom Italia S.p.a.";"mlab1-mil01";0.041061;854834.612149;"0.004005999";"win32";"213.200.99.211";"bittorrent";1340004814;39459.759996;-1.000000;"54ca976f-8551-47fc-bce1-b06f00a12720";3269;"20";"Marano Vicentino";9;6;2012;0;18;"20120618"
"109.234.63.11";"IT";12.833300;42.833300;"AS43989 Ehinet Srl";"mlab1-mil01";0.055008;393014.257080;"0.004009999";"win32";"213.200.99.211";"speedtest";1340005048;21624.397969;0.053932;"5d6312ec-b414-42e6-8e89-702c7b4fd5e8";43989;"";"";9;6;2012;0;18;"20120618"
"2.230.212.185";"IT";7.666700;45.050000;"AS12874 Fastweb SpA";"mlab1-mil01";0.027279;594717.121974;"0.004012999";"win32";"213.200.99.211";"bittorrent";1340005039;911010.603013;-1.000000;"93a97de3-c431-4df5-a005-ea55834352bd";12874;"12";"Torino";9;6;2012;0;18;"20120618"
"151.32.59.217";"IT";12.833300;42.833300;"AS1267 WIND Telecomunicazioni S.p.A.";"mlab1-mil01";0.246582;397061.398968;"0.004012999";"linux2";"213.200.99.211";"bittorrent";1340005098;41749.507294;-1.000000;"e58cbc1f-8414-4fe3-8578-f8c48106d21d";1267;"";"";9;6;2012;0;18;"20120618"
"81.174.47.101";"IT";12.833300;42.833300;"AS35612 NGI Spa";"mlab1-mil01";0.012758;939520.577293;"0.004012999";"darwin";"213.200.99.211";"speedtest";1340005379;112865.530908;0.015113;"59a9e8e1-3618-48e2-adea-6559f48400b8";35612;"";"";9;6;2012;0;18;"20120618"
"79.41.80.159";"IT";12.833300;42.833300;"AS3269 Telecom Italia S.p.a.";"mlab1-mil01";0.040608;606247.668870;"0.004012999";"win32";"213.200.99.211";"bittorrent";1340005506;48141.963727;-1.000000;"82d91f18-b22f-4114-9d5f-c95a1ed7ad87";3269;"";"";9;6;2012;0;18;"20120618"
"87.2.107.159";"IT";11.083300;46.216700;"AS3269 Telecom Italia S.p.a.";"mlab1-mil01";0.027127;1428360.020088;"0.004012999";"darwin";"213.200.99.211";"bittorrent";1340005574;4989.991167;-1.000000;"8cfc4b59-c9c4-47a5-90ef-869237dc6ca3";3269;"17";"Mezzolombardo";9;6;2012;0;18;"20120618"
"87.18.255.91";"IT";17.229700;40.476100;"AS3269 Telecom Italia S.p.a.";"mlab1-mil01";0.075612;744756.000555;"0.004009999";"win32";"213.200.99.211";"speedtest";1340005572;49538.525455;0.069063;"7989d7c5-459e-4910-93c2-ffd113604f5d";3269;"13";"Taranto";9;6;2012;0;18;"20120618"
"85.18.116.244";"IT";8.900000;45.400000;"AS12874 Fastweb SpA";"mlab1-mil01";0.021692;6971335.633080;"0.004012999";"linux2";"213.200.99.211";"speedtest";1340005898;6011819.832900;0.022881;"c76e28cf-4020-40f2-ae3f-39482e23ced0";12874;"09";"Abbiategrasso";9;6;2012;0;18;"20120618"
"134.255.171.36";"IT";12.833300;42.833300;"AS198292 Wave-Max S.r.L.";"mlab1-mil01";0.083660;328990.487310;"0.004012999";"win32";"213.200.99.211";"bittorrent";1340005986;45619.964078;-1.000000;"708a55f0-3758-4099-a346-23683a39926d";198292;"";"";9;6;2012;0;18;"20120618"
"95.229.187.136";"IT";12.833300;42.833300;"AS3269 Telecom Italia S.p.a.";"mlab1-mil01";0.041203;766142.933335;"0.004012999";"win32";"213.200.99.211";"bittorrent";1340006134;75212.291625;-1.000000;"a4010725-b228-4400-bd21-b9e05989bafb";3269;"";"";9;6;2012;0;18;"20120618"
"79.39.193.153";"IT";12.833300;42.833300;"AS3269 Telecom Italia S.p.a.";"mlab1-mil01";0.105119;613638.684252;"0.004012999";"win32";"213.200.99.211";"bittorrent";1340006238;45199.456300;-1.000000;"ec58670d-cc26-4c10-aeb5-a22a61fd34c0";3269;"";"";9;6;2012;0;18;"20120618"
"2.225.128.51";"IT";7.666700;45.050000;"AS12874 Fastweb SpA";"mlab1-mil01";0.048625;436273.479621;"0.004012999";"darwin";"213.200.99.211";"bittorrent";1340006265;62297.280760;-1.000000;"28ba3b2e-cd9a-4c00-8b29-33e0cfe5c596";12874;"12";"Torino";9;6;2012;0;18;"20120618"
"130.192.91.211";"IT";7.666700;45.050000;"AS137 GARR Italian academic and research network";"mlab1-mil01";1.214517;52370.481007;"0.004012999";"linux2";"213.200.99.211";"bittorrent";1340006355;53272.223666;-1.000000;"91708cf1-7028-4b58-9520-faea0010494c";137;"12";"Torino";9;6;2012;0;18;"20120618"
"93.62.242.110";"IT";12.029400;45.421400;"AS12874 Fastweb SpA";"mlab1-mil01";0.031062;385086.242995;"0.004012999";"darwin";"213.200.99.211";"bittorrent";1340006678;412888.422091;-1.000000;"9905faad-2379-4ce5-bea7-d26dfd5ef167";12874;"20";"Fiesso D'artico";10;6;2012;0;18;"20120618"
"79.0.19.229";"IT";12.483300;41.900000;"AS3269 Telecom Italia S.p.a.";"mlab1-mil01";0.031455;1383444.520680;"0.004012999";"darwin";"213.200.99.211";"speedtest";1340006751;86902.223441;0.034025;"69fb5e33-52f0-4549-a67d-9deb0c9b5493";3269;"07";"Rome";10;6;2012;0;18;"20120618"
"85.18.117.112";"IT";7.883300;45.183300;"AS12874 Fastweb SpA";"mlab1-mil01";0.025188;889706.620654;"0.004012999";"darwin";"213.200.99.211";"speedtest";1340007088;475011.452830;0.030337;"e28f6cdb-f2d1-41fe-bb40-53e7a0b0e31d";12874;"12";"Chivasso";10;6;2012;0;18;"20120618"
"85.18.116.244";"IT";8.900000;45.400000;"AS12874 Fastweb SpA";"mlab1-mil01";0.021351;6464020.863147;"0.004012999";"linux2";"213.200.99.211";"bittorrent";1340007318;4944042.099125;-1.000000;"c76e28cf-4020-40f2-ae3f-39482e23ced0";12874;"09";"Abbiategrasso";10;6;2012;0;18;"20120618"
"188.216.183.24";"IT";12.833300;42.833300;"AS30722 Vodafone Omnitel N.V.";"mlab1-mil01";0.059884;789006.354704;"0.004012999";"darwin";"213.200.99.211";"speedtest";1340007471;65063.674002;0.065614;"eb287f52-d429-4a32-aa75-ba1fd1cf87d2";30722;"";"";10;6;2012;0;18;"20120618"
"80.180.128.61";"IT";9.666700;45.016700;"AS3269 Telecom Italia S.p.a.";"mlab1-mil01";0.025157;1709575.887842;"0.004012999";"win32";"213.200.99.211";"bittorrent";1340007516;96126.591041;-1.000000;"a6b33ac3-0345-4892-98b5-ad125988a24b";3269;"05";"Piacenza";10;6;2012;0;18;"20120618"
"93.146.161.149";"IT";7.850000;44.650000;"AS30722 Vodafone Omnitel N.V.";"mlab1-mil01";0.062223;862750.879199;"0.004012999";"win32";"213.200.99.211";"bittorrent";1340007551;48968.022006;-1.000000;"63af0c3f-3aaa-47b4-9fd3-1008633c1b09";30722;"12";"Cherasco";10;6;2012;0;18;"20120618"
"79.39.193.153";"IT";12.833300;42.833300;"AS3269 Telecom Italia S.p.a.";"mlab1-mil01";0.107025;493138.121065;"0.004012999";"win32";"213.200.99.211";"speedtest";1340007933;45706.705309;0.110730;"ec58670d-cc26-4c10-aeb5-a22a61fd34c0";3269;"";"";10;6;2012;0;18;"20120618"
"2.225.128.51";"IT";7.666700;45.050000;"AS12874 Fastweb SpA";"mlab1-mil01";0.047072;416087.739546;"0.004012999";"darwin";"213.200.99.211";"speedtest";1340007873;47625.989755;0.048767;"28ba3b2e-cd9a-4c00-8b29-33e0cfe5c596";12874;"12";"Torino";10;6;2012;0;18;"20120618"
"87.0.171.69";"IT";8.350000;44.766700;"AS3269 Telecom Italia S.p.a.";"mlab1-mil01";0.322757;307287.373488;"0.004012999";"darwin";"213.200.99.211";"speedtest";1340007912;49102.405570;0.252926;"6b759052-c812-4f14-90ce-16e61560a573";3269;"12";"Nizza Monferrato";10;6;2012;0;18;"20120618"
"151.49.229.123";"IT";13.780000;45.648600;"AS1267 WIND Telecomunicazioni S.p.A.";"mlab1-mil01";0.022800;795147.021891;"0.004011999";"linux2";"213.200.99.211";"bittorrent";1340007925;53002.058331;-1.000000;"db4c1f00-a6b9-40ad-b36d-a2fad669a491";1267;"06";"Trieste";10;6;2012;0;18;"20120618"
"87.13.39.29";"IT";12.833300;42.833300;"AS3269 Telecom Italia S.p.a.";"mlab1-mil01";0.047646;71901.883649;"0.004009999";"win32";"213.200.99.211";"bittorrent";1340007936;36634.104197;-1.000000;"51c03cdf-92f5-46e9-bdef-c1c88bec98ce";3269;"";"";10;6;2012;0;18;"20120618"
"62.98.65.177";"IT";14.250000;40.833300;"AS1267 WIND Telecomunicazioni S.p.A.";"mlab1-mil01";0.024387;684096.363579;"0.004012999";"win32";"213.200.99.211";"bittorrent";1340008066;41446.325765;-1.000000;"2d006d8d-7c04-46bb-b056-798468ee365e";1267;"04";"Napoli";10;6;2012;0;18;"20120618"
"217.133.46.117";"IT";11.316700;43.583300;"AS8612 Tiscali Italia S.P.A.";"mlab1-mil01";0.028360;1620778.872720;"0.004012999";"win32";"213.200.99.211";"speedtest";1340008330;70826.231523;0.030848;"2765e625-af97-4607-9fbe-b7195291ba59";8612;"16";"Greve";10;6;2012;0;18;"20120618"
"31.185.19.156";"IT";12.566700;43.050000;"AS47187 Forinicom S.r.l.";"mlab1-mil01";0.024935;47665.243308;"0.004012999";"win32";"213.200.99.211";"speedtest";1340008525;47390.507237;0.021179;"2a30a2a8-273c-4b16-9671-803dc3d96492";47187;"18";"Santa Maria Degli Angeli";10;6;2012;0;18;"20120618"
"81.174.47.101";"IT";12.833300;42.833300;"AS35612 NGI Spa";"mlab1-mil01";0.011873;1128978.917120;"0.004012999";"darwin";"213.200.99.211";"speedtest";1340008586;112863.996231;0.015578;"59a9e8e1-3618-48e2-adea-6559f48400b8";35612;"";"";10;6;2012;0;18;"20120618"
"195.110.137.171";"IT";12.483300;41.900000;"AS5396 MC-link Spa";"mlab1-mil01";0.035549;682792.752407;"0.004012999";"darwin";"213.200.99.211";"speedtest";1340008612;19515.743342;0.040833;"2d27e34d-ed0a-4c70-8dc2-070f5a0499a1";5396;"07";"Rome";10;6;2012;0;18;"20120618"
"134.255.171.36";"IT";12.833300;42.833300;"AS198292 Wave-Max S.r.L.";"mlab1-mil01";0.098363;226023.754897;"0.004012999";"win32";"213.200.99.211";"bittorrent";1340008785;27009.125990;-1.000000;"708a55f0-3758-4099-a346-23683a39926d";198292;"";"";10;6;2012;0;18;"20120618"
"188.152.109.177";"IT";7.666700;45.050000;"AS44957 Vodafone Omnitel N.V.";"mlab1-mil01";0.057452;427982.576306;"0.004012999";"darwin";"213.200.99.211";"bittorrent";1340008887;45370.275725;-1.000000;"fd2cba45-5000-4263-b0bc-8c4a654ac411";44957;"12";"Torino";10;6;2012;0;18;"20120618"
"188.216.183.24";"IT";12.833300;42.833300;"AS30722 Vodafone Omnitel N.V.";"mlab1-mil01";0.060044;855709.229785;"0.004012999";"darwin";"213.200.99.211";"bittorrent";1340008957;64393.515465;-1.000000;"eb287f52-d429-4a32-aa75-ba1fd1cf87d2";30722;"";"";10;6;2012;0;18;"20120618"
"31.196.6.210";"IT";12.833300;42.833300;"AS3269 Telecom Italia S.p.a.";"mlab1-mil01";0.017148;160713.984709;"0.004012999";"win32";"213.200.99.211";"speedtest";1340009191;210335.992254;0.014484;"8f96be96-0318-4e62-a639-7816bf69ae7b";3269;"";"";10;6;2012;0;18;"20120618"
"81.174.11.50";"IT";8.650000;45.850000;"AS35612 NGI Spa";"mlab1-mil01";0.058411;499274.460307;"0.004012999";"darwin";"213.200.99.211";"bittorrent";1340009177;47857.378280;-1.000000;"04eb82ec-76b3-4615-b25a-7c0279090671";35612;"09";"Besozzo";10;6;2012;0;18;"20120618"
"151.49.229.123";"IT";13.780000;45.648600;"AS1267 WIND Telecomunicazioni S.p.A.";"mlab1-mil01";0.022387;763230.910226;"0.004011999";"linux2";"213.200.99.211";"speedtest";1340009409;52873.253378;0.027112;"db4c1f00-a6b9-40ad-b36d-a2fad669a491";1267;"06";"Trieste";10;6;2012;0;18;"20120618"
"2.230.212.185";"IT";7.666700;45.050000;"AS12874 Fastweb SpA";"mlab1-mil01";0.031272;560373.936789;"0.004012999";"win32";"213.200.99.211";"speedtest";1340009452;1046174.960920;0.029297;"93a97de3-c431-4df5-a005-ea55834352bd";12874;"12";"Torino";10;6;2012;0;18;"20120618"
"62.98.65.177";"IT";14.250000;40.833300;"AS1267 WIND Telecomunicazioni S.p.A.";"mlab1-mil01";0.037490;640348.584208;"0.004012999";"win32";"213.200.99.211";"speedtest";1340009501;39446.156448;0.034604;"2d006d8d-7c04-46bb-b056-798468ee365e";1267;"04";"Napoli";10;6;2012;0;18;"20120618"
"88.87.119.170";"IT";7.666700;45.050000;"AS34606 BBBell s.r.l. - Telecommunication Services";"mlab1-mil01";0.030847;49077.435126;"0.004012999";"win32";"213.200.99.211";"bittorrent";1340009993;15297.552753;-1.000000;"241c3a7e-ba9b-4a0d-9bea-1c379895fdaa";34606;"12";"Torino";10;6;2012;0;18;"20120618"
"87.2.107.159";"IT";11.083300;46.216700;"AS3269 Telecom Italia S.p.a.";"mlab1-mil01";0.041606;1352746.894610;"0.004012999";"darwin";"213.200.99.211";"speedtest";1340010301;100202.647270;0.036580;"8cfc4b59-c9c4-47a5-90ef-869237dc6ca3";3269;"17";"Mezzolombardo";11;6;2012;0;18;"20120618"
"188.152.109.177";"IT";7.666700;45.050000;"AS44957 Vodafone Omnitel N.V.";"mlab1-mil01";0.046610;470626.599279;"0.004012999";"darwin";"213.200.99.211";"speedtest";1340010386;35105.468842;0.059573;"fd2cba45-5000-4263-b0bc-8c4a654ac411";44957;"12";"Torino";11;6;2012;0;18;"20120618"
"37.182.163.4";"IT";12.833300;42.833300;"AS30722 Vodafone Omnitel N.V.";"mlab1-mil01";0.052729;6405.796946;"0.004012999";"win32";"213.200.99.211";"bittorrent";1340010555;7043.321949;-1.000000;"6e54bc7f-fbfd-4c61-b304-c99deb512a0f";30722;"";"";11;6;2012;0;18;"20120618"
"130.192.91.211";"IT";7.666700;45.050000;"AS137 GARR Italian academic and research network";"mlab1-mil01";0.018012;4523808.559900;"0.004012999";"linux2";"213.200.99.211";"speedtest";1340010728;590966.617104;0.018324;"91708cf1-7028-4b58-9520-faea0010494c";137;"12";"Torino";11;6;2012;0;18;"20120618"
"95.252.38.138";"IT";9.200000;45.466700;"AS3269 Telecom Italia S.p.a.";"mlab1-mil01";0.023519;941370.328338;"0.004012999";"win32";"213.200.99.211";"bittorrent";1340010819;75075.675359;-1.000000;"fabd9ec4-04a0-49f7-9afc-39e5f8c565ba";3269;"09";"Milan";11;6;2012;0;18;"20120618"
"95.237.222.196";"IT";7.666700;45.050000;"AS3269 Telecom Italia S.p.a.";"mlab1-mil01";0.044028;335428.228383;"0.004012999";"win32";"213.200.99.211";"bittorrent";1340011012;48649.032414;-1.000000;"47bce1bd-51cc-4815-b6db-71ab66220dd6";3269;"12";"Torino";11;6;2012;0;18;"20120618"
"94.33.1.179";"IT";9.216700;45.550000;"AS8612 Tiscali Italia S.P.A.";"mlab1-mil01";0.026367;1071083.187013;"0.004012999";"linux2";"213.200.99.211";"bittorrent";1340011136;102729.408933;-1.000000;"c8e22a26-c7da-46ee-8473-787638c3fd84";8612;"09";"Cinisello Balsamo";11;6;2012;0;18;"20120618"
"85.18.29.42";"IT";9.200000;45.466700;"AS12874 Fastweb SpA";"mlab1-mil01";0.023327;1094769.100230;"0.004012999";"darwin";"213.200.99.211";"speedtest";1340011183;1148937.577980;0.024811;"2c46fdf6-7306-4016-9a75-e529fa590549";12874;"09";"Milan";11;6;2012;0;18;"20120618"
"31.190.141.216";"IT";14.750000;37.316700;"AS24608 H3G S.p.A.";"mlab1-mil01";0.146076;184601.475004;"0.004012999";"win32";"213.200.99.211";"bittorrent";1340011673;148393.511473;-1.000000;"43e189b1-5c5f-4b85-a1d1-ac76b3b89286";24608;"15";"Palagonia";11;6;2012;0;18;"20120618"
"93.35.228.152";"IT";9.116700;45.766700;"AS12874 Fastweb SpA";"mlab1-mil01";0.048171;799243.112959;"0.004011999";"win32";"213.200.99.211";"speedtest";1340011845;45185.474164;0.051786;"9a8fa0ab-ee51-4da8-b32c-4f50bc470f20";12874;"09";"Lurago D'erba";11;6;2012;0;18;"20120618"
"87.8.229.178";"IT";7.666700;45.050000;"AS3269 Telecom Italia S.p.a.";"mlab1-mil01";0.044140;576599.103806;"0.004012999";"win32";"213.200.99.211";"bittorrent";1340011867;49453.564211;-1.000000;"d6bbc582-d8eb-4ead-ba2c-3fffeda97549";3269;"12";"Torino";11;6;2012;0;18;"20120618"
"31.196.6.210";"IT";12.833300;42.833300;"AS3269 Telecom Italia S.p.a.";"mlab1-mil01";0.018825;163559.194650;"0.004012999";"win32";"213.200.99.211";"speedtest";1340012132;204811.259901;0.014500;"8f96be96-0318-4e62-a639-7816bf69ae7b";3269;"";"";11;6;2012;0;18;"20120618"
"95.248.79.141";"IT";9.683300;45.366700;"AS3269 Telecom Italia S.p.a.";"mlab1-mil01";0.024713;1925532.813670;"0.004012999";"win32";"213.200.99.211";"speedtest";1340012074;101862.857803;0.026395;"4e01c135-aee3-4a25-a2fd-429c447dc4bd";3269;"09";"Crema";11;6;2012;0;18;"20120618"
"217.133.23.13";"IT";12.833300;42.833300;"AS8612 Tiscali Italia S.P.A.";"mlab1-mil01";0.029084;1267980.712484;"0.004012999";"darwin";"213.200.99.211";"bittorrent";1340012163;105363.128647;-1.000000;"7da8ef87-6dfd-41fe-8a53-f1a960d7de12";8612;"";"";11;6;2012;0;18;"20120618"
"109.234.63.11";"IT";12.833300;42.833300;"AS43989 Ehinet Srl";"mlab1-mil01";0.060871;433022.054508;"0.004009999";"win32";"213.200.99.211";"bittorrent";1340012273;28435.591983;-1.000000;"5d6312ec-b414-42e6-8e89-702c7b4fd5e8";43989;"";"";11;6;2012;0;18;"20120618"
"151.33.126.106";"IT";7.716700;45.183300;"AS1267 WIND Telecomunicazioni S.p.A.";"mlab1-mil01";0.009180;2006355.542210;"0.004012999";"win32";"213.200.99.211";"speedtest";1340012400;104637.232610;0.012376;"750b74dc-a4a8-4f1d-be31-231d72d952a2";1267;"12";"Leinì";11;6;2012;0;18;"20120618"
"95.229.187.136";"IT";12.833300;42.833300;"AS3269 Telecom Italia S.p.a.";"mlab1-mil01";0.071828;385392.380517;"0.004012999";"win32";"213.200.99.211";"bittorrent";1340012471;69523.959129;-1.000000;"a4010725-b228-4400-bd21-b9e05989bafb";3269;"";"";11;6;2012;0;18;"20120618"
"2.230.212.185";"IT";7.666700;45.050000;"AS12874 Fastweb SpA";"mlab1-mil01";0.027623;574916.629686;"0.004012999";"win32";"213.200.99.211";"speedtest";1340012477;962523.517268;0.027991;"93a97de3-c431-4df5-a005-ea55834352bd";12874;"12";"Torino";11;6;2012;0;18;"20120618"
"95.237.222.196";"IT";7.666700;45.050000;"AS3269 Telecom Italia S.p.a.";"mlab1-mil01";0.045609;370632.736166;"0.004012999";"win32";"213.200.99.211";"speedtest";1340012502;48911.909543;0.050031;"47bce1bd-51cc-4815-b6db-71ab66220dd6";3269;"12";"Torino";11;6;2012;0;18;"20120618"
"2.230.35.188";"IT";9.316700;45.350000;"AS12874 Fastweb SpA";"mlab1-mil01";0.028195;651368.021209;"0.004012999";"darwin";"213.200.99.211";"speedtest";1340012589;97472.928842;0.030512;"681448f5-2440-4cd6-afef-f44ecf59facf";12874;"09";"Melegnano";11;6;2012;0;18;"20120618"
"93.33.101.175";"IT";9.200000;45.466700;"AS12874 Fastweb SpA";"mlab1-mil01";0.023949;1042305.454890;"0.004012999";"darwin";"213.200.99.211";"speedtest";1340012598;1139802.587220;0.027379;"29750ad8-f56c-4e95-a4f3-b9badf7da7af";12874;"09";"Milan";11;6;2012;0;18;"20120618"
"80.117.83.96";"IT";12.833300;42.833300;"AS3269 Telecom Italia S.p.a.";"mlab1-mil01";0.026893;753846.612634;"0.004012999";"win32";"213.200.99.211";"speedtest";1340012800;29874.223494;0.036246;"25353fbe-ce56-4192-a803-65a63443c70a";3269;"";"";11;6;2012;0;18;"20120618"
"31.185.19.156";"IT";12.566700;43.050000;"AS47187 Forinicom S.r.l.";"mlab1-mil01";0.042344;42847.481468;"0.004012999";"win32";"213.200.99.211";"bittorrent";1340012798;38854.498260;-1.000000;"2a30a2a8-273c-4b16-9671-803dc3d96492";47187;"18";"Santa Maria Degli Angeli";11;6;2012;0;18;"20120618"
"31.190.135.211";"IT";12.833300;42.833300;"AS24608 H3G S.p.A.";"mlab1-mil01";0.164975;184741.895219;"0.004012999";"win32";"213.200.99.211";"speedtest";1340013203;115070.962488;0.093620;"43e189b1-5c5f-4b85-a1d1-ac76b3b89286";24608;"";"";11;6;2012;0;18;"20120618"
"188.216.183.24";"IT";12.833300;42.833300;"AS30722 Vodafone Omnitel N.V.";"mlab1-mil01";0.059221;795525.416872;"0.004012999";"darwin";"213.200.99.211";"speedtest";1340013405;65103.473166;0.064570;"eb287f52-d429-4a32-aa75-ba1fd1cf87d2";30722;"";"";11;6;2012;0;18;"20120618"
"95.226.164.10";"IT";11.416700;45.683300;"AS3269 Telecom Italia S.p.a.";"mlab1-mil01";0.051755;854394.600063;"0.004005999";"win32";"213.200.99.211";"bittorrent";1340013492;49482.156719;-1.000000;"54ca976f-8551-47fc-bce1-b06f00a12720";3269;"20";"Marano Vicentino";11;6;2012;0;18;"20120618"
"95.252.38.138";"IT";9.200000;45.466700;"AS3269 Telecom Italia S.p.a.";"mlab1-mil01";0.024663;932595.632879;"0.004012999";"win32";"213.200.99.211";"bittorrent";1340013869;73575.307749;-1.000000;"fabd9ec4-04a0-49f7-9afc-39e5f8c565ba";3269;"09";"Milan";12;6;2012;0;18;"20120618"
"87.2.107.159";"IT";11.083300;46.216700;"AS3269 Telecom Italia S.p.a.";"mlab1-mil01";3.231862;1183104.701200;"0.004012999";"darwin";"213.200.99.211";"speedtest";1340013917;97861.289520;0.035390;"3a2b787f-c941-4b74-b356-2363c9904a6c";3269;"17";"Mezzolombardo";12;6;2012;0;18;"20120618"
"37.116.41.81";"IT";8.866700;44.900000;"AS30722 Vodafone Omnitel N.V.";"mlab1-mil01";0.040377;638810.733430;"0.004012999";"win32";"213.200.99.211";"speedtest";1340013921;60998.591488;0.041696;"19176454-a721-4c97-8342-b9cf8e375390";30722;"12";"Tortona";12;6;2012;0;18;"20120618"
"130.192.91.213";"IT";7.666700;45.050000;"AS137 GARR Italian academic and research network";"mlab1-mil01";0.013149;10475073.242000;"0.004012999";"linux2";"213.200.99.211";"speedtest";1340014165;1157542.422420;0.015597;"cd78793c-1e3b-4944-b4b2-9768fc1cdb97";137;"12";"Torino";12;6;2012;0;18;"20120618"
"79.41.80.159";"IT";12.833300;42.833300;"AS3269 Telecom Italia S.p.a.";"mlab1-mil01";0.040827;96306.356097;"0.004012999";"win32";"213.200.99.211";"bittorrent";1340014321;49670.398271;-1.000000;"82d91f18-b22f-4114-9d5f-c95a1ed7ad87";3269;"";"";12;6;2012;0;18;"20120618"
"79.39.193.153";"IT";12.833300;42.833300;"AS3269 Telecom Italia S.p.a.";"mlab1-mil01";0.107402;498104.179131;"0.004012999";"win32";"213.200.99.211";"speedtest";1340014415;45672.525211;0.110143;"ec58670d-cc26-4c10-aeb5-a22a61fd34c0";3269;"";"";12;6;2012;0;18;"20120618"
"2.158.229.213";"IT";10.466700;45.300000;"AS24608 H3G S.p.A.";"mlab1-mil01";0.137467;200129.892525;"0.004012999";"win32";"213.200.99.211";"bittorrent";1340014712;147938.002195;-1.000000;"43e189b1-5c5f-4b85-a1d1-ac76b3b89286";24608;"09";"Castel Goffredo";12;6;2012;0;18;"20120618"
"93.62.73.167";"IT";7.666700;45.050000;"AS12874 Fastweb SpA";"mlab1-mil01";0.049029;1836889.719300;"0.004012999";"win32";"213.200.99.211";"bittorrent";1340014920;77082.659176;-1.000000;"ba264b82-0dde-485e-bdfd-b866b37d1bf8";12874;"12";"Torino";12;6;2012;0;18;"20120618"
"31.196.6.210";"IT";12.833300;42.833300;"AS3269 Telecom Italia S.p.a.";"mlab1-mil01";0.015771;175693.875461;"0.004012999";"win32";"213.200.99.211";"speedtest";1340015077;174308.756042;0.014494;"8f96be96-0318-4e62-a639-7816bf69ae7b";3269;"";"";12;6;2012;0;18;"20120618"
"95.237.222.196";"IT";7.666700;45.050000;"AS3269 Telecom Italia S.p.a.";"mlab1-mil01";0.045635;364649.082053;"0.004012999";"win32";"213.200.99.211";"speedtest";1340015493;31283.527280;0.049938;"47bce1bd-51cc-4815-b6db-71ab66220dd6";3269;"12";"Torino";12;6;2012;0;18;"20120618"
"94.33.1.179";"IT";9.216700;45.550000;"AS8612 Tiscali Italia S.P.A.";"mlab1-mil01";0.027824;948802.932394;"0.004012999";"linux2";"213.200.99.211";"speedtest";1340015630;99484.975751;0.029684;"c8e22a26-c7da-46ee-8473-787638c3fd84";8612;"09";"Cinisello Balsamo";12;6;2012;0;18;"20120618"
"93.63.140.2";"IT";12.435800;44.070800;"AS12874 Fastweb SpA";"mlab1-mil01";0.109156;290082.145044;"0.004012999";"win32";"213.200.99.211";"bittorrent";1340015678;224742.234775;-1.000000;"8050c4c2-de4c-4f89-ab47-528f246a0f23";12874;"05";"Santarcangelo";12;6;2012;0;18;"20120618"
"79.21.87.98";"IT";9.533300;45.700000;"AS3269 Telecom Italia S.p.a.";"mlab1-mil01";0.045908;425600.153731;"0.004012999";"darwin";"213.200.99.211";"bittorrent";1340015708;10837.864837;-1.000000;"2ce2bf8b-ae24-462e-9d50-8546bf97935c";3269;"09";"Mapello";12;6;2012;0;18;"20120618"
"87.13.39.29";"IT";12.833300;42.833300;"AS3269 Telecom Italia S.p.a.";"mlab1-mil01";0.047487;250081.508801;"0.004009999";"win32";"213.200.99.211";"speedtest";1340016034;32248.068430;0.055945;"51c03cdf-92f5-46e9-bdef-c1c88bec98ce";3269;"";"";12;6;2012;0;18;"20120618"
"93.38.84.118";"IT";7.666700;45.050000;"AS12874 Fastweb SpA";"mlab1-mil01";0.035395;628207.513093;"0.004012999";"darwin";"213.200.99.211";"speedtest";1340016225;106629.411018;0.036770;"9862a835-84ea-47e3-9817-0036cae1dff1";12874;"12";"Torino";12;6;2012;0;18;"20120618"
"188.216.183.24";"IT";12.833300;42.833300;"AS30722 Vodafone Omnitel N.V.";"mlab1-mil01";0.059414;790884.485291;"0.004012999";"darwin";"213.200.99.211";"speedtest";1340016373;65061.228565;0.065607;"eb287f52-d429-4a32-aa75-ba1fd1cf87d2";30722;"";"";12;6;2012;0;18;"20120618"
"31.196.6.210";"IT";12.833300;42.833300;"AS3269 Telecom Italia S.p.a.";"mlab1-mil01";0.023179;42569.230228;"0.004012999";"win32";"213.200.99.211";"bittorrent";1340016502;157481.608965;-1.000000;"8f96be96-0318-4e62-a639-7816bf69ae7b";3269;"";"";12;6;2012;0;18;"20120618"
"85.18.117.112";"IT";7.883300;45.183300;"AS12874 Fastweb SpA";"mlab1-mil01";0.045605;1123744.147880;"0.004012999";"darwin";"213.200.99.211";"speedtest";1340016513;1143712.811500;0.036617;"e28f6cdb-f2d1-41fe-bb40-53e7a0b0e31d";12874;"12";"Chivasso";12;6;2012;0;18;"20120618"
"93.62.242.110";"IT";12.029400;45.421400;"AS12874 Fastweb SpA";"mlab1-mil01";0.034109;354476.692507;"0.004012999";"darwin";"213.200.99.211";"speedtest";1340016782;377181.691642;0.035319;"9905faad-2379-4ce5-bea7-d26dfd5ef167";12874;"20";"Fiesso D'artico";12;6;2012;0;18;"20120618"
"79.20.70.163";"IT";8.066600;45.572300;"AS3269 Telecom Italia S.p.a.";"mlab1-mil01";0.039450;779926.145430;"0.004012999";"darwin";"213.200.99.211";"bittorrent";1340016882;41232.897811;-1.000000;"432d3481-f83e-450d-b373-e60ae5f17efe";3269;"12";"Biella";12;6;2012;0;18;"20120618"
"79.30.49.39";"IT";8.950000;44.416700;"AS3269 Telecom Italia S.p.a.";"mlab1-mil01";0.066227;76032.221537;"0.004012999";"win32";"213.200.99.211";"speedtest";1340017117;17872.340309;0.077812;"14b0478f-78ea-46ec-8409-548af450a827";3269;"08";"Genova";12;6;2012;0;18;"20120618"
"79.39.193.153";"IT";12.833300;42.833300;"AS3269 Telecom Italia S.p.a.";"mlab1-mil01";0.117112;445397.156365;"0.004012999";"win32";"213.200.99.211";"speedtest";1340017658;44253.579527;0.110993;"ec58670d-cc26-4c10-aeb5-a22a61fd34c0";3269;"";"";13;6;2012;0;18;"20120618"
"79.9.218.223";"IT";12.483300;41.900000;"AS3269 Telecom Italia S.p.a.";"mlab1-mil01";0.035371;745918.914381;"0.004012999";"darwin";"213.200.99.211";"speedtest";1340017626;93120.579278;0.039864;"4372ef01-dfbb-4175-8485-4bcfde678997";3269;"07";"Rome";13;6;2012;0;18;"20120618"
"85.18.46.24";"IT";9.200000;45.466700;"AS12874 Fastweb SpA";"mlab1-mil01";0.022160;11545359.614989;"0.004012999";"linux2";"213.200.99.211";"bittorrent";1340017959;5497071.671871;-1.000000;"6c471e39-d901-41fa-9266-23795dce3dc5";12874;"09";"Milan";13;6;2012;0;18;"20120618"
"83.103.18.165";"IT";7.733300;44.916700;"AS12874 Fastweb SpA";"mlab1-mil01";0.029507;277484.219133;"0.004012999";"win32";"213.200.99.211";"speedtest";1340017961;414594.866660;0.030946;"241c3a7e-ba9b-4a0d-9bea-1c379895fdaa";12874;"12";"Villastellone";13;6;2012;0;18;"20120618"
"109.234.63.11";"IT";12.833300;42.833300;"AS43989 Ehinet Srl";"mlab1-mil01";0.022830;343110.818183;"0.004009999";"win32";"213.200.99.211";"bittorrent";1340018011;22940.215064;-1.000000;"5d6312ec-b414-42e6-8e89-702c7b4fd5e8";43989;"";"";13;6;2012;0;18;"20120618"
"87.2.107.159";"IT";11.083300;46.216700;"AS3269 Telecom Italia S.p.a.";"mlab1-mil01";0.028071;1226575.850648;"0.004012999";"darwin";"213.200.99.211";"bittorrent";1340018022;84057.019585;-1.000000;"8cfc4b59-c9c4-47a5-90ef-869237dc6ca3";3269;"17";"Mezzolombardo";13;6;2012;0;18;"20120618"
"2.36.37.80";"IT";7.666700;45.050000;"AS30722 Vodafone Omnitel N.V.";"mlab1-mil01";0.038673;873274.715760;"0.004012999";"win32";"213.200.99.211";"bittorrent";1340018228;59843.013930;-1.000000;"dd1eb1c2-416e-467c-b945-ec64ed841caa";30722;"12";"Torino";13;6;2012;0;18;"20120618"
"217.133.46.117";"IT";11.316700;43.583300;"AS8612 Tiscali Italia S.P.A.";"mlab1-mil01";0.027282;1554557.256953;"0.004012999";"win32";"213.200.99.211";"bittorrent";1340018400;105868.358318;-1.000000;"2765e625-af97-4607-9fbe-b7195291ba59";8612;"16";"Greve";13;6;2012;0;18;"20120618"
"95.237.222.196";"IT";7.666700;45.050000;"AS3269 Telecom Italia S.p.a.";"mlab1-mil01";0.045947;370697.302766;"0.004012999";"win32";"213.200.99.211";"speedtest";1340018480;48983.333399;0.050214;"47bce1bd-51cc-4815-b6db-71ab66220dd6";3269;"12";"Torino";13;6;2012;0;18;"20120618"
"84.221.231.178";"IT";7.666700;45.050000;"AS8612 Tiscali Italia S.P.A.";"mlab1-mil01";0.024383;1997807.819300;"0.004012999";"darwin";"213.200.99.211";"speedtest";1340018606;106019.767387;0.029859;"7e3598a2-40f8-4213-beaa-47abf033b292";8612;"12";"Torino";13;6;2012;0;18;"20120618"
"81.174.37.39";"IT";9.200000;45.466700;"AS35612 NGI Spa";"mlab1-mil01";0.054284;362154.601659;"0.004012999";"darwin";"213.200.99.211";"speedtest";1340018692;90332.649353;0.050982;"40b77977-9095-4ac0-82ab-5053c835779f";35612;"09";"Milan";13;6;2012;0;18;"20120618"
"85.18.29.42";"IT";9.200000;45.466700;"AS12874 Fastweb SpA";"mlab1-mil01";0.023203;1160416.124555;"0.004012999";"darwin";"213.200.99.211";"bittorrent";1340018783;1173168.097266;-1.000000;"2c46fdf6-7306-4016-9a75-e529fa590549";12874;"09";"Milan";13;6;2012;0;18;"20120618"
"82.50.16.67";"IT";11.583300;44.400000;"AS3269 Telecom Italia S.p.a.";"mlab1-mil01";0.031753;1088681.123565;"0.004008999";"darwin";"213.200.99.211";"bittorrent";1340019197;80942.228145;-1.000000;"470583b1-76be-479b-a12e-d79962295075";3269;"05";"Castel San Pietro Terme";13;6;2012;0;18;"20120618"
"130.192.91.211";"IT";7.666700;45.050000;"AS137 GARR Italian academic and research network";"mlab1-mil01";0.016923;10999564.326800;"0.004012999";"linux2";"213.200.99.211";"speedtest";1340019337;1248248.458380;0.017515;"91708cf1-7028-4b58-9520-faea0010494c";137;"12";"Torino";13;6;2012;0;18;"20120618"
"95.250.43.165";"IT";12.833300;42.833300;"AS3269 Telecom Italia S.p.a.";"mlab1-mil01";0.057171;863886.443451;"0.004012999";"win32";"213.200.99.211";"bittorrent";1340019383;48688.357193;-1.000000;"f201d94b-ffc9-44aa-ac62-215bbc3baddd";3269;"";"";13;6;2012;0;18;"20120618"
"2.40.152.76";"IT";14.650000;41.566700;"AS30722 Vodafone Omnitel N.V.";"mlab1-mil01";0.087570;793631.582717;"0.004012999";"linux2";"213.200.99.211";"speedtest";1340019404;48743.393551;0.097598;"eb8869ce-907b-427c-a855-d28cd1d353e2";30722;"11";"Campobasso";13;6;2012;0;18;"20120618"
"149.132.117.110";"IT";9.200000;45.466700;"AS137 GARR Italian academic and research network";"mlab1-mil01";0.012234;8501319.783830;"0.004012999";"darwin";"213.200.99.211";"speedtest";1340019411;7833252.907100;0.013902;"c9d3d685-6087-4faf-a87c-eb1dfaa2b53c";137;"18";"Milan";13;6;2012;0;18;"20120618"
"188.152.109.177";"IT";7.666700;45.050000;"AS44957 Vodafone Omnitel N.V.";"mlab1-mil01";0.048805;463951.727130;"0.004012999";"darwin";"213.200.99.211";"speedtest";1340019440;33668.402682;0.056766;"fd2cba45-5000-4263-b0bc-8c4a654ac411";44957;"12";"Torino";13;6;2012;0;18;"20120618"
"83.103.18.165";"IT";7.733300;44.916700;"AS12874 Fastweb SpA";"mlab1-mil01";0.029983;434165.360700;"0.004012999";"win32";"213.200.99.211";"bittorrent";1340019548;418556.157639;-1.000000;"241c3a7e-ba9b-4a0d-9bea-1c379895fdaa";12874;"12";"Villastellone";13;6;2012;0;18;"20120618"
"93.62.242.110";"IT";12.029400;45.421400;"AS12874 Fastweb SpA";"mlab1-mil01";0.033516;407650.806099;"0.004012999";"darwin";"213.200.99.211";"speedtest";1340019665;426785.799623;0.036114;"9905faad-2379-4ce5-bea7-d26dfd5ef167";12874;"20";"Fiesso D'artico";13;6;2012;0;18;"20120618"
"93.151.133.136";"IT";11.000000;45.450000;"AS44957 Vodafone Omnitel N.V.";"mlab1-mil01";0.059827;663836.883387;"0.004012999";"win32";"213.200.99.211";"speedtest";1340019673;9031.245573;0.067540;"d0897266-58ca-4f8b-9acb-56daba5a563c";44957;"20";"Verona";13;6;2012;0;18;"20120618"
"80.117.83.96";"IT";12.833300;42.833300;"AS3269 Telecom Italia S.p.a.";"mlab1-mil01";0.027137;842808.083387;"0.004012999";"win32";"213.200.99.211";"bittorrent";1340019834;40042.914547;-1.000000;"25353fbe-ce56-4192-a803-65a63443c70a";3269;"";"";13;6;2012;0;18;"20120618"
"151.33.127.3";"IT";7.666700;45.050000;"AS1267 WIND Telecomunicazioni S.p.A.";"mlab1-mil01";0.008925;1687198.167480;"0.004012999";"win32";"213.200.99.211";"speedtest";1340019932;85397.347328;0.012305;"750b74dc-a4a8-4f1d-be31-231d72d952a2";1267;"12";"Torino";13;6;2012;0;18;"20120618"
"80.180.128.61";"IT";9.666700;45.016700;"AS3269 Telecom Italia S.p.a.";"mlab1-mil01";0.025544;1719878.923061;"0.004012999";"win32";"213.200.99.211";"bittorrent";1340019937;96021.445968;-1.000000;"a6b33ac3-0345-4892-98b5-ad125988a24b";3269;"05";"Piacenza";13;6;2012;0;18;"20120618"
"87.2.107.159";"IT";11.083300;46.216700;"AS3269 Telecom Italia S.p.a.";"mlab1-mil01";0.028460;1417982.734124;"0.004012999";"darwin";"213.200.99.211";"bittorrent";1340020075;97198.150346;-1.000000;"3a2b787f-c941-4b74-b356-2363c9904a6c";3269;"17";"Mezzolombardo";13;6;2012;0;18;"20120618"
"188.217.129.219";"IT";14.333300;40.916700;"AS30722 Vodafone Omnitel N.V.";"mlab1-mil01";0.104915;264229.034914;"0.004012999";"win32";"213.200.99.211";"speedtest";1340019999;24085.981701;0.092905;"bb6c2e6b-7f94-482d-ab7a-ba9256571bd8";30722;"04";"Casalnuovo Di Napoli";13;6;2012;0;18;"20120618"
"85.18.116.244";"IT";8.900000;45.400000;"AS12874 Fastweb SpA";"mlab1-mil01";0.021073;10299184.189300;"0.004012999";"linux2";"213.200.99.211";"speedtest";1340020129;5183480.117500;0.022849;"c76e28cf-4020-40f2-ae3f-39482e23ced0";12874;"09";"Abbiategrasso";13;6;2012;0;18;"20120618"
"87.4.83.224";"IT";16.483300;41.116700;"AS3269 Telecom Italia S.p.a.";"mlab1-mil01";0.042369;804104.216166;"0.004012999";"darwin";"213.200.99.211";"bittorrent";1340020257;46563.714716;-1.000000;"8c3b14ba-e923-48bd-8f2e-da456a7f071f";3269;"13";"Ruvo Di Puglia";13;6;2012;0;18;"20120618"
"95.229.187.136";"IT";12.833300;42.833300;"AS3269 Telecom Italia S.p.a.";"mlab1-mil01";0.040784;131075.700475;"0.004012999";"win32";"213.200.99.211";"speedtest";1340020344;87632.947058;0.046910;"a4010725-b228-4400-bd21-b9e05989bafb";3269;"";"";13;6;2012;0;18;"20120618"
"193.206.69.215";"IT";9.166700;45.166700;"AS137 GARR Italian academic and research network";"mlab1-mil01";0.013774;2327082.678480;"0.004012999";"win32";"213.200.99.211";"speedtest";1340021109;1909798.446650;0.017801;"9861474e-5920-4dc4-b269-535f5029f86a";137;"09";"Pavia";14;6;2012;0;18;"20120618"
"79.41.80.159";"IT";12.833300;42.833300;"AS3269 Telecom Italia S.p.a.";"mlab1-mil01";0.042275;94567.427242;"0.004012999";"win32";"213.200.99.211";"bittorrent";1340021258;50065.840004;-1.000000;"82d91f18-b22f-4114-9d5f-c95a1ed7ad87";3269;"";"";14;6;2012;0;18;"20120618"
"79.4.10.186";"IT";12.833300;42.833300;"AS3269 Telecom Italia S.p.a.";"mlab1-mil01";0.054664;597834.640673;"0.004005999";"win32";"213.200.99.211";"bittorrent";1340021351;44147.596116;-1.000000;"54ca976f-8551-47fc-bce1-b06f00a12720";3269;"";"";14;6;2012;0;18;"20120618"
"84.221.231.178";"IT";7.666700;45.050000;"AS8612 Tiscali Italia S.P.A.";"mlab1-mil01";0.024465;2023480.891350;"0.004012999";"darwin";"213.200.99.211";"speedtest";1340021454;106251.470680;0.029838;"7e3598a2-40f8-4213-beaa-47abf033b292";8612;"12";"Torino";14;6;2012;0;18;"20120618"
"188.216.124.199";"IT";7.666700;45.050000;"AS30722 Vodafone Omnitel N.V.";"mlab1-mil01";0.041541;844849.507558;"0.004012999";"darwin";"213.200.99.211";"bittorrent";1340021468;65196.724802;-1.000000;"821aa4b7-0495-4899-9210-11d94170a73b";30722;"12";"Torino";14;6;2012;0;18;"20120618"
"151.33.127.3";"IT";7.666700;45.050000;"AS1267 WIND Telecomunicazioni S.p.A.";"mlab1-mil01";0.008623;1217645.758832;"0.004012999";"win32";"213.200.99.211";"bittorrent";1340021509;70247.917126;-1.000000;"750b74dc-a4a8-4f1d-be31-231d72d952a2";1267;"12";"Torino";14;6;2012;0;18;"20120618"
"188.217.129.219";"IT";14.333300;40.916700;"AS30722 Vodafone Omnitel N.V.";"mlab1-mil01";0.114239;2828.221822;"0.004012999";"win32";"213.200.99.211";"bittorrent";1340021583;19427.374917;-1.000000;"bb6c2e6b-7f94-482d-ab7a-ba9256571bd8";30722;"04";"Casalnuovo Di Napoli";14;6;2012;0;18;"20120618"
"79.20.70.163";"IT";8.066600;45.572300;"AS3269 Telecom Italia S.p.a.";"mlab1-mil01";0.041057;77404.508239;"0.004012999";"darwin";"213.200.99.211";"speedtest";1340021602;41470.909553;0.068377;"432d3481-f83e-450d-b373-e60ae5f17efe";3269;"12";"Biella";14;6;2012;0;18;"20120618"
"94.33.1.179";"IT";9.216700;45.550000;"AS8612 Tiscali Italia S.P.A.";"mlab1-mil01";0.027456;910386.584532;"0.004012999";"linux2";"213.200.99.211";"speedtest";1340021626;103059.124624;0.029069;"c8e22a26-c7da-46ee-8473-787638c3fd84";8612;"09";"Cinisello Balsamo";14;6;2012;0;18;"20120618"
"95.249.243.52";"IT";11.850000;45.650000;"AS3269 Telecom Italia S.p.a.";"mlab1-mil01";0.087753;66453.853289;"0.004012999";"win32";"213.200.99.211";"bittorrent";1340021650;31745.722046;-1.000000;"97b0c82a-c0a8-4adc-aed6-a65b4d93c3d6";3269;"20";"San Martino Di Lupari";14;6;2012;0;18;"20120618"
"37.116.41.81";"IT";8.866700;44.900000;"AS30722 Vodafone Omnitel N.V.";"mlab1-mil01";0.067406;247156.211890;"0.004012999";"win32";"213.200.99.211";"speedtest";1340021668;58138.149324;0.051320;"19176454-a721-4c97-8342-b9cf8e375390";30722;"12";"Tortona";14;6;2012;0;18;"20120618"
"130.192.91.213";"IT";7.666700;45.050000;"AS137 GARR Italian academic and research network";"mlab1-mil01";0.013275;11734723.181677;"0.004012999";"linux2";"213.200.99.211";"bittorrent";1340021674;10878298.805332;-1.000000;"cd78793c-1e3b-4944-b4b2-9768fc1cdb97";137;"12";"Torino";14;6;2012;0;18;"20120618"
"87.4.83.224";"IT";16.483300;41.116700;"AS3269 Telecom Italia S.p.a.";"mlab1-mil01";0.048396;89245.783164;"0.004012999";"darwin";"213.200.99.211";"speedtest";1340021712;46546.963993;0.054337;"8c3b14ba-e923-48bd-8f2e-da456a7f071f";3269;"13";"Ruvo Di Puglia";14;6;2012;0;18;"20120618"
"79.30.49.39";"IT";8.950000;44.416700;"AS3269 Telecom Italia S.p.a.";"mlab1-mil01";0.109749;72703.334980;"0.004012999";"win32";"213.200.99.211";"bittorrent";1340021750;33461.071095;-1.000000;"14b0478f-78ea-46ec-8409-548af450a827";3269;"08";"Genova";14;6;2012;0;18;"20120618"
"93.38.84.118";"IT";7.666700;45.050000;"AS12874 Fastweb SpA";"mlab1-mil01";0.032139;634037.140881;"0.004012999";"darwin";"213.200.99.211";"speedtest";1340022163;107207.580227;0.036313;"9862a835-84ea-47e3-9817-0036cae1dff1";12874;"12";"Torino";14;6;2012;0;18;"20120618"
"130.192.91.211";"IT";7.666700;45.050000;"AS137 GARR Italian academic and research network";"mlab1-mil01";0.013741;10580380.335400;"0.004012999";"linux2";"213.200.99.211";"speedtest";1340022206;1128762.512120;0.018330;"91708cf1-7028-4b58-9520-faea0010494c";137;"12";"Torino";14;6;2012;0;18;"20120618"
"95.250.43.165";"IT";12.833300;42.833300;"AS3269 Telecom Italia S.p.a.";"mlab1-mil01";0.058241;216636.783255;"0.004012999";"win32";"213.200.99.211";"bittorrent";1340022244;48400.133820;-1.000000;"f201d94b-ffc9-44aa-ac62-215bbc3baddd";3269;"";"";14;6;2012;0;18;"20120618"
"85.18.46.24";"IT";9.200000;45.466700;"AS12874 Fastweb SpA";"mlab1-mil01";0.022212;9943011.771360;"0.004012999";"linux2";"213.200.99.211";"speedtest";1340022298;5992936.869340;0.023926;"6c471e39-d901-41fa-9266-23795dce3dc5";12874;"09";"Milan";14;6;2012;0;18;"20120618"
"82.50.16.67";"IT";11.583300;44.400000;"AS3269 Telecom Italia S.p.a.";"mlab1-mil01";0.032469;1088690.887043;"0.004008999";"darwin";"213.200.99.211";"bittorrent";1340022443;79249.236476;-1.000000;"470583b1-76be-479b-a12e-d79962295075";3269;"05";"Castel San Pietro Terme";14;6;2012;0;18;"20120618"
"2.36.37.80";"IT";7.666700;45.050000;"AS30722 Vodafone Omnitel N.V.";"mlab1-mil01";0.038023;832926.838711;"0.004012999";"win32";"213.200.99.211";"speedtest";1340022515;29618.912888;0.044288;"dd1eb1c2-416e-467c-b945-ec64ed841caa";30722;"12";"Torino";14;6;2012;0;18;"20120618"
"93.62.242.110";"IT";12.029400;45.421400;"AS12874 Fastweb SpA";"mlab1-mil01";0.065700;414283.724055;"0.004012999";"darwin";"213.200.99.211";"speedtest";1340022550;426746.973765;0.053714;"9905faad-2379-4ce5-bea7-d26dfd5ef167";12874;"20";"Fiesso D'artico";14;6;2012;0;18;"20120618"
"62.98.65.177";"IT";14.250000;40.833300;"AS1267 WIND Telecomunicazioni S.p.A.";"mlab1-mil01";0.029387;734995.612752;"0.004012999";"win32";"213.200.99.211";"bittorrent";1340022777;40651.291279;-1.000000;"2d006d8d-7c04-46bb-b056-798468ee365e";1267;"04";"Napoli";14;6;2012;0;18;"20120618"
"134.255.175.21";"IT";13.216700;43.366700;"AS198292 Wave-Max S.r.L.";"mlab1-mil01";0.099189;151821.392711;"0.004012999";"win32";"213.200.99.211";"bittorrent";1340022809;29069.927184;-1.000000;"708a55f0-3758-4099-a346-23683a39926d";198292;"10";"Cingoli";14;6;2012;0;18;"20120618"
"79.13.203.101";"IT";10.100000;44.083300;"AS3269 Telecom Italia S.p.a.";"mlab1-mil01";0.033359;624671.530386;"0.004009999";"win32";"213.200.99.211";"speedtest";1340022871;46509.743441;0.038185;"ae73866b-a211-42d8-b6f2-d31777806a2e";3269;"16";"Carrara";14;6;2012;0;18;"20120618"
"79.21.9.2";"IT";9.188100;45.463700;"AS3269 Telecom Italia S.p.a.";"mlab1-mil01";0.036029;710445.043527;"0.004012999";"win32";"213.200.99.211";"speedtest";1340022927;42374.777295;0.055918;"991257a9-87dd-455d-863e-b266080097e3";3269;"09";"Milan";14;6;2012;0;18;"20120618"
"80.180.128.61";"IT";9.666700;45.016700;"AS3269 Telecom Italia S.p.a.";"mlab1-mil01";0.036328;1719759.850013;"0.004012999";"win32";"213.200.99.211";"bittorrent";1340023042;96115.952713;-1.000000;"a6b33ac3-0345-4892-98b5-ad125988a24b";3269;"05";"Piacenza";14;6;2012;0;18;"20120618"
"81.174.47.101";"IT";12.833300;42.833300;"AS35612 NGI Spa";"mlab1-mil01";0.011796;333062.220388;"0.004012999";"darwin";"213.200.99.211";"bittorrent";1340023070;112903.114691;-1.000000;"59a9e8e1-3618-48e2-adea-6559f48400b8";35612;"";"";14;6;2012;0;18;"20120618"
"37.116.41.81";"IT";8.866700;44.900000;"AS30722 Vodafone Omnitel N.V.";"mlab1-mil01";0.035781;482289.469854;"0.004012999";"win32";"213.200.99.211";"bittorrent";1340023092;58325.501546;-1.000000;"19176454-a721-4c97-8342-b9cf8e375390";30722;"12";"Tortona";14;6;2012;0;18;"20120618"
"87.8.228.126";"IT";12.833300;42.833300;"AS3269 Telecom Italia S.p.a.";"mlab1-mil01";0.048281;142494.249309;"0.004012999";"darwin";"213.200.99.211";"speedtest";1340023201;48334.458195;0.055509;"6b759052-c812-4f14-90ce-16e61560a573";3269;"";"";14;6;2012;0;18;"20120618"
"95.229.187.136";"IT";12.833300;42.833300;"AS3269 Telecom Italia S.p.a.";"mlab1-mil01";0.042254;135833.469887;"0.004012999";"win32";"213.200.99.211";"speedtest";1340023486;86959.397101;0.068020;"a4010725-b228-4400-bd21-b9e05989bafb";3269;"";"";14;6;2012;0;18;"20120618"
"188.11.197.8";"IT";12.483300;41.900000;"AS3269 Telecom Italia S.p.a.";"mlab1-mil01";0.103157;124045.253522;"0.004012999";"darwin";"213.200.99.211";"bittorrent";1340023944;31869.721698;-1.000000;"c671e4d7-9027-4ae8-9058-ad41f0746af0";3269;"07";"Rome";14;6;2012;0;18;"20120618"
"2.227.55.184";"IT";12.500000;41.666700;"AS12874 Fastweb SpA";"mlab1-mil01";0.035660;824972.398919;"0.004012999";"linux2";"213.200.99.211";"speedtest";1340023998;96758.948696;0.039632;"202944e6-094c-4bb9-86da-7234fa3c010e";12874;"07";"Pomezia";14;6;2012;0;18;"20120618"
"83.211.172.129";"IT";13.566700;42.583300;"AS15589 Clouditalia Communications S.p.A.";"mlab1-mil01";0.036527;510841.583300;"0.004012999";"win32";"213.200.99.211";"bittorrent";1340024019;31545.220971;-1.000000;"b6e23738-aa63-4482-8754-26d879467631";15589;"01";"Altavilla";14;6;2012;0;18;"20120618"
"87.8.229.178";"IT";7.666700;45.050000;"AS3269 Telecom Italia S.p.a.";"mlab1-mil01";0.038902;577529.212186;"0.004012999";"win32";"213.200.99.211";"bittorrent";1340024111;49769.170761;-1.000000;"d6bbc582-d8eb-4ead-ba2c-3fffeda97549";3269;"12";"Torino";14;6;2012;0;18;"20120618"
"217.133.46.117";"IT";11.316700;43.583300;"AS8612 Tiscali Italia S.P.A.";"mlab1-mil01";0.028347;1631767.141824;"0.004012999";"win32";"213.200.99.211";"bittorrent";1340024157;105984.043833;-1.000000;"2765e625-af97-4607-9fbe-b7195291ba59";8612;"16";"Greve";14;6;2012;0;18;"20120618"
"80.180.128.61";"IT";9.666700;45.016700;"AS3269 Telecom Italia S.p.a.";"mlab1-mil01";0.029587;206929.651251;"0.004012999";"win32";"213.200.99.211";"speedtest";1340024662;96280.743710;0.050835;"a6b33ac3-0345-4892-98b5-ad125988a24b";3269;"05";"Piacenza";15;6;2012;0;18;"20120618"
"94.34.148.136";"IT";12.833300;42.833300;"AS8612 Tiscali Italia S.P.A.";"mlab1-mil01";0.308948;181833.211635;"0.004012999";"darwin";"213.200.99.211";"bittorrent";1340024782;15739.762856;-1.000000;"a8a2ab27-6236-470f-8b46-b6121b018b6c";8612;"";"";15;6;2012;0;18;"20120618"
"195.110.137.171";"IT";12.483300;41.900000;"AS5396 MC-link Spa";"mlab1-mil01";0.036123;581874.469772;"0.004012999";"darwin";"213.200.99.211";"bittorrent";1340025247;28436.074588;-1.000000;"2d27e34d-ed0a-4c70-8dc2-070f5a0499a1";5396;"07";"Rome";15;6;2012;0;18;"20120618"
"94.36.33.130";"IT";8.950000;44.416700;"AS8612 Tiscali Italia S.P.A.";"mlab1-mil01";0.024871;834490.722778;"0.004012999";"darwin";"213.200.99.211";"speedtest";1340025259;51931.876793;0.030140;"894fe1ee-9250-416a-98be-74dd024aea06";8612;"08";"Genova";15;6;2012;0;18;"20120618"
"87.8.229.178";"IT";7.666700;45.050000;"AS3269 Telecom Italia S.p.a.";"mlab1-mil01";0.038754;560928.934285;"0.004012999";"win32";"213.200.99.211";"speedtest";1340025640;50324.493003;0.034155;"d6bbc582-d8eb-4ead-ba2c-3fffeda97549";3269;"12";"Torino";15;6;2012;0;18;"20120618"
"79.21.151.153";"IT";9.266700;45.583300;"AS3269 Telecom Italia S.p.a.";"mlab1-mil01";0.232583;467762.488020;"0.004012999";"win32";"213.200.99.211";"speedtest";1340026042;35405.269777;0.240357;"991257a9-87dd-455d-863e-b266080097e3";3269;"09";"Monza";15;6;2012;0;18;"20120618"
"81.174.11.50";"IT";8.650000;45.850000;"AS35612 NGI Spa";"mlab1-mil01";0.060407;551824.779185;"0.004012999";"darwin";"213.200.99.211";"bittorrent";1340026125;67071.165766;-1.000000;"04eb82ec-76b3-4615-b25a-7c0279090671";35612;"09";"Besozzo";15;6;2012;0;18;"20120618"
"188.10.109.16";"IT";9.187800;45.461200;"AS3269 Telecom Italia S.p.a.";"mlab1-mil01";0.027014;60256.059908;"0.004012999";"win32";"213.200.99.211";"bittorrent";1340026164;72238.889195;-1.000000;"fabd9ec4-04a0-49f7-9afc-39e5f8c565ba";3269;"09";"Milan";15;6;2012;0;18;"20120618"
"2.225.231.97";"IT";7.666700;45.050000;"AS12874 Fastweb SpA";"mlab1-mil01";0.027744;1124785.434630;"0.004012999";"win32";"213.200.99.211";"speedtest";1340026424;1023640.843520;0.028336;"252a836b-55fe-43a0-93e7-d33c5d47fae3";12874;"12";"Torino";15;6;2012;0;18;"20120618"
"130.192.91.211";"IT";7.666700;45.050000;"AS137 GARR Italian academic and research network";"mlab1-mil01";0.014247;11290798.004736;"0.004012999";"linux2";"213.200.99.211";"bittorrent";1340026514;11551968.758286;-1.000000;"91708cf1-7028-4b58-9520-faea0010494c";137;"12";"Torino";15;6;2012;0;18;"20120618"
"109.234.63.11";"IT";12.833300;42.833300;"AS43989 Ehinet Srl";"mlab1-mil01";0.032899;449529.311787;"0.004009999";"win32";"213.200.99.211";"bittorrent";1340026674;11858.321683;-1.000000;"5d6312ec-b414-42e6-8e89-702c7b4fd5e8";43989;"";"";15;6;2012;0;18;"20120618"
"195.110.137.171";"IT";12.483300;41.900000;"AS5396 MC-link Spa";"mlab1-mil01";0.033710;647739.823907;"0.004012999";"darwin";"213.200.99.211";"speedtest";1340026748;31004.689264;0.041124;"2d27e34d-ed0a-4c70-8dc2-070f5a0499a1";5396;"07";"Rome";15;6;2012;0;18;"20120618"
"147.162.42.20";"IT";11.883300;45.416700;"AS137 GARR Italian academic and research network";"mlab1-mil01";0.013544;8587783.437934;"0.004010999";"linux2";"213.200.99.211";"bittorrent";1340026767;8258151.732351;-1.000000;"727d6a40-2b78-4641-8061-04b6a384e6a6";137;"20";"Padova";15;6;2012;0;18;"20120618"
"151.60.120.179";"IT";7.316700;44.633300;"AS1267 WIND Telecomunicazioni S.p.A.";"mlab1-mil01";0.032895;208958.228348;"0.004012999";"linux2";"213.200.99.211";"speedtest";1340026840;61779.795692;0.033418;"ce15cdd9-fbc9-4be9-8f83-94df036818bb";1267;"12";"Sanfront";15;6;2012;0;18;"20120618"
"31.189.45.76";"IT";12.833300;42.833300;"AS24608 H3G S.p.A.";"mlab1-mil01";0.067875;130945.049630;"0.004012999";"win32";"213.200.99.211";"speedtest";1340027580;134093.203448;0.075660;"43e189b1-5c5f-4b85-a1d1-ac76b3b89286";24608;"";"";15;6;2012;0;18;"20120618"
"88.47.41.57";"IT";12.833300;42.833300;"AS3269 Telecom Italia S.p.a.";"mlab1-mil01";0.095009;609793.258577;"0.004012999";"win32";"213.200.99.211";"speedtest";1340027608;30474.050605;0.219295;"ec2e71be-f555-4dee-b674-bc8e80a61d77";3269;"";"";15;6;2012;0;18;"20120618"
"87.18.255.91";"IT";17.229700;40.476100;"AS3269 Telecom Italia S.p.a.";"mlab1-mil01";0.062326;546150.541908;"0.004009999";"win32";"213.200.99.211";"speedtest";1340027647;48069.618886;0.069959;"7989d7c5-459e-4910-93c2-ffd113604f5d";3269;"13";"Taranto";15;6;2012;0;18;"20120618"
"188.10.109.16";"IT";9.187800;45.461200;"AS3269 Telecom Italia S.p.a.";"mlab1-mil01";0.023583;1025088.719840;"0.004012999";"win32";"213.200.99.211";"speedtest";1340027686;71963.007930;0.029282;"fabd9ec4-04a0-49f7-9afc-39e5f8c565ba";3269;"09";"Milan";15;6;2012;0;18;"20120618"
"93.38.84.118";"IT";7.666700;45.050000;"AS12874 Fastweb SpA";"mlab1-mil01";0.169212;589682.362200;"0.004012999";"darwin";"213.200.99.211";"speedtest";1340027749;77686.701174;0.067733;"9862a835-84ea-47e3-9817-0036cae1dff1";12874;"12";"Torino";15;6;2012;0;18;"20120618"
"87.13.39.29";"IT";12.833300;42.833300;"AS3269 Telecom Italia S.p.a.";"mlab1-mil01";0.049307;116111.994648;"0.004009999";"win32";"213.200.99.211";"bittorrent";1340027848;36688.654683;-1.000000;"51c03cdf-92f5-46e9-bdef-c1c88bec98ce";3269;"";"";15;6;2012;0;18;"20120618"
"93.62.73.167";"IT";7.666700;45.050000;"AS12874 Fastweb SpA";"mlab1-mil01";0.050382;1959917.749900;"0.004012999";"win32";"213.200.99.211";"speedtest";1340028026;69790.806333;0.053918;"ba264b82-0dde-485e-bdfd-b866b37d1bf8";12874;"12";"Torino";16;6;2012;0;18;"20120618"
"151.60.120.179";"IT";7.316700;44.633300;"AS1267 WIND Telecomunicazioni S.p.A.";"mlab1-mil01";0.073478;127841.790682;"0.004012999";"linux2";"213.200.99.211";"bittorrent";1340028379;60499.373609;-1.000000;"ce15cdd9-fbc9-4be9-8f83-94df036818bb";1267;"12";"Sanfront";16;6;2012;0;18;"20120618"
"79.0.19.229";"IT";12.483300;41.900000;"AS3269 Telecom Italia S.p.a.";"mlab1-mil01";0.031966;359535.545946;"0.004012999";"darwin";"213.200.99.211";"bittorrent";1340028434;104752.397557;-1.000000;"69fb5e33-52f0-4549-a67d-9deb0c9b5493";3269;"07";"Rome";16;6;2012;0;18;"20120618"
"62.98.65.177";"IT";14.250000;40.833300;"AS1267 WIND Telecomunicazioni S.p.A.";"mlab1-mil01";0.024634;717250.491861;"0.004012999";"win32";"213.200.99.211";"bittorrent";1340028581;41191.736335;-1.000000;"2d006d8d-7c04-46bb-b056-798468ee365e";1267;"04";"Napoli";16;6;2012;0;18;"20120618"
"85.18.116.244";"IT";8.900000;45.400000;"AS12874 Fastweb SpA";"mlab1-mil01";0.021465;9837861.681710;"0.004012999";"linux2";"213.200.99.211";"speedtest";1340028676;5821524.136750;0.023058;"c76e28cf-4020-40f2-ae3f-39482e23ced0";12874;"09";"Abbiategrasso";16;6;2012;0;18;"20120618"
"87.8.229.178";"IT";7.666700;45.050000;"AS3269 Telecom Italia S.p.a.";"mlab1-mil01";0.038780;220157.876166;"0.004012999";"win32";"213.200.99.211";"speedtest";1340028708;50266.656804;0.036840;"d6bbc582-d8eb-4ead-ba2c-3fffeda97549";3269;"12";"Torino";16;6;2012;0;18;"20120618"
"82.50.16.67";"IT";11.583300;44.400000;"AS3269 Telecom Italia S.p.a.";"mlab1-mil01";0.031656;375293.046808;"0.004008999";"darwin";"213.200.99.211";"bittorrent";1340028947;80386.787940;-1.000000;"470583b1-76be-479b-a12e-d79962295075";3269;"05";"Castel San Pietro Terme";16;6;2012;0;18;"20120618"
"188.217.129.219";"IT";14.333300;40.916700;"AS30722 Vodafone Omnitel N.V.";"mlab1-mil01";0.126934;38930.386818;"0.004012999";"win32";"213.200.99.211";"speedtest";1340028844;21875.290746;0.115176;"bb6c2e6b-7f94-482d-ab7a-ba9256571bd8";30722;"04";"Casalnuovo Di Napoli";16;6;2012;0;18;"20120618"
"79.0.19.229";"IT";12.483300;41.900000;"AS3269 Telecom Italia S.p.a.";"mlab1-mil01";0.031606;1356635.136640;"0.004012999";"darwin";"213.200.99.211";"speedtest";1340028993;103098.424817;0.034987;"69fb5e33-52f0-4549-a67d-9deb0c9b5493";3269;"07";"Rome";16;6;2012;0;18;"20120618"
"79.41.215.191";"IT";7.666700;45.050000;"AS3269 Telecom Italia S.p.a.";"mlab1-mil01";0.050313;222130.141071;"0.004012999";"darwin";"213.200.99.211";"bittorrent";1340029094;37056.167733;-1.000000;"54b1973f-e000-498d-8aee-038597e2696e";3269;"12";"Torino";16;6;2012;0;18;"20120618"
"151.65.28.229";"IT";9.016700;44.983300;"AS1267 WIND Telecomunicazioni S.p.A.";"mlab1-mil01";0.032844;497342.041535;"0.004012999";"win32";"213.200.99.211";"bittorrent";1340029112;97450.648568;-1.000000;"a5016d11-f6c1-4d6d-a30f-48088faa5e70";1267;"09";"Voghera";16;6;2012;0;18;"20120618"
"79.30.49.39";"IT";8.950000;44.416700;"AS3269 Telecom Italia S.p.a.";"mlab1-mil01";0.084163;77333.772275;"0.004012999";"win32";"213.200.99.211";"speedtest";1340029468;21639.116645;0.077236;"14b0478f-78ea-46ec-8409-548af450a827";3269;"08";"Genova";16;6;2012;0;18;"20120618"
"94.36.33.130";"IT";8.950000;44.416700;"AS8612 Tiscali Italia S.P.A.";"mlab1-mil01";0.025961;863633.169198;"0.004012999";"darwin";"213.200.99.211";"bittorrent";1340029599;52443.151936;-1.000000;"894fe1ee-9250-416a-98be-74dd024aea06";8612;"08";"Genova";16;6;2012;0;18;"20120618"
"95.249.243.52";"IT";11.850000;45.650000;"AS3269 Telecom Italia S.p.a.";"mlab1-mil01";0.343162;25413.418641;"0.004012999";"win32";"213.200.99.211";"speedtest";1340029664;17249.426007;0.210958;"97b0c82a-c0a8-4adc-aed6-a65b4d93c3d6";3269;"20";"San Martino Di Lupari";16;6;2012;0;18;"20120618"
"2.36.37.80";"IT";7.666700;45.050000;"AS30722 Vodafone Omnitel N.V.";"mlab1-mil01";0.039612;791093.621835;"0.004012999";"win32";"213.200.99.211";"bittorrent";1340029684;60093.012940;-1.000000;"dd1eb1c2-416e-467c-b945-ec64ed841caa";30722;"12";"Torino";16;6;2012;0;18;"20120618"
"31.196.6.210";"IT";12.833300;42.833300;"AS3269 Telecom Italia S.p.a.";"mlab1-mil01";0.042363;134276.101936;"0.004012999";"win32";"213.200.99.211";"speedtest";1340029820;136132.733468;0.024443;"8f96be96-0318-4e62-a639-7816bf69ae7b";3269;"";"";16;6;2012;0;18;"20120618"
"93.62.242.110";"IT";12.029400;45.421400;"AS12874 Fastweb SpA";"mlab1-mil01";0.032557;415006.831843;"0.004012999";"darwin";"213.200.99.211";"bittorrent";1340029762;434652.566776;-1.000000;"9905faad-2379-4ce5-bea7-d26dfd5ef167";12874;"20";"Fiesso D'artico";16;6;2012;0;18;"20120618"
"151.60.120.179";"IT";7.316700;44.633300;"AS1267 WIND Telecomunicazioni S.p.A.";"mlab1-mil01";0.025060;579202.965157;"0.004012999";"linux2";"213.200.99.211";"speedtest";1340029913;62236.112292;0.029514;"ce15cdd9-fbc9-4be9-8f83-94df036818bb";1267;"12";"Sanfront";16;6;2012;0;18;"20120618"
"217.133.46.117";"IT";11.316700;43.583300;"AS8612 Tiscali Italia S.P.A.";"mlab1-mil01";0.027876;1689717.143767;"0.004012999";"win32";"213.200.99.211";"bittorrent";1340029924;106151.244606;-1.000000;"2765e625-af97-4607-9fbe-b7195291ba59";8612;"16";"Greve";16;6;2012;0;18;"20120618"
"93.33.101.175";"IT";9.200000;45.466700;"AS12874 Fastweb SpA";"mlab1-mil01";0.024629;1067214.180810;"0.004012999";"darwin";"213.200.99.211";"speedtest";1340030089;1113913.557120;0.027126;"29750ad8-f56c-4e95-a4f3-b9badf7da7af";12874;"09";"Milan";16;6;2012;0;18;"20120618"
"82.50.179.233";"IT";12.326700;45.438600;"AS3269 Telecom Italia S.p.a.";"mlab1-mil01";0.101042;629261.653181;"0.004012999";"darwin";"213.200.99.211";"speedtest";1340030110;48907.764515;0.157014;"d2acd4a2-202f-465b-8502-2d0b1d7a5fd0";3269;"20";"Venezia";16;6;2012;0;18;"20120618"
"188.10.100.91";"IT";9.116700;45.683300;"AS3269 Telecom Italia S.p.a.";"mlab1-mil01";0.044247;836795.981920;"0.004012999";"win32";"213.200.99.211";"bittorrent";1340030622;49941.720268;-1.000000;"a0bc9ac6-3c40-4f42-be91-07152ae8b8fb";3269;"09";"Lentate Sul Seveso";16;6;2012;0;18;"20120618"
"130.192.91.213";"IT";7.666700;45.050000;"AS137 GARR Italian academic and research network";"mlab1-mil01";0.013092;11723402.807930;"0.004012999";"linux2";"213.200.99.211";"bittorrent";1340030664;7256463.112255;-1.000000;"cd78793c-1e3b-4944-b4b2-9768fc1cdb97";137;"12";"Torino";16;6;2012;0;18;"20120618"
"79.41.215.191";"IT";7.666700;45.050000;"AS3269 Telecom Italia S.p.a.";"mlab1-mil01";0.050111;242516.977853;"0.004012999";"darwin";"213.200.99.211";"speedtest";1340030657;35670.439574;0.056879;"54b1973f-e000-498d-8aee-038597e2696e";3269;"12";"Torino";16;6;2012;0;18;"20120618"
"94.34.148.136";"IT";12.833300;42.833300;"AS8612 Tiscali Italia S.P.A.";"mlab1-mil01";0.434436;533333.997785;"0.004012999";"darwin";"213.200.99.211";"bittorrent";1340030677;41240.122540;-1.000000;"a8a2ab27-6236-470f-8b46-b6121b018b6c";8612;"";"";16;6;2012;0;18;"20120618"
"2.225.231.97";"IT";7.666700;45.050000;"AS12874 Fastweb SpA";"mlab1-mil01";0.027995;833739.193762;"0.004012999";"win32";"213.200.99.211";"bittorrent";1340030678;1121464.528604;-1.000000;"252a836b-55fe-43a0-93e7-d33c5d47fae3";12874;"12";"Torino";16;6;2012;0;18;"20120618"
"79.20.70.163";"IT";8.066600;45.572300;"AS3269 Telecom Italia S.p.a.";"mlab1-mil01";0.041857;148702.536634;"0.004012999";"darwin";"213.200.99.211";"speedtest";1340030847;39614.896333;0.046355;"e838c543-3d44-45bd-9a51-ed5e3c0d7d06";3269;"12";"Biella";16;6;2012;0;18;"20120618"
"81.174.37.39";"IT";9.200000;45.466700;"AS35612 NGI Spa";"mlab1-mil01";0.051565;570978.854554;"0.004012999";"darwin";"213.200.99.211";"speedtest";1340030863;120544.457216;0.059459;"40b77977-9095-4ac0-82ab-5053c835779f";35612;"09";"Milan";16;6;2012;0;18;"20120618"
"85.18.46.24";"IT";9.200000;45.466700;"AS12874 Fastweb SpA";"mlab1-mil01";0.022211;10313492.152200;"0.004012999";"linux2";"213.200.99.211";"speedtest";1340030986;4334529.602000;0.023738;"6c471e39-d901-41fa-9266-23795dce3dc5";12874;"09";"Milan";16;6;2012;0;18;"20120618"
"80.117.83.96";"IT";12.833300;42.833300;"AS3269 Telecom Italia S.p.a.";"mlab1-mil01";0.029430;102380.333041;"0.004012999";"win32";"213.200.99.211";"bittorrent";1340031226;35127.700608;-1.000000;"25353fbe-ce56-4192-a803-65a63443c70a";3269;"";"";16;6;2012;0;18;"20120618"
"2.227.55.184";"IT";12.500000;41.666700;"AS12874 Fastweb SpA";"mlab1-mil01";0.036725;847670.856406;"0.004012999";"linux2";"213.200.99.211";"bittorrent";1340031490;100879.414492;-1.000000;"202944e6-094c-4bb9-86da-7234fa3c010e";12874;"07";"Pomezia";16;6;2012;0;18;"20120618"
"151.28.230.117";"IT";12.866700;41.466700;"AS1267 WIND Telecomunicazioni S.p.A.";"mlab1-mil01";0.022604;829687.840202;"0.004012999";"linux2";"213.200.99.211";"bittorrent";1340031605;52076.496574;-1.000000;"a9afa6cb-a1b8-48a4-ad2d-ea26b9cc8bf4";1267;"07";"Latina";17;6;2012;0;18;"20120618"
"93.63.140.2";"IT";12.435800;44.070800;"AS12874 Fastweb SpA";"mlab1-mil01";0.043358;338752.943284;"0.004012999";"win32";"213.200.99.211";"bittorrent";1340031889;308757.689604;-1.000000;"8050c4c2-de4c-4f89-ab47-528f246a0f23";12874;"05";"Santarcangelo";17;6;2012;0;18;"20120618"
"93.38.84.118";"IT";7.666700;45.050000;"AS12874 Fastweb SpA";"mlab1-mil01";0.188520;429909.106152;"0.004012999";"darwin";"213.200.99.211";"bittorrent";1340031953;32825.960148;-1.000000;"9862a835-84ea-47e3-9817-0036cae1dff1";12874;"12";"Torino";17;6;2012;0;18;"20120618"
"78.14.224.92";"IT";9.116700;45.766700;"AS8612 Tiscali Italia S.P.A.";"mlab1-mil01";0.032218;362296.064848;"0.004012999";"darwin";"213.200.99.211";"speedtest";1340032131;46854.805394;0.037590;"39792736-bd8b-4a56-942d-1cc983336add";8612;"09";"Lurago D'erba";17;6;2012;0;18;"20120618"
"188.10.109.16";"IT";9.187800;45.461200;"AS3269 Telecom Italia S.p.a.";"mlab1-mil01";0.028125;255191.150206;"0.004012999";"win32";"213.200.99.211";"bittorrent";1340032304;69328.425447;-1.000000;"fabd9ec4-04a0-49f7-9afc-39e5f8c565ba";3269;"09";"Milan";17;6;2012;0;18;"20120618"
"147.162.42.20";"IT";11.883300;45.416700;"AS137 GARR Italian academic and research network";"mlab1-mil01";0.013596;9140330.132522;"0.004010999";"linux2";"213.200.99.211";"bittorrent";1340032515;7969099.781498;-1.000000;"727d6a40-2b78-4641-8061-04b6a384e6a6";137;"20";"Padova";17;6;2012;0;18;"20120618"
"2.36.37.80";"IT";7.666700;45.050000;"AS30722 Vodafone Omnitel N.V.";"mlab1-mil01";0.038197;870426.958678;"0.004012999";"win32";"213.200.99.211";"bittorrent";1340032545;60672.506376;-1.000000;"dd1eb1c2-416e-467c-b945-ec64ed841caa";30722;"12";"Torino";17;6;2012;0;18;"20120618"
"79.30.49.39";"IT";8.950000;44.416700;"AS3269 Telecom Italia S.p.a.";"mlab1-mil01";0.065036;74672.149219;"0.004012999";"win32";"213.200.99.211";"speedtest";1340032558;23409.070940;0.076500;"14b0478f-78ea-46ec-8409-548af450a827";3269;"08";"Genova";17;6;2012;0;18;"20120618"
"80.117.83.96";"IT";12.833300;42.833300;"AS3269 Telecom Italia S.p.a.";"mlab1-mil01";0.026904;799225.939455;"0.004012999";"win32";"213.200.99.211";"speedtest";1340032631;40381.446043;0.035942;"25353fbe-ce56-4192-a803-65a63443c70a";3269;"";"";17;6;2012;0;18;"20120618"
"87.11.124.128";"IT";11.300000;43.400000;"AS3269 Telecom Italia S.p.a.";"mlab1-mil01";0.050696;251170.787737;"0.004011999";"win32";"213.200.99.211";"speedtest";1340032862;99364.503950;0.038975;"8f2b4ecf-a700-4d0f-9dc5-4bb0f41e171c";3269;"16";"Quercegrossa";17;6;2012;0;18;"20120618"
"188.152.94.198";"IT";12.833300;42.833300;"AS44957 Vodafone Omnitel N.V.";"mlab1-mil01";0.047505;922365.186298;"0.004012999";"linux2";"213.200.99.211";"bittorrent";1340032865;49279.895268;-1.000000;"b6f7bc90-fab9-4db0-af8a-1737ebd554f1";44957;"";"";17;6;2012;0;18;"20120618"
"151.28.149.138";"IT";12.483300;41.900000;"AS1267 WIND Telecomunicazioni S.p.A.";"mlab1-mil01";0.021589;817023.317450;"0.004012999";"darwin";"213.200.99.211";"speedtest";1340033988;52892.886219;0.026199;"ecbc13bf-6a9e-4fe9-b86f-bd60bf3af1d0";1267;"07";"Rome";17;6;2012;0;18;"20120618"
"37.116.41.81";"IT";8.866700;44.900000;"AS30722 Vodafone Omnitel N.V.";"mlab1-mil01";0.045309;302161.450223;"0.004012999";"win32";"213.200.99.211";"speedtest";1340033015;63349.297320;0.048168;"19176454-a721-4c97-8342-b9cf8e375390";30722;"12";"Tortona";17;6;2012;0;18;"20120618"
"151.32.58.7";"IT";7.600000;45.233300;"AS1267 WIND Telecomunicazioni S.p.A.";"mlab1-mil01";0.011745;831625.248842;"0.004012999";"linux2";"213.200.99.211";"speedtest";1340033094;52938.149217;0.017363;"e58cbc1f-8414-4fe3-8578-f8c48106d21d";1267;"12";"Ciriè";17;6;2012;0;18;"20120618"
"94.33.1.179";"IT";9.216700;45.550000;"AS8612 Tiscali Italia S.P.A.";"mlab1-mil01";0.025948;584842.300450;"0.004012999";"linux2";"213.200.99.211";"speedtest";1340033610;101484.318841;0.028755;"c8e22a26-c7da-46ee-8473-787638c3fd84";8612;"09";"Cinisello Balsamo";17;6;2012;0;18;"20120618"
"188.10.100.91";"IT";9.116700;45.683300;"AS3269 Telecom Italia S.p.a.";"mlab1-mil01";0.042492;839524.551985;"0.004012999";"win32";"213.200.99.211";"bittorrent";1340033867;49701.718335;-1.000000;"a0bc9ac6-3c40-4f42-be91-07152ae8b8fb";3269;"09";"Lentate Sul Seveso";17;6;2012;0;18;"20120618"
"93.66.116.63";"IT";12.833300;42.833300;"AS30722 Vodafone Omnitel N.V.";"mlab1-mil01";0.045937;126933.694593;"0.004012999";"darwin";"213.200.99.211";"speedtest";1340033927;62320.323627;0.053808;"e03eb71c-5d1f-41bc-9e20-cd6dfc7634e9";30722;"";"";17;6;2012;0;18;"20120618"
"85.18.29.42";"IT";9.200000;45.466700;"AS12874 Fastweb SpA";"mlab1-mil01";0.023347;1151608.017174;"0.004012999";"darwin";"213.200.99.211";"bittorrent";1340033982;1156370.788312;-1.000000;"2c46fdf6-7306-4016-9a75-e529fa590549";12874;"09";"Milan";17;6;2012;0;18;"20120618"
"134.255.175.21";"IT";13.216700;43.366700;"AS198292 Wave-Max S.r.L.";"mlab1-mil01";0.087977;258227.666762;"0.004012999";"win32";"213.200.99.211";"bittorrent";1340033991;23318.819942;-1.000000;"708a55f0-3758-4099-a346-23683a39926d";198292;"10";"Cingoli";17;6;2012;0;18;"20120618"
"31.185.19.156";"IT";12.566700;43.050000;"AS47187 Forinicom S.r.l.";"mlab1-mil01";0.040208;48191.032018;"0.004012999";"win32";"213.200.99.211";"speedtest";1340034105;28432.710105;0.028607;"2a30a2a8-273c-4b16-9671-803dc3d96492";47187;"18";"Santa Maria Degli Angeli";17;6;2012;0;18;"20120618"
"79.30.49.39";"IT";8.950000;44.416700;"AS3269 Telecom Italia S.p.a.";"mlab1-mil01";0.065941;46915.876267;"0.004012999";"win32";"213.200.99.211";"bittorrent";1340034109;26817.530201;-1.000000;"14b0478f-78ea-46ec-8409-548af450a827";3269;"08";"Genova";17;6;2012;0;18;"20120618"
"79.39.193.153";"IT";12.833300;42.833300;"AS3269 Telecom Italia S.p.a.";"mlab1-mil01";0.105236;271151.090770;"0.004012999";"win32";"213.200.99.211";"bittorrent";1340034162;45179.578476;-1.000000;"ec58670d-cc26-4c10-aeb5-a22a61fd34c0";3269;"";"";17;6;2012;0;18;"20120618"
"217.133.46.117";"IT";11.316700;43.583300;"AS8612 Tiscali Italia S.P.A.";"mlab1-mil01";0.029573;1486730.727500;"0.004012999";"win32";"213.200.99.211";"speedtest";1340034253;107766.399297;0.030622;"2765e625-af97-4607-9fbe-b7195291ba59";8612;"16";"Greve";17;6;2012;0;18;"20120618"
"94.36.27.108";"IT";9.833300;44.116700;"AS8612 Tiscali Italia S.P.A.";"mlab1-mil01";0.026291;861164.434025;"0.004012999";"win32";"213.200.99.211";"speedtest";1340034322;40189.535739;0.031084;"43824351-60f0-4924-9794-e14a103734ad";8612;"08";"La Spezia";17;6;2012;0;18;"20120618"
"62.98.65.177";"IT";14.250000;40.833300;"AS1267 WIND Telecomunicazioni S.p.A.";"mlab1-mil01";0.029188;644951.475569;"0.004012999";"win32";"213.200.99.211";"bittorrent";1340034349;41292.601633;-1.000000;"2d006d8d-7c04-46bb-b056-798468ee365e";1267;"04";"Napoli";17;6;2012;0;18;"20120618"
"93.50.201.172";"IT";7.666700;45.050000;"AS12874 Fastweb SpA";"mlab1-mil01";0.044181;1035357.717050;"0.004012999";"win32";"213.200.99.211";"speedtest";1340034387;1051902.210420;0.030419;"82d7cd8b-95b2-4fb4-be64-f55010d39d3e";12874;"12";"Torino";17;6;2012;0;18;"20120618"
"2.227.55.184";"IT";12.500000;41.666700;"AS12874 Fastweb SpA";"mlab1-mil01";0.035408;717933.008665;"0.004012999";"linux2";"213.200.99.211";"bittorrent";1340034486;97484.036794;-1.000000;"202944e6-094c-4bb9-86da-7234fa3c010e";12874;"07";"Pomezia";17;6;2012;0;18;"20120618"
"188.11.197.8";"IT";12.483300;41.900000;"AS3269 Telecom Italia S.p.a.";"mlab1-mil01";0.037920;380863.976852;"0.004012999";"darwin";"213.200.99.211";"speedtest";1340034799;89502.927386;0.041157;"c671e4d7-9027-4ae8-9058-ad41f0746af0";3269;"07";"Rome";17;6;2012;0;18;"20120618"
"2.225.231.97";"IT";7.666700;45.050000;"AS12874 Fastweb SpA";"mlab1-mil01";0.028214;1034757.385170;"0.004012999";"win32";"213.200.99.211";"speedtest";1340035011;1047444.596420;0.029668;"252a836b-55fe-43a0-93e7-d33c5d47fae3";12874;"12";"Torino";17;6;2012;0;18;"20120618"
"93.63.140.2";"IT";12.435800;44.070800;"AS12874 Fastweb SpA";"mlab1-mil01";0.044476;349808.718974;"0.004012999";"win32";"213.200.99.211";"bittorrent";1340035078;320738.936486;-1.000000;"8050c4c2-de4c-4f89-ab47-528f246a0f23";12874;"05";"Santarcangelo";17;6;2012;0;18;"20120618"
"79.42.133.61";"IT";11.183300;43.133300;"AS3269 Telecom Italia S.p.a.";"mlab1-mil01";0.029658;254584.133256;"0.004011999";"win32";"213.200.99.211";"bittorrent";1340035147;84630.569768;-1.000000;"8f2b4ecf-a700-4d0f-9dc5-4bb0f41e171c";3269;"16";"Monticiano";17;6;2012;0;18;"20120618"
"78.14.224.92";"IT";9.116700;45.766700;"AS8612 Tiscali Italia S.P.A.";"mlab1-mil01";0.031275;232452.848954;"0.004012999";"darwin";"213.200.99.211";"speedtest";1340035201;35334.909767;0.037863;"39792736-bd8b-4a56-942d-1cc983336add";8612;"09";"Lurago D'erba";18;6;2012;0;18;"20120618"
"147.162.42.20";"IT";11.883300;45.416700;"AS137 GARR Italian academic and research network";"mlab1-mil01";0.013399;8510814.638858;"0.004010999";"linux2";"213.200.99.211";"bittorrent";1340035389;8662371.085184;-1.000000;"727d6a40-2b78-4641-8061-04b6a384e6a6";137;"20";"Padova";18;6;2012;0;18;"20120618"
"80.117.83.96";"IT";12.833300;42.833300;"AS3269 Telecom Italia S.p.a.";"mlab1-mil01";0.031234;376006.789125;"0.004012999";"win32";"213.200.99.211";"speedtest";1340035452;38940.905950;0.038204;"25353fbe-ce56-4192-a803-65a63443c70a";3269;"";"";18;6;2012;0;18;"20120618"
"217.133.46.117";"IT";11.316700;43.583300;"AS8612 Tiscali Italia S.P.A.";"mlab1-mil01";0.027708;1687245.529893;"0.004012999";"win32";"213.200.99.211";"bittorrent";1340035677;105433.167842;-1.000000;"2765e625-af97-4607-9fbe-b7195291ba59";8612;"16";"Greve";18;6;2012;0;18;"20120618"
"188.152.94.198";"IT";12.833300;42.833300;"AS44957 Vodafone Omnitel N.V.";"mlab1-mil01";0.045725;922498.377672;"0.004012999";"linux2";"213.200.99.211";"bittorrent";1340035738;49065.506670;-1.000000;"b6f7bc90-fab9-4db0-af8a-1737ebd554f1";44957;"";"";18;6;2012;0;18;"20120618"
"79.13.203.101";"IT";10.100000;44.083300;"AS3269 Telecom Italia S.p.a.";"mlab1-mil01";0.032024;533511.354006;"0.004009999";"win32";"213.200.99.211";"speedtest";1340035781;49157.505305;0.038779;"ae73866b-a211-42d8-b6f2-d31777806a2e";3269;"16";"Carrara";18;6;2012;0;18;"20120618"
"151.60.120.179";"IT";7.316700;44.633300;"AS1267 WIND Telecomunicazioni S.p.A.";"mlab1-mil01";0.030850;283551.091988;"0.004012999";"linux2";"213.200.99.211";"speedtest";1340036092;62138.503703;0.034059;"ce15cdd9-fbc9-4be9-8f83-94df036818bb";1267;"12";"Sanfront";18;6;2012;0;18;"20120618"
"188.217.129.219";"IT";14.333300;40.916700;"AS30722 Vodafone Omnitel N.V.";"mlab1-mil01";0.087803;22210.941644;"0.004012999";"win32";"213.200.99.211";"bittorrent";1340036116;23679.086265;-1.000000;"bb6c2e6b-7f94-482d-ab7a-ba9256571bd8";30722;"04";"Casalnuovo Di Napoli";18;6;2012;0;18;"20120618"
"88.47.41.57";"IT";12.833300;42.833300;"AS3269 Telecom Italia S.p.a.";"mlab1-mil01";0.044602;585814.548630;"0.004012999";"win32";"213.200.99.211";"speedtest";1340036244;46155.057753;0.052509;"ec2e71be-f555-4dee-b674-bc8e80a61d77";3269;"";"";18;6;2012;0;18;"20120618"
"95.252.40.120";"IT";9.466700;45.683300;"AS3269 Telecom Italia S.p.a.";"mlab1-mil01";0.038514;624042.261833;"0.004012999";"linux2";"213.200.99.211";"speedtest";1340036597;43304.091044;0.041101;"a4fb4910-ec49-4ae0-91f7-a2e3e4aa9e45";3269;"09";"Calusco D'adda";18;6;2012;0;18;"20120618"
"149.132.117.110";"IT";9.200000;45.466700;"AS137 GARR Italian academic and research network";"mlab1-mil01";0.012494;7874066.424930;"0.004012999";"darwin";"213.200.99.211";"speedtest";1340036639;7019427.745160;0.013716;"c9d3d685-6087-4faf-a87c-eb1dfaa2b53c";137;"18";"Milan";18;6;2012;0;18;"20120618"
"93.36.111.189";"IT";9.200000;45.466700;"AS12874 Fastweb SpA";"mlab1-mil01";0.032696;629665.413697;"0.004012999";"darwin";"213.200.99.211";"bittorrent";1340036658;52429.470057;-1.000000;"1ac06ae7-306c-4ad7-a420-41b7f457fa4e";12874;"09";"Milan";18;6;2012;0;18;"20120618"
"93.63.140.2";"IT";12.435800;44.070800;"AS12874 Fastweb SpA";"mlab1-mil01";0.053668;345252.656503;"0.004012999";"win32";"213.200.99.211";"speedtest";1340036665;278680.227163;0.045560;"8050c4c2-de4c-4f89-ab47-528f246a0f23";12874;"05";"Santarcangelo";18;6;2012;0;18;"20120618"
"78.14.224.92";"IT";9.116700;45.766700;"AS8612 Tiscali Italia S.P.A.";"mlab1-mil01";0.032170;106691.390448;"0.004012999";"darwin";"213.200.99.211";"bittorrent";1340036740;45549.645309;-1.000000;"39792736-bd8b-4a56-942d-1cc983336add";8612;"09";"Lurago D'erba";18;6;2012;0;18;"20120618"
"85.18.46.24";"IT";9.200000;45.466700;"AS12874 Fastweb SpA";"mlab1-mil01";0.022549;10932871.124800;"0.004012999";"linux2";"213.200.99.211";"speedtest";1340036764;5176243.032120;0.023867;"6c471e39-d901-41fa-9266-23795dce3dc5";12874;"09";"Milan";18;6;2012;0;18;"20120618"
"147.162.42.20";"IT";11.883300;45.416700;"AS137 GARR Italian academic and research network";"mlab1-mil01";0.013633;7483525.239890;"0.004010999";"linux2";"213.200.99.211";"speedtest";1340036826;8357171.979990;0.014901;"727d6a40-2b78-4641-8061-04b6a384e6a6";137;"20";"Padova";18;6;2012;0;18;"20120618"
"79.41.215.191";"IT";7.666700;45.050000;"AS3269 Telecom Italia S.p.a.";"mlab1-mil01";0.049407;173598.099186;"0.004012999";"darwin";"213.200.99.211";"speedtest";1340036979;35628.624270;0.060377;"54b1973f-e000-498d-8aee-038597e2696e";3269;"12";"Torino";18;6;2012;0;18;"20120618"
"151.49.229.123";"IT";13.780000;45.648600;"AS1267 WIND Telecomunicazioni S.p.A.";"mlab1-mil01";0.021935;832512.982385;"0.004011999";"linux2";"213.200.99.211";"bittorrent";1340037039;53483.898948;-1.000000;"db4c1f00-a6b9-40ad-b36d-a2fad669a491";1267;"06";"Trieste";18;6;2012;0;18;"20120618"
"2.230.35.188";"IT";9.316700;45.350000;"AS12874 Fastweb SpA";"mlab1-mil01";0.038768;645835.920428;"0.004012999";"darwin";"213.200.99.211";"bittorrent";1340037060;60259.868459;-1.000000;"681448f5-2440-4cd6-afef-f44ecf59facf";12874;"09";"Melegnano";18;6;2012;0;18;"20120618"
"82.50.16.67";"IT";11.583300;44.400000;"AS3269 Telecom Italia S.p.a.";"mlab1-mil01";0.034764;379445.097540;"0.004008999";"darwin";"213.200.99.211";"speedtest";1340037072;79848.817894;0.038105;"470583b1-76be-479b-a12e-d79962295075";3269;"05";"Castel San Pietro Terme";18;6;2012;0;18;"20120618"
"217.133.46.117";"IT";11.316700;43.583300;"AS8612 Tiscali Italia S.P.A.";"mlab1-mil01";0.029582;1620517.245650;"0.004012999";"win32";"213.200.99.211";"speedtest";1340037129;108087.384751;0.030711;"2765e625-af97-4607-9fbe-b7195291ba59";8612;"16";"Greve";18;6;2012;0;18;"20120618"
"188.152.94.198";"IT";12.833300;42.833300;"AS44957 Vodafone Omnitel N.V.";"mlab1-mil01";0.045681;870557.584289;"0.004012999";"linux2";"213.200.99.211";"speedtest";1340037173;49174.193274;0.051909;"b6f7bc90-fab9-4db0-af8a-1737ebd554f1";44957;"";"";18;6;2012;0;18;"20120618"
"195.110.137.171";"IT";12.483300;41.900000;"AS5396 MC-link Spa";"mlab1-mil01";0.037325;667864.682231;"0.004012999";"darwin";"213.200.99.211";"bittorrent";1340037316;29490.269514;-1.000000;"2d27e34d-ed0a-4c70-8dc2-070f5a0499a1";5396;"07";"Rome";18;6;2012;0;18;"20120618"
"79.13.203.101";"IT";10.100000;44.083300;"AS3269 Telecom Italia S.p.a.";"mlab1-mil01";0.039957;762878.411360;"0.004009999";"win32";"213.200.99.211";"bittorrent";1340037389;50321.221979;-1.000000;"ae73866b-a211-42d8-b6f2-d31777806a2e";3269;"16";"Carrara";18;6;2012;0;18;"20120618"
"151.28.149.138";"IT";12.483300;41.900000;"AS1267 WIND Telecomunicazioni S.p.A.";"mlab1-mil01";0.020451;822172.637678;"0.004012999";"darwin";"213.200.99.211";"bittorrent";1340037561;53507.197048;-1.000000;"ecbc13bf-6a9e-4fe9-b86f-bd60bf3af1d0";1267;"07";"Rome";18;6;2012;0;18;"20120618"
"95.229.187.136";"IT";12.833300;42.833300;"AS3269 Telecom Italia S.p.a.";"mlab1-mil01";0.042224;322474.446693;"0.004012999";"win32";"213.200.99.211";"bittorrent";1340037658;80644.740004;-1.000000;"a4010725-b228-4400-bd21-b9e05989bafb";3269;"";"";18;6;2012;0;18;"20120618"
"188.218.203.155";"IT";18.166700;40.300000;"AS30722 Vodafone Omnitel N.V.";"mlab1-mil01";0.068468;24041.857884;"0.004009999";"win32";"213.200.99.211";"bittorrent";1340038086;60854.412770;-1.000000;"1a885600-ab28-499c-8adf-fb4b2b758c63";30722;"13";"San Cesario";18;6;2012;0;18;"20120618"
"130.192.91.213";"IT";7.666700;45.050000;"AS137 GARR Italian academic and research network";"mlab1-mil01";0.013407;11425814.886100;"0.004012999";"linux2";"213.200.99.211";"speedtest";1340038122;1373487.570960;0.015567;"cd78793c-1e3b-4944-b4b2-9768fc1cdb97";137;"12";"Torino";18;6;2012;0;18;"20120618"
"78.13.176.56";"IT";11.250000;43.766700;"AS8612 Tiscali Italia S.P.A.";"mlab1-mil01";0.118164;310030.663828;"0.004012999";"darwin";"213.200.99.211";"bittorrent";1340038220;4922.592245;-1.000000;"5f59af2e-2b13-403e-ba8c-0801e50c8913";8612;"16";"Florence";18;6;2012;0;18;"20120618"
"95.248.65.26";"IT";8.283300;46.016700;"AS3269 Telecom Italia S.p.a.";"mlab1-mil01";0.090878;287024.410248;"0.004012999";"win32";"213.200.99.211";"speedtest";1340038411;47763.156088;0.063305;"19176454-a721-4c97-8342-b9cf8e375390";3269;"12";"Vogogna";18;6;2012;0;18;"20120618"
"84.222.108.196";"IT";11.866700;44.583300;"AS8612 Tiscali Italia S.P.A.";"mlab1-mil01";0.052995;546670.516430;"0.004012999";"darwin";"213.200.99.211";"speedtest";1340038701;32633.746172;0.059608;"8c002889-ba22-4c1b-a026-e262143a9d1d";8612;"05";"San Biagio";18;6;2012;0;18;"20120618"
"88.47.41.57";"IT";12.833300;42.833300;"AS3269 Telecom Italia S.p.a.";"mlab1-mil01";0.043885;604664.637058;"0.004012999";"win32";"213.200.99.211";"speedtest";1340039114;47018.618636;0.053716;"ec2e71be-f555-4dee-b674-bc8e80a61d77";3269;"";"";19;6;2012;0;18;"20120618"
"95.236.109.240";"IT";11.133300;46.066700;"AS3269 Telecom Italia S.p.a.";"mlab1-mil01";0.035431;677502.392253;"0.004012999";"darwin";"213.200.99.211";"bittorrent";1340039146;99663.404984;-1.000000;"3a2b787f-c941-4b74-b356-2363c9904a6c";3269;"17";"Trento";19;6;2012;0;18;"20120618"
"151.60.120.179";"IT";7.316700;44.633300;"AS1267 WIND Telecomunicazioni S.p.A.";"mlab1-mil01";0.054741;127447.248184;"0.004012999";"linux2";"213.200.99.211";"speedtest";1340039177;61408.944770;0.039054;"ce15cdd9-fbc9-4be9-8f83-94df036818bb";1267;"12";"Sanfront";19;6;2012;0;18;"20120618"
"2.225.231.97";"IT";7.666700;45.050000;"AS12874 Fastweb SpA";"mlab1-mil01";0.027610;1183636.410329;"0.004012999";"win32";"213.200.99.211";"bittorrent";1340039273;1168653.006655;-1.000000;"252a836b-55fe-43a0-93e7-d33c5d47fae3";12874;"12";"Torino";19;6;2012;0;18;"20120618"
"87.8.229.178";"IT";7.666700;45.050000;"AS3269 Telecom Italia S.p.a.";"mlab1-mil01";0.038677;547405.412073;"0.004012999";"win32";"213.200.99.211";"bittorrent";1340039424;49722.195873;-1.000000;"d6bbc582-d8eb-4ead-ba2c-3fffeda97549";3269;"12";"Torino";19;6;2012;0;18;"20120618"
"130.192.91.213";"IT";7.666700;45.050000;"AS137 GARR Italian academic and research network";"mlab1-mil01";0.013388;11733767.299443;"0.004012999";"linux2";"213.200.99.211";"bittorrent";1340039644;11134964.999069;-1.000000;"cd78793c-1e3b-4944-b4b2-9768fc1cdb97";137;"12";"Torino";19;6;2012;0;18;"20120618"
"80.117.83.96";"IT";12.833300;42.833300;"AS3269 Telecom Italia S.p.a.";"mlab1-mil01";0.027468;706496.242126;"0.004012999";"win32";"213.200.99.211";"bittorrent";1340039676;39712.541240;-1.000000;"25353fbe-ce56-4192-a803-65a63443c70a";3269;"";"";19;6;2012;0;18;"20120618"
"188.10.200.91";"IT";9.716700;45.683300;"AS3269 Telecom Italia S.p.a.";"mlab1-mil01";1.388323;10230.615826;"0.004012999";"darwin";"213.200.99.211";"speedtest";1340039828;1804.492836;0.595010;"84b0a809-ea3e-464e-9590-f84cd3a89ac5";3269;"09";"Bergamo";19;6;2012;0;18;"20120618"
"95.252.40.120";"IT";9.466700;45.683300;"AS3269 Telecom Italia S.p.a.";"mlab1-mil01";0.038860;613925.415744;"0.004012999";"linux2";"213.200.99.211";"speedtest";1340039867;39541.843411;0.051469;"a4fb4910-ec49-4ae0-91f7-a2e3e4aa9e45";3269;"09";"Calusco D'adda";19;6;2012;0;18;"20120618"
"217.133.46.117";"IT";11.316700;43.583300;"AS8612 Tiscali Italia S.P.A.";"mlab1-mil01";0.028293;1567692.956680;"0.004012999";"win32";"213.200.99.211";"speedtest";1340040008;81043.437396;0.032318;"2765e625-af97-4607-9fbe-b7195291ba59";8612;"16";"Greve";19;6;2012;0;18;"20120618"
"2.40.143.189";"IT";13.450000;43.300000;"AS30722 Vodafone Omnitel N.V.";"mlab1-mil01";0.083405;786223.340761;"0.004012999";"darwin";"213.200.99.211";"speedtest";1340040077;17010.005088;0.088739;"3316da08-88a1-4b42-99ea-92218bc666a8";30722;"10";"Macerata";19;6;2012;0;18;"20120618"
"2.225.128.51";"IT";7.666700;45.050000;"AS12874 Fastweb SpA";"mlab1-mil01";0.045612;329288.934953;"0.004012999";"darwin";"213.200.99.211";"speedtest";1340040091;60292.642840;0.049104;"28ba3b2e-cd9a-4c00-8b29-33e0cfe5c596";12874;"12";"Torino";19;6;2012;0;18;"20120618"
"79.30.49.39";"IT";8.950000;44.416700;"AS3269 Telecom Italia S.p.a.";"mlab1-mil01";0.065942;74166.239932;"0.004012999";"win32";"213.200.99.211";"bittorrent";1340040291;32355.365551;-1.000000;"14b0478f-78ea-46ec-8409-548af450a827";3269;"08";"Genova";19;6;2012;0;18;"20120618"
"79.20.70.163";"IT";8.066600;45.572300;"AS3269 Telecom Italia S.p.a.";"mlab1-mil01";0.039439;850337.211470;"0.004012999";"darwin";"213.200.99.211";"speedtest";1340040328;40207.809772;0.044364;"432d3481-f83e-450d-b373-e60ae5f17efe";3269;"12";"Biella";19;6;2012;0;18;"20120618"
"151.32.58.7";"IT";7.600000;45.233300;"AS1267 WIND Telecomunicazioni S.p.A.";"mlab1-mil01";0.010034;765151.227023;"0.004012999";"linux2";"213.200.99.211";"bittorrent";1340040411;39872.584294;-1.000000;"e58cbc1f-8414-4fe3-8578-f8c48106d21d";1267;"12";"Ciriè";19;6;2012;0;18;"20120618"
"88.47.41.57";"IT";12.833300;42.833300;"AS3269 Telecom Italia S.p.a.";"mlab1-mil01";0.060644;760992.825482;"0.004012999";"win32";"213.200.99.211";"bittorrent";1340040520;44751.169310;-1.000000;"ec2e71be-f555-4dee-b674-bc8e80a61d77";3269;"";"";19;6;2012;0;18;"20120618"
"95.236.109.240";"IT";11.133300;46.066700;"AS3269 Telecom Italia S.p.a.";"mlab1-mil01";0.035189;913528.867464;"0.004012999";"darwin";"213.200.99.211";"speedtest";1340040599;102192.526754;0.039082;"3a2b787f-c941-4b74-b356-2363c9904a6c";3269;"17";"Trento";19;6;2012;0;18;"20120618"
"87.3.174.74";"IT";10.916700;44.666700;"AS3269 Telecom Italia S.p.a.";"mlab1-mil01";0.044111;316149.135105;"0.004009999";"darwin";"213.200.99.211";"speedtest";1340040645;15511.976850;0.050888;"954b4861-0452-4dc0-a401-1dffef49bddf";3269;"05";"Modena";19;6;2012;0;18;"20120618"
"87.8.228.126";"IT";12.833300;42.833300;"AS3269 Telecom Italia S.p.a.";"mlab1-mil01";0.045364;136273.195437;"0.004012999";"darwin";"213.200.99.211";"bittorrent";1340040791;42854.149249;-1.000000;"6b759052-c812-4f14-90ce-16e61560a573";3269;"";"";19;6;2012;0;18;"20120618"
"134.255.175.21";"IT";13.216700;43.366700;"AS198292 Wave-Max S.r.L.";"mlab1-mil01";0.093633;255232.427036;"0.004012999";"win32";"213.200.99.211";"speedtest";1340040988;44824.057224;0.100712;"708a55f0-3758-4099-a346-23683a39926d";198292;"10";"Cingoli";19;6;2012;0;18;"20120618"
"151.25.149.199";"IT";13.250000;41.700000;"AS1267 WIND Telecomunicazioni S.p.A.";"mlab1-mil01";0.020818;1881282.362348;"0.004012999";"darwin";"213.200.99.211";"bittorrent";1340041014;105014.081189;-1.000000;"2db37ed2-fec6-4c7a-947f-fbfa8575dbeb";1267;"07";"Ferentino";19;6;2012;0;18;"20120618"
"188.10.200.91";"IT";9.716700;45.683300;"AS3269 Telecom Italia S.p.a.";"mlab1-mil01";0.041424;347498.171930;"0.004012999";"darwin";"213.200.99.211";"bittorrent";1340041465;47115.565796;-1.000000;"84b0a809-ea3e-464e-9590-f84cd3a89ac5";3269;"09";"Bergamo";19;6;2012;0;18;"20120618"
"95.252.40.120";"IT";9.466700;45.683300;"AS3269 Telecom Italia S.p.a.";"mlab1-mil01";0.038045;828282.880144;"0.004012999";"linux2";"213.200.99.211";"bittorrent";1340041505;31109.658506;-1.000000;"a4fb4910-ec49-4ae0-91f7-a2e3e4aa9e45";3269;"09";"Calusco D'adda";19;6;2012;0;18;"20120618"
"79.39.193.153";"IT";12.833300;42.833300;"AS3269 Telecom Italia S.p.a.";"mlab1-mil01";0.105061;664063.897273;"0.004012999";"win32";"213.200.99.211";"bittorrent";1340041563;44530.102430;-1.000000;"ec58670d-cc26-4c10-aeb5-a22a61fd34c0";3269;"";"";19;6;2012;0;18;"20120618"
"83.211.172.129";"IT";13.566700;42.583300;"AS15589 Clouditalia Communications S.p.A.";"mlab1-mil01";0.034209;480625.178082;"0.004012999";"win32";"213.200.99.211";"speedtest";1340041572;27874.183622;0.037229;"b6e23738-aa63-4482-8754-26d879467631";15589;"01";"Altavilla";19;6;2012;0;18;"20120618"
"85.18.29.42";"IT";9.200000;45.466700;"AS12874 Fastweb SpA";"mlab1-mil01";0.023652;1142889.394030;"0.004012999";"darwin";"213.200.99.211";"speedtest";1340041582;1143899.434280;0.024769;"2c46fdf6-7306-4016-9a75-e529fa590549";12874;"09";"Milan";19;6;2012;0;18;"20120618"
"79.41.215.191";"IT";7.666700;45.050000;"AS3269 Telecom Italia S.p.a.";"mlab1-mil01";0.048418;250301.898680;"0.004012999";"darwin";"213.200.99.211";"bittorrent";1340041736;36203.819677;-1.000000;"54b1973f-e000-498d-8aee-038597e2696e";3269;"12";"Torino";19;6;2012;0;18;"20120618"
"87.4.83.224";"IT";16.483300;41.116700;"AS3269 Telecom Italia S.p.a.";"mlab1-mil01";0.043336;650295.871476;"0.004012999";"darwin";"213.200.99.211";"speedtest";1340041737;43937.755949;0.051580;"8c3b14ba-e923-48bd-8f2e-da456a7f071f";3269;"13";"Ruvo Di Puglia";19;6;2012;0;18;"20120618"
"195.110.137.171";"IT";12.483300;41.900000;"AS5396 MC-link Spa";"mlab1-mil01";0.048378;566954.687740;"0.004012999";"darwin";"213.200.99.211";"speedtest";1340041841;31034.408349;0.047990;"2d27e34d-ed0a-4c70-8dc2-070f5a0499a1";5396;"07";"Rome";19;6;2012;0;18;"20120618"
"151.32.58.7";"IT";7.600000;45.233300;"AS1267 WIND Telecomunicazioni S.p.A.";"mlab1-mil01";0.021351;836774.172049;"0.004012999";"linux2";"213.200.99.211";"speedtest";1340041861;53484.520988;0.020786;"e58cbc1f-8414-4fe3-8578-f8c48106d21d";1267;"12";"Ciriè";19;6;2012;0;18;"20120618"
"87.11.255.90";"IT";17.229700;40.476100;"AS3269 Telecom Italia S.p.a.";"mlab1-mil01";0.065714;757838.660167;"0.004009999";"win32";"213.200.99.211";"bittorrent";1340041866;49325.244926;-1.000000;"7989d7c5-459e-4910-93c2-ffd113604f5d";3269;"13";"Taranto";19;6;2012;0;18;"20120618"
"95.237.177.229";"IT";11.383300;45.450000;"AS3269 Telecom Italia S.p.a.";"mlab1-mil01";0.047839;850368.143038;"0.004012999";"darwin";"213.200.99.211";"speedtest";1340042040;50217.083093;0.053798;"2d30abc6-7bc1-4102-9b33-35ac395bbb4e";3269;"20";"Montebello Vicentino";19;6;2012;0;18;"20120618"
"87.4.74.136";"IT";8.850000;44.716700;"AS3269 Telecom Italia S.p.a.";"mlab1-mil01";0.402964;62535.487900;"0.004012999";"win32";"213.200.99.211";"speedtest";1340042092;13379.358940;0.085128;"d8a56420-51dd-4f7f-811c-30fa9ca36858";3269;"12";"Serravalle Scrivia";19;6;2012;0;18;"20120618"
"151.64.56.23";"IT";9.116700;45.683300;"AS1267 WIND Telecomunicazioni S.p.A.";"mlab1-mil01";0.021872;693628.631732;"0.004012999";"linux2";"213.200.99.211";"speedtest";1340042217;53315.943648;0.026648;"122a0eee-5444-44b6-9181-38ffae82c977";1267;"09";"Lentate Sul Seveso";19;6;2012;0;18;"20120618"
"79.20.70.163";"IT";8.066600;45.572300;"AS3269 Telecom Italia S.p.a.";"mlab1-mil01";0.039984;686799.919360;"0.004012999";"darwin";"213.200.99.211";"bittorrent";1340042292;41351.597956;-1.000000;"e838c543-3d44-45bd-9a51-ed5e3c0d7d06";3269;"12";"Biella";19;6;2012;0;18;"20120618"
"81.174.47.101";"IT";12.833300;42.833300;"AS35612 NGI Spa";"mlab1-mil01";0.012647;928626.143185;"0.004012999";"darwin";"213.200.99.211";"bittorrent";1340042352;112816.816206;-1.000000;"59a9e8e1-3618-48e2-adea-6559f48400b8";35612;"";"";19;6;2012;0;18;"20120618"
"151.73.33.145";"IT";14.566700;40.733300;"AS1267 WIND Telecomunicazioni S.p.A.";"mlab1-mil01";0.025454;492838.709474;"0.004009999";"win32";"213.200.99.211";"speedtest";1340042998;46796.972699;0.032615;"23d04e8c-1632-480a-8b47-f5057b877ee1";1267;"04";"Angri";20;6;2012;0;18;"20120618"
"87.4.83.224";"IT";16.483300;41.116700;"AS3269 Telecom Italia S.p.a.";"mlab1-mil01";0.044768;615807.740851;"0.004012999";"darwin";"213.200.99.211";"bittorrent";1340043176;45243.691817;-1.000000;"8c3b14ba-e923-48bd-8f2e-da456a7f071f";3269;"13";"Ruvo Di Puglia";20;6;2012;0;18;"20120618"
"79.41.215.191";"IT";7.666700;45.050000;"AS3269 Telecom Italia S.p.a.";"mlab1-mil01";0.049345;239445.399895;"0.004012999";"darwin";"213.200.99.211";"speedtest";1340043296;36499.229937;0.056357;"54b1973f-e000-498d-8aee-038597e2696e";3269;"12";"Torino";20;6;2012;0;18;"20120618"
"2.225.128.51";"IT";7.666700;45.050000;"AS12874 Fastweb SpA";"mlab1-mil01";0.046505;410503.002680;"0.004012999";"darwin";"213.200.99.211";"speedtest";1340043314;60200.597696;0.049252;"28ba3b2e-cd9a-4c00-8b29-33e0cfe5c596";12874;"12";"Torino";20;6;2012;0;18;"20120618"
"87.11.255.90";"IT";17.229700;40.476100;"AS3269 Telecom Italia S.p.a.";"mlab1-mil01";0.074503;743770.547550;"0.004009999";"win32";"213.200.99.211";"speedtest";1340043428;42488.332145;0.071545;"7989d7c5-459e-4910-93c2-ffd113604f5d";3269;"13";"Taranto";20;6;2012;0;18;"20120618"
"188.152.109.177";"IT";7.666700;45.050000;"AS44957 Vodafone Omnitel N.V.";"mlab1-mil01";0.047292;427331.713707;"0.004012999";"darwin";"213.200.99.211";"speedtest";1340043583;49329.661915;0.056748;"fd2cba45-5000-4263-b0bc-8c4a654ac411";44957;"12";"Torino";20;6;2012;0;18;"20120618"
"151.64.24.143";"IT";9.233300;45.533300;"AS1267 WIND Telecomunicazioni S.p.A.";"mlab1-mil01";0.027877;721767.052698;"0.004012999";"linux2";"213.200.99.211";"bittorrent";1340043765;52871.490724;-1.000000;"122a0eee-5444-44b6-9181-38ffae82c977";1267;"09";"Sesto San Giovanni";20;6;2012;0;18;"20120618"
"151.60.120.179";"IT";7.316700;44.633300;"AS1267 WIND Telecomunicazioni S.p.A.";"mlab1-mil01";0.032626;191251.066708;"0.004012999";"linux2";"213.200.99.211";"bittorrent";1340043795;53213.429723;-1.000000;"ce15cdd9-fbc9-4be9-8f83-94df036818bb";1267;"12";"Sanfront";20;6;2012;0;18;"20120618"
"188.216.124.199";"IT";7.666700;45.050000;"AS30722 Vodafone Omnitel N.V.";"mlab1-mil01";0.183269;845220.100731;"0.004012999";"darwin";"213.200.99.211";"bittorrent";1340044022;65113.272304;-1.000000;"821aa4b7-0495-4899-9210-11d94170a73b";30722;"12";"Torino";20;6;2012;0;18;"20120618"
"93.36.123.23";"IT";9.300000;45.616700;"AS12874 Fastweb SpA";"mlab1-mil01";0.029603;632899.665706;"0.004012999";"darwin";"213.200.99.211";"speedtest";1340044154;86358.595357;0.034157;"1ac06ae7-306c-4ad7-a420-41b7f457fa4e";12874;"09";"Villasanta";20;6;2012;0;18;"20120618"
"188.217.129.219";"IT";14.333300;40.916700;"AS30722 Vodafone Omnitel N.V.";"mlab1-mil01";0.063342;165269.640922;"0.004012999";"win32";"213.200.99.211";"speedtest";1340044088;22596.744278;0.100103;"bb6c2e6b-7f94-482d-ab7a-ba9256571bd8";30722;"04";"Casalnuovo Di Napoli";20;6;2012;0;18;"20120618"
"2.230.35.188";"IT";9.316700;45.350000;"AS12874 Fastweb SpA";"mlab1-mil01";0.028623;638095.249870;"0.004012999";"darwin";"213.200.99.211";"speedtest";1340044390;108584.629390;0.030750;"681448f5-2440-4cd6-afef-f44ecf59facf";12874;"09";"Melegnano";20;6;2012;0;18;"20120618"
"62.98.65.177";"IT";14.250000;40.833300;"AS1267 WIND Telecomunicazioni S.p.A.";"mlab1-mil01";0.026017;665718.991439;"0.004012999";"win32";"213.200.99.211";"speedtest";1340044539;40147.585884;0.036693;"2d006d8d-7c04-46bb-b056-798468ee365e";1267;"04";"Napoli";20;6;2012;0;18;"20120618"
"2.40.51.151";"IT";8.700000;45.466700;"AS30722 Vodafone Omnitel N.V.";"mlab1-mil01";0.041623;862002.489191;"0.004012999";"linux2";"213.200.99.211";"speedtest";1340044825;49370.705142;0.046741;"0094fb04-cab2-42b8-abfa-f714dcef0097";30722;"12";"Romentino";20;6;2012;0;18;"20120618"
"79.41.215.191";"IT";7.666700;45.050000;"AS3269 Telecom Italia S.p.a.";"mlab1-mil01";0.053304;224881.327364;"0.004012999";"darwin";"213.200.99.211";"bittorrent";1340044893;36496.835228;-1.000000;"54b1973f-e000-498d-8aee-038597e2696e";3269;"12";"Torino";20;6;2012;0;18;"20120618"
"2.37.33.36";"IT";11.000000;45.450000;"AS30722 Vodafone Omnitel N.V.";"mlab1-mil01";0.060189;854152.607221;"0.004012999";"win32";"213.200.99.211";"bittorrent";1340044977;65905.520735;-1.000000;"fbf16a61-0135-4285-b426-89f0f0e74041";30722;"20";"Verona";20;6;2012;0;18;"20120618"
"2.230.212.185";"IT";7.666700;45.050000;"AS12874 Fastweb SpA";"mlab1-mil01";0.026989;587365.293065;"0.004012999";"win32";"213.200.99.211";"speedtest";1340045160;1062734.117830;0.027458;"93a97de3-c431-4df5-a005-ea55834352bd";12874;"12";"Torino";20;6;2012;0;18;"20120618"
"80.117.83.96";"IT";12.833300;42.833300;"AS3269 Telecom Italia S.p.a.";"mlab1-mil01";0.027937;841281.099077;"0.004012999";"win32";"213.200.99.211";"bittorrent";1340045302;39861.195452;-1.000000;"25353fbe-ce56-4192-a803-65a63443c70a";3269;"";"";20;6;2012;0;18;"20120618"
"79.0.144.41";"IT";10.233300;45.650000;"AS3269 Telecom Italia S.p.a.";"mlab1-mil01";3.021497;95233.112787;"0.004009999";"win32";"213.200.99.211";"speedtest";1340045541;3425.686296;0.280052;"6cb01856-9933-4988-87fe-32c12ca4ed72";3269;"09";"Pieve";20;6;2012;0;18;"20120618"
"79.20.199.38";"IT";8.250000;44.133300;"AS3269 Telecom Italia S.p.a.";"mlab1-mil01";0.048802;453767.695845;"0.004012999";"darwin";"213.200.99.211";"speedtest";1340045605;48755.119005;0.054337;"a55fc3a4-6716-42c1-ba71-2271ab7783ac";3269;"08";"Loano";20;6;2012;0;18;"20120618"
"151.64.147.108";"IT";9.187800;45.461200;"AS1267 WIND Telecomunicazioni S.p.A.";"mlab1-mil01";0.021430;1038305.561729;"0.004012999";"darwin";"213.200.99.211";"bittorrent";1340045942;65930.441449;-1.000000;"e10426cb-5035-441b-b484-603a906f7b30";1267;"09";"Milan";20;6;2012;0;18;"20120618"
"151.32.58.7";"IT";7.600000;45.233300;"AS1267 WIND Telecomunicazioni S.p.A.";"mlab1-mil01";0.011072;777184.395021;"0.004012999";"linux2";"213.200.99.211";"bittorrent";1340046229;53262.958944;-1.000000;"e58cbc1f-8414-4fe3-8578-f8c48106d21d";1267;"12";"Ciriè";21;6;2012;0;18;"20120618"
"2.37.33.36";"IT";11.000000;45.450000;"AS30722 Vodafone Omnitel N.V.";"mlab1-mil01";0.059676;785566.276301;"0.004012999";"win32";"213.200.99.211";"speedtest";1340046406;57421.443982;0.064741;"fbf16a61-0135-4285-b426-89f0f0e74041";30722;"20";"Verona";21;6;2012;0;18;"20120618"
"87.4.74.136";"IT";8.850000;44.716700;"AS3269 Telecom Italia S.p.a.";"mlab1-mil01";0.167252;27092.532932;"0.004012999";"win32";"213.200.99.211";"bittorrent";1340046440;13584.667935;-1.000000;"d8a56420-51dd-4f7f-811c-30fa9ca36858";3269;"12";"Serravalle Scrivia";21;6;2012;0;18;"20120618"
"84.222.108.196";"IT";11.866700;44.583300;"AS8612 Tiscali Italia S.P.A.";"mlab1-mil01";0.052793;477683.489422;"0.004012999";"darwin";"213.200.99.211";"bittorrent";1340046543;34955.625911;-1.000000;"8c002889-ba22-4c1b-a026-e262143a9d1d";8612;"05";"San Biagio";21;6;2012;0;18;"20120618"
"78.134.91.209";"IT";9.316700;45.516700;"AS35612 NGI Spa";"mlab1-mil01";0.054128;435087.859183;"0.004012999";"darwin";"213.200.99.211";"speedtest";1340046656;23968.091591;0.052970;"7da8ef87-6dfd-41fe-8a53-f1a960d7de12";35612;"09";"Cernusco";21;6;2012;0;18;"20120618"
"80.117.83.96";"IT";12.833300;42.833300;"AS3269 Telecom Italia S.p.a.";"mlab1-mil01";0.041886;810723.109831;"0.004012999";"win32";"213.200.99.211";"speedtest";1340046707;40294.272501;0.035213;"25353fbe-ce56-4192-a803-65a63443c70a";3269;"";"";21;6;2012;0;18;"20120618"
"2.230.212.185";"IT";7.666700;45.050000;"AS12874 Fastweb SpA";"mlab1-mil01";0.029902;550410.329094;"0.004012999";"win32";"213.200.99.211";"bittorrent";1340046784;962819.066550;-1.000000;"93a97de3-c431-4df5-a005-ea55834352bd";12874;"12";"Torino";21;6;2012;0;18;"20120618"
"151.65.22.18";"IT";10.266700;45.400000;"AS1267 WIND Telecomunicazioni S.p.A.";"mlab1-mil01";0.025223;568468.619736;"0.004012999";"win32";"213.200.99.211";"bittorrent";1340046896;102196.384957;-1.000000;"a5016d11-f6c1-4d6d-a30f-48088faa5e70";1267;"09";"Ghedi";21;6;2012;0;18;"20120618"
"151.73.33.145";"IT";14.566700;40.733300;"AS1267 WIND Telecomunicazioni S.p.A.";"mlab1-mil01";0.025179;848581.521715;"0.004009999";"win32";"213.200.99.211";"bittorrent";1340047469;41579.807963;-1.000000;"23d04e8c-1632-480a-8b47-f5057b877ee1";1267;"04";"Angri";21;6;2012;0;18;"20120618"
"93.32.51.187";"IT";9.200000;45.466700;"AS12874 Fastweb SpA";"mlab1-mil01";0.025337;1174732.441814;"0.004012999";"darwin";"213.200.99.211";"bittorrent";1340047798;1158579.784468;-1.000000;"02b45d50-da10-46a8-baa8-1a137c9ecf76";12874;"09";"Milan";21;6;2012;0;18;"20120618"
"134.255.175.21";"IT";13.216700;43.366700;"AS198292 Wave-Max S.r.L.";"mlab1-mil01";0.097949;414801.811087;"0.004012999";"win32";"213.200.99.211";"bittorrent";1340047966;43354.995669;-1.000000;"708a55f0-3758-4099-a346-23683a39926d";198292;"10";"Cingoli";21;6;2012;0;18;"20120618"
"79.20.70.163";"IT";8.066600;45.572300;"AS3269 Telecom Italia S.p.a.";"mlab1-mil01";0.039095;798324.441923;"0.004012999";"darwin";"213.200.99.211";"bittorrent";1340048131;41402.364653;-1.000000;"432d3481-f83e-450d-b373-e60ae5f17efe";3269;"12";"Biella";21;6;2012;0;18;"20120618"
"188.216.124.199";"IT";7.666700;45.050000;"AS30722 Vodafone Omnitel N.V.";"mlab1-mil01";0.041210;795288.722361;"0.004012999";"darwin";"213.200.99.211";"speedtest";1340048248;65715.641465;0.047284;"821aa4b7-0495-4899-9210-11d94170a73b";30722;"12";"Torino";21;6;2012;0;18;"20120618"
"147.162.42.20";"IT";11.883300;45.416700;"AS137 GARR Italian academic and research network";"mlab1-mil01";0.013424;8923669.441940;"0.004010999";"linux2";"213.200.99.211";"speedtest";1340048319;7815969.823140;0.014883;"727d6a40-2b78-4641-8061-04b6a384e6a6";137;"20";"Padova";21;6;2012;0;18;"20120618"
"151.60.120.179";"IT";7.316700;44.633300;"AS1267 WIND Telecomunicazioni S.p.A.";"mlab1-mil01";0.045217;113676.208963;"0.004012999";"linux2";"213.200.99.211";"speedtest";1340048408;60127.702189;0.048333;"ce15cdd9-fbc9-4be9-8f83-94df036818bb";1267;"12";"Sanfront";21;6;2012;0;18;"20120618"
"217.133.46.117";"IT";11.316700;43.583300;"AS8612 Tiscali Italia S.P.A.";"mlab1-mil01";0.028797;1624517.824010;"0.004012999";"win32";"213.200.99.211";"speedtest";1340048639;108110.574376;0.030798;"2765e625-af97-4607-9fbe-b7195291ba59";8612;"16";"Greve";21;6;2012;0;18;"20120618"
"151.32.58.7";"IT";7.600000;45.233300;"AS1267 WIND Telecomunicazioni S.p.A.";"mlab1-mil01";0.010673;747940.358076;"0.004012999";"linux2";"213.200.99.211";"bittorrent";1340049167;52453.893846;-1.000000;"e58cbc1f-8414-4fe3-8578-f8c48106d21d";1267;"12";"Ciriè";21;6;2012;0;18;"20120618"
"82.50.16.67";"IT";11.583300;44.400000;"AS3269 Telecom Italia S.p.a.";"mlab1-mil01";0.032813;1019079.324848;"0.004008999";"darwin";"213.200.99.211";"bittorrent";1340049168;80692.665519;-1.000000;"470583b1-76be-479b-a12e-d79962295075";3269;"05";"Castel San Pietro Terme";21;6;2012;0;18;"20120618"
"195.110.137.171";"IT";12.483300;41.900000;"AS5396 MC-link Spa";"mlab1-mil01";0.033167;612021.167718;"0.004012999";"darwin";"213.200.99.211";"bittorrent";1340049397;28252.134834;-1.000000;"2d27e34d-ed0a-4c70-8dc2-070f5a0499a1";5396;"07";"Rome";21;6;2012;0;18;"20120618"
"130.192.91.211";"IT";7.666700;45.050000;"AS137 GARR Italian academic and research network";"mlab1-mil01";0.014273;11722038.238698;"0.004012999";"linux2";"213.200.99.211";"bittorrent";1340049459;11710596.501130;-1.000000;"91708cf1-7028-4b58-9520-faea0010494c";137;"12";"Torino";21;6;2012;0;18;"20120618"
"151.65.173.172";"IT";9.166700;45.166700;"AS1267 WIND Telecomunicazioni S.p.A.";"mlab1-mil01";0.030672;521603.145371;"0.004012999";"win32";"213.200.99.211";"bittorrent";1340049836;103535.151907;-1.000000;"a5016d11-f6c1-4d6d-a30f-48088faa5e70";1267;"09";"Pavia";22;6;2012;0;18;"20120618"
"93.62.242.110";"IT";12.029400;45.421400;"AS12874 Fastweb SpA";"mlab1-mil01";0.030877;437123.424891;"0.004012999";"darwin";"213.200.99.211";"bittorrent";1340049976;433608.469972;-1.000000;"9905faad-2379-4ce5-bea7-d26dfd5ef167";12874;"20";"Fiesso D'artico";22;6;2012;0;18;"20120618"
"2.230.212.185";"IT";7.666700;45.050000;"AS12874 Fastweb SpA";"mlab1-mil01";0.026636;588593.492635;"0.004012999";"win32";"213.200.99.211";"bittorrent";1340050030;974527.071819;-1.000000;"93a97de3-c431-4df5-a005-ea55834352bd";12874;"12";"Torino";22;6;2012;0;18;"20120618"
"130.192.91.213";"IT";7.666700;45.050000;"AS137 GARR Italian academic and research network";"mlab1-mil01";0.013490;10893758.185200;"0.004012999";"linux2";"213.200.99.211";"speedtest";1340050098;1594246.678940;0.015208;"cd78793c-1e3b-4944-b4b2-9768fc1cdb97";137;"12";"Torino";22;6;2012;0;18;"20120618"
"151.64.147.108";"IT";9.187800;45.461200;"AS1267 WIND Telecomunicazioni S.p.A.";"mlab1-mil01";0.020501;954165.075648;"0.004012999";"darwin";"213.200.99.211";"speedtest";1340050186;66587.557934;0.025381;"e10426cb-5035-441b-b484-603a906f7b30";1267;"09";"Milan";22;6;2012;0;18;"20120618"
"88.47.41.57";"IT";12.833300;42.833300;"AS3269 Telecom Italia S.p.a.";"mlab1-mil01";0.043619;717763.648569;"0.004012999";"win32";"213.200.99.211";"speedtest";1340050577;46828.153050;0.050242;"ec2e71be-f555-4dee-b674-bc8e80a61d77";3269;"";"";22;6;2012;0;18;"20120618"
"151.32.58.7";"IT";7.600000;45.233300;"AS1267 WIND Telecomunicazioni S.p.A.";"mlab1-mil01";0.012536;768589.024544;"0.004012999";"linux2";"213.200.99.211";"speedtest";1340050617;53013.352215;0.023785;"e58cbc1f-8414-4fe3-8578-f8c48106d21d";1267;"12";"Ciriè";22;6;2012;0;18;"20120618"
"79.6.133.81";"IT";9.200000;45.466700;"AS3269 Telecom Italia S.p.a.";"mlab1-mil01";0.022339;1024583.547823;"0.004012999";"win32";"213.200.99.211";"bittorrent";1340050666;72748.092140;-1.000000;"fabd9ec4-04a0-49f7-9afc-39e5f8c565ba";3269;"09";"Milan";22;6;2012;0;18;"20120618"
"2.36.184.63";"IT";9.200000;45.466700;"AS30722 Vodafone Omnitel N.V.";"mlab1-mil01";0.071760;516073.115600;"0.004011999";"win32";"213.200.99.211";"speedtest";1340050675;45144.729742;0.064683;"60e4ddb8-b47b-4b72-a668-dea9c263699a";30722;"09";"Milan";22;6;2012;0;18;"20120618"
"87.15.80.15";"IT";9.500000;45.633300;"AS3269 Telecom Italia S.p.a.";"mlab1-mil01";0.054137;363915.932074;"0.004009999";"win32";"213.200.99.211";"speedtest";1340050811;17847.296938;0.049631;"447e3a0d-b699-47bb-bbe2-556cb8cd1785";3269;"09";"Bottanuco";22;6;2012;0;18;"20120618"
"87.15.80.15";"IT";9.500000;45.633300;"AS3269 Telecom Italia S.p.a.";"mlab1-mil01";0.033283;840994.578132;"0.004009999";"win32";"213.200.99.211";"speedtest";1340050830;50094.138864;0.040106;"447e3a0d-b699-47bb-bbe2-556cb8cd1785";3269;"09";"Bottanuco";22;6;2012;0;18;"20120618"
"188.10.200.91";"IT";9.716700;45.683300;"AS3269 Telecom Italia S.p.a.";"mlab1-mil01";0.732505;13533.416513;"0.004012999";"darwin";"213.200.99.211";"speedtest";1340050870;836.349636;0.860798;"84b0a809-ea3e-464e-9590-f84cd3a89ac5";3269;"09";"Bergamo";22;6;2012;0;18;"20120618"
"151.51.238.160";"IT";13.778400;45.653600;"AS1267 WIND Telecomunicazioni S.p.A.";"mlab1-mil01";0.022590;729540.910299;"0.004011999";"linux2";"213.200.99.211";"speedtest";1340051002;48352.526889;0.029935;"db4c1f00-a6b9-40ad-b36d-a2fad669a491";1267;"06";"Trieste";22;6;2012;0;18;"20120618"
"82.57.12.248";"IT";17.216700;41.000000;"AS3269 Telecom Italia S.p.a.";"mlab1-mil01";0.062337;819749.799052;"0.004012999";"win32";"213.200.99.211";"bittorrent";1340051022;48368.124066;-1.000000;"f201d94b-ffc9-44aa-ac62-215bbc3baddd";3269;"13";"Polignano A Mare";22;6;2012;0;18;"20120618"
"151.64.17.245";"IT";9.200000;45.466700;"AS1267 WIND Telecomunicazioni S.p.A.";"mlab1-mil01";0.022765;647674.679272;"0.004012999";"linux2";"213.200.99.211";"speedtest";1340051535;44899.286142;0.028039;"122a0eee-5444-44b6-9181-38ffae82c977";1267;"09";"Milan";22;6;2012;0;18;"20120618"
"81.174.11.50";"IT";8.650000;45.850000;"AS35612 NGI Spa";"mlab1-mil01";0.077060;504704.825237;"0.004012999";"darwin";"213.200.99.211";"speedtest";1340051611;100608.710450;0.105687;"04eb82ec-76b3-4615-b25a-7c0279090671";35612;"09";"Besozzo";22;6;2012;0;18;"20120618"
"149.132.117.110";"IT";9.200000;45.466700;"AS137 GARR Italian academic and research network";"mlab1-mil01";0.012388;15282.960890;"0.004012999";"darwin";"213.200.99.211";"bittorrent";1340051709;9845.096181;-1.000000;"c9d3d685-6087-4faf-a87c-eb1dfaa2b53c";137;"18";"Milan";22;6;2012;0;18;"20120618"
"95.237.222.196";"IT";7.666700;45.050000;"AS3269 Telecom Italia S.p.a.";"mlab1-mil01";0.045988;340660.940280;"0.004012999";"win32";"213.200.99.211";"speedtest";1340051791;48266.739560;0.050959;"47bce1bd-51cc-4815-b6db-71ab66220dd6";3269;"12";"Torino";22;6;2012;0;18;"20120618"
"88.47.41.57";"IT";12.833300;42.833300;"AS3269 Telecom Italia S.p.a.";"mlab1-mil01";0.044197;760814.248480;"0.004012999";"win32";"213.200.99.211";"bittorrent";1340051981;46568.104897;-1.000000;"ec2e71be-f555-4dee-b674-bc8e80a61d77";3269;"";"";22;6;2012;0;18;"20120618"
"82.50.16.67";"IT";11.583300;44.400000;"AS3269 Telecom Italia S.p.a.";"mlab1-mil01";0.030942;1044653.893407;"0.004008999";"darwin";"213.200.99.211";"bittorrent";1340052128;79285.224060;-1.000000;"470583b1-76be-479b-a12e-d79962295075";3269;"05";"Castel San Pietro Terme";22;6;2012;0;18;"20120618"
"62.98.65.177";"IT";14.250000;40.833300;"AS1267 WIND Telecomunicazioni S.p.A.";"mlab1-mil01";0.024759;712661.543196;"0.004012999";"win32";"213.200.99.211";"bittorrent";1340052168;39358.862818;-1.000000;"2d006d8d-7c04-46bb-b056-798468ee365e";1267;"04";"Napoli";22;6;2012;0;18;"20120618"
"93.36.11.53";"IT";9.266700;45.850000;"AS12874 Fastweb SpA";"mlab1-mil01";0.045478;881207.442942;"0.004011999";"win32";"213.200.99.211";"bittorrent";1340052193;48363.228619;-1.000000;"9a8fa0ab-ee51-4da8-b32c-4f50bc470f20";12874;"09";"Canzo";22;6;2012;0;18;"20120618"
"188.216.183.24";"IT";12.833300;42.833300;"AS30722 Vodafone Omnitel N.V.";"mlab1-mil01";0.058344;863763.131892;"0.004012999";"darwin";"213.200.99.211";"bittorrent";1340052260;64546.948547;-1.000000;"eb287f52-d429-4a32-aa75-ba1fd1cf87d2";30722;"";"";22;6;2012;0;18;"20120618"
"82.57.12.248";"IT";17.216700;41.000000;"AS3269 Telecom Italia S.p.a.";"mlab1-mil01";0.062187;683784.962377;"0.004012999";"win32";"213.200.99.211";"speedtest";1340052444;42534.879682;0.069187;"f201d94b-ffc9-44aa-ac62-215bbc3baddd";3269;"13";"Polignano A Mare";22;6;2012;0;18;"20120618"
"151.74.87.43";"IT";12.833300;42.833300;"AS1267 WIND Telecomunicazioni S.p.A.";"mlab1-mil01";0.037025;1650491.998390;"0.004012999";"win32";"213.200.99.211";"speedtest";1340052478;65256.199880;0.042750;"5ee07960-742a-4487-b2fc-f4110f54b74a";1267;"";"";22;6;2012;0;18;"20120618"
"78.134.91.209";"IT";9.316700;45.516700;"AS35612 NGI Spa";"mlab1-mil01";0.049706;406945.217521;"0.004012999";"darwin";"213.200.99.211";"speedtest";1340053031;29083.148354;0.062703;"7da8ef87-6dfd-41fe-8a53-f1a960d7de12";35612;"09";"Cernusco";22;6;2012;0;18;"20120618"
"2.230.212.185";"IT";7.666700;45.050000;"AS12874 Fastweb SpA";"mlab1-mil01";0.035093;501680.212899;"0.004012999";"win32";"213.200.99.211";"bittorrent";1340053283;758099.169192;-1.000000;"93a97de3-c431-4df5-a005-ea55834352bd";12874;"12";"Torino";23;6;2012;0;18;"20120618"
"149.132.117.110";"IT";9.200000;45.466700;"AS137 GARR Italian academic and research network";"mlab1-mil01";0.012359;8390455.707840;"0.004012999";"darwin";"213.200.99.211";"speedtest";1340053289;8043737.675410;0.013611;"c9d3d685-6087-4faf-a87c-eb1dfaa2b53c";137;"18";"Milan";23;6;2012;0;18;"20120618"
"151.32.246.63";"IT";7.666700;45.050000;"AS1267 WIND Telecomunicazioni S.p.A.";"mlab1-mil01";0.010437;1664395.450480;"0.004012999";"win32";"213.200.99.211";"speedtest";1340053280;96496.372325;0.015304;"f9c418c2-bbb0-418e-9243-e47b6ed54170";1267;"12";"Torino";23;6;2012;0;18;"20120618"
"88.47.41.57";"IT";12.833300;42.833300;"AS3269 Telecom Italia S.p.a.";"mlab1-mil01";0.060011;717762.297362;"0.004012999";"win32";"213.200.99.211";"speedtest";1340053442;46973.084044;0.050076;"ec2e71be-f555-4dee-b674-bc8e80a61d77";3269;"";"";23;6;2012;0;18;"20120618"
"188.216.124.199";"IT";7.666700;45.050000;"AS30722 Vodafone Omnitel N.V.";"mlab1-mil01";0.042281;810707.284557;"0.004012999";"darwin";"213.200.99.211";"speedtest";1340053887;62368.144259;0.049357;"821aa4b7-0495-4899-9210-11d94170a73b";30722;"12";"Torino";23;6;2012;0;18;"20120618"
"93.32.51.187";"IT";9.200000;45.466700;"AS12874 Fastweb SpA";"mlab1-mil01";0.025687;1065103.395265;"0.004012999";"darwin";"213.200.99.211";"bittorrent";1340054036;1170283.039495;-1.000000;"02b45d50-da10-46a8-baa8-1a137c9ecf76";12874;"09";"Milan";23;6;2012;0;18;"20120618"
"151.51.238.160";"IT";13.778400;45.653600;"AS1267 WIND Telecomunicazioni S.p.A.";"mlab1-mil01";0.021803;794031.762352;"0.004011999";"linux2";"213.200.99.211";"speedtest";1340054115;51858.644474;0.026324;"db4c1f00-a6b9-40ad-b36d-a2fad669a491";1267;"06";"Trieste";23;6;2012;0;18;"20120618"
"87.11.255.90";"IT";17.229700;40.476100;"AS3269 Telecom Italia S.p.a.";"mlab1-mil01";0.064819;705908.729089;"0.004009999";"win32";"213.200.99.211";"bittorrent";1340054480;44452.951216;-1.000000;"7989d7c5-459e-4910-93c2-ffd113604f5d";3269;"13";"Taranto";23;6;2012;0;18;"20120618"
"151.65.25.142";"IT";12.833300;42.833300;"AS1267 WIND Telecomunicazioni S.p.A.";"mlab1-mil01";0.026882;544143.456375;"0.004012999";"win32";"213.200.99.211";"speedtest";1340054623;73528.497839;0.032947;"a5016d11-f6c1-4d6d-a30f-48088faa5e70";1267;"";"";23;6;2012;0;18;"20120618"
"79.41.73.123";"IT";12.833300;42.833300;"AS3269 Telecom Italia S.p.a.";"mlab1-mil01";0.025575;1104938.018073;"0.004012999";"win32";"213.200.99.211";"bittorrent";1340054737;99761.218783;-1.000000;"dfb9440f-b9f6-431b-b2f8-5386b49d1b01";3269;"";"";23;6;2012;0;18;"20120618"
"87.253.117.30";"IT";7.666700;45.050000;"AS35719 People & Communication S.R.L.";"mlab1-mil01";0.013416;843608.270774;"0.004012999";"darwin";"213.200.99.211";"speedtest";1340054763;54132.129183;0.018293;"60d5ec38-9b55-4e7a-b420-28c886960236";35719;"12";"Torino";23;6;2012;0;18;"20120618"
"94.36.27.108";"IT";9.833300;44.116700;"AS8612 Tiscali Italia S.P.A.";"mlab1-mil01";0.026435;852234.667311;"0.004012999";"win32";"213.200.99.211";"bittorrent";1340054903;46547.053689;-1.000000;"43824351-60f0-4924-9794-e14a103734ad";8612;"08";"La Spezia";23;6;2012;0;18;"20120618"
"82.50.16.67";"IT";11.583300;44.400000;"AS3269 Telecom Italia S.p.a.";"mlab1-mil01";0.031855;955246.097266;"0.004008999";"darwin";"213.200.99.211";"bittorrent";1340055083;80932.496531;-1.000000;"470583b1-76be-479b-a12e-d79962295075";3269;"05";"Castel San Pietro Terme";23;6;2012;0;18;"20120618"
"93.35.224.167";"IT";9.133300;45.633300;"AS12874 Fastweb SpA";"mlab1-mil01";0.047093;881330.040043;"0.004011999";"win32";"213.200.99.211";"bittorrent";1340055114;48424.347845;-1.000000;"9a8fa0ab-ee51-4da8-b32c-4f50bc470f20";12874;"09";"Cesano Maderno";23;6;2012;0;18;"20120618"
"217.133.46.117";"IT";11.316700;43.583300;"AS8612 Tiscali Italia S.P.A.";"mlab1-mil01";0.027594;1686716.785155;"0.004012999";"win32";"213.200.99.211";"bittorrent";1340055815;105605.577450;-1.000000;"2765e625-af97-4607-9fbe-b7195291ba59";8612;"16";"Greve";23;6;2012;0;18;"20120618"
"87.15.124.177";"IT";8.950000;44.416700;"AS3269 Telecom Italia S.p.a.";"mlab1-mil01";0.043535;499884.251442;"0.004012999";"win32";"213.200.99.211";"bittorrent";1340056220;46176.947943;-1.000000;"8855f6ca-5043-4b7e-abfd-f4a8ef04d556";3269;"08";"Genova";23;6;2012;0;18;"20120618"
"80.182.50.90";"IT";12.833300;42.833300;"AS3269 Telecom Italia S.p.a.";"mlab1-mil01";0.038734;862153.948146;"0.004012999";"darwin";"213.200.99.211";"bittorrent";1340056364;49883.821333;-1.000000;"b78c474f-55bd-448a-8e4f-7b197dfe68ad";3269;"";"";23;6;2012;0;18;"20120618"
"2.36.37.80";"IT";7.666700;45.050000;"AS30722 Vodafone Omnitel N.V.";"mlab1-mil01";0.038524;795422.034304;"0.004012999";"win32";"213.200.99.211";"speedtest";1340056434;29230.874881;0.044917;"dd1eb1c2-416e-467c-b945-ec64ed841caa";30722;"12";"Torino";23;6;2012;0;18;"20120618"
"80.117.83.96";"IT";12.833300;42.833300;"AS3269 Telecom Italia S.p.a.";"mlab1-mil01";0.029027;843560.573828;"0.004012999";"win32";"213.200.99.211";"bittorrent";1340056554;39549.012228;-1.000000;"25353fbe-ce56-4192-a803-65a63443c70a";3269;"";"";23;6;2012;0;18;"20120618"
"79.13.203.101";"IT";10.100000;44.083300;"AS3269 Telecom Italia S.p.a.";"mlab1-mil01";0.029339;762982.805352;"0.004009999";"win32";"213.200.99.211";"bittorrent";1340056712;34624.634681;-1.000000;"ae73866b-a211-42d8-b6f2-d31777806a2e";3269;"16";"Carrara";23;6;2012;0;18;"20120618"
"79.6.133.81";"IT";9.200000;45.466700;"AS3269 Telecom Italia S.p.a.";"mlab1-mil01";0.023978;966363.887624;"0.004012999";"win32";"213.200.99.211";"bittorrent";1340056778;71348.246844;-1.000000;"fabd9ec4-04a0-49f7-9afc-39e5f8c565ba";3269;"09";"Milan";23;6;2012;0;18;"20120618"
"87.0.216.248";"IT";7.516700;45.066700;"AS3269 Telecom Italia S.p.a.";"mlab1-mil01";0.044689;132511.649862;"0.004012999";"darwin";"213.200.99.211";"speedtest";1340056969;46068.530141;0.076761;"e28f6cdb-f2d1-41fe-bb40-53e7a0b0e31d";3269;"12";"Rivoli";0;6;2012;1;19;"20120618"
"78.13.176.56";"IT";11.250000;43.766700;"AS8612 Tiscali Italia S.P.A.";"mlab1-mil01";0.104727;422735.645865;"0.004012999";"darwin";"213.200.99.211";"bittorrent";1340057350;18845.697748;-1.000000;"5f59af2e-2b13-403e-ba8c-0801e50c8913";8612;"16";"Florence";0;6;2012;1;19;"20120618"
"2.36.37.80";"IT";7.666700;45.050000;"AS30722 Vodafone Omnitel N.V.";"mlab1-mil01";0.038270;569925.825915;"0.004012999";"win32";"213.200.99.211";"bittorrent";1340057873;57201.145930;-1.000000;"dd1eb1c2-416e-467c-b945-ec64ed841caa";30722;"12";"Torino";0;6;2012;1;19;"20120618"
"79.9.218.223";"IT";12.483300;41.900000;"AS3269 Telecom Italia S.p.a.";"mlab1-mil01";0.033802;827156.740623;"0.004012999";"darwin";"213.200.99.211";"bittorrent";1340058145;94088.635652;-1.000000;"4372ef01-dfbb-4175-8485-4bcfde678997";3269;"07";"Rome";0;6;2012;1;19;"20120618"
"151.33.12.183";"IT";7.666700;45.050000;"AS1267 WIND Telecomunicazioni S.p.A.";"mlab1-mil01";0.020056;873603.356005;"0.004012999";"win32";"213.200.99.211";"bittorrent";1340058272;97456.774651;-1.000000;"750b74dc-a4a8-4f1d-be31-231d72d952a2";1267;"12";"Torino";0;6;2012;1;19;"20120618"
"147.162.42.20";"IT";11.883300;45.416700;"AS137 GARR Italian academic and research network";"mlab1-mil01";0.013173;8583329.428680;"0.004010999";"linux2";"213.200.99.211";"bittorrent";1340058378;8657613.532843;-1.000000;"727d6a40-2b78-4641-8061-04b6a384e6a6";137;"20";"Padova";0;6;2012;1;19;"20120618"
"93.146.173.160";"IT";7.150000;45.133300;"AS30722 Vodafone Omnitel N.V.";"mlab1-mil01";0.032002;860538.869470;"0.004012999";"linux2";"213.200.99.211";"bittorrent";1340058856;50013.473199;-1.000000;"63990eb7-ac67-409f-bc7e-5344262dd0f9";30722;"12";"Bussoleno";0;6;2012;1;19;"20120618"
"130.192.91.213";"IT";7.666700;45.050000;"AS137 GARR Italian academic and research network";"mlab1-mil01";0.013424;11253217.932500;"0.004012999";"linux2";"213.200.99.211";"speedtest";1340059079;1660772.274070;0.015110;"cd78793c-1e3b-4944-b4b2-9768fc1cdb97";137;"12";"Torino";0;6;2012;1;19;"20120618"
"93.35.82.167";"IT";9.187800;45.461200;"AS12874 Fastweb SpA";"mlab1-mil01";0.062598;643907.672507;"0.004012999";"win32";"213.200.99.211";"bittorrent";1340059643;641278.839391;-1.000000;"a74b42dc-9390-4a0a-b2b2-2173de36eb4c";12874;"09";"Milan";0;6;2012;1;19;"20120618"
"93.146.173.160";"IT";7.150000;45.133300;"AS30722 Vodafone Omnitel N.V.";"mlab1-mil01";0.032811;813253.967969;"0.004012999";"linux2";"213.200.99.211";"speedtest";1340060320;50507.662391;0.037359;"63990eb7-ac67-409f-bc7e-5344262dd0f9";30722;"12";"Bussoleno";0;6;2012;1;19;"20120618"
"88.47.41.57";"IT";12.833300;42.833300;"AS3269 Telecom Italia S.p.a.";"mlab1-mil01";0.044445;760984.563253;"0.004012999";"win32";"213.200.99.211";"bittorrent";1340060578;31175.997460;-1.000000;"ec2e71be-f555-4dee-b674-bc8e80a61d77";3269;"";"";1;6;2012;1;19;"20120618"
"130.192.91.213";"IT";7.666700;45.050000;"AS137 GARR Italian academic and research network";"mlab1-mil01";0.013159;11730724.912217;"0.004012999";"linux2";"213.200.99.211";"bittorrent";1340060606;7395742.118107;-1.000000;"cd78793c-1e3b-4944-b4b2-9768fc1cdb97";137;"12";"Torino";1;6;2012;1;19;"20120618"
"87.4.74.136";"IT";8.850000;44.716700;"AS3269 Telecom Italia S.p.a.";"mlab1-mil01";0.654541;72069.065140;"0.004012999";"win32";"213.200.99.211";"bittorrent";1340060785;9150.133458;-1.000000;"d8a56420-51dd-4f7f-811c-30fa9ca36858";3269;"12";"Serravalle Scrivia";1;6;2012;1;19;"20120618"
"87.11.255.90";"IT";17.229700;40.476100;"AS3269 Telecom Italia S.p.a.";"mlab1-mil01";0.063343;749195.625331;"0.004009999";"win32";"213.200.99.211";"bittorrent";1340060785;48225.817234;-1.000000;"7989d7c5-459e-4910-93c2-ffd113604f5d";3269;"13";"Taranto";1;6;2012;1;19;"20120618"
"130.192.91.211";"IT";7.666700;45.050000;"AS137 GARR Italian academic and research network";"mlab1-mil01";0.013764;11720437.680791;"0.004012999";"linux2";"213.200.99.211";"bittorrent";1340060932;11664732.467520;-1.000000;"91708cf1-7028-4b58-9520-faea0010494c";137;"12";"Torino";1;6;2012;1;19;"20120618"
"151.33.12.183";"IT";7.666700;45.050000;"AS1267 WIND Telecomunicazioni S.p.A.";"mlab1-mil01";0.020130;309527.418411;"0.004012999";"win32";"213.200.99.211";"bittorrent";1340061486;58788.888712;-1.000000;"750b74dc-a4a8-4f1d-be31-231d72d952a2";1267;"12";"Torino";1;6;2012;1;19;"20120618"
"151.51.238.160";"IT";13.778400;45.653600;"AS1267 WIND Telecomunicazioni S.p.A.";"mlab1-mil01";0.022869;821180.474618;"0.004011999";"linux2";"213.200.99.211";"bittorrent";1340061733;53349.816115;-1.000000;"db4c1f00-a6b9-40ad-b36d-a2fad669a491";1267;"06";"Trieste";1;6;2012;1;19;"20120618"
"88.47.41.57";"IT";12.833300;42.833300;"AS3269 Telecom Italia S.p.a.";"mlab1-mil01";0.044116;717581.218499;"0.004012999";"win32";"213.200.99.211";"speedtest";1340062039;47011.463254;0.049966;"ec2e71be-f555-4dee-b674-bc8e80a61d77";3269;"";"";1;6;2012;1;19;"20120618"
"2.230.212.185";"IT";7.666700;45.050000;"AS12874 Fastweb SpA";"mlab1-mil01";0.034061;543795.671714;"0.004012999";"win32";"213.200.99.211";"bittorrent";1340063105;201642.877576;-1.000000;"93a97de3-c431-4df5-a005-ea55834352bd";12874;"12";"Torino";1;6;2012;1;19;"20120618"
"151.51.238.160";"IT";13.778400;45.653600;"AS1267 WIND Telecomunicazioni S.p.A.";"mlab1-mil01";0.022076;807266.723957;"0.004011999";"linux2";"213.200.99.211";"speedtest";1340063251;53677.262841;0.026360;"db4c1f00-a6b9-40ad-b36d-a2fad669a491";1267;"06";"Trieste";1;6;2012;1;19;"20120618"
"87.253.117.30";"IT";7.666700;45.050000;"AS35719 People & Communication S.R.L.";"mlab1-mil01";0.012132;810275.135201;"0.004012999";"darwin";"213.200.99.211";"speedtest";1340063402;54155.326264;0.018596;"60d5ec38-9b55-4e7a-b420-28c886960236";35719;"12";"Torino";1;6;2012;1;19;"20120618"
"78.14.224.92";"IT";9.116700;45.766700;"AS8612 Tiscali Italia S.P.A.";"mlab1-mil01";0.194732;121591.753885;"0.004012999";"darwin";"213.200.99.211";"speedtest";1340063551;5873.201070;0.149583;"39792736-bd8b-4a56-942d-1cc983336add";8612;"09";"Lurago D'erba";1;6;2012;1;19;"20120618"
"188.216.124.199";"IT";7.666700;45.050000;"AS30722 Vodafone Omnitel N.V.";"mlab1-mil01";0.044531;848486.989580;"0.004012999";"darwin";"213.200.99.211";"bittorrent";1340063758;65323.029731;-1.000000;"821aa4b7-0495-4899-9210-11d94170a73b";30722;"12";"Torino";1;6;2012;1;19;"20120618"
"31.185.19.156";"IT";12.566700;43.050000;"AS47187 Forinicom S.r.l.";"mlab1-mil01";0.042168;239951.209997;"0.004012999";"win32";"213.200.99.211";"bittorrent";1340063960;237461.924005;-1.000000;"2a30a2a8-273c-4b16-9671-803dc3d96492";47187;"18";"Santa Maria Degli Angeli";1;6;2012;1;19;"20120618"
"151.49.229.123";"IT";13.780000;45.648600;"AS1267 WIND Telecomunicazioni S.p.A.";"mlab2-mil01";0.022276;817286.828940;"0.004011999";"linux2";"213.200.99.224";"bittorrent";1339978182;53298.523803;-1.000000;"db4c1f00-a6b9-40ad-b36d-a2fad669a491";1267;"06";"Trieste";2;6;2012;0;18;"20120618"
"95.232.210.92";"IT";7.550000;45.100000;"AS3269 Telecom Italia S.p.a.";"mlab2-mil01";0.044126;412669.425741;"0.004012999";"win32";"213.200.99.224";"speedtest";1339978229;48903.976372;0.119313;"f0582543-2bfe-4624-80ce-da152d4c2c58";3269;"12";"Pianezza";2;6;2012;0;18;"20120618"
"87.18.255.91";"IT";17.229700;40.476100;"AS3269 Telecom Italia S.p.a.";"mlab2-mil01";0.065190;808011.342572;"0.004009999";"win32";"213.200.99.224";"bittorrent";1339978785;49235.352955;-1.000000;"7989d7c5-459e-4910-93c2-ffd113604f5d";3269;"13";"Taranto";2;6;2012;0;18;"20120618"
"2.225.128.51";"IT";7.666700;45.050000;"AS12874 Fastweb SpA";"mlab2-mil01";0.046506;414612.559268;"0.004012999";"darwin";"213.200.99.224";"speedtest";1339978881;62452.200044;0.049966;"28ba3b2e-cd9a-4c00-8b29-33e0cfe5c596";12874;"12";"Torino";2;6;2012;0;18;"20120618"
"151.65.9.75";"IT";10.483300;45.383300;"AS1267 WIND Telecomunicazioni S.p.A.";"mlab2-mil01";0.028624;553697.658120;"0.004012999";"win32";"213.200.99.224";"speedtest";1339979466;76977.979837;0.037023;"a5016d11-f6c1-4d6d-a30f-48088faa5e70";1267;"09";"Castiglione Delle Stiviere";2;6;2012;0;18;"20120618"
"195.110.137.171";"IT";12.483300;41.900000;"AS5396 MC-link Spa";"mlab2-mil01";0.034002;628332.985075;"0.004012999";"darwin";"213.200.99.224";"bittorrent";1339979763;33170.730558;-1.000000;"2d27e34d-ed0a-4c70-8dc2-070f5a0499a1";5396;"07";"Rome";2;6;2012;0;18;"20120618"
"95.232.210.92";"IT";7.550000;45.100000;"AS3269 Telecom Italia S.p.a.";"mlab2-mil01";0.044904;828104.731472;"0.004012999";"win32";"213.200.99.224";"bittorrent";1339979819;49198.401691;-1.000000;"f0582543-2bfe-4624-80ce-da152d4c2c58";3269;"12";"Pianezza";2;6;2012;0;18;"20120618"
"2.230.212.185";"IT";7.666700;45.050000;"AS12874 Fastweb SpA";"mlab2-mil01";0.027070;571768.182534;"0.004012999";"win32";"213.200.99.224";"speedtest";1339979829;954839.792682;0.027404;"93a97de3-c431-4df5-a005-ea55834352bd";12874;"12";"Torino";2;6;2012;0;18;"20120618"
"130.192.91.211";"IT";7.666700;45.050000;"AS137 GARR Italian academic and research network";"mlab2-mil01";1.214249;89646.510545;"0.004012999";"linux2";"213.200.99.224";"bittorrent";1339979955;96000.039748;-1.000000;"91708cf1-7028-4b58-9520-faea0010494c";137;"12";"Torino";2;6;2012;0;18;"20120618"
"2.230.212.185";"IT";7.666700;45.050000;"AS12874 Fastweb SpA";"mlab2-mil01";0.026852;596916.096210;"0.004012999";"win32";"213.200.99.224";"bittorrent";1339981324;978203.418379;-1.000000;"93a97de3-c431-4df5-a005-ea55834352bd";12874;"12";"Torino";3;6;2012;0;18;"20120618"
"130.192.91.211";"IT";7.666700;45.050000;"AS137 GARR Italian academic and research network";"mlab2-mil01";1.213476;7733.798497;"0.004012999";"linux2";"213.200.99.224";"speedtest";1339981417;23996.667231;1.217850;"91708cf1-7028-4b58-9520-faea0010494c";137;"12";"Torino";3;6;2012;0;18;"20120618"
"87.253.117.30";"IT";7.666700;45.050000;"AS35719 People & Communication S.R.L.";"mlab2-mil01";0.012387;822652.369589;"0.004012999";"darwin";"213.200.99.224";"speedtest";1339981807;52927.672828;0.018411;"60d5ec38-9b55-4e7a-b420-28c886960236";35719;"12";"Torino";3;6;2012;0;18;"20120618"
"87.18.255.91";"IT";17.229700;40.476100;"AS3269 Telecom Italia S.p.a.";"mlab2-mil01";0.064420;779397.400473;"0.004009999";"win32";"213.200.99.224";"bittorrent";1339981938;41237.887062;-1.000000;"7989d7c5-459e-4910-93c2-ffd113604f5d";3269;"13";"Taranto";3;6;2012;0;18;"20120618"
"79.20.70.163";"IT";8.066600;45.572300;"AS3269 Telecom Italia S.p.a.";"mlab2-mil01";0.039360;840069.657774;"0.004012999";"darwin";"213.200.99.224";"bittorrent";1339982591;41307.903311;-1.000000;"432d3481-f83e-450d-b373-e60ae5f17efe";3269;"12";"Biella";3;6;2012;0;18;"20120618"
"151.49.229.123";"IT";13.780000;45.648600;"AS1267 WIND Telecomunicazioni S.p.A.";"mlab2-mil01";0.022912;758271.146270;"0.004011999";"linux2";"213.200.99.224";"speedtest";1339982640;53693.121124;0.027104;"db4c1f00-a6b9-40ad-b36d-a2fad669a491";1267;"06";"Trieste";3;6;2012;0;18;"20120618"
"2.230.212.185";"IT";7.666700;45.050000;"AS12874 Fastweb SpA";"mlab2-mil01";0.027823;562833.001338;"0.004012999";"win32";"213.200.99.224";"speedtest";1339982786;1033841.229560;0.027372;"93a97de3-c431-4df5-a005-ea55834352bd";12874;"12";"Torino";3;6;2012;0;18;"20120618"
"62.98.65.177";"IT";14.250000;40.833300;"AS1267 WIND Telecomunicazioni S.p.A.";"mlab2-mil01";0.026488;651787.806511;"0.004012999";"win32";"213.200.99.224";"speedtest";1339983548;40888.877712;0.036675;"2d006d8d-7c04-46bb-b056-798468ee365e";1267;"04";"Napoli";3;6;2012;0;18;"20120618"
"2.225.128.51";"IT";7.666700;45.050000;"AS12874 Fastweb SpA";"mlab2-mil01";0.046351;436277.896591;"0.004012999";"darwin";"213.200.99.224";"bittorrent";1339983716;61730.936343;-1.000000;"28ba3b2e-cd9a-4c00-8b29-33e0cfe5c596";12874;"12";"Torino";3;6;2012;0;18;"20120618"
"2.36.184.63";"IT";9.200000;45.466700;"AS30722 Vodafone Omnitel N.V.";"mlab2-mil01";0.044019;588940.117939;"0.004011999";"win32";"213.200.99.224";"bittorrent";1339983732;36475.525237;-1.000000;"60e4ddb8-b47b-4b72-a668-dea9c263699a";30722;"09";"Milan";3;6;2012;0;18;"20120618"
"79.9.218.223";"IT";12.483300;41.900000;"AS3269 Telecom Italia S.p.a.";"mlab2-mil01";0.032138;794496.698002;"0.004012999";"darwin";"213.200.99.224";"speedtest";1339983939;93338.301243;0.036969;"4372ef01-dfbb-4175-8485-4bcfde678997";3269;"07";"Rome";3;6;2012;0;18;"20120618"
"151.49.229.123";"IT";13.780000;45.648600;"AS1267 WIND Telecomunicazioni S.p.A.";"mlab2-mil01";0.021481;813826.393672;"0.004011999";"linux2";"213.200.99.224";"bittorrent";1339984130;53320.758371;-1.000000;"db4c1f00-a6b9-40ad-b36d-a2fad669a491";1267;"06";"Trieste";3;6;2012;0;18;"20120618"
"79.20.70.163";"IT";8.066600;45.572300;"AS3269 Telecom Italia S.p.a.";"mlab2-mil01";0.039325;758310.054646;"0.004012999";"darwin";"213.200.99.224";"speedtest";1339984146;41405.007431;0.045265;"432d3481-f83e-450d-b373-e60ae5f17efe";3269;"12";"Biella";3;6;2012;0;18;"20120618"
"188.152.94.198";"IT";12.833300;42.833300;"AS44957 Vodafone Omnitel N.V.";"mlab2-mil01";0.055739;849120.837014;"0.004012999";"linux2";"213.200.99.224";"speedtest";1339984431;49687.653455;0.061150;"b6f7bc90-fab9-4db0-af8a-1737ebd554f1";44957;"";"";3;6;2012;0;18;"20120618"
"94.34.162.92";"IT";11.183300;43.750000;"AS8612 Tiscali Italia S.P.A.";"mlab2-mil01";0.191082;384137.575056;"0.004012999";"darwin";"213.200.99.224";"speedtest";1339984468;5348.496210;0.223233;"5f59af2e-2b13-403e-ba8c-0801e50c8913";8612;"16";"Scandicci";3;6;2012;0;18;"20120618"
"2.227.55.184";"IT";12.500000;41.666700;"AS12874 Fastweb SpA";"mlab2-mil01";0.036219;836703.934500;"0.004012999";"linux2";"213.200.99.224";"speedtest";1339984621;106398.287741;0.039522;"202944e6-094c-4bb9-86da-7234fa3c010e";12874;"07";"Pomezia";3;6;2012;0;18;"20120618"
"188.152.109.177";"IT";7.666700;45.050000;"AS44957 Vodafone Omnitel N.V.";"mlab2-mil01";0.060582;452116.904655;"0.004012999";"darwin";"213.200.99.224";"bittorrent";1339984711;49211.171409;-1.000000;"fd2cba45-5000-4263-b0bc-8c4a654ac411";44957;"12";"Torino";3;6;2012;0;18;"20120618"
"95.252.38.138";"IT";9.200000;45.466700;"AS3269 Telecom Italia S.p.a.";"mlab2-mil01";0.024744;938345.392585;"0.004012999";"win32";"213.200.99.224";"bittorrent";1339986412;75028.198639;-1.000000;"fabd9ec4-04a0-49f7-9afc-39e5f8c565ba";3269;"09";"Milan";4;6;2012;0;18;"20120618"
"188.152.94.198";"IT";12.833300;42.833300;"AS44957 Vodafone Omnitel N.V.";"mlab2-mil01";0.056030;858334.049803;"0.004012999";"linux2";"213.200.99.224";"speedtest";1339987418;49899.231644;0.060913;"b6f7bc90-fab9-4db0-af8a-1737ebd554f1";44957;"";"";4;6;2012;0;18;"20120618"
"188.152.109.177";"IT";7.666700;45.050000;"AS44957 Vodafone Omnitel N.V.";"mlab2-mil01";0.055823;502671.406115;"0.004012999";"darwin";"213.200.99.224";"bittorrent";1339987719;49078.713763;-1.000000;"fd2cba45-5000-4263-b0bc-8c4a654ac411";44957;"12";"Torino";4;6;2012;0;18;"20120618"
"188.11.197.8";"IT";12.483300;41.900000;"AS3269 Telecom Italia S.p.a.";"mlab2-mil01";0.033087;1307234.246350;"0.004012999";"darwin";"213.200.99.224";"speedtest";1339988269;74503.214951;0.037790;"c671e4d7-9027-4ae8-9058-ad41f0746af0";3269;"07";"Rome";4;6;2012;0;18;"20120618"
"2.230.212.185";"IT";7.666700;45.050000;"AS12874 Fastweb SpA";"mlab2-mil01";0.039855;529455.416215;"0.004012999";"win32";"213.200.99.224";"speedtest";1339988688;1043228.117390;0.029058;"93a97de3-c431-4df5-a005-ea55834352bd";12874;"12";"Torino";5;6;2012;0;18;"20120618"
"151.32.212.173";"IT";7.566700;45.083300;"AS1267 WIND Telecomunicazioni S.p.A.";"mlab2-mil01";0.013148;826100.152690;"0.004012999";"linux2";"213.200.99.224";"bittorrent";1339989152;53425.745260;-1.000000;"69812081-5887-4c20-99b8-91c1d276eca2";1267;"12";"Collegno";5;6;2012;0;18;"20120618"
"134.255.171.36";"IT";12.833300;42.833300;"AS198292 Wave-Max S.r.L.";"mlab2-mil01";0.093147;646787.489437;"0.004012999";"win32";"213.200.99.224";"bittorrent";1339989192;42507.746395;-1.000000;"708a55f0-3758-4099-a346-23683a39926d";198292;"";"";5;6;2012;0;18;"20120618"
"79.20.70.163";"IT";8.066600;45.572300;"AS3269 Telecom Italia S.p.a.";"mlab2-mil01";0.039850;777483.405499;"0.004012999";"darwin";"213.200.99.224";"bittorrent";1339989948;41242.220115;-1.000000;"e838c543-3d44-45bd-9a51-ed5e3c0d7d06";3269;"12";"Biella";5;6;2012;0;18;"20120618"
"87.18.255.91";"IT";17.229700;40.476100;"AS3269 Telecom Italia S.p.a.";"mlab2-mil01";0.064622;802781.269553;"0.004009999";"win32";"213.200.99.224";"bittorrent";1339991394;48851.422579;-1.000000;"7989d7c5-459e-4910-93c2-ffd113604f5d";3269;"13";"Taranto";5;6;2012;0;18;"20120618"
"85.18.29.42";"IT";9.200000;45.466700;"AS12874 Fastweb SpA";"mlab2-mil01";0.022895;1176866.268651;"0.004012999";"darwin";"213.200.99.224";"bittorrent";1339991424;1174100.812336;-1.000000;"2c46fdf6-7306-4016-9a75-e529fa590549";12874;"09";"Milan";5;6;2012;0;18;"20120618"
"87.13.39.29";"IT";12.833300;42.833300;"AS3269 Telecom Italia S.p.a.";"mlab2-mil01";0.045650;69297.720346;"0.004009999";"win32";"213.200.99.224";"bittorrent";1339991609;34893.992362;-1.000000;"51c03cdf-92f5-46e9-bdef-c1c88bec98ce";3269;"";"";5;6;2012;0;18;"20120618"
"84.221.231.178";"IT";7.666700;45.050000;"AS8612 Tiscali Italia S.P.A.";"mlab2-mil01";0.023506;1956521.660100;"0.004012999";"darwin";"213.200.99.224";"speedtest";1339992067;99783.399818;0.029195;"7e3598a2-40f8-4213-beaa-47abf033b292";8612;"12";"Torino";6;6;2012;0;18;"20120618"
"95.248.65.26";"IT";8.283300;46.016700;"AS3269 Telecom Italia S.p.a.";"mlab2-mil01";0.045962;760469.191631;"0.004012999";"win32";"213.200.99.224";"bittorrent";1339992586;48166.294202;-1.000000;"19176454-a721-4c97-8342-b9cf8e375390";3269;"12";"Vogogna";6;6;2012;0;18;"20120618"
"188.11.197.8";"IT";12.483300;41.900000;"AS3269 Telecom Italia S.p.a.";"mlab2-mil01";0.032142;1271015.194831;"0.004012999";"darwin";"213.200.99.224";"bittorrent";1339992913;93872.679938;-1.000000;"c671e4d7-9027-4ae8-9058-ad41f0746af0";3269;"07";"Rome";6;6;2012;0;18;"20120618"
"151.49.229.123";"IT";13.780000;45.648600;"AS1267 WIND Telecomunicazioni S.p.A.";"mlab2-mil01";0.022752;817424.354926;"0.004011999";"linux2";"213.200.99.224";"bittorrent";1339993053;53270.528704;-1.000000;"db4c1f00-a6b9-40ad-b36d-a2fad669a491";1267;"06";"Trieste";6;6;2012;0;18;"20120618"
"79.9.218.223";"IT";12.483300;41.900000;"AS3269 Telecom Italia S.p.a.";"mlab2-mil01";0.035930;797102.849343;"0.004012999";"darwin";"213.200.99.224";"speedtest";1339993126;93346.470381;0.036875;"4372ef01-dfbb-4175-8485-4bcfde678997";3269;"07";"Rome";6;6;2012;0;18;"20120618"
"130.192.91.211";"IT";7.666700;45.050000;"AS137 GARR Italian academic and research network";"mlab2-mil01";1.214596;4477.780002;"0.004012999";"linux2";"213.200.99.224";"speedtest";1339993149;21099.506454;1.217681;"91708cf1-7028-4b58-9520-faea0010494c";137;"12";"Torino";6;6;2012;0;18;"20120618"
"79.20.70.163";"IT";8.066600;45.572300;"AS3269 Telecom Italia S.p.a.";"mlab2-mil01";0.038831;812527.536127;"0.004012999";"darwin";"213.200.99.224";"speedtest";1339993499;41517.519739;0.044915;"432d3481-f83e-450d-b373-e60ae5f17efe";3269;"12";"Biella";6;6;2012;0;18;"20120618"
"188.152.109.177";"IT";7.666700;45.050000;"AS44957 Vodafone Omnitel N.V.";"mlab2-mil01";0.067320;503993.620841;"0.004012999";"darwin";"213.200.99.224";"bittorrent";1339993733;49018.994265;-1.000000;"fd2cba45-5000-4263-b0bc-8c4a654ac411";44957;"12";"Torino";6;6;2012;0;18;"20120618"
"95.252.38.138";"IT";9.200000;45.466700;"AS3269 Telecom Italia S.p.a.";"mlab2-mil01";0.023648;1021581.074620;"0.004012999";"win32";"213.200.99.224";"speedtest";1339994036;73823.969122;0.028473;"fabd9ec4-04a0-49f7-9afc-39e5f8c565ba";3269;"09";"Milan";6;6;2012;0;18;"20120618"
"151.49.229.123";"IT";13.780000;45.648600;"AS1267 WIND Telecomunicazioni S.p.A.";"mlab2-mil01";0.023265;796077.975587;"0.004011999";"linux2";"213.200.99.224";"speedtest";1339994536;53639.526719;0.026931;"db4c1f00-a6b9-40ad-b36d-a2fad669a491";1267;"06";"Trieste";6;6;2012;0;18;"20120618"
"130.192.91.213";"IT";7.666700;45.050000;"AS137 GARR Italian academic and research network";"mlab2-mil01";0.012810;11727794.916555;"0.004012999";"linux2";"213.200.99.224";"bittorrent";1339994717;10997188.120117;-1.000000;"cd78793c-1e3b-4944-b4b2-9768fc1cdb97";137;"12";"Torino";6;6;2012;0;18;"20120618"
"79.9.218.223";"IT";12.483300;41.900000;"AS3269 Telecom Italia S.p.a.";"mlab2-mil01";0.034039;797490.668784;"0.004012999";"darwin";"213.200.99.224";"speedtest";1339996188;93413.749238;0.035975;"4372ef01-dfbb-4175-8485-4bcfde678997";3269;"07";"Rome";7;6;2012;0;18;"20120618"
"188.152.94.198";"IT";12.833300;42.833300;"AS44957 Vodafone Omnitel N.V.";"mlab2-mil01";0.055048;857011.184623;"0.004012999";"linux2";"213.200.99.224";"speedtest";1339996373;49676.037374;0.060847;"b6f7bc90-fab9-4db0-af8a-1737ebd554f1";44957;"";"";7;6;2012;0;18;"20120618"
"87.1.199.125";"IT";12.483300;41.900000;"AS3269 Telecom Italia S.p.a.";"mlab2-mil01";0.033991;1348893.269170;"0.004012999";"win32";"213.200.99.224";"speedtest";1339996618;110171.915798;0.040163;"718025e7-7fe4-444d-ae2e-25d763c005db";3269;"07";"Rome";7;6;2012;0;18;"20120618"
"151.49.229.123";"IT";13.780000;45.648600;"AS1267 WIND Telecomunicazioni S.p.A.";"mlab2-mil01";0.022823;806913.068847;"0.004011999";"linux2";"213.200.99.224";"speedtest";1339997511;53593.122772;0.026959;"db4c1f00-a6b9-40ad-b36d-a2fad669a491";1267;"06";"Trieste";7;6;2012;0;18;"20120618"
"84.221.231.178";"IT";7.666700;45.050000;"AS8612 Tiscali Italia S.P.A.";"mlab2-mil01";0.024975;1960948.073380;"0.004012999";"darwin";"213.200.99.224";"speedtest";1339997765;104370.981262;0.029446;"7e3598a2-40f8-4213-beaa-47abf033b292";8612;"12";"Torino";7;6;2012;0;18;"20120618"
"94.36.33.130";"IT";8.950000;44.416700;"AS8612 Tiscali Italia S.P.A.";"mlab2-mil01";0.026716;858044.271604;"0.004012999";"darwin";"213.200.99.224";"bittorrent";1339997790;52237.002843;-1.000000;"894fe1ee-9250-416a-98be-74dd024aea06";8612;"08";"Genova";7;6;2012;0;18;"20120618"
"95.252.38.138";"IT";9.200000;45.466700;"AS3269 Telecom Italia S.p.a.";"mlab2-mil01";0.023705;987004.641652;"0.004012999";"win32";"213.200.99.224";"bittorrent";1339998616;75046.632821;-1.000000;"fabd9ec4-04a0-49f7-9afc-39e5f8c565ba";3269;"09";"Milan";7;6;2012;0;18;"20120618"
"87.5.126.10";"IT";9.150000;44.350000;"AS3269 Telecom Italia S.p.a.";"mlab2-mil01";0.052385;329423.363413;"0.004012999";"win32";"213.200.99.224";"bittorrent";1339999152;49906.906612;-1.000000;"8855f6ca-5043-4b7e-abfd-f4a8ef04d556";3269;"08";"Camogli";7;6;2012;0;18;"20120618"
"62.98.65.177";"IT";14.250000;40.833300;"AS1267 WIND Telecomunicazioni S.p.A.";"mlab2-mil01";0.027591;746784.961008;"0.004012999";"win32";"213.200.99.224";"bittorrent";1339999416;42010.630079;-1.000000;"2d006d8d-7c04-46bb-b056-798468ee365e";1267;"04";"Napoli";8;6;2012;0;18;"20120618"
"151.25.78.166";"IT";12.483300;41.900000;"AS1267 WIND Telecomunicazioni S.p.A.";"mlab2-mil01";0.020355;1927011.827620;"0.004012999";"darwin";"213.200.99.224";"speedtest";1339999547;103802.853804;0.023673;"2db37ed2-fec6-4c7a-947f-fbfa8575dbeb";1267;"07";"Rome";8;6;2012;0;18;"20120618"
"2.225.128.51";"IT";7.666700;45.050000;"AS12874 Fastweb SpA";"mlab2-mil01";0.046380;436252.289033;"0.004012999";"darwin";"213.200.99.224";"bittorrent";1339999823;61760.406355;-1.000000;"28ba3b2e-cd9a-4c00-8b29-33e0cfe5c596";12874;"12";"Torino";8;6;2012;0;18;"20120618"
"87.2.107.159";"IT";11.083300;46.216700;"AS3269 Telecom Italia S.p.a.";"mlab2-mil01";0.033580;1424001.591347;"0.004012999";"darwin";"213.200.99.224";"bittorrent";1340000249;4467.902954;-1.000000;"3a2b787f-c941-4b74-b356-2363c9904a6c";3269;"17";"Mezzolombardo";8;6;2012;0;18;"20120618"
"109.115.5.56";"IT";12.833300;42.833300;"AS30722 Vodafone Omnitel N.V.";"mlab2-mil01";0.989130;162917.676526;"0.004012999";"linux2";"213.200.99.224";"speedtest";1340000999;15766.057511;1.232557;"69812081-5887-4c20-99b8-91c1d276eca2";30722;"";"";8;6;2012;0;18;"20120618"
"87.13.39.29";"IT";12.833300;42.833300;"AS3269 Telecom Italia S.p.a.";"mlab2-mil01";0.047390;76298.739680;"0.004009999";"win32";"213.200.99.224";"bittorrent";1340001405;37094.260332;-1.000000;"51c03cdf-92f5-46e9-bdef-c1c88bec98ce";3269;"";"";8;6;2012;0;18;"20120618"
"151.28.149.138";"IT";12.483300;41.900000;"AS1267 WIND Telecomunicazioni S.p.A.";"mlab2-mil01";0.021963;830636.130744;"0.004012999";"darwin";"213.200.99.224";"bittorrent";1340001666;53599.915805;-1.000000;"ecbc13bf-6a9e-4fe9-b86f-bd60bf3af1d0";1267;"07";"Rome";8;6;2012;0;18;"20120618"
"95.252.38.138";"IT";9.200000;45.466700;"AS3269 Telecom Italia S.p.a.";"mlab2-mil01";0.023453;999826.516614;"0.004012999";"win32";"213.200.99.224";"bittorrent";1340001666;74276.007170;-1.000000;"fabd9ec4-04a0-49f7-9afc-39e5f8c565ba";3269;"09";"Milan";8;6;2012;0;18;"20120618"
"81.174.47.101";"IT";12.833300;42.833300;"AS35612 NGI Spa";"mlab2-mil01";0.012106;920200.069783;"0.004012999";"darwin";"213.200.99.224";"speedtest";1340002169;112867.709127;0.015457;"59a9e8e1-3618-48e2-adea-6559f48400b8";35612;"";"";8;6;2012;0;18;"20120618"
"130.192.91.213";"IT";7.666700;45.050000;"AS137 GARR Italian academic and research network";"mlab2-mil01";0.013396;10824517.367900;"0.004012999";"linux2";"213.200.99.224";"speedtest";1340002181;1504482.358460;0.014848;"cd78793c-1e3b-4944-b4b2-9768fc1cdb97";137;"12";"Torino";8;6;2012;0;18;"20120618"
"130.192.91.223";"IT";7.666700;45.050000;"AS137 GARR Italian academic and research network";"mlab2-mil01";0.097376;11510166.850100;"0.004011999";"win32";"213.200.99.224";"speedtest";1340002287;2778453.085160;0.037586;"d9b73a6d-f8f5-4b51-ad98-19348e823a58";137;"12";"Torino";8;6;2012;0;18;"20120618"
"147.162.42.20";"IT";11.883300;45.416700;"AS137 GARR Italian academic and research network";"mlab2-mil01";0.013615;8166461.977010;"0.004010999";"linux2";"213.200.99.224";"speedtest";1340002641;6987959.980280;0.015010;"727d6a40-2b78-4641-8061-04b6a384e6a6";137;"20";"Padova";8;6;2012;0;18;"20120618"
"109.115.5.56";"IT";12.833300;42.833300;"AS30722 Vodafone Omnitel N.V.";"mlab2-mil01";0.543012;7523.960268;"0.004012999";"linux2";"213.200.99.224";"bittorrent";1340002701;3425.227027;-1.000000;"69812081-5887-4c20-99b8-91c1d276eca2";30722;"";"";8;6;2012;0;18;"20120618"
"78.14.224.92";"IT";9.116700;45.766700;"AS8612 Tiscali Italia S.P.A.";"mlab2-mil01";0.032421;472212.274135;"0.004012999";"darwin";"213.200.99.224";"bittorrent";1340003022;46841.700552;-1.000000;"39792736-bd8b-4a56-942d-1cc983336add";8612;"09";"Lurago D'erba";9;6;2012;0;18;"20120618"
"79.20.70.163";"IT";8.066600;45.572300;"AS3269 Telecom Italia S.p.a.";"mlab2-mil01";0.039062;846148.040548;"0.004012999";"darwin";"213.200.99.224";"bittorrent";1340003026;41239.757718;-1.000000;"e838c543-3d44-45bd-9a51-ed5e3c0d7d06";3269;"12";"Biella";9;6;2012;0;18;"20120618"
"188.216.124.199";"IT";7.666700;45.050000;"AS30722 Vodafone Omnitel N.V.";"mlab2-mil01";0.041545;801000.120787;"0.004012999";"darwin";"213.200.99.224";"speedtest";1340003139;65542.084040;0.048187;"821aa4b7-0495-4899-9210-11d94170a73b";30722;"12";"Torino";9;6;2012;0;18;"20120618"
"81.174.11.50";"IT";8.650000;45.850000;"AS35612 NGI Spa";"mlab2-mil01";0.041701;551318.096839;"0.004012999";"darwin";"213.200.99.224";"bittorrent";1340003168;58028.484454;-1.000000;"04eb82ec-76b3-4615-b25a-7c0279090671";35612;"09";"Besozzo";9;6;2012;0;18;"20120618"
"95.226.164.10";"IT";11.416700;45.683300;"AS3269 Telecom Italia S.p.a.";"mlab2-mil01";0.047070;846292.323029;"0.004005999";"win32";"213.200.99.224";"speedtest";1340003363;49882.023682;0.046308;"54ca976f-8551-47fc-bce1-b06f00a12720";3269;"20";"Marano Vicentino";9;6;2012;0;18;"20120618"
"151.49.229.123";"IT";13.780000;45.648600;"AS1267 WIND Telecomunicazioni S.p.A.";"mlab2-mil01";0.021400;771737.919375;"0.004011999";"linux2";"213.200.99.224";"speedtest";1340003460;53726.620244;0.026960;"db4c1f00-a6b9-40ad-b36d-a2fad669a491";1267;"06";"Trieste";9;6;2012;0;18;"20120618"
"2.230.212.185";"IT";7.666700;45.050000;"AS12874 Fastweb SpA";"mlab2-mil01";0.029068;551096.188452;"0.004012999";"win32";"213.200.99.224";"speedtest";1340003550;1049749.981350;0.029380;"93a97de3-c431-4df5-a005-ea55834352bd";12874;"12";"Torino";9;6;2012;0;18;"20120618"
"81.174.47.101";"IT";12.833300;42.833300;"AS35612 NGI Spa";"mlab2-mil01";0.012023;977510.290865;"0.004012999";"darwin";"213.200.99.224";"bittorrent";1340003775;112857.180492;-1.000000;"59a9e8e1-3618-48e2-adea-6559f48400b8";35612;"";"";9;6;2012;0;18;"20120618"
"79.9.218.223";"IT";12.483300;41.900000;"AS3269 Telecom Italia S.p.a.";"mlab2-mil01";0.033014;771996.350321;"0.004012999";"darwin";"213.200.99.224";"bittorrent";1340003847;93985.047048;-1.000000;"4372ef01-dfbb-4175-8485-4bcfde678997";3269;"07";"Rome";9;6;2012;0;18;"20120618"
"193.206.154.9";"IT";12.833300;42.833300;"AS137 GARR Italian academic and research network";"mlab2-mil01";0.012635;11828614.777200;"0.004012999";"win32";"213.200.99.224";"speedtest";1340003871;11823214.509200;0.013908;"0a82f1ed-ab1f-4de5-a610-bbae44fec14e";137;"";"";9;6;2012;0;18;"20120618"
"93.62.73.167";"IT";7.666700;45.050000;"AS12874 Fastweb SpA";"mlab2-mil01";0.049532;2005914.959520;"0.004012999";"win32";"213.200.99.224";"speedtest";1340004739;67980.016813;0.053512;"ba264b82-0dde-485e-bdfd-b866b37d1bf8";12874;"12";"Torino";9;6;2012;0;18;"20120618"
"130.192.91.211";"IT";7.666700;45.050000;"AS137 GARR Italian academic and research network";"mlab2-mil01";1.213825;4910.713132;"0.004012999";"linux2";"213.200.99.224";"speedtest";1340004879;18610.690610;1.217486;"91708cf1-7028-4b58-9520-faea0010494c";137;"12";"Torino";9;6;2012;0;18;"20120618"
"84.221.231.178";"IT";7.666700;45.050000;"AS8612 Tiscali Italia S.P.A.";"mlab2-mil01";0.023597;2067316.168175;"0.004012999";"darwin";"213.200.99.224";"bittorrent";1340004887;104656.441365;-1.000000;"7e3598a2-40f8-4213-beaa-47abf033b292";8612;"12";"Torino";9;6;2012;0;18;"20120618"
"151.49.229.123";"IT";13.780000;45.648600;"AS1267 WIND Telecomunicazioni S.p.A.";"mlab2-mil01";0.022587;812151.684369;"0.004011999";"linux2";"213.200.99.224";"bittorrent";1340004951;53024.871416;-1.000000;"db4c1f00-a6b9-40ad-b36d-a2fad669a491";1267;"06";"Trieste";9;6;2012;0;18;"20120618"
"95.237.222.196";"IT";7.666700;45.050000;"AS3269 Telecom Italia S.p.a.";"mlab2-mil01";0.044782;398290.121081;"0.004012999";"win32";"213.200.99.224";"bittorrent";1340005031;48113.230580;-1.000000;"47bce1bd-51cc-4815-b6db-71ab66220dd6";3269;"12";"Torino";9;6;2012;0;18;"20120618"
"85.18.29.42";"IT";9.200000;45.466700;"AS12874 Fastweb SpA";"mlab2-mil01";0.023303;1006871.860880;"0.004012999";"darwin";"213.200.99.224";"speedtest";1340005104;1125138.897370;0.024046;"2c46fdf6-7306-4016-9a75-e529fa590549";12874;"09";"Milan";9;6;2012;0;18;"20120618"
"62.98.65.177";"IT";14.250000;40.833300;"AS1267 WIND Telecomunicazioni S.p.A.";"mlab2-mil01";0.027495;657509.960480;"0.004012999";"win32";"213.200.99.224";"bittorrent";1340005183;42014.766987;-1.000000;"2d006d8d-7c04-46bb-b056-798468ee365e";1267;"04";"Napoli";9;6;2012;0;18;"20120618"
"188.11.197.8";"IT";12.483300;41.900000;"AS3269 Telecom Italia S.p.a.";"mlab2-mil01";0.033634;1366796.076498;"0.004012999";"darwin";"213.200.99.224";"bittorrent";1340005294;92830.446335;-1.000000;"c671e4d7-9027-4ae8-9058-ad41f0746af0";3269;"07";"Rome";9;6;2012;0;18;"20120618"
"79.0.19.229";"IT";12.483300;41.900000;"AS3269 Telecom Italia S.p.a.";"mlab2-mil01";0.031697;1432725.224630;"0.004012999";"darwin";"213.200.99.224";"bittorrent";1340005314;105113.740960;-1.000000;"69fb5e33-52f0-4549-a67d-9deb0c9b5493";3269;"07";"Rome";9;6;2012;0;18;"20120618"
"193.206.154.9";"IT";12.833300;42.833300;"AS137 GARR Italian academic and research network";"mlab2-mil01";0.012372;11797678.275562;"0.004012999";"win32";"213.200.99.224";"bittorrent";1340005354;11086830.598830;-1.000000;"0a82f1ed-ab1f-4de5-a610-bbae44fec14e";137;"";"";9;6;2012;0;18;"20120618"
"217.133.46.117";"IT";11.316700;43.583300;"AS8612 Tiscali Italia S.P.A.";"mlab2-mil01";0.029266;1579714.431510;"0.004012999";"win32";"213.200.99.224";"speedtest";1340005452;77600.088513;0.030692;"2765e625-af97-4607-9fbe-b7195291ba59";8612;"16";"Greve";9;6;2012;0;18;"20120618"
"188.217.129.219";"IT";14.333300;40.916700;"AS30722 Vodafone Omnitel N.V.";"mlab2-mil01";0.069476;325710.383421;"0.004012999";"win32";"213.200.99.224";"speedtest";1340005498;21946.360867;0.090621;"bb6c2e6b-7f94-482d-ab7a-ba9256571bd8";30722;"04";"Casalnuovo Di Napoli";9;6;2012;0;18;"20120618"
"188.152.109.177";"IT";7.666700;45.050000;"AS44957 Vodafone Omnitel N.V.";"mlab2-mil01";0.138381;239778.992725;"0.004012999";"darwin";"213.200.99.224";"bittorrent";1340005858;10614.941316;-1.000000;"fd2cba45-5000-4263-b0bc-8c4a654ac411";44957;"12";"Torino";9;6;2012;0;18;"20120618"
"81.174.11.50";"IT";8.650000;45.850000;"AS35612 NGI Spa";"mlab2-mil01";1.107063;606726.649448;"0.004012999";"darwin";"213.200.99.224";"bittorrent";1340005999;56342.165410;-1.000000;"04eb82ec-76b3-4615-b25a-7c0279090671";35612;"09";"Besozzo";9;6;2012;0;18;"20120618"
"93.146.161.149";"IT";7.850000;44.650000;"AS30722 Vodafone Omnitel N.V.";"mlab2-mil01";0.191160;853383.458070;"0.004012999";"win32";"213.200.99.224";"speedtest";1340006113;49491.622373;0.114401;"63af0c3f-3aaa-47b4-9fd3-1008633c1b09";30722;"12";"Cherasco";9;6;2012;0;18;"20120618"
"95.252.38.138";"IT";9.200000;45.466700;"AS3269 Telecom Italia S.p.a.";"mlab2-mil01";0.022850;1022724.978420;"0.004012999";"win32";"213.200.99.224";"speedtest";1340006239;73806.011731;0.028116;"fabd9ec4-04a0-49f7-9afc-39e5f8c565ba";3269;"09";"Milan";9;6;2012;0;18;"20120618"
"79.30.49.39";"IT";8.950000;44.416700;"AS3269 Telecom Italia S.p.a.";"mlab2-mil01";0.067395;79887.292164;"0.004012999";"win32";"213.200.99.224";"bittorrent";1340006308;33496.839508;-1.000000;"14b0478f-78ea-46ec-8409-548af450a827";3269;"08";"Genova";9;6;2012;0;18;"20120618"
"95.248.79.141";"IT";9.683300;45.366700;"AS3269 Telecom Italia S.p.a.";"mlab2-mil01";0.021938;1784419.225890;"0.004012999";"win32";"213.200.99.224";"speedtest";1340006334;101632.047996;0.026064;"4e01c135-aee3-4a25-a2fd-429c447dc4bd";3269;"09";"Crema";9;6;2012;0;18;"20120618"
"83.211.172.129";"IT";13.566700;42.583300;"AS15589 Clouditalia Communications S.p.A.";"mlab2-mil01";0.035981;478600.743897;"0.004012999";"win32";"213.200.99.224";"speedtest";1340006453;31307.468698;0.036966;"b6e23738-aa63-4482-8754-26d879467631";15589;"01";"Altavilla";10;6;2012;0;18;"20120618"
"2.225.231.97";"IT";7.666700;45.050000;"AS12874 Fastweb SpA";"mlab2-mil01";0.029590;1178378.220890;"0.004012999";"win32";"213.200.99.224";"speedtest";1340006488;1170479.836280;0.031277;"252a836b-55fe-43a0-93e7-d33c5d47fae3";12874;"12";"Torino";10;6;2012;0;18;"20120618"
"109.234.63.11";"IT";12.833300;42.833300;"AS43989 Ehinet Srl";"mlab2-mil01";0.047934;391580.213298;"0.004009999";"win32";"213.200.99.224";"bittorrent";1340006503;14981.439770;-1.000000;"5d6312ec-b414-42e6-8e89-702c7b4fd5e8";43989;"";"";10;6;2012;0;18;"20120618"
"2.230.212.185";"IT";7.666700;45.050000;"AS12874 Fastweb SpA";"mlab2-mil01";0.028157;578926.040985;"0.004012999";"win32";"213.200.99.224";"speedtest";1340006501;974358.333754;0.026990;"93a97de3-c431-4df5-a005-ea55834352bd";12874;"12";"Torino";10;6;2012;0;18;"20120618"
"94.33.1.179";"IT";9.216700;45.550000;"AS8612 Tiscali Italia S.P.A.";"mlab2-mil01";0.027512;965066.683777;"0.004012999";"linux2";"213.200.99.224";"speedtest";1340006587;94820.064996;0.028895;"c8e22a26-c7da-46ee-8473-787638c3fd84";8612;"09";"Cinisello Balsamo";10;6;2012;0;18;"20120618"
"130.192.91.223";"IT";7.666700;45.050000;"AS137 GARR Italian academic and research network";"mlab2-mil01";0.036688;10464807.630796;"0.004011999";"win32";"213.200.99.224";"bittorrent";1340006778;10337572.657663;-1.000000;"d9b73a6d-f8f5-4b51-ad98-19348e823a58";137;"12";"Torino";10;6;2012;0;18;"20120618"
"88.87.119.170";"IT";7.666700;45.050000;"AS34606 BBBell s.r.l. - Telecommunication Services";"mlab2-mil01";0.046847;59240.103715;"0.004012999";"win32";"213.200.99.224";"bittorrent";1340006806;15417.293206;-1.000000;"241c3a7e-ba9b-4a0d-9bea-1c379895fdaa";34606;"12";"Torino";10;6;2012;0;18;"20120618"
"193.206.154.9";"IT";12.833300;42.833300;"AS137 GARR Italian academic and research network";"mlab2-mil01";0.012633;11540687.230900;"0.004012999";"win32";"213.200.99.224";"speedtest";1340006831;11683952.883100;0.014066;"0a82f1ed-ab1f-4de5-a610-bbae44fec14e";137;"";"";10;6;2012;0;18;"20120618"
"217.133.46.117";"IT";11.316700;43.583300;"AS8612 Tiscali Italia S.P.A.";"mlab2-mil01";0.027524;1689274.509709;"0.004012999";"win32";"213.200.99.224";"bittorrent";1340006881;105447.889722;-1.000000;"2765e625-af97-4607-9fbe-b7195291ba59";8612;"16";"Greve";10;6;2012;0;18;"20120618"
"81.174.47.101";"IT";12.833300;42.833300;"AS35612 NGI Spa";"mlab2-mil01";0.011994;1359241.056255;"0.004012999";"darwin";"213.200.99.224";"bittorrent";1340006984;113006.296260;-1.000000;"59a9e8e1-3618-48e2-adea-6559f48400b8";35612;"";"";10;6;2012;0;18;"20120618"
"87.2.107.159";"IT";11.083300;46.216700;"AS3269 Telecom Italia S.p.a.";"mlab2-mil01";0.032961;944515.140102;"0.004012999";"darwin";"213.200.99.224";"speedtest";1340007111;98984.223547;0.036072;"8cfc4b59-c9c4-47a5-90ef-869237dc6ca3";3269;"17";"Mezzolombardo";10;6;2012;0;18;"20120618"
"93.146.161.149";"IT";7.850000;44.650000;"AS30722 Vodafone Omnitel N.V.";"mlab2-mil01";0.032829;824655.936795;"0.004012999";"linux2";"213.200.99.224";"speedtest";1340007188;50516.739088;0.037208;"63990eb7-ac67-409f-bc7e-5344262dd0f9";30722;"12";"Cherasco";10;6;2012;0;18;"20120618"
"87.8.229.178";"IT";7.666700;45.050000;"AS3269 Telecom Italia S.p.a.";"mlab2-mil01";0.030776;572087.750873;"0.004012999";"win32";"213.200.99.224";"speedtest";1340007272;50249.966231;0.046565;"d6bbc582-d8eb-4ead-ba2c-3fffeda97549";3269;"12";"Torino";10;6;2012;0;18;"20120618"
"79.20.70.163";"IT";8.066600;45.572300;"AS3269 Telecom Italia S.p.a.";"mlab2-mil01";0.039778;832481.085043;"0.004012999";"darwin";"213.200.99.224";"bittorrent";1340007526;39814.978322;-1.000000;"432d3481-f83e-450d-b373-e60ae5f17efe";3269;"12";"Biella";10;6;2012;0;18;"20120618"
"93.63.140.2";"IT";12.435800;44.070800;"AS12874 Fastweb SpA";"mlab2-mil01";0.041550;157737.805379;"0.004012999";"win32";"213.200.99.224";"speedtest";1340007710;213157.251299;0.044124;"8050c4c2-de4c-4f89-ab47-528f246a0f23";12874;"05";"Santarcangelo";10;6;2012;0;18;"20120618"
"93.38.84.118";"IT";7.666700;45.050000;"AS12874 Fastweb SpA";"mlab2-mil01";0.029467;617878.317254;"0.004012999";"darwin";"213.200.99.224";"speedtest";1340007760;98051.427930;0.033680;"9862a835-84ea-47e3-9817-0036cae1dff1";12874;"12";"Torino";10;6;2012;0;18;"20120618"
"95.252.38.138";"IT";9.200000;45.466700;"AS3269 Telecom Italia S.p.a.";"mlab2-mil01";0.023600;981341.455663;"0.004012999";"win32";"213.200.99.224";"bittorrent";1340007768;75225.641566;-1.000000;"fabd9ec4-04a0-49f7-9afc-39e5f8c565ba";3269;"09";"Milan";10;6;2012;0;18;"20120618"
"95.248.79.141";"IT";9.683300;45.366700;"AS3269 Telecom Italia S.p.a.";"mlab2-mil01";0.025289;1980139.195942;"0.004012999";"win32";"213.200.99.224";"bittorrent";1340007780;104828.666816;-1.000000;"4e01c135-aee3-4a25-a2fd-429c447dc4bd";3269;"09";"Crema";10;6;2012;0;18;"20120618"
"130.192.91.211";"IT";7.666700;45.050000;"AS137 GARR Italian academic and research network";"mlab2-mil01";1.214088;5007.550763;"0.004012999";"linux2";"213.200.99.224";"speedtest";1340007812;19046.026844;1.217562;"91708cf1-7028-4b58-9520-faea0010494c";137;"12";"Torino";10;6;2012;0;18;"20120618"
"79.30.49.39";"IT";8.950000;44.416700;"AS3269 Telecom Italia S.p.a.";"mlab2-mil01";0.103346;76264.582239;"0.004012999";"win32";"213.200.99.224";"speedtest";1340007851;18534.926421;0.097574;"14b0478f-78ea-46ec-8409-548af450a827";3269;"08";"Genova";10;6;2012;0;18;"20120618"
"94.36.33.130";"IT";8.950000;44.416700;"AS8612 Tiscali Italia S.P.A.";"mlab2-mil01";0.025200;839839.184737;"0.004012999";"darwin";"213.200.99.224";"speedtest";1340007904;52141.614773;0.030292;"894fe1ee-9250-416a-98be-74dd024aea06";8612;"08";"Genova";10;6;2012;0;18;"20120618"
"79.20.70.163";"IT";8.066600;45.572300;"AS3269 Telecom Italia S.p.a.";"mlab2-mil01";0.038838;811258.858643;"0.004012999";"darwin";"213.200.99.224";"speedtest";1340007925;41427.550404;0.045425;"e838c543-3d44-45bd-9a51-ed5e3c0d7d06";3269;"12";"Biella";10;6;2012;0;18;"20120618"
"83.211.172.129";"IT";13.566700;42.583300;"AS15589 Clouditalia Communications S.p.A.";"mlab2-mil01";0.037192;491406.781474;"0.004012999";"win32";"213.200.99.224";"bittorrent";1340008055;31453.293359;-1.000000;"b6e23738-aa63-4482-8754-26d879467631";15589;"01";"Altavilla";10;6;2012;0;18;"20120618"
"80.117.83.96";"IT";12.833300;42.833300;"AS3269 Telecom Italia S.p.a.";"mlab2-mil01";0.033630;840339.536726;"0.004012999";"win32";"213.200.99.224";"bittorrent";1340008582;37744.964646;-1.000000;"25353fbe-ce56-4192-a803-65a63443c70a";3269;"";"";10;6;2012;0;18;"20120618"
"188.217.129.219";"IT";14.333300;40.916700;"AS30722 Vodafone Omnitel N.V.";"mlab2-mil01";0.177506;428243.401141;"0.004012999";"win32";"213.200.99.224";"speedtest";1340008511;22595.440565;0.091653;"bb6c2e6b-7f94-482d-ab7a-ba9256571bd8";30722;"04";"Casalnuovo Di Napoli";10;6;2012;0;18;"20120618"
"151.65.28.229";"IT";9.016700;44.983300;"AS1267 WIND Telecomunicazioni S.p.A.";"mlab2-mil01";0.025644;591599.814246;"0.004012999";"win32";"213.200.99.224";"speedtest";1340008715;96265.418596;0.031642;"a5016d11-f6c1-4d6d-a30f-48088faa5e70";1267;"09";"Voghera";10;6;2012;0;18;"20120618"
"87.18.255.91";"IT";17.229700;40.476100;"AS3269 Telecom Italia S.p.a.";"mlab2-mil01";0.065121;736440.825729;"0.004009999";"win32";"213.200.99.224";"speedtest";1340008725;50035.148064;0.071998;"7989d7c5-459e-4910-93c2-ffd113604f5d";3269;"13";"Taranto";10;6;2012;0;18;"20120618"
"78.14.224.92";"IT";9.116700;45.766700;"AS8612 Tiscali Italia S.P.A.";"mlab2-mil01";0.032039;648275.546521;"0.004012999";"darwin";"213.200.99.224";"bittorrent";1340009153;46861.338673;-1.000000;"39792736-bd8b-4a56-942d-1cc983336add";8612;"09";"Lurago D'erba";10;6;2012;0;18;"20120618"
"95.248.79.141";"IT";9.683300;45.366700;"AS3269 Telecom Italia S.p.a.";"mlab2-mil01";0.021878;1921514.326360;"0.004012999";"win32";"213.200.99.224";"speedtest";1340009210;101031.116701;0.026063;"4e01c135-aee3-4a25-a2fd-429c447dc4bd";3269;"09";"Crema";10;6;2012;0;18;"20120618"
"95.229.187.136";"IT";12.833300;42.833300;"AS3269 Telecom Italia S.p.a.";"mlab2-mil01";0.072057;438892.965412;"0.004012999";"win32";"213.200.99.224";"bittorrent";1340009281;79394.262773;-1.000000;"a4010725-b228-4400-bd21-b9e05989bafb";3269;"";"";10;6;2012;0;18;"20120618"
"130.192.91.211";"IT";7.666700;45.050000;"AS137 GARR Italian academic and research network";"mlab2-mil01";1.213925;43431.853179;"0.004012999";"linux2";"213.200.99.224";"bittorrent";1340009289;49867.022723;-1.000000;"91708cf1-7028-4b58-9520-faea0010494c";137;"12";"Torino";10;6;2012;0;18;"20120618"
"109.234.63.11";"IT";12.833300;42.833300;"AS43989 Ehinet Srl";"mlab2-mil01";0.049340;402991.109727;"0.004009999";"win32";"213.200.99.224";"bittorrent";1340009391;11611.901936;-1.000000;"5d6312ec-b414-42e6-8e89-702c7b4fd5e8";43989;"";"";10;6;2012;0;18;"20120618"
"95.237.222.196";"IT";7.666700;45.050000;"AS3269 Telecom Italia S.p.a.";"mlab2-mil01";0.046968;379860.660033;"0.004012999";"win32";"213.200.99.224";"speedtest";1340009514;31275.300665;0.051119;"47bce1bd-51cc-4815-b6db-71ab66220dd6";3269;"12";"Torino";10;6;2012;0;18;"20120618"
"79.0.19.229";"IT";12.483300;41.900000;"AS3269 Telecom Italia S.p.a.";"mlab2-mil01";0.032278;1185621.725400;"0.004012999";"darwin";"213.200.99.224";"speedtest";1340009628;71216.210039;0.035116;"69fb5e33-52f0-4549-a67d-9deb0c9b5493";3269;"07";"Rome";10;6;2012;0;18;"20120618"
"93.33.101.175";"IT";9.200000;45.466700;"AS12874 Fastweb SpA";"mlab2-mil01";0.023861;1056375.252150;"0.004012999";"darwin";"213.200.99.224";"speedtest";1340009718;1082668.640700;0.026522;"29750ad8-f56c-4e95-a4f3-b9badf7da7af";12874;"09";"Milan";10;6;2012;0;18;"20120618"
"85.18.116.244";"IT";8.900000;45.400000;"AS12874 Fastweb SpA";"mlab2-mil01";0.021318;6116007.229605;"0.004012999";"linux2";"213.200.99.224";"bittorrent";1340010168;5232856.313381;-1.000000;"c76e28cf-4020-40f2-ae3f-39482e23ced0";12874;"09";"Abbiategrasso";11;6;2012;0;18;"20120618"
"134.255.171.36";"IT";12.833300;42.833300;"AS198292 Wave-Max S.r.L.";"mlab2-mil01";0.098920;322862.810477;"0.004012999";"win32";"213.200.99.224";"speedtest";1340010183;45951.597327;0.099805;"708a55f0-3758-4099-a346-23683a39926d";198292;"";"";11;6;2012;0;18;"20120618"
"81.174.47.101";"IT";12.833300;42.833300;"AS35612 NGI Spa";"mlab2-mil01";0.012162;1245792.589712;"0.004012999";"darwin";"213.200.99.224";"bittorrent";1340010193;113072.990037;-1.000000;"59a9e8e1-3618-48e2-adea-6559f48400b8";35612;"";"";11;6;2012;0;18;"20120618"
"85.18.117.112";"IT";7.883300;45.183300;"AS12874 Fastweb SpA";"mlab2-mil01";0.115760;487820.440945;"0.004012999";"darwin";"213.200.99.224";"speedtest";1340010227;218905.329580;0.034649;"e28f6cdb-f2d1-41fe-bb40-53e7a0b0e31d";12874;"12";"Chivasso";11;6;2012;0;18;"20120618"
"85.18.28.68";"IT";12.833300;42.833300;"AS12874 Fastweb SpA";"mlab2-mil01";0.033619;115891.876575;"0.004009999";"win32";"213.200.99.224";"bittorrent";1340010354;114858.827679;-1.000000;"209e0493-6ac3-47f4-8a7e-513e3ce88ea8";12874;"";"";11;6;2012;0;18;"20120618"
"188.216.183.24";"IT";12.833300;42.833300;"AS30722 Vodafone Omnitel N.V.";"mlab2-mil01";0.060062;795073.515243;"0.004012999";"darwin";"213.200.99.224";"speedtest";1340010438;63435.067662;0.065290;"eb287f52-d429-4a32-aa75-ba1fd1cf87d2";30722;"";"";11;6;2012;0;18;"20120618"
"80.180.128.61";"IT";9.666700;45.016700;"AS3269 Telecom Italia S.p.a.";"mlab2-mil01";0.025709;1707279.328918;"0.004012999";"win32";"213.200.99.224";"bittorrent";1340010621;96117.067330;-1.000000;"a6b33ac3-0345-4892-98b5-ad125988a24b";3269;"05";"Piacenza";11;6;2012;0;18;"20120618"
"95.229.187.136";"IT";12.833300;42.833300;"AS3269 Telecom Italia S.p.a.";"mlab2-mil01";0.242223;99020.235836;"0.004012999";"win32";"213.200.99.224";"speedtest";1340010880;44336.810863;0.267888;"a4010725-b228-4400-bd21-b9e05989bafb";3269;"";"";11;6;2012;0;18;"20120618"
"217.133.46.117";"IT";11.316700;43.583300;"AS8612 Tiscali Italia S.P.A.";"mlab2-mil01";0.027870;1613868.150760;"0.004012999";"win32";"213.200.99.224";"speedtest";1340011206;102639.570077;0.030773;"2765e625-af97-4607-9fbe-b7195291ba59";8612;"16";"Greve";11;6;2012;0;18;"20120618"
"87.13.39.29";"IT";12.833300;42.833300;"AS3269 Telecom Italia S.p.a.";"mlab2-mil01";0.046483;240373.862175;"0.004009999";"win32";"213.200.99.224";"bittorrent";1340011196;36961.003283;-1.000000;"51c03cdf-92f5-46e9-bdef-c1c88bec98ce";3269;"";"";11;6;2012;0;18;"20120618"
"31.185.19.156";"IT";12.566700;43.050000;"AS47187 Forinicom S.r.l.";"mlab2-mil01";0.031534;42512.510919;"0.004012999";"win32";"213.200.99.224";"speedtest";1340011370;37882.403601;0.019809;"2a30a2a8-273c-4b16-9671-803dc3d96492";47187;"18";"Santa Maria Degli Angeli";11;6;2012;0;18;"20120618"
"188.11.197.8";"IT";12.483300;41.900000;"AS3269 Telecom Italia S.p.a.";"mlab2-mil01";0.050730;950544.572057;"0.004012999";"darwin";"213.200.99.224";"bittorrent";1340011511;38558.056059;-1.000000;"c671e4d7-9027-4ae8-9058-ad41f0746af0";3269;"07";"Rome";11;6;2012;0;18;"20120618"
"95.240.27.220";"IT";10.250000;45.550000;"AS3269 Telecom Italia S.p.a.";"mlab2-mil01";0.038221;202706.118374;"0.004012999";"win32";"213.200.99.224";"bittorrent";1340011566;74564.774816;-1.000000;"ec2e71be-f555-4dee-b674-bc8e80a61d77";3269;"09";"Brescia";11;6;2012;0;18;"20120618"
"188.216.124.199";"IT";7.666700;45.050000;"AS30722 Vodafone Omnitel N.V.";"mlab2-mil01";0.041281;789752.199974;"0.004012999";"darwin";"213.200.99.224";"speedtest";1340011598;65768.658112;0.047153;"821aa4b7-0495-4899-9210-11d94170a73b";30722;"12";"Torino";11;6;2012;0;18;"20120618"
"81.174.47.101";"IT";12.833300;42.833300;"AS35612 NGI Spa";"mlab2-mil01";0.012811;690577.524329;"0.004012999";"darwin";"213.200.99.224";"speedtest";1340011800;112969.807923;0.015438;"59a9e8e1-3618-48e2-adea-6559f48400b8";35612;"";"";11;6;2012;0;18;"20120618"
"79.20.70.163";"IT";8.066600;45.572300;"AS3269 Telecom Italia S.p.a.";"mlab2-mil01";0.039843;809893.250495;"0.004012999";"darwin";"213.200.99.224";"speedtest";1340012200;41546.503767;0.044925;"432d3481-f83e-450d-b373-e60ae5f17efe";3269;"12";"Biella";11;6;2012;0;18;"20120618"
"93.62.242.110";"IT";12.029400;45.421400;"AS12874 Fastweb SpA";"mlab2-mil01";0.031159;396930.296631;"0.004012999";"darwin";"213.200.99.224";"bittorrent";1340012450;420127.903310;-1.000000;"9905faad-2379-4ce5-bea7-d26dfd5ef167";12874;"20";"Fiesso D'artico";11;6;2012;0;18;"20120618"
"79.30.49.39";"IT";8.950000;44.416700;"AS3269 Telecom Italia S.p.a.";"mlab2-mil01";0.255617;64309.491019;"0.004012999";"win32";"213.200.99.224";"bittorrent";1340012487;33463.190435;-1.000000;"14b0478f-78ea-46ec-8409-548af450a827";3269;"08";"Genova";11;6;2012;0;18;"20120618"
"93.63.140.2";"IT";12.435800;44.070800;"AS12874 Fastweb SpA";"mlab2-mil01";0.043612;248086.321100;"0.004012999";"win32";"213.200.99.224";"bittorrent";1340012495;151742.201319;-1.000000;"8050c4c2-de4c-4f89-ab47-528f246a0f23";12874;"05";"Santarcangelo";11;6;2012;0;18;"20120618"
"188.217.129.219";"IT";14.333300;40.916700;"AS30722 Vodafone Omnitel N.V.";"mlab2-mil01";0.125616;4391.156455;"0.004012999";"win32";"213.200.99.224";"bittorrent";1340012983;26048.542829;-1.000000;"bb6c2e6b-7f94-482d-ab7a-ba9256571bd8";30722;"04";"Casalnuovo Di Napoli";11;6;2012;0;18;"20120618"
"188.216.124.199";"IT";7.666700;45.050000;"AS30722 Vodafone Omnitel N.V.";"mlab2-mil01";0.102317;844538.842393;"0.004012999";"darwin";"213.200.99.224";"bittorrent";1340013009;65200.455153;-1.000000;"821aa4b7-0495-4899-9210-11d94170a73b";30722;"12";"Torino";11;6;2012;0;18;"20120618"
"79.9.218.223";"IT";12.483300;41.900000;"AS3269 Telecom Italia S.p.a.";"mlab2-mil01";0.036866;797928.564679;"0.004012999";"darwin";"213.200.99.224";"bittorrent";1340013033;93622.515071;-1.000000;"4372ef01-dfbb-4175-8485-4bcfde678997";3269;"07";"Rome";11;6;2012;0;18;"20120618"
"88.87.119.170";"IT";7.666700;45.050000;"AS34606 BBBell s.r.l. - Telecommunication Services";"mlab2-mil01";0.034075;58928.803883;"0.004012999";"win32";"213.200.99.224";"bittorrent";1340013185;15025.978943;-1.000000;"241c3a7e-ba9b-4a0d-9bea-1c379895fdaa";34606;"12";"Torino";11;6;2012;0;18;"20120618"
"93.36.6.176";"IT";9.150000;45.650000;"AS12874 Fastweb SpA";"mlab2-mil01";0.049954;881374.446502;"0.004011999";"win32";"213.200.99.224";"bittorrent";1340013455;38160.844353;-1.000000;"9a8fa0ab-ee51-4da8-b32c-4f50bc470f20";12874;"09";"Seveso";11;6;2012;0;18;"20120618"
"93.62.73.167";"IT";7.666700;45.050000;"AS12874 Fastweb SpA";"mlab2-mil01";0.048505;1922332.414430;"0.004012999";"win32";"213.200.99.224";"speedtest";1340013463;61142.145388;0.053851;"ba264b82-0dde-485e-bdfd-b866b37d1bf8";12874;"12";"Torino";11;6;2012;0;18;"20120618"
"87.18.255.91";"IT";17.229700;40.476100;"AS3269 Telecom Italia S.p.a.";"mlab2-mil01";0.064755;726522.552625;"0.004009999";"win32";"213.200.99.224";"bittorrent";1340013469;49619.384550;-1.000000;"7989d7c5-459e-4910-93c2-ffd113604f5d";3269;"13";"Taranto";11;6;2012;0;18;"20120618"
"31.196.6.210";"IT";12.833300;42.833300;"AS3269 Telecom Italia S.p.a.";"mlab2-mil01";0.017004;160995.986361;"0.004012999";"win32";"213.200.99.224";"bittorrent";1340013544;184319.991282;-1.000000;"8f96be96-0318-4e62-a639-7816bf69ae7b";3269;"";"";11;6;2012;0;18;"20120618"
"109.234.63.11";"IT";12.833300;42.833300;"AS43989 Ehinet Srl";"mlab2-mil01";0.038500;362504.714901;"0.004009999";"win32";"213.200.99.224";"speedtest";1340013712;35436.112564;0.035934;"5d6312ec-b414-42e6-8e89-702c7b4fd5e8";43989;"";"";12;6;2012;0;18;"20120618"
"79.20.70.163";"IT";8.066600;45.572300;"AS3269 Telecom Italia S.p.a.";"mlab2-mil01";0.039639;846343.911710;"0.004012999";"darwin";"213.200.99.224";"bittorrent";1340013761;41330.889038;-1.000000;"432d3481-f83e-450d-b373-e60ae5f17efe";3269;"12";"Biella";12;6;2012;0;18;"20120618"
"62.98.65.177";"IT";14.250000;40.833300;"AS1267 WIND Telecomunicazioni S.p.A.";"mlab2-mil01";0.029689;707964.989060;"0.004012999";"win32";"213.200.99.224";"bittorrent";1340013833;40901.102612;-1.000000;"2d006d8d-7c04-46bb-b056-798468ee365e";1267;"04";"Napoli";12;6;2012;0;18;"20120618"
"95.237.222.196";"IT";7.666700;45.050000;"AS3269 Telecom Italia S.p.a.";"mlab2-mil01";0.045428;398659.421296;"0.004012999";"win32";"213.200.99.224";"bittorrent";1340013999;42737.554241;-1.000000;"47bce1bd-51cc-4815-b6db-71ab66220dd6";3269;"12";"Torino";12;6;2012;0;18;"20120618"
"188.10.100.91";"IT";9.116700;45.683300;"AS3269 Telecom Italia S.p.a.";"mlab2-mil01";0.040694;847049.988887;"0.004012999";"win32";"213.200.99.224";"bittorrent";1340014350;50192.362491;-1.000000;"a0bc9ac6-3c40-4f42-be91-07152ae8b8fb";3269;"09";"Lentate Sul Seveso";12;6;2012;0;18;"20120618"
"134.255.171.36";"IT";12.833300;42.833300;"AS198292 Wave-Max S.r.L.";"mlab2-mil01";0.088931;216385.284443;"0.004012999";"win32";"213.200.99.224";"bittorrent";1340014390;21232.056113;-1.000000;"708a55f0-3758-4099-a346-23683a39926d";198292;"";"";12;6;2012;0;18;"20120618"
"87.4.83.224";"IT";16.483300;41.116700;"AS3269 Telecom Italia S.p.a.";"mlab2-mil01";0.047808;840333.499933;"0.004012999";"darwin";"213.200.99.224";"bittorrent";1340014551;43566.558723;-1.000000;"8c3b14ba-e923-48bd-8f2e-da456a7f071f";3269;"13";"Ruvo Di Puglia";12;6;2012;0;18;"20120618"
"79.9.218.223";"IT";12.483300;41.900000;"AS3269 Telecom Italia S.p.a.";"mlab2-mil01";0.034262;783345.880270;"0.004012999";"darwin";"213.200.99.224";"speedtest";1340014562;93122.384714;0.037232;"4372ef01-dfbb-4175-8485-4bcfde678997";3269;"07";"Rome";12;6;2012;0;18;"20120618"
"85.18.28.68";"IT";12.833300;42.833300;"AS12874 Fastweb SpA";"mlab2-mil01";0.037598;125585.002465;"0.004009999";"win32";"213.200.99.224";"speedtest";1340014955;153280.401726;0.035222;"209e0493-6ac3-47f4-8a7e-513e3ce88ea8";12874;"";"";12;6;2012;0;18;"20120618"
"188.216.183.24";"IT";12.833300;42.833300;"AS30722 Vodafone Omnitel N.V.";"mlab2-mil01";0.060709;855771.090464;"0.004012999";"darwin";"213.200.99.224";"bittorrent";1340014891;64431.951485;-1.000000;"eb287f52-d429-4a32-aa75-ba1fd1cf87d2";30722;"";"";12;6;2012;0;18;"20120618"
"85.18.117.112";"IT";7.883300;45.183300;"AS12874 Fastweb SpA";"mlab2-mil01";0.044845;736068.674622;"0.004012999";"darwin";"213.200.99.224";"bittorrent";1340014949;295373.797411;-1.000000;"e28f6cdb-f2d1-41fe-bb40-53e7a0b0e31d";12874;"12";"Chivasso";12;6;2012;0;18;"20120618"
"81.174.47.101";"IT";12.833300;42.833300;"AS35612 NGI Spa";"mlab2-mil01";0.012021;249908.084026;"0.004012999";"darwin";"213.200.99.224";"speedtest";1340015020;112747.847460;0.015504;"59a9e8e1-3618-48e2-adea-6559f48400b8";35612;"";"";12;6;2012;0;18;"20120618"
"85.18.46.24";"IT";9.200000;45.466700;"AS12874 Fastweb SpA";"mlab2-mil01";0.021494;10171440.131423;"0.004012999";"linux2";"213.200.99.224";"bittorrent";1340015066;6661191.620264;-1.000000;"6c471e39-d901-41fa-9266-23795dce3dc5";12874;"09";"Milan";12;6;2012;0;18;"20120618"
"109.234.63.11";"IT";12.833300;42.833300;"AS43989 Ehinet Srl";"mlab2-mil01";0.024983;439729.450628;"0.004009999";"win32";"213.200.99.224";"bittorrent";1340015141;31268.642895;-1.000000;"5d6312ec-b414-42e6-8e89-702c7b4fd5e8";43989;"";"";12;6;2012;0;18;"20120618"
"2.230.35.188";"IT";9.316700;45.350000;"AS12874 Fastweb SpA";"mlab2-mil01";0.030498;637647.109849;"0.004012999";"darwin";"213.200.99.224";"speedtest";1340015644;108328.276545;0.031283;"681448f5-2440-4cd6-afef-f44ecf59facf";12874;"09";"Melegnano";12;6;2012;0;18;"20120618"
"149.132.117.110";"IT";9.200000;45.466700;"AS137 GARR Italian academic and research network";"mlab2-mil01";0.065503;5224425.330120;"0.004012999";"darwin";"213.200.99.224";"speedtest";1340015968;7732838.277660;0.062308;"c9d3d685-6087-4faf-a87c-eb1dfaa2b53c";137;"18";"Milan";12;6;2012;0;18;"20120618"
"87.4.83.224";"IT";16.483300;41.116700;"AS3269 Telecom Italia S.p.a.";"mlab2-mil01";0.061141;337571.000849;"0.004012999";"darwin";"213.200.99.224";"speedtest";1340015981;37248.640407;0.093622;"8c3b14ba-e923-48bd-8f2e-da456a7f071f";3269;"13";"Ruvo Di Puglia";12;6;2012;0;18;"20120618"
"88.87.119.170";"IT";7.666700;45.050000;"AS34606 BBBell s.r.l. - Telecommunication Services";"mlab2-mil01";0.037712;52740.728556;"0.004012999";"win32";"213.200.99.224";"bittorrent";1340016378;15408.889621;-1.000000;"241c3a7e-ba9b-4a0d-9bea-1c379895fdaa";34606;"12";"Torino";12;6;2012;0;18;"20120618"
"87.2.107.159";"IT";11.083300;46.216700;"AS3269 Telecom Italia S.p.a.";"mlab2-mil01";0.032595;1347349.833910;"0.004012999";"darwin";"213.200.99.224";"speedtest";1340016446;99736.676070;0.036205;"8cfc4b59-c9c4-47a5-90ef-869237dc6ca3";3269;"17";"Mezzolombardo";12;6;2012;0;18;"20120618"
"87.8.229.178";"IT";7.666700;45.050000;"AS3269 Telecom Italia S.p.a.";"mlab2-mil01";0.045486;556712.715150;"0.004012999";"win32";"213.200.99.224";"speedtest";1340016457;50127.271324;0.046669;"d6bbc582-d8eb-4ead-ba2c-3fffeda97549";3269;"12";"Torino";12;6;2012;0;18;"20120618"
"188.218.203.155";"IT";18.166700;40.300000;"AS30722 Vodafone Omnitel N.V.";"mlab2-mil01";0.071172;254026.877318;"0.004009999";"win32";"213.200.99.224";"speedtest";1340016959;55115.143256;0.076944;"1a885600-ab28-499c-8adf-fb4b2b758c63";30722;"13";"San Cesario";12;6;2012;0;18;"20120618"
"2.225.231.97";"IT";7.666700;45.050000;"AS12874 Fastweb SpA";"mlab2-mil01";0.062049;902857.225605;"0.004012999";"win32";"213.200.99.224";"bittorrent";1340016513;1126708.301999;-1.000000;"252a836b-55fe-43a0-93e7-d33c5d47fae3";12874;"12";"Torino";12;6;2012;0;18;"20120618"
"87.8.228.126";"IT";12.833300;42.833300;"AS3269 Telecom Italia S.p.a.";"mlab2-mil01";0.123521;86066.578312;"0.004012999";"darwin";"213.200.99.224";"speedtest";1340016600;25864.235982;0.092145;"6b759052-c812-4f14-90ce-16e61560a573";3269;"";"";12;6;2012;0;18;"20120618"
"81.174.47.101";"IT";12.833300;42.833300;"AS35612 NGI Spa";"mlab2-mil01";0.013073;505687.444612;"0.004012999";"darwin";"213.200.99.224";"bittorrent";1340016632;112908.535185;-1.000000;"59a9e8e1-3618-48e2-adea-6559f48400b8";35612;"";"";12;6;2012;0;18;"20120618"
"62.98.65.177";"IT";14.250000;40.833300;"AS1267 WIND Telecomunicazioni S.p.A.";"mlab2-mil01";0.038679;757696.682967;"0.004012999";"win32";"213.200.99.224";"bittorrent";1340016717;41220.319540;-1.000000;"2d006d8d-7c04-46bb-b056-798468ee365e";1267;"04";"Napoli";12;6;2012;0;18;"20120618"
"130.192.91.213";"IT";7.666700;45.050000;"AS137 GARR Italian academic and research network";"mlab2-mil01";0.013498;10622442.827600;"0.004012999";"linux2";"213.200.99.224";"speedtest";1340017158;1186464.048650;0.014980;"cd78793c-1e3b-4944-b4b2-9768fc1cdb97";137;"12";"Torino";12;6;2012;0;18;"20120618"
"82.56.82.149";"IT";9.416700;45.700000;"AS3269 Telecom Italia S.p.a.";"mlab2-mil01";0.037023;743470.051468;"0.004012999";"win32";"213.200.99.224";"speedtest";1340017223;49782.940344;0.047550;"991257a9-87dd-455d-863e-b266080097e3";3269;"09";"Merate";13;6;2012;0;18;"20120618"
"87.4.83.224";"IT";16.483300;41.116700;"AS3269 Telecom Italia S.p.a.";"mlab2-mil01";0.061724;589764.524299;"0.004012999";"darwin";"213.200.99.224";"bittorrent";1340017410;43546.514669;-1.000000;"8c3b14ba-e923-48bd-8f2e-da456a7f071f";3269;"13";"Ruvo Di Puglia";13;6;2012;0;18;"20120618"
"2.225.128.51";"IT";7.666700;45.050000;"AS12874 Fastweb SpA";"mlab2-mil01";0.047171;415001.388602;"0.004012999";"darwin";"213.200.99.224";"speedtest";1340017535;53512.907933;0.049341;"28ba3b2e-cd9a-4c00-8b29-33e0cfe5c596";12874;"12";"Torino";13;6;2012;0;18;"20120618"
"130.192.91.211";"IT";7.666700;45.050000;"AS137 GARR Italian academic and research network";"mlab2-mil01";0.014914;11111586.647523;"0.004012999";"linux2";"213.200.99.224";"bittorrent";1340017907;11706266.952837;-1.000000;"91708cf1-7028-4b58-9520-faea0010494c";137;"12";"Torino";13;6;2012;0;18;"20120618"
"87.8.229.178";"IT";7.666700;45.050000;"AS3269 Telecom Italia S.p.a.";"mlab2-mil01";0.054702;576900.877618;"0.004012999";"win32";"213.200.99.224";"bittorrent";1340017988;49510.181519;-1.000000;"d6bbc582-d8eb-4ead-ba2c-3fffeda97549";3269;"12";"Torino";13;6;2012;0;18;"20120618"
"2.227.55.184";"IT";12.500000;41.666700;"AS12874 Fastweb SpA";"mlab2-mil01";0.036098;836574.786651;"0.004012999";"linux2";"213.200.99.224";"speedtest";1340018008;107983.719411;0.039324;"202944e6-094c-4bb9-86da-7234fa3c010e";12874;"07";"Pomezia";13;6;2012;0;18;"20120618"
"79.13.203.101";"IT";10.100000;44.083300;"AS3269 Telecom Italia S.p.a.";"mlab2-mil01";0.031363;659558.497472;"0.004009999";"win32";"213.200.99.224";"bittorrent";1340018040;50232.448666;-1.000000;"ae73866b-a211-42d8-b6f2-d31777806a2e";3269;"16";"Carrara";13;6;2012;0;18;"20120618"
"79.0.19.229";"IT";12.483300;41.900000;"AS3269 Telecom Italia S.p.a.";"mlab2-mil01";0.031838;1297839.344730;"0.004012999";"darwin";"213.200.99.224";"speedtest";1340018252;103235.352031;0.035308;"69fb5e33-52f0-4549-a67d-9deb0c9b5493";3269;"07";"Rome";13;6;2012;0;18;"20120618"
"93.33.101.175";"IT";9.200000;45.466700;"AS12874 Fastweb SpA";"mlab2-mil01";0.028438;1066290.722930;"0.004012999";"darwin";"213.200.99.224";"speedtest";1340018482;1142699.200770;0.028381;"29750ad8-f56c-4e95-a4f3-b9badf7da7af";12874;"09";"Milan";13;6;2012;0;18;"20120618"
"31.185.19.156";"IT";12.566700;43.050000;"AS47187 Forinicom S.r.l.";"mlab2-mil01";0.024612;47527.678737;"0.004012999";"win32";"213.200.99.224";"bittorrent";1340018483;48099.819752;-1.000000;"2a30a2a8-273c-4b16-9671-803dc3d96492";47187;"18";"Santa Maria Degli Angeli";13;6;2012;0;18;"20120618"
"151.49.229.123";"IT";13.780000;45.648600;"AS1267 WIND Telecomunicazioni S.p.A.";"mlab2-mil01";0.022469;829037.587136;"0.004011999";"linux2";"213.200.99.224";"bittorrent";1340018573;53469.837733;-1.000000;"db4c1f00-a6b9-40ad-b36d-a2fad669a491";1267;"06";"Trieste";13;6;2012;0;18;"20120618"
"94.33.1.179";"IT";9.216700;45.550000;"AS8612 Tiscali Italia S.P.A.";"mlab2-mil01";0.024740;1043285.643690;"0.004012999";"linux2";"213.200.99.224";"speedtest";1340018626;100945.283084;0.028757;"c8e22a26-c7da-46ee-8473-787638c3fd84";8612;"09";"Cinisello Balsamo";13;6;2012;0;18;"20120618"
"79.30.49.39";"IT";8.950000;44.416700;"AS3269 Telecom Italia S.p.a.";"mlab2-mil01";0.065612;61980.183120;"0.004012999";"win32";"213.200.99.224";"bittorrent";1340018663;33427.355544;-1.000000;"14b0478f-78ea-46ec-8409-548af450a827";3269;"08";"Genova";13;6;2012;0;18;"20120618"
"83.211.172.129";"IT";13.566700;42.583300;"AS15589 Clouditalia Communications S.p.A.";"mlab2-mil01";0.034189;467487.578323;"0.004012999";"win32";"213.200.99.224";"speedtest";1340019226;31294.977703;0.037138;"b6e23738-aa63-4482-8754-26d879467631";15589;"01";"Altavilla";13;6;2012;0;18;"20120618"
"188.218.203.155";"IT";18.166700;40.300000;"AS30722 Vodafone Omnitel N.V.";"mlab2-mil01";0.071733;187136.482676;"0.004009999";"win32";"213.200.99.224";"speedtest";1340019833;53547.070500;0.078040;"1a885600-ab28-499c-8adf-fb4b2b758c63";30722;"13";"San Cesario";13;6;2012;0;18;"20120618"
"79.20.70.163";"IT";8.066600;45.572300;"AS3269 Telecom Italia S.p.a.";"mlab2-mil01";0.039635;836604.981361;"0.004012999";"darwin";"213.200.99.224";"bittorrent";1340019373;41264.412256;-1.000000;"e838c543-3d44-45bd-9a51-ed5e3c0d7d06";3269;"12";"Biella";13;6;2012;0;18;"20120618"
"2.227.117.130";"IT";12.833300;42.833300;"AS12874 Fastweb SpA";"mlab2-mil01";0.063036;624160.410931;"0.004012999";"win32";"213.200.99.224";"bittorrent";1340019416;61427.546120;-1.000000;"5153657e-8b21-4e60-a99c-70ba473d51de";12874;"";"";13;6;2012;0;18;"20120618"
"109.234.63.11";"IT";12.833300;42.833300;"AS43989 Ehinet Srl";"mlab2-mil01";0.032710;287817.896841;"0.004009999";"win32";"213.200.99.224";"speedtest";1340019450;45961.936162;0.038585;"5d6312ec-b414-42e6-8e89-702c7b4fd5e8";43989;"";"";13;6;2012;0;18;"20120618"
"94.36.33.130";"IT";8.950000;44.416700;"AS8612 Tiscali Italia S.P.A.";"mlab2-mil01";0.025863;839226.909661;"0.004012999";"darwin";"213.200.99.224";"speedtest";1340019475;27486.242731;0.030429;"894fe1ee-9250-416a-98be-74dd024aea06";8612;"08";"Genova";13;6;2012;0;18;"20120618"
"79.41.80.159";"IT";12.833300;42.833300;"AS3269 Telecom Italia S.p.a.";"mlab2-mil01";0.039931;651801.051838;"0.004012999";"win32";"213.200.99.224";"speedtest";1340019740;50510.995428;0.047282;"82d91f18-b22f-4114-9d5f-c95a1ed7ad87";3269;"";"";13;6;2012;0;18;"20120618"
"217.133.46.117";"IT";11.316700;43.583300;"AS8612 Tiscali Italia S.P.A.";"mlab2-mil01";0.027656;1624699.923650;"0.004012999";"win32";"213.200.99.224";"speedtest";1340019847;107763.774587;0.030533;"2765e625-af97-4607-9fbe-b7195291ba59";8612;"16";"Greve";13;6;2012;0;18;"20120618"
"2.230.212.185";"IT";7.666700;45.050000;"AS12874 Fastweb SpA";"mlab2-mil01";0.050625;361873.550769;"0.004012999";"win32";"213.200.99.224";"bittorrent";1340019894;818671.159558;-1.000000;"93a97de3-c431-4df5-a005-ea55834352bd";12874;"12";"Torino";13;6;2012;0;18;"20120618"
"95.237.222.196";"IT";7.666700;45.050000;"AS3269 Telecom Italia S.p.a.";"mlab2-mil01";0.046468;80516.307346;"0.004012999";"win32";"213.200.99.224";"bittorrent";1340020000;48432.445409;-1.000000;"47bce1bd-51cc-4815-b6db-71ab66220dd6";3269;"12";"Torino";13;6;2012;0;18;"20120618"
"130.192.91.211";"IT";7.666700;45.050000;"AS137 GARR Italian academic and research network";"mlab2-mil01";0.014102;11638341.272670;"0.004012999";"win32";"213.200.99.224";"bittorrent";1340020083;969241.827146;-1.000000;"cadc2d8d-b4b9-491c-be07-81ba3b638dc9";137;"12";"Torino";13;6;2012;0;18;"20120618"
"37.116.41.81";"IT";8.866700;44.900000;"AS30722 Vodafone Omnitel N.V.";"mlab2-mil01";0.035771;259326.549712;"0.004012999";"win32";"213.200.99.224";"bittorrent";1340020250;62329.217491;-1.000000;"19176454-a721-4c97-8342-b9cf8e375390";30722;"12";"Tortona";13;6;2012;0;18;"20120618"
"85.18.29.42";"IT";9.200000;45.466700;"AS12874 Fastweb SpA";"mlab2-mil01";0.023236;978547.469865;"0.004012999";"darwin";"213.200.99.224";"speedtest";1340020303;1142287.207940;0.023946;"2c46fdf6-7306-4016-9a75-e529fa590549";12874;"09";"Milan";13;6;2012;0;18;"20120618"
"79.9.218.223";"IT";12.483300;41.900000;"AS3269 Telecom Italia S.p.a.";"mlab2-mil01";0.036683;212234.021555;"0.004012999";"darwin";"213.200.99.224";"speedtest";1340020700;92449.453273;0.038077;"4372ef01-dfbb-4175-8485-4bcfde678997";3269;"07";"Rome";13;6;2012;0;18;"20120618"
"195.110.137.171";"IT";12.483300;41.900000;"AS5396 MC-link Spa";"mlab2-mil01";0.033075;665204.173105;"0.004012999";"darwin";"213.200.99.224";"speedtest";1340020705;25694.723079;0.040091;"2d27e34d-ed0a-4c70-8dc2-070f5a0499a1";5396;"07";"Rome";13;6;2012;0;18;"20120618"
"87.253.117.30";"IT";7.666700;45.050000;"AS35719 People & Communication S.R.L.";"mlab2-mil01";0.101630;272721.409820;"0.004012999";"darwin";"213.200.99.224";"speedtest";1340020757;52605.895224;0.111341;"60d5ec38-9b55-4e7a-b420-28c886960236";35719;"12";"Torino";13;6;2012;0;18;"20120618"
"95.250.43.165";"IT";12.833300;42.833300;"AS3269 Telecom Italia S.p.a.";"mlab2-mil01";0.058104;88160.250895;"0.004012999";"win32";"213.200.99.224";"speedtest";1340020801;49934.957484;0.066007;"f201d94b-ffc9-44aa-ac62-215bbc3baddd";3269;"";"";14;6;2012;0;18;"20120618"
"83.211.172.129";"IT";13.566700;42.583300;"AS15589 Clouditalia Communications S.p.A.";"mlab2-mil01";0.033964;511058.656558;"0.004012999";"win32";"213.200.99.224";"bittorrent";1340020827;31456.800624;-1.000000;"b6e23738-aa63-4482-8754-26d879467631";15589;"01";"Altavilla";14;6;2012;0;18;"20120618"
"31.196.6.210";"IT";12.833300;42.833300;"AS3269 Telecom Italia S.p.a.";"mlab2-mil01";0.017917;173007.257237;"0.004012999";"win32";"213.200.99.224";"speedtest";1340020979;209050.385347;0.014773;"8f96be96-0318-4e62-a639-7816bf69ae7b";3269;"";"";14;6;2012;0;18;"20120618"
"87.2.107.159";"IT";11.083300;46.216700;"AS3269 Telecom Italia S.p.a.";"mlab2-mil01";0.035555;126240.406026;"0.004012999";"darwin";"213.200.99.224";"bittorrent";1340021135;97724.937272;-1.000000;"8cfc4b59-c9c4-47a5-90ef-869237dc6ca3";3269;"17";"Mezzolombardo";14;6;2012;0;18;"20120618"
"79.13.203.101";"IT";10.100000;44.083300;"AS3269 Telecom Italia S.p.a.";"mlab2-mil01";0.029612;762842.391746;"0.004009999";"win32";"213.200.99.224";"bittorrent";1340021261;50181.409416;-1.000000;"ae73866b-a211-42d8-b6f2-d31777806a2e";3269;"16";"Carrara";14;6;2012;0;18;"20120618"
"80.117.83.96";"IT";12.833300;42.833300;"AS3269 Telecom Italia S.p.a.";"mlab2-mil01";0.028197;113208.658273;"0.004012999";"win32";"213.200.99.224";"speedtest";1340021269;33327.388938;0.055539;"25353fbe-ce56-4192-a803-65a63443c70a";3269;"";"";14;6;2012;0;18;"20120618"
"80.180.128.61";"IT";9.666700;45.016700;"AS3269 Telecom Italia S.p.a.";"mlab2-mil01";0.026442;1660673.330620;"0.004012999";"win32";"213.200.99.224";"speedtest";1340021522;96036.460288;0.028473;"a6b33ac3-0345-4892-98b5-ad125988a24b";3269;"05";"Piacenza";14;6;2012;0;18;"20120618"
"151.65.28.229";"IT";9.016700;44.983300;"AS1267 WIND Telecomunicazioni S.p.A.";"mlab2-mil01";0.023388;634441.593709;"0.004012999";"win32";"213.200.99.224";"speedtest";1340021584;68945.674988;0.030842;"a5016d11-f6c1-4d6d-a30f-48088faa5e70";1267;"09";"Voghera";14;6;2012;0;18;"20120618"
"2.230.35.188";"IT";9.316700;45.350000;"AS12874 Fastweb SpA";"mlab2-mil01";0.028320;626293.260671;"0.004012999";"darwin";"213.200.99.224";"speedtest";1340021754;101116.905213;0.030540;"681448f5-2440-4cd6-afef-f44ecf59facf";12874;"09";"Melegnano";14;6;2012;0;18;"20120618"
"188.218.203.155";"IT";18.166700;40.300000;"AS30722 Vodafone Omnitel N.V.";"mlab2-mil01";0.074770;210533.319610;"0.004009999";"win32";"213.200.99.224";"speedtest";1340022708;53306.082634;0.078939;"1a885600-ab28-499c-8adf-fb4b2b758c63";30722;"13";"San Cesario";14;6;2012;0;18;"20120618"
"2.225.128.51";"IT";7.666700;45.050000;"AS12874 Fastweb SpA";"mlab2-mil01";0.045536;435217.405549;"0.004012999";"darwin";"213.200.99.224";"bittorrent";1340022371;52418.853529;-1.000000;"28ba3b2e-cd9a-4c00-8b29-33e0cfe5c596";12874;"12";"Torino";14;6;2012;0;18;"20120618"
"83.211.172.129";"IT";13.566700;42.583300;"AS15589 Clouditalia Communications S.p.A.";"mlab2-mil01";0.033769;494849.883783;"0.004012999";"win32";"213.200.99.224";"speedtest";1340022417;31110.719691;0.036898;"b6e23738-aa63-4482-8754-26d879467631";15589;"01";"Altavilla";14;6;2012;0;18;"20120618"
"80.117.83.96";"IT";12.833300;42.833300;"AS3269 Telecom Italia S.p.a.";"mlab2-mil01";0.026180;710908.489869;"0.004012999";"win32";"213.200.99.224";"bittorrent";1340022679;34088.408611;-1.000000;"25353fbe-ce56-4192-a803-65a63443c70a";3269;"";"";14;6;2012;0;18;"20120618"
"79.4.10.186";"IT";12.833300;42.833300;"AS3269 Telecom Italia S.p.a.";"mlab2-mil01";0.072888;331025.475646;"0.004005999";"win32";"213.200.99.224";"speedtest";1340022802;39840.249478;0.082270;"54ca976f-8551-47fc-bce1-b06f00a12720";3269;"";"";14;6;2012;0;18;"20120618"
"2.230.212.185";"IT";7.666700;45.050000;"AS12874 Fastweb SpA";"mlab2-mil01";0.026595;561221.489013;"0.004012999";"win32";"213.200.99.224";"bittorrent";1340022841;890814.067913;-1.000000;"93a97de3-c431-4df5-a005-ea55834352bd";12874;"12";"Torino";14;6;2012;0;18;"20120618"
"188.216.124.199";"IT";7.666700;45.050000;"AS30722 Vodafone Omnitel N.V.";"mlab2-mil01";0.068704;802300.817935;"0.004012999";"darwin";"213.200.99.224";"speedtest";1340022875;65604.428957;0.047136;"821aa4b7-0495-4899-9210-11d94170a73b";30722;"12";"Torino";14;6;2012;0;18;"20120618"
"93.33.101.175";"IT";9.200000;45.466700;"AS12874 Fastweb SpA";"mlab2-mil01";0.028641;1029866.747580;"0.004012999";"darwin";"213.200.99.224";"bittorrent";1340022884;48908.949063;-1.000000;"29750ad8-f56c-4e95-a4f3-b9badf7da7af";12874;"09";"Milan";14;6;2012;0;18;"20120618"
"188.217.129.219";"IT";14.333300;40.916700;"AS30722 Vodafone Omnitel N.V.";"mlab2-mil01";0.061541;167940.050066;"0.004012999";"win32";"213.200.99.224";"speedtest";1340022879;34149.813883;0.119945;"bb6c2e6b-7f94-482d-ab7a-ba9256571bd8";30722;"04";"Casalnuovo Di Napoli";14;6;2012;0;18;"20120618"
"95.237.222.196";"IT";7.666700;45.050000;"AS3269 Telecom Italia S.p.a.";"mlab2-mil01";0.046240;317415.331117;"0.004012999";"win32";"213.200.99.224";"bittorrent";1340022998;48561.878997;-1.000000;"47bce1bd-51cc-4815-b6db-71ab66220dd6";3269;"12";"Torino";14;6;2012;0;18;"20120618"
"88.47.41.57";"IT";12.833300;42.833300;"AS3269 Telecom Italia S.p.a.";"mlab2-mil01";0.373085;465564.734588;"0.004012999";"win32";"213.200.99.224";"bittorrent";1340023234;29119.949873;-1.000000;"ec2e71be-f555-4dee-b674-bc8e80a61d77";3269;"";"";14;6;2012;0;18;"20120618"
"2.225.231.97";"IT";7.666700;45.050000;"AS12874 Fastweb SpA";"mlab2-mil01";0.032266;715347.431806;"0.004012999";"win32";"213.200.99.224";"speedtest";1340023595;970857.079951;0.035950;"252a836b-55fe-43a0-93e7-d33c5d47fae3";12874;"12";"Torino";14;6;2012;0;18;"20120618"
"82.50.179.233";"IT";12.326700;45.438600;"AS3269 Telecom Italia S.p.a.";"mlab2-mil01";0.042382;152188.603155;"0.004012999";"darwin";"213.200.99.224";"bittorrent";1340023755;46486.302839;-1.000000;"d2acd4a2-202f-465b-8502-2d0b1d7a5fd0";3269;"20";"Venezia";14;6;2012;0;18;"20120618"
"151.60.120.179";"IT";7.316700;44.633300;"AS1267 WIND Telecomunicazioni S.p.A.";"mlab2-mil01";0.024313;435186.406452;"0.004012999";"linux2";"213.200.99.224";"speedtest";1340023761;61478.203679;0.029875;"ce15cdd9-fbc9-4be9-8f83-94df036818bb";1267;"12";"Sanfront";14;6;2012;0;18;"20120618"
"94.36.33.130";"IT";8.950000;44.416700;"AS8612 Tiscali Italia S.P.A.";"mlab2-mil01";0.026025;862959.286558;"0.004012999";"darwin";"213.200.99.224";"bittorrent";1340023817;52389.622516;-1.000000;"894fe1ee-9250-416a-98be-74dd024aea06";8612;"08";"Genova";14;6;2012;0;18;"20120618"
"88.47.41.57";"IT";12.833300;42.833300;"AS3269 Telecom Italia S.p.a.";"mlab2-mil01";0.045171;62503.163063;"0.004012999";"win32";"213.200.99.224";"speedtest";1340024701;30450.529683;0.058620;"ec2e71be-f555-4dee-b674-bc8e80a61d77";3269;"";"";15;6;2012;0;18;"20120618"
"79.20.70.163";"IT";8.066600;45.572300;"AS3269 Telecom Italia S.p.a.";"mlab2-mil01";0.041849;108291.097184;"0.004012999";"darwin";"213.200.99.224";"speedtest";1340024723;41360.285124;0.046786;"432d3481-f83e-450d-b373-e60ae5f17efe";3269;"12";"Biella";15;6;2012;0;18;"20120618"
"85.18.28.68";"IT";12.833300;42.833300;"AS12874 Fastweb SpA";"mlab2-mil01";0.040907;127309.988238;"0.004009999";"win32";"213.200.99.224";"bittorrent";1340024776;141127.695743;-1.000000;"209e0493-6ac3-47f4-8a7e-513e3ce88ea8";12874;"";"";15;6;2012;0;18;"20120618"
"93.38.84.118";"IT";7.666700;45.050000;"AS12874 Fastweb SpA";"mlab2-mil01";0.030495;628256.432336;"0.004012999";"darwin";"213.200.99.224";"speedtest";1340024956;88878.399081;0.038265;"9862a835-84ea-47e3-9817-0036cae1dff1";12874;"12";"Torino";15;6;2012;0;18;"20120618"
"93.62.73.167";"IT";7.666700;45.050000;"AS12874 Fastweb SpA";"mlab2-mil01";0.049043;1693588.033070;"0.004012999";"win32";"213.200.99.224";"speedtest";1340025115;52687.449168;0.053713;"ba264b82-0dde-485e-bdfd-b866b37d1bf8";12874;"12";"Torino";15;6;2012;0;18;"20120618"
"31.196.6.210";"IT";12.833300;42.833300;"AS3269 Telecom Italia S.p.a.";"mlab2-mil01";0.016871;180155.486066;"0.004012999";"win32";"213.200.99.224";"bittorrent";1340025336;203135.804526;-1.000000;"8f96be96-0318-4e62-a639-7816bf69ae7b";3269;"";"";15;6;2012;0;18;"20120618"
"79.0.19.229";"IT";12.483300;41.900000;"AS3269 Telecom Italia S.p.a.";"mlab2-mil01";0.034835;84530.365577;"0.004012999";"darwin";"213.200.99.224";"bittorrent";1340025556;104133.454920;-1.000000;"69fb5e33-52f0-4549-a67d-9deb0c9b5493";3269;"07";"Rome";15;6;2012;0;18;"20120618"
"93.33.101.175";"IT";9.200000;45.466700;"AS12874 Fastweb SpA";"mlab2-mil01";0.028338;967727.151250;"0.004012999";"darwin";"213.200.99.224";"bittorrent";1340025765;53740.172147;-1.000000;"29750ad8-f56c-4e95-a4f3-b9badf7da7af";12874;"09";"Milan";15;6;2012;0;18;"20120618"
"85.18.116.244";"IT";8.900000;45.400000;"AS12874 Fastweb SpA";"mlab2-mil01";0.021247;8837891.758920;"0.004012999";"linux2";"213.200.99.224";"speedtest";1340025828;5323443.688850;0.022986;"c76e28cf-4020-40f2-ae3f-39482e23ced0";12874;"09";"Abbiategrasso";15;6;2012;0;18;"20120618"
"88.87.119.170";"IT";7.666700;45.050000;"AS34606 BBBell s.r.l. - Telecommunication Services";"mlab2-mil01";0.108882;53837.885045;"0.004012999";"win32";"213.200.99.224";"bittorrent";1340026043;14767.029001;-1.000000;"241c3a7e-ba9b-4a0d-9bea-1c379895fdaa";34606;"12";"Torino";15;6;2012;0;18;"20120618"
"79.13.203.101";"IT";10.100000;44.083300;"AS3269 Telecom Italia S.p.a.";"mlab2-mil01";0.031044;708628.466531;"0.004009999";"win32";"213.200.99.224";"speedtest";1340026100;46404.448529;0.037273;"ae73866b-a211-42d8-b6f2-d31777806a2e";3269;"16";"Carrara";15;6;2012;0;18;"20120618"
"94.33.1.179";"IT";9.216700;45.550000;"AS8612 Tiscali Italia S.P.A.";"mlab2-mil01";0.026339;1005922.501396;"0.004012999";"linux2";"213.200.99.224";"bittorrent";1340026120;95404.235744;-1.000000;"c8e22a26-c7da-46ee-8473-787638c3fd84";8612;"09";"Cinisello Balsamo";15;6;2012;0;18;"20120618"
"88.47.41.57";"IT";12.833300;42.833300;"AS3269 Telecom Italia S.p.a.";"mlab2-mil01";0.044217;556524.917570;"0.004012999";"win32";"213.200.99.224";"bittorrent";1340026141;21453.354174;-1.000000;"ec2e71be-f555-4dee-b674-bc8e80a61d77";3269;"";"";15;6;2012;0;18;"20120618"
"130.192.91.213";"IT";7.666700;45.050000;"AS137 GARR Italian academic and research network";"mlab2-mil01";0.013114;11239293.449700;"0.004012999";"linux2";"213.200.99.224";"speedtest";1340026146;1197013.490750;0.014896;"cd78793c-1e3b-4944-b4b2-9768fc1cdb97";137;"12";"Torino";15;6;2012;0;18;"20120618"
"151.65.28.229";"IT";9.016700;44.983300;"AS1267 WIND Telecomunicazioni S.p.A.";"mlab2-mil01";0.024100;639930.974297;"0.004012999";"win32";"213.200.99.224";"bittorrent";1340026170;97932.277584;-1.000000;"a5016d11-f6c1-4d6d-a30f-48088faa5e70";1267;"09";"Voghera";15;6;2012;0;18;"20120618"
"87.13.39.29";"IT";12.833300;42.833300;"AS3269 Telecom Italia S.p.a.";"mlab2-mil01";0.052475;247744.278739;"0.004009999";"win32";"213.200.99.224";"speedtest";1340026156;31123.931693;0.055463;"51c03cdf-92f5-46e9-bdef-c1c88bec98ce";3269;"";"";15;6;2012;0;18;"20120618"
"149.132.117.110";"IT";9.200000;45.466700;"AS137 GARR Italian academic and research network";"mlab2-mil01";0.012229;7632692.362300;"0.004012999";"darwin";"213.200.99.224";"speedtest";1340026307;7940948.401670;0.013837;"c9d3d685-6087-4faf-a87c-eb1dfaa2b53c";137;"18";"Milan";15;6;2012;0;18;"20120618"
"188.218.203.155";"IT";18.166700;40.300000;"AS30722 Vodafone Omnitel N.V.";"mlab2-mil01";0.067676;21764.885957;"0.004009999";"win32";"213.200.99.224";"bittorrent";1340026552;60849.443974;-1.000000;"1a885600-ab28-499c-8adf-fb4b2b758c63";30722;"13";"San Cesario";15;6;2012;0;18;"20120618"
"93.62.73.167";"IT";7.666700;45.050000;"AS12874 Fastweb SpA";"mlab2-mil01";0.048266;1779733.415833;"0.004012999";"win32";"213.200.99.224";"bittorrent";1340026576;73233.581172;-1.000000;"ba264b82-0dde-485e-bdfd-b866b37d1bf8";12874;"12";"Torino";15;6;2012;0;18;"20120618"
"2.36.37.80";"IT";7.666700;45.050000;"AS30722 Vodafone Omnitel N.V.";"mlab2-mil01";0.038721;865853.657052;"0.004012999";"win32";"213.200.99.224";"bittorrent";1340026822;60178.365720;-1.000000;"dd1eb1c2-416e-467c-b945-ec64ed841caa";30722;"12";"Torino";15;6;2012;0;18;"20120618"
"80.117.83.96";"IT";12.833300;42.833300;"AS3269 Telecom Italia S.p.a.";"mlab2-mil01";0.027760;213056.491635;"0.004012999";"win32";"213.200.99.224";"speedtest";1340026965;35183.654951;0.035410;"25353fbe-ce56-4192-a803-65a63443c70a";3269;"";"";15;6;2012;0;18;"20120618"
"2.227.55.184";"IT";12.500000;41.666700;"AS12874 Fastweb SpA";"mlab2-mil01";0.036526;834980.049139;"0.004012999";"linux2";"213.200.99.224";"speedtest";1340026992;106676.595244;0.039618;"202944e6-094c-4bb9-86da-7234fa3c010e";12874;"07";"Pomezia";15;6;2012;0;18;"20120618"
"134.255.175.21";"IT";13.216700;43.366700;"AS198292 Wave-Max S.r.L.";"mlab2-mil01";0.102718;128358.757030;"0.004012999";"win32";"213.200.99.224";"speedtest";1340027008;45438.699482;0.100705;"708a55f0-3758-4099-a346-23683a39926d";198292;"10";"Cingoli";15;6;2012;0;18;"20120618"
"80.117.83.96";"IT";12.833300;42.833300;"AS3269 Telecom Italia S.p.a.";"mlab2-mil01";0.037720;800874.585151;"0.004012999";"win32";"213.200.99.224";"speedtest";1340027120;38519.541148;0.034371;"25353fbe-ce56-4192-a803-65a63443c70a";3269;"";"";15;6;2012;0;18;"20120618"
"62.98.65.177";"IT";14.250000;40.833300;"AS1267 WIND Telecomunicazioni S.p.A.";"mlab2-mil01";0.026692;668688.632280;"0.004012999";"win32";"213.200.99.224";"speedtest";1340027128;40742.161740;0.034835;"2d006d8d-7c04-46bb-b056-798468ee365e";1267;"04";"Napoli";15;6;2012;0;18;"20120618"
"93.33.101.175";"IT";9.200000;45.466700;"AS12874 Fastweb SpA";"mlab2-mil01";0.029103;1079901.906510;"0.004012999";"darwin";"213.200.99.224";"speedtest";1340027205;1070538.063020;0.027656;"29750ad8-f56c-4e95-a4f3-b9badf7da7af";12874;"09";"Milan";15;6;2012;0;18;"20120618"
"85.18.116.244";"IT";8.900000;45.400000;"AS12874 Fastweb SpA";"mlab2-mil01";0.021447;10736265.824305;"0.004012999";"linux2";"213.200.99.224";"bittorrent";1340027254;6066986.322588;-1.000000;"c76e28cf-4020-40f2-ae3f-39482e23ced0";12874;"09";"Abbiategrasso";15;6;2012;0;18;"20120618"
"81.174.11.50";"IT";8.650000;45.850000;"AS35612 NGI Spa";"mlab2-mil01";0.038620;570018.926774;"0.004012999";"darwin";"213.200.99.224";"speedtest";1340027573;53655.869174;0.065194;"04eb82ec-76b3-4615-b25a-7c0279090671";35612;"09";"Besozzo";15;6;2012;0;18;"20120618"
"79.20.70.163";"IT";8.066600;45.572300;"AS3269 Telecom Italia S.p.a.";"mlab2-mil01";0.040893;222576.009436;"0.004012999";"darwin";"213.200.99.224";"speedtest";1340027574;41405.755823;0.046206;"e838c543-3d44-45bd-9a51-ed5e3c0d7d06";3269;"12";"Biella";15;6;2012;0;18;"20120618"
"94.33.1.179";"IT";9.216700;45.550000;"AS8612 Tiscali Italia S.P.A.";"mlab2-mil01";0.029207;1071288.591090;"0.004012999";"linux2";"213.200.99.224";"speedtest";1340027620;95995.397553;0.028867;"c8e22a26-c7da-46ee-8473-787638c3fd84";8612;"09";"Cinisello Balsamo";15;6;2012;0;18;"20120618"
"79.20.70.163";"IT";8.066600;45.572300;"AS3269 Telecom Italia S.p.a.";"mlab2-mil01";0.041798;153978.927673;"0.004012999";"darwin";"213.200.99.224";"speedtest";1340027841;41485.462582;0.068900;"432d3481-f83e-450d-b373-e60ae5f17efe";3269;"12";"Biella";15;6;2012;0;18;"20120618"
"81.174.47.101";"IT";12.833300;42.833300;"AS35612 NGI Spa";"mlab2-mil01";0.011644;1730856.168440;"0.004012999";"darwin";"213.200.99.224";"speedtest";1340027887;112849.459914;0.015329;"59a9e8e1-3618-48e2-adea-6559f48400b8";35612;"";"";15;6;2012;0;18;"20120618"
"151.73.33.145";"IT";14.566700;40.733300;"AS1267 WIND Telecomunicazioni S.p.A.";"mlab2-mil01";0.028041;413319.535590;"0.004009999";"win32";"213.200.99.224";"speedtest";1340028097;51953.911668;0.044780;"23d04e8c-1632-480a-8b47-f5057b877ee1";1267;"04";"Angri";16;6;2012;0;18;"20120618"
"94.36.33.130";"IT";8.950000;44.416700;"AS8612 Tiscali Italia S.P.A.";"mlab2-mil01";0.024967;837553.698111;"0.004012999";"darwin";"213.200.99.224";"speedtest";1340028151;52692.529497;0.030033;"894fe1ee-9250-416a-98be-74dd024aea06";8612;"08";"Genova";16;6;2012;0;18;"20120618"
"195.110.137.171";"IT";12.483300;41.900000;"AS5396 MC-link Spa";"mlab2-mil01";0.033448;566610.812286;"0.004012999";"darwin";"213.200.99.224";"bittorrent";1340028268;29560.139175;-1.000000;"2d27e34d-ed0a-4c70-8dc2-070f5a0499a1";5396;"07";"Rome";16;6;2012;0;18;"20120618"
"217.133.46.117";"IT";11.316700;43.583300;"AS8612 Tiscali Italia S.P.A.";"mlab2-mil01";0.028356;1621743.313230;"0.004012999";"win32";"213.200.99.224";"speedtest";1340028497;71394.887883;0.030819;"2765e625-af97-4607-9fbe-b7195291ba59";8612;"16";"Greve";16;6;2012;0;18;"20120618"
"2.230.212.185";"IT";7.666700;45.050000;"AS12874 Fastweb SpA";"mlab2-mil01";0.037572;590337.092789;"0.004012999";"win32";"213.200.99.224";"bittorrent";1340028827;974798.041905;-1.000000;"93a97de3-c431-4df5-a005-ea55834352bd";12874;"12";"Torino";16;6;2012;0;18;"20120618"
"94.34.148.136";"IT";12.833300;42.833300;"AS8612 Tiscali Italia S.P.A.";"mlab2-mil01";0.027482;1676598.490350;"0.004012999";"darwin";"213.200.99.224";"speedtest";1340029190;107121.715739;0.030903;"a8a2ab27-6236-470f-8b46-b6121b018b6c";8612;"";"";16;6;2012;0;18;"20120618"
"79.39.193.153";"IT";12.833300;42.833300;"AS3269 Telecom Italia S.p.a.";"mlab2-mil01";0.108872;112227.284649;"0.004012999";"win32";"213.200.99.224";"speedtest";1340029358;45586.411641;0.112520;"ec58670d-cc26-4c10-aeb5-a22a61fd34c0";3269;"";"";16;6;2012;0;18;"20120618"
"95.250.43.165";"IT";12.833300;42.833300;"AS3269 Telecom Italia S.p.a.";"mlab2-mil01";0.058161;314384.738159;"0.004012999";"win32";"213.200.99.224";"speedtest";1340029342;44553.298414;0.065352;"f201d94b-ffc9-44aa-ac62-215bbc3baddd";3269;"";"";16;6;2012;0;18;"20120618"
"79.20.70.163";"IT";8.066600;45.572300;"AS3269 Telecom Italia S.p.a.";"mlab2-mil01";0.040169;401095.273663;"0.004012999";"darwin";"213.200.99.224";"bittorrent";1340029408;41241.328399;-1.000000;"432d3481-f83e-450d-b373-e60ae5f17efe";3269;"12";"Biella";16;6;2012;0;18;"20120618"
"151.49.229.123";"IT";13.780000;45.648600;"AS1267 WIND Telecomunicazioni S.p.A.";"mlab2-mil01";0.021971;802390.638529;"0.004011999";"linux2";"213.200.99.224";"speedtest";1340029426;53716.483184;0.026510;"db4c1f00-a6b9-40ad-b36d-a2fad669a491";1267;"06";"Trieste";16;6;2012;0;18;"20120618"
"87.13.39.29";"IT";12.833300;42.833300;"AS3269 Telecom Italia S.p.a.";"mlab2-mil01";0.049502;234616.075752;"0.004009999";"win32";"213.200.99.224";"speedtest";1340029415;30062.447182;0.055924;"51c03cdf-92f5-46e9-bdef-c1c88bec98ce";3269;"";"";16;6;2012;0;18;"20120618"
"85.18.46.24";"IT";9.200000;45.466700;"AS12874 Fastweb SpA";"mlab2-mil01";0.021470;10146486.682440;"0.004012999";"linux2";"213.200.99.224";"bittorrent";1340029542;5017706.154046;-1.000000;"6c471e39-d901-41fa-9266-23795dce3dc5";12874;"09";"Milan";16;6;2012;0;18;"20120618"
"109.234.63.11";"IT";12.833300;42.833300;"AS43989 Ehinet Srl";"mlab2-mil01";0.061464;483690.131288;"0.004009999";"win32";"213.200.99.224";"bittorrent";1340029548;14517.511057;-1.000000;"5d6312ec-b414-42e6-8e89-702c7b4fd5e8";43989;"";"";16;6;2012;0;18;"20120618"
"80.117.83.96";"IT";12.833300;42.833300;"AS3269 Telecom Italia S.p.a.";"mlab2-mil01";0.026185;780437.976919;"0.004012999";"win32";"213.200.99.224";"speedtest";1340029783;36493.124831;0.037182;"25353fbe-ce56-4192-a803-65a63443c70a";3269;"";"";16;6;2012;0;18;"20120618"
"95.229.187.136";"IT";12.833300;42.833300;"AS3269 Telecom Italia S.p.a.";"mlab2-mil01";0.073023;523389.404479;"0.004012999";"win32";"213.200.99.224";"speedtest";1340029776;83038.606721;0.043366;"a4010725-b228-4400-bd21-b9e05989bafb";3269;"";"";16;6;2012;0;18;"20120618"
"151.28.149.138";"IT";12.483300;41.900000;"AS1267 WIND Telecomunicazioni S.p.A.";"mlab2-mil01";0.021645;812865.958612;"0.004012999";"darwin";"213.200.99.224";"speedtest";1340030896;50836.488044;0.026629;"ecbc13bf-6a9e-4fe9-b86f-bd60bf3af1d0";1267;"07";"Rome";16;6;2012;0;18;"20120618"
"188.216.124.199";"IT";7.666700;45.050000;"AS30722 Vodafone Omnitel N.V.";"mlab2-mil01";0.126880;843319.059762;"0.004012999";"darwin";"213.200.99.224";"bittorrent";1340029925;64984.749106;-1.000000;"821aa4b7-0495-4899-9210-11d94170a73b";30722;"12";"Torino";16;6;2012;0;18;"20120618"
"2.227.55.184";"IT";12.500000;41.666700;"AS12874 Fastweb SpA";"mlab2-mil01";0.035051;824750.566692;"0.004012999";"linux2";"213.200.99.224";"speedtest";1340029989;102127.919432;0.040289;"202944e6-094c-4bb9-86da-7234fa3c010e";12874;"07";"Pomezia";16;6;2012;0;18;"20120618"
"89.118.6.93";"IT";12.833300;42.833300;"AS8968 BT Italia S.p.A.";"mlab2-mil01";0.075478;136942.517084;"0.004010999";"win32";"213.200.99.224";"bittorrent";1340030013;30950.742752;-1.000000;"cf49a154-6c73-4074-87ff-4be8096fd63d";8968;"";"";16;6;2012;0;18;"20120618"
"37.116.41.81";"IT";8.866700;44.900000;"AS30722 Vodafone Omnitel N.V.";"mlab2-mil01";0.036665;355970.608541;"0.004012999";"win32";"213.200.99.224";"speedtest";1340030174;62431.848157;0.044653;"19176454-a721-4c97-8342-b9cf8e375390";30722;"12";"Tortona";16;6;2012;0;18;"20120618"
"93.63.140.2";"IT";12.435800;44.070800;"AS12874 Fastweb SpA";"mlab2-mil01";0.048844;7661.783495;"0.004012999";"win32";"213.200.99.224";"speedtest";1340030297;308626.911254;0.048184;"8050c4c2-de4c-4f89-ab47-528f246a0f23";12874;"05";"Santarcangelo";16;6;2012;0;18;"20120618"
"2.230.35.188";"IT";9.316700;45.350000;"AS12874 Fastweb SpA";"mlab2-mil01";0.028499;650442.990850;"0.004012999";"darwin";"213.200.99.224";"speedtest";1340030345;108170.448268;0.030639;"681448f5-2440-4cd6-afef-f44ecf59facf";12874;"09";"Melegnano";16;6;2012;0;18;"20120618"
"188.217.129.219";"IT";14.333300;40.916700;"AS30722 Vodafone Omnitel N.V.";"mlab2-mil01";0.146395;13273.169886;"0.004012999";"win32";"213.200.99.224";"bittorrent";1340030428;21249.614230;-1.000000;"bb6c2e6b-7f94-482d-ab7a-ba9256571bd8";30722;"04";"Casalnuovo Di Napoli";16;6;2012;0;18;"20120618"
"94.33.1.179";"IT";9.216700;45.550000;"AS8612 Tiscali Italia S.P.A.";"mlab2-mil01";0.027716;1025854.986110;"0.004012999";"linux2";"213.200.99.224";"speedtest";1340030614;104209.199050;0.028731;"c8e22a26-c7da-46ee-8473-787638c3fd84";8612;"09";"Cinisello Balsamo";16;6;2012;0;18;"20120618"
"79.21.151.153";"IT";9.266700;45.583300;"AS3269 Telecom Italia S.p.a.";"mlab2-mil01";0.830215;83695.170464;"0.004012999";"win32";"213.200.99.224";"bittorrent";1340030761;44245.270440;-1.000000;"991257a9-87dd-455d-863e-b266080097e3";3269;"09";"Monza";16;6;2012;0;18;"20120618"
"79.13.203.101";"IT";10.100000;44.083300;"AS3269 Telecom Italia S.p.a.";"mlab2-mil01";0.032412;240193.621269;"0.004009999";"win32";"213.200.99.224";"bittorrent";1340030943;50000.426611;-1.000000;"ae73866b-a211-42d8-b6f2-d31777806a2e";3269;"16";"Carrara";16;6;2012;0;18;"20120618"
"151.49.229.123";"IT";13.780000;45.648600;"AS1267 WIND Telecomunicazioni S.p.A.";"mlab2-mil01";0.021503;819381.239398;"0.004011999";"linux2";"213.200.99.224";"bittorrent";1340030951;53298.723088;-1.000000;"db4c1f00-a6b9-40ad-b36d-a2fad669a491";1267;"06";"Trieste";16;6;2012;0;18;"20120618"
"147.162.42.20";"IT";11.883300;45.416700;"AS137 GARR Italian academic and research network";"mlab2-mil01";0.013999;8564551.356520;"0.004010999";"linux2";"213.200.99.224";"speedtest";1340031078;8240786.735200;0.014891;"727d6a40-2b78-4641-8061-04b6a384e6a6";137;"20";"Padova";16;6;2012;0;18;"20120618"
"134.255.175.21";"IT";13.216700;43.366700;"AS198292 Wave-Max S.r.L.";"mlab2-mil01";0.102505;165546.462320;"0.004012999";"win32";"213.200.99.224";"bittorrent";1340031196;38300.230066;-1.000000;"708a55f0-3758-4099-a346-23683a39926d";198292;"10";"Cingoli";16;6;2012;0;18;"20120618"
"93.62.242.110";"IT";12.029400;45.421400;"AS12874 Fastweb SpA";"mlab2-mil01";0.031627;414801.577485;"0.004012999";"darwin";"213.200.99.224";"speedtest";1340031208;424255.529876;0.034235;"9905faad-2379-4ce5-bea7-d26dfd5ef167";12874;"20";"Fiesso D'artico";16;6;2012;0;18;"20120618"
"89.118.6.93";"IT";12.833300;42.833300;"AS8968 BT Italia S.p.A.";"mlab2-mil01";0.088570;134408.586938;"0.004010999";"win32";"213.200.99.224";"speedtest";1340031428;27458.457062;0.086517;"cf49a154-6c73-4074-87ff-4be8096fd63d";8968;"";"";16;6;2012;0;18;"20120618"
"151.60.120.179";"IT";7.316700;44.633300;"AS1267 WIND Telecomunicazioni S.p.A.";"mlab2-mil01";0.024352;389625.508095;"0.004012999";"linux2";"213.200.99.224";"bittorrent";1340031458;59914.355656;-1.000000;"ce15cdd9-fbc9-4be9-8f83-94df036818bb";1267;"12";"Sanfront";16;6;2012;0;18;"20120618"
"62.98.65.177";"IT";14.250000;40.833300;"AS1267 WIND Telecomunicazioni S.p.A.";"mlab2-mil01";0.030125;701454.751106;"0.004012999";"win32";"213.200.99.224";"bittorrent";1340031465;41442.830920;-1.000000;"2d006d8d-7c04-46bb-b056-798468ee365e";1267;"04";"Napoli";16;6;2012;0;18;"20120618"
"188.11.197.8";"IT";12.483300;41.900000;"AS3269 Telecom Italia S.p.a.";"mlab2-mil01";0.032650;1212239.899940;"0.004012999";"darwin";"213.200.99.224";"speedtest";1340031694;88897.287435;0.037786;"c671e4d7-9027-4ae8-9058-ad41f0746af0";3269;"07";"Rome";17;6;2012;0;18;"20120618"
"93.38.144.155";"IT";8.633300;45.466700;"AS12874 Fastweb SpA";"mlab2-mil01";0.027095;747984.861619;"0.004012999";"linux2";"213.200.99.224";"bittorrent";1340031761;60395.520502;-1.000000;"59a80d29-1a50-4c2a-8d30-fbef29507c3a";12874;"12";"Novara";17;6;2012;0;18;"20120618"
"83.211.172.129";"IT";13.566700;42.583300;"AS15589 Clouditalia Communications S.p.A.";"mlab2-mil01";0.032182;489437.912590;"0.004012999";"win32";"213.200.99.224";"speedtest";1340031995;31728.970391;0.036929;"b6e23738-aa63-4482-8754-26d879467631";15589;"01";"Altavilla";17;6;2012;0;18;"20120618"
"95.237.222.196";"IT";7.666700;45.050000;"AS3269 Telecom Italia S.p.a.";"mlab2-mil01";0.047885;61057.667014;"0.004012999";"win32";"213.200.99.224";"bittorrent";1340032046;47285.826286;-1.000000;"47bce1bd-51cc-4815-b6db-71ab66220dd6";3269;"12";"Torino";17;6;2012;0;18;"20120618"
"151.65.28.229";"IT";9.016700;44.983300;"AS1267 WIND Telecomunicazioni S.p.A.";"mlab2-mil01";8.938219;433647.905781;"0.004012999";"win32";"213.200.99.224";"bittorrent";1340032061;97779.783038;-1.000000;"a5016d11-f6c1-4d6d-a30f-48088faa5e70";1267;"09";"Voghera";17;6;2012;0;18;"20120618"
"94.34.148.136";"IT";12.833300;42.833300;"AS8612 Tiscali Italia S.P.A.";"mlab2-mil01";0.511663;89056.912172;"0.004012999";"darwin";"213.200.99.224";"speedtest";1340032248;24065.595124;0.448644;"a8a2ab27-6236-470f-8b46-b6121b018b6c";8612;"";"";17;6;2012;0;18;"20120618"
"79.21.151.153";"IT";9.266700;45.583300;"AS3269 Telecom Italia S.p.a.";"mlab2-mil01";0.257876;269526.641722;"0.004012999";"win32";"213.200.99.224";"speedtest";1340032323;41012.542937;0.248399;"991257a9-87dd-455d-863e-b266080097e3";3269;"09";"Monza";17;6;2012;0;18;"20120618"
"95.248.79.141";"IT";9.683300;45.366700;"AS3269 Telecom Italia S.p.a.";"mlab2-mil01";0.024552;347605.059302;"0.004012999";"win32";"213.200.99.224";"bittorrent";1340032415;105238.127517;-1.000000;"4e01c135-aee3-4a25-a2fd-429c447dc4bd";3269;"09";"Crema";17;6;2012;0;18;"20120618"
"85.18.29.42";"IT";9.200000;45.466700;"AS12874 Fastweb SpA";"mlab2-mil01";0.022913;1096113.364550;"0.004012999";"darwin";"213.200.99.224";"speedtest";1340032462;1152480.577970;0.024032;"2c46fdf6-7306-4016-9a75-e529fa590549";12874;"09";"Milan";17;6;2012;0;18;"20120618"
"93.62.242.110";"IT";12.029400;45.421400;"AS12874 Fastweb SpA";"mlab2-mil01";0.030956;398160.036448;"0.004012999";"darwin";"213.200.99.224";"bittorrent";1340032648;425654.996284;-1.000000;"9905faad-2379-4ce5-bea7-d26dfd5ef167";12874;"20";"Fiesso D'artico";17;6;2012;0;18;"20120618"
"94.36.27.108";"IT";9.833300;44.116700;"AS8612 Tiscali Italia S.P.A.";"mlab2-mil01";0.025418;887178.773624;"0.004012999";"win32";"213.200.99.224";"bittorrent";1340032712;53184.125125;-1.000000;"43824351-60f0-4924-9794-e14a103734ad";8612;"08";"La Spezia";17;6;2012;0;18;"20120618"
"81.174.47.101";"IT";12.833300;42.833300;"AS35612 NGI Spa";"mlab2-mil01";0.012241;1459644.483905;"0.004012999";"darwin";"213.200.99.224";"bittorrent";1340032714;113042.269658;-1.000000;"59a9e8e1-3618-48e2-adea-6559f48400b8";35612;"";"";17;6;2012;0;18;"20120618"
"87.13.39.29";"IT";12.833300;42.833300;"AS3269 Telecom Italia S.p.a.";"mlab2-mil01";0.046606;71061.660784;"0.004009999";"win32";"213.200.99.224";"speedtest";1340032684;28903.232022;0.056011;"51c03cdf-92f5-46e9-bdef-c1c88bec98ce";3269;"";"";17;6;2012;0;18;"20120618"
"79.0.19.229";"IT";12.483300;41.900000;"AS3269 Telecom Italia S.p.a.";"mlab2-mil01";0.031910;626221.047159;"0.004012999";"darwin";"213.200.99.224";"speedtest";1340032756;103064.240744;0.035939;"69fb5e33-52f0-4549-a67d-9deb0c9b5493";3269;"07";"Rome";17;6;2012;0;18;"20120618"
"2.227.55.184";"IT";12.500000;41.666700;"AS12874 Fastweb SpA";"mlab2-mil01";0.035857;834930.440262;"0.004012999";"linux2";"213.200.99.224";"speedtest";1340032984;106672.450479;0.038755;"202944e6-094c-4bb9-86da-7234fa3c010e";12874;"07";"Pomezia";17;6;2012;0;18;"20120618"
"2.230.35.188";"IT";9.316700;45.350000;"AS12874 Fastweb SpA";"mlab2-mil01";0.028921;638325.401734;"0.004012999";"darwin";"213.200.99.224";"speedtest";1340033218;108552.558498;0.030686;"681448f5-2440-4cd6-afef-f44ecf59facf";12874;"09";"Melegnano";17;6;2012;0;18;"20120618"
"93.38.144.155";"IT";8.633300;45.466700;"AS12874 Fastweb SpA";"mlab2-mil01";0.026337;36694.638093;"0.004012999";"linux2";"213.200.99.224";"speedtest";1340033227;590580.515638;0.029660;"59a80d29-1a50-4c2a-8d30-fbef29507c3a";12874;"12";"Novara";17;6;2012;0;18;"20120618"
"2.230.212.185";"IT";7.666700;45.050000;"AS12874 Fastweb SpA";"mlab2-mil01";0.027859;587672.319766;"0.004012999";"win32";"213.200.99.224";"speedtest";1340033325;1066136.894760;0.026953;"93a97de3-c431-4df5-a005-ea55834352bd";12874;"12";"Torino";17;6;2012;0;18;"20120618"
"88.47.41.57";"IT";12.833300;42.833300;"AS3269 Telecom Italia S.p.a.";"mlab2-mil01";0.067064;542947.712452;"0.004012999";"win32";"213.200.99.224";"speedtest";1340033376;30037.381151;0.104926;"ec2e71be-f555-4dee-b674-bc8e80a61d77";3269;"";"";17;6;2012;0;18;"20120618"
"85.18.28.68";"IT";12.833300;42.833300;"AS12874 Fastweb SpA";"mlab2-mil01";0.031476;134791.773562;"0.004009999";"win32";"213.200.99.224";"bittorrent";1340033421;152203.607886;-1.000000;"209e0493-6ac3-47f4-8a7e-513e3ce88ea8";12874;"";"";17;6;2012;0;18;"20120618"
"93.63.140.2";"IT";12.435800;44.070800;"AS12874 Fastweb SpA";"mlab2-mil01";0.040163;280577.092782;"0.004012999";"win32";"213.200.99.224";"speedtest";1340033484;281743.085122;0.070234;"8050c4c2-de4c-4f89-ab47-528f246a0f23";12874;"05";"Santarcangelo";17;6;2012;0;18;"20120618"
"78.14.224.92";"IT";9.116700;45.766700;"AS8612 Tiscali Italia S.P.A.";"mlab2-mil01";0.033454;182318.882387;"0.004012999";"darwin";"213.200.99.224";"bittorrent";1340033672;46788.820488;-1.000000;"39792736-bd8b-4a56-942d-1cc983336add";8612;"09";"Lurago D'erba";17;6;2012;0;18;"20120618"
"87.8.228.126";"IT";12.833300;42.833300;"AS3269 Telecom Italia S.p.a.";"mlab2-mil01";0.296165;472611.530982;"0.004012999";"darwin";"213.200.99.224";"speedtest";1340033676;15476.951976;0.252285;"6b759052-c812-4f14-90ce-16e61560a573";3269;"";"";17;6;2012;0;18;"20120618"
"130.192.91.211";"IT";7.666700;45.050000;"AS137 GARR Italian academic and research network";"mlab2-mil01";0.013770;11441331.494500;"0.004012999";"linux2";"213.200.99.224";"speedtest";1340033679;1202221.131640;0.017396;"91708cf1-7028-4b58-9520-faea0010494c";137;"12";"Torino";17;6;2012;0;18;"20120618"
"79.41.215.191";"IT";7.666700;45.050000;"AS3269 Telecom Italia S.p.a.";"mlab2-mil01";0.048134;239949.690988;"0.004012999";"darwin";"213.200.99.224";"speedtest";1340033822;36691.272685;0.055626;"54b1973f-e000-498d-8aee-038597e2696e";3269;"12";"Torino";17;6;2012;0;18;"20120618"
"95.248.79.141";"IT";9.683300;45.366700;"AS3269 Telecom Italia S.p.a.";"mlab2-mil01";0.022542;1779990.254300;"0.004012999";"win32";"213.200.99.224";"speedtest";1340033836;101268.123900;0.026475;"4e01c135-aee3-4a25-a2fd-429c447dc4bd";3269;"09";"Crema";17;6;2012;0;18;"20120618"
"188.216.183.24";"IT";12.833300;42.833300;"AS30722 Vodafone Omnitel N.V.";"mlab2-mil01";0.059629;856217.932062;"0.004012999";"darwin";"213.200.99.224";"bittorrent";1340033948;59206.572293;-1.000000;"eb287f52-d429-4a32-aa75-ba1fd1cf87d2";30722;"";"";17;6;2012;0;18;"20120618"
"151.49.229.123";"IT";13.780000;45.648600;"AS1267 WIND Telecomunicazioni S.p.A.";"mlab2-mil01";0.021735;749663.525547;"0.004011999";"linux2";"213.200.99.224";"bittorrent";1340033997;50621.473045;-1.000000;"db4c1f00-a6b9-40ad-b36d-a2fad669a491";1267;"06";"Trieste";17;6;2012;0;18;"20120618"
"79.20.70.163";"IT";8.066600;45.572300;"AS3269 Telecom Italia S.p.a.";"mlab2-mil01";0.038912;788872.787132;"0.004012999";"darwin";"213.200.99.224";"speedtest";1340034115;41424.854974;0.045449;"e838c543-3d44-45bd-9a51-ed5e3c0d7d06";3269;"12";"Biella";17;6;2012;0;18;"20120618"
"79.13.203.101";"IT";10.100000;44.083300;"AS3269 Telecom Italia S.p.a.";"mlab2-mil01";0.032089;709550.020695;"0.004009999";"win32";"213.200.99.224";"bittorrent";1340034169;50249.310234;-1.000000;"ae73866b-a211-42d8-b6f2-d31777806a2e";3269;"16";"Carrara";17;6;2012;0;18;"20120618"
"79.0.19.229";"IT";12.483300;41.900000;"AS3269 Telecom Italia S.p.a.";"mlab2-mil01";0.031723;976631.714269;"0.004012999";"darwin";"213.200.99.224";"bittorrent";1340034201;104979.738703;-1.000000;"69fb5e33-52f0-4549-a67d-9deb0c9b5493";3269;"07";"Rome";17;6;2012;0;18;"20120618"
"84.221.231.178";"IT";7.666700;45.050000;"AS8612 Tiscali Italia S.P.A.";"mlab2-mil01";0.026089;2080350.118445;"0.004012999";"darwin";"213.200.99.224";"bittorrent";1340034276;105305.146039;-1.000000;"7e3598a2-40f8-4213-beaa-47abf033b292";8612;"12";"Torino";17;6;2012;0;18;"20120618"
"195.110.137.171";"IT";12.483300;41.900000;"AS5396 MC-link Spa";"mlab2-mil01";0.033615;667499.279819;"0.004012999";"darwin";"213.200.99.224";"bittorrent";1340034306;32082.953980;-1.000000;"2d27e34d-ed0a-4c70-8dc2-070f5a0499a1";5396;"07";"Rome";17;6;2012;0;18;"20120618"
"151.32.58.7";"IT";7.600000;45.233300;"AS1267 WIND Telecomunicazioni S.p.A.";"mlab2-mil01";0.013073;796003.820431;"0.004012999";"linux2";"213.200.99.224";"bittorrent";1340034547;53091.522149;-1.000000;"e58cbc1f-8414-4fe3-8578-f8c48106d21d";1267;"12";"Ciriè";17;6;2012;0;18;"20120618"
"2.230.35.188";"IT";9.316700;45.350000;"AS12874 Fastweb SpA";"mlab2-mil01";0.027881;644301.547887;"0.004012999";"darwin";"213.200.99.224";"bittorrent";1340034650;97955.799724;-1.000000;"681448f5-2440-4cd6-afef-f44ecf59facf";12874;"09";"Melegnano";17;6;2012;0;18;"20120618"
"87.8.229.178";"IT";7.666700;45.050000;"AS3269 Telecom Italia S.p.a.";"mlab2-mil01";0.038702;561239.331815;"0.004012999";"win32";"213.200.99.224";"speedtest";1340034832;50307.195877;0.034393;"d6bbc582-d8eb-4ead-ba2c-3fffeda97549";3269;"12";"Torino";17;6;2012;0;18;"20120618"
"85.18.28.68";"IT";12.833300;42.833300;"AS12874 Fastweb SpA";"mlab2-mil01";0.031927;131842.286286;"0.004009999";"win32";"213.200.99.224";"speedtest";1340035141;92770.813076;0.036805;"209e0493-6ac3-47f4-8a7e-513e3ce88ea8";12874;"";"";17;6;2012;0;18;"20120618"
"87.8.228.126";"IT";12.833300;42.833300;"AS3269 Telecom Italia S.p.a.";"mlab2-mil01";0.407840;179842.748924;"0.004012999";"darwin";"213.200.99.224";"bittorrent";1340035102;49664.610873;-1.000000;"6b759052-c812-4f14-90ce-16e61560a573";3269;"";"";17;6;2012;0;18;"20120618"
"109.234.63.11";"IT";12.833300;42.833300;"AS43989 Ehinet Srl";"mlab2-mil01";0.024689;328666.314220;"0.004009999";"win32";"213.200.99.224";"bittorrent";1340035327;31005.685744;-1.000000;"5d6312ec-b414-42e6-8e89-702c7b4fd5e8";43989;"";"";18;6;2012;0;18;"20120618"
"188.10.109.16";"IT";9.187800;45.461200;"AS3269 Telecom Italia S.p.a.";"mlab2-mil01";0.025633;887762.148946;"0.004012999";"win32";"213.200.99.224";"bittorrent";1340035365;40529.441041;-1.000000;"fabd9ec4-04a0-49f7-9afc-39e5f8c565ba";3269;"09";"Milan";18;6;2012;0;18;"20120618"
"94.36.33.130";"IT";8.950000;44.416700;"AS8612 Tiscali Italia S.P.A.";"mlab2-mil01";0.023595;853459.700635;"0.004012999";"darwin";"213.200.99.224";"bittorrent";1340035382;52391.770627;-1.000000;"894fe1ee-9250-416a-98be-74dd024aea06";8612;"08";"Genova";18;6;2012;0;18;"20120618"
"188.216.183.24";"IT";12.833300;42.833300;"AS30722 Vodafone Omnitel N.V.";"mlab2-mil01";0.060476;793118.203333;"0.004012999";"darwin";"213.200.99.224";"speedtest";1340035429;64936.798446;0.065465;"eb287f52-d429-4a32-aa75-ba1fd1cf87d2";30722;"";"";18;6;2012;0;18;"20120618"
"31.196.6.210";"IT";12.833300;42.833300;"AS3269 Telecom Italia S.p.a.";"mlab2-mil01";0.017527;159468.346668;"0.004012999";"win32";"213.200.99.224";"speedtest";1340035705;197407.608287;0.015668;"8f96be96-0318-4e62-a639-7816bf69ae7b";3269;"";"";18;6;2012;0;18;"20120618"
"79.20.70.163";"IT";8.066600;45.572300;"AS3269 Telecom Italia S.p.a.";"mlab2-mil01";0.039708;779188.327397;"0.004012999";"darwin";"213.200.99.224";"bittorrent";1340035752;41291.045448;-1.000000;"e838c543-3d44-45bd-9a51-ed5e3c0d7d06";3269;"12";"Biella";18;6;2012;0;18;"20120618"
"62.98.65.177";"IT";14.250000;40.833300;"AS1267 WIND Telecomunicazioni S.p.A.";"mlab2-mil01";0.031086;668974.423516;"0.004012999";"win32";"213.200.99.224";"speedtest";1340035783;39880.302884;0.040373;"2d006d8d-7c04-46bb-b056-798468ee365e";1267;"04";"Napoli";18;6;2012;0;18;"20120618"
"151.28.230.117";"IT";12.866700;41.466700;"AS1267 WIND Telecomunicazioni S.p.A.";"mlab2-mil01";0.023527;769240.127984;"0.004012999";"linux2";"213.200.99.224";"speedtest";1340035795;53792.103919;0.029368;"a9afa6cb-a1b8-48a4-ad2d-ea26b9cc8bf4";1267;"07";"Latina";18;6;2012;0;18;"20120618"
"87.4.83.224";"IT";16.483300;41.116700;"AS3269 Telecom Italia S.p.a.";"mlab2-mil01";0.048885;277578.845187;"0.004012999";"darwin";"213.200.99.224";"speedtest";1340035969;46723.954503;0.078192;"8c3b14ba-e923-48bd-8f2e-da456a7f071f";3269;"13";"Ruvo Di Puglia";18;6;2012;0;18;"20120618"
"151.32.58.7";"IT";7.600000;45.233300;"AS1267 WIND Telecomunicazioni S.p.A.";"mlab2-mil01";0.013428;821088.852558;"0.004012999";"linux2";"213.200.99.224";"speedtest";1340035994;53232.269190;0.015785;"e58cbc1f-8414-4fe3-8578-f8c48106d21d";1267;"12";"Ciriè";18;6;2012;0;18;"20120618"
"93.38.144.155";"IT";8.633300;45.466700;"AS12874 Fastweb SpA";"mlab2-mil01";0.027784;760251.708643;"0.004012999";"linux2";"213.200.99.224";"speedtest";1340036157;766807.910760;0.033743;"59a80d29-1a50-4c2a-8d30-fbef29507c3a";12874;"12";"Novara";18;6;2012;0;18;"20120618"
"2.225.231.97";"IT";7.666700;45.050000;"AS12874 Fastweb SpA";"mlab2-mil01";0.030833;699783.811557;"0.004012999";"win32";"213.200.99.224";"bittorrent";1340036435;1151162.633712;-1.000000;"252a836b-55fe-43a0-93e7-d33c5d47fae3";12874;"12";"Torino";18;6;2012;0;18;"20120618"
"151.65.28.229";"IT";9.016700;44.983300;"AS1267 WIND Telecomunicazioni S.p.A.";"mlab2-mil01";0.030222;608810.633548;"0.004012999";"win32";"213.200.99.224";"speedtest";1340036529;67429.007361;0.030907;"a5016d11-f6c1-4d6d-a30f-48088faa5e70";1267;"09";"Voghera";18;6;2012;0;18;"20120618"
"2.40.51.151";"IT";8.700000;45.466700;"AS30722 Vodafone Omnitel N.V.";"mlab2-mil01";0.043561;7411.054535;"0.004012999";"linux2";"213.200.99.224";"bittorrent";1340036540;6469.629246;-1.000000;"0094fb04-cab2-42b8-abfa-f714dcef0097";30722;"12";"Romentino";18;6;2012;0;18;"20120618"
"130.192.91.211";"IT";7.666700;45.050000;"AS137 GARR Italian academic and research network";"mlab2-mil01";0.014321;11423118.974500;"0.004012999";"linux2";"213.200.99.224";"speedtest";1340036547;1196010.312510;0.017667;"91708cf1-7028-4b58-9520-faea0010494c";137;"12";"Torino";18;6;2012;0;18;"20120618"
"78.13.176.56";"IT";11.250000;43.766700;"AS8612 Tiscali Italia S.P.A.";"mlab2-mil01";0.127548;443264.708007;"0.004012999";"darwin";"213.200.99.224";"speedtest";1340036603;17411.731348;0.391484;"5f59af2e-2b13-403e-ba8c-0801e50c8913";8612;"16";"Florence";18;6;2012;0;18;"20120618"
"130.192.91.213";"IT";7.666700;45.050000;"AS137 GARR Italian academic and research network";"mlab2-mil01";0.012811;11673844.383835;"0.004012999";"linux2";"213.200.99.224";"bittorrent";1340036650;10968992.904335;-1.000000;"cd78793c-1e3b-4944-b4b2-9768fc1cdb97";137;"12";"Torino";18;6;2012;0;18;"20120618"
"82.57.12.248";"IT";17.216700;41.000000;"AS3269 Telecom Italia S.p.a.";"mlab2-mil01";0.062270;145828.007890;"0.004012999";"win32";"213.200.99.224";"bittorrent";1340036709;49049.643831;-1.000000;"f201d94b-ffc9-44aa-ac62-215bbc3baddd";3269;"13";"Polignano A Mare";18;6;2012;0;18;"20120618"
"79.39.193.153";"IT";12.833300;42.833300;"AS3269 Telecom Italia S.p.a.";"mlab2-mil01";0.110740;150432.797651;"0.004012999";"win32";"213.200.99.224";"speedtest";1340036828;45954.922117;0.167642;"ec58670d-cc26-4c10-aeb5-a22a61fd34c0";3269;"";"";18;6;2012;0;18;"20120618"
"109.234.63.11";"IT";12.833300;42.833300;"AS43989 Ehinet Srl";"mlab2-mil01";0.032865;156846.502297;"0.004009999";"win32";"213.200.99.224";"speedtest";1340036774;26592.430334;0.035185;"5d6312ec-b414-42e6-8e89-702c7b4fd5e8";43989;"";"";18;6;2012;0;18;"20120618"
"83.211.172.129";"IT";13.566700;42.583300;"AS15589 Clouditalia Communications S.p.A.";"mlab2-mil01";0.033115;494893.054482;"0.004012999";"win32";"213.200.99.224";"bittorrent";1340036789;31085.873015;-1.000000;"b6e23738-aa63-4482-8754-26d879467631";15589;"01";"Altavilla";18;6;2012;0;18;"20120618"
"94.36.33.130";"IT";8.950000;44.416700;"AS8612 Tiscali Italia S.P.A.";"mlab2-mil01";0.024548;832179.661310;"0.004012999";"darwin";"213.200.99.224";"speedtest";1340036824;52312.966180;0.030085;"894fe1ee-9250-416a-98be-74dd024aea06";8612;"08";"Genova";18;6;2012;0;18;"20120618"
"31.185.19.156";"IT";12.566700;43.050000;"AS47187 Forinicom S.r.l.";"mlab2-mil01";0.034453;47895.960844;"0.004012999";"win32";"213.200.99.224";"speedtest";1340036945;30909.446022;0.030155;"2a30a2a8-273c-4b16-9671-803dc3d96492";47187;"18";"Santa Maria Degli Angeli";18;6;2012;0;18;"20120618"
"84.222.108.196";"IT";11.866700;44.583300;"AS8612 Tiscali Italia S.P.A.";"mlab2-mil01";0.052197;582399.381294;"0.004012999";"darwin";"213.200.99.224";"bittorrent";1340037135;36971.245475;-1.000000;"8c002889-ba22-4c1b-a026-e262143a9d1d";8612;"05";"San Biagio";18;6;2012;0;18;"20120618"
"79.20.70.163";"IT";8.066600;45.572300;"AS3269 Telecom Italia S.p.a.";"mlab2-mil01";0.041963;180408.676539;"0.004012999";"darwin";"213.200.99.224";"speedtest";1340037211;40377.302188;0.051741;"432d3481-f83e-450d-b373-e60ae5f17efe";3269;"12";"Biella";18;6;2012;0;18;"20120618"
"62.98.65.177";"IT";14.250000;40.833300;"AS1267 WIND Telecomunicazioni S.p.A.";"mlab2-mil01";0.051686;682452.791021;"0.004012999";"win32";"213.200.99.224";"bittorrent";1340037232;41062.128489;-1.000000;"2d006d8d-7c04-46bb-b056-798468ee365e";1267;"04";"Napoli";18;6;2012;0;18;"20120618"
"93.146.173.160";"IT";7.150000;45.133300;"AS30722 Vodafone Omnitel N.V.";"mlab2-mil01";0.042118;768591.888804;"0.004012999";"linux2";"213.200.99.224";"speedtest";1340037349;50270.682982;0.047080;"63990eb7-ac67-409f-bc7e-5344262dd0f9";30722;"12";"Bussoleno";18;6;2012;0;18;"20120618"
"188.217.129.219";"IT";14.333300;40.916700;"AS30722 Vodafone Omnitel N.V.";"mlab2-mil01";0.070368;168189.045791;"0.004012999";"win32";"213.200.99.224";"speedtest";1340037417;21405.712746;0.083840;"bb6c2e6b-7f94-482d-ab7a-ba9256571bd8";30722;"04";"Casalnuovo Di Napoli";18;6;2012;0;18;"20120618"
"87.13.39.29";"IT";12.833300;42.833300;"AS3269 Telecom Italia S.p.a.";"mlab2-mil01";0.048208;262827.523763;"0.004009999";"win32";"213.200.99.224";"bittorrent";1340037643;31223.364963;-1.000000;"51c03cdf-92f5-46e9-bdef-c1c88bec98ce";3269;"";"";18;6;2012;0;18;"20120618"
"95.236.109.240";"IT";11.133300;46.066700;"AS3269 Telecom Italia S.p.a.";"mlab2-mil01";0.031617;302065.272100;"0.004012999";"darwin";"213.200.99.224";"speedtest";1340037675;97596.396863;0.034192;"3a2b787f-c941-4b74-b356-2363c9904a6c";3269;"17";"Trento";18;6;2012;0;18;"20120618"
"2.225.231.97";"IT";7.666700;45.050000;"AS12874 Fastweb SpA";"mlab2-mil01";0.033106;750865.761425;"0.004012999";"win32";"213.200.99.224";"speedtest";1340037852;1046073.908950;0.032205;"252a836b-55fe-43a0-93e7-d33c5d47fae3";12874;"12";"Torino";18;6;2012;0;18;"20120618"
"87.8.228.126";"IT";12.833300;42.833300;"AS3269 Telecom Italia S.p.a.";"mlab2-mil01";0.053485;184680.323004;"0.004012999";"darwin";"213.200.99.224";"bittorrent";1340037952;38199.206863;-1.000000;"6b759052-c812-4f14-90ce-16e61560a573";3269;"";"";18;6;2012;0;18;"20120618"
"37.183.49.181";"IT";9.116700;45.683300;"AS30722 Vodafone Omnitel N.V.";"mlab2-mil01";0.348857;80141.408409;"0.004012999";"linux2";"213.200.99.224";"speedtest";1340037981;28485.789648;0.293422;"69812081-5887-4c20-99b8-91c1d276eca2";30722;"09";"Lentate Sul Seveso";18;6;2012;0;18;"20120618"
"93.36.111.189";"IT";9.200000;45.466700;"AS12874 Fastweb SpA";"mlab2-mil01";0.029704;649306.503490;"0.004012999";"darwin";"213.200.99.224";"speedtest";1340038154;84819.011586;0.034051;"1ac06ae7-306c-4ad7-a420-41b7f457fa4e";12874;"09";"Milan";18;6;2012;0;18;"20120618"
"93.62.73.167";"IT";7.666700;45.050000;"AS12874 Fastweb SpA";"mlab2-mil01";0.049862;2179516.874613;"0.004012999";"win32";"213.200.99.224";"bittorrent";1340038213;76336.594915;-1.000000;"ba264b82-0dde-485e-bdfd-b866b37d1bf8";12874;"12";"Torino";18;6;2012;0;18;"20120618"
"80.117.83.96";"IT";12.833300;42.833300;"AS3269 Telecom Italia S.p.a.";"mlab2-mil01";0.027077;807380.595713;"0.004012999";"win32";"213.200.99.224";"speedtest";1340038268;39604.966634;0.037309;"25353fbe-ce56-4192-a803-65a63443c70a";3269;"";"";18;6;2012;0;18;"20120618"
"151.49.229.123";"IT";13.780000;45.648600;"AS1267 WIND Telecomunicazioni S.p.A.";"mlab2-mil01";0.022376;776015.229044;"0.004011999";"linux2";"213.200.99.224";"speedtest";1340038558;53742.809915;0.026619;"db4c1f00-a6b9-40ad-b36d-a2fad669a491";1267;"06";"Trieste";18;6;2012;0;18;"20120618"
"82.50.16.67";"IT";11.583300;44.400000;"AS3269 Telecom Italia S.p.a.";"mlab2-mil01";0.033366;1088487.213877;"0.004008999";"darwin";"213.200.99.224";"bittorrent";1340038697;80955.187644;-1.000000;"470583b1-76be-479b-a12e-d79962295075";3269;"05";"Castel San Pietro Terme";18;6;2012;0;18;"20120618"
"87.11.255.90";"IT";17.229700;40.476100;"AS3269 Telecom Italia S.p.a.";"mlab2-mil01";0.067517;708761.354257;"0.004009999";"win32";"213.200.99.224";"bittorrent";1340038713;49452.256471;-1.000000;"7989d7c5-459e-4910-93c2-ffd113604f5d";3269;"13";"Taranto";18;6;2012;0;18;"20120618"
"188.10.100.91";"IT";9.116700;45.683300;"AS3269 Telecom Italia S.p.a.";"mlab2-mil01";0.040385;754326.279748;"0.004012999";"win32";"213.200.99.224";"speedtest";1340038725;31128.011889;0.046500;"a0bc9ac6-3c40-4f42-be91-07152ae8b8fb";3269;"09";"Lentate Sul Seveso";18;6;2012;0;18;"20120618"
"87.4.83.224";"IT";16.483300;41.116700;"AS3269 Telecom Italia S.p.a.";"mlab2-mil01";0.048104;853286.957266;"0.004012999";"darwin";"213.200.99.224";"speedtest";1340038823;46315.549802;0.054290;"8c3b14ba-e923-48bd-8f2e-da456a7f071f";3269;"13";"Ruvo Di Puglia";19;6;2012;0;18;"20120618"
"151.32.58.7";"IT";7.600000;45.233300;"AS1267 WIND Telecomunicazioni S.p.A.";"mlab2-mil01";0.293263;391659.483670;"0.004012999";"linux2";"213.200.99.224";"speedtest";1340038952;45244.591343;0.433874;"e58cbc1f-8414-4fe3-8578-f8c48106d21d";1267;"12";"Ciriè";19;6;2012;0;18;"20120618"
"87.4.74.136";"IT";8.850000;44.716700;"AS3269 Telecom Italia S.p.a.";"mlab2-mil01";0.057130;71167.448456;"0.004012999";"win32";"213.200.99.224";"speedtest";1340039104;26018.217009;0.072996;"d8a56420-51dd-4f7f-811c-30fa9ca36858";3269;"12";"Serravalle Scrivia";19;6;2012;0;18;"20120618"
"87.13.60.222";"IT";7.783300;44.766700;"AS3269 Telecom Italia S.p.a.";"mlab2-mil01";0.047419;293265.641218;"0.004012999";"darwin";"213.200.99.224";"speedtest";1340039393;23556.552782;0.052106;"c839c4a6-844e-4a80-917c-a2ee7d29e3d4";3269;"12";"Sommariva Del Bosco";19;6;2012;0;18;"20120618"
"95.237.222.196";"IT";7.666700;45.050000;"AS3269 Telecom Italia S.p.a.";"mlab2-mil01";0.047827;353026.969421;"0.004012999";"win32";"213.200.99.224";"speedtest";1340039535;31251.687063;0.053018;"47bce1bd-51cc-4815-b6db-71ab66220dd6";3269;"12";"Torino";19;6;2012;0;18;"20120618"
"82.57.12.248";"IT";17.216700;41.000000;"AS3269 Telecom Italia S.p.a.";"mlab2-mil01";0.062159;370728.111906;"0.004012999";"win32";"213.200.99.224";"bittorrent";1340039581;48842.459963;-1.000000;"f201d94b-ffc9-44aa-ac62-215bbc3baddd";3269;"13";"Polignano A Mare";19;6;2012;0;18;"20120618"
"134.255.175.21";"IT";13.216700;43.366700;"AS198292 Wave-Max S.r.L.";"mlab2-mil01";0.098307;252811.239057;"0.004012999";"win32";"213.200.99.224";"bittorrent";1340039594;42658.836585;-1.000000;"708a55f0-3758-4099-a346-23683a39926d";198292;"10";"Cingoli";19;6;2012;0;18;"20120618"
"31.185.19.156";"IT";12.566700;43.050000;"AS47187 Forinicom S.r.l.";"mlab2-mil01";0.034635;48321.428626;"0.004012999";"win32";"213.200.99.224";"speedtest";1340039785;35334.639453;0.036582;"2a30a2a8-273c-4b16-9671-803dc3d96492";47187;"18";"Santa Maria Degli Angeli";19;6;2012;0;18;"20120618"
"78.14.224.92";"IT";9.116700;45.766700;"AS8612 Tiscali Italia S.P.A.";"mlab2-mil01";0.033282;290024.105160;"0.004012999";"darwin";"213.200.99.224";"bittorrent";1340039798;46800.143694;-1.000000;"39792736-bd8b-4a56-942d-1cc983336add";8612;"09";"Lurago D'erba";19;6;2012;0;18;"20120618"
"79.39.193.153";"IT";12.833300;42.833300;"AS3269 Telecom Italia S.p.a.";"mlab2-mil01";0.116871;615987.900210;"0.004012999";"win32";"213.200.99.224";"bittorrent";1340039908;45009.454213;-1.000000;"ec58670d-cc26-4c10-aeb5-a22a61fd34c0";3269;"";"";19;6;2012;0;18;"20120618"
"151.73.33.145";"IT";14.566700;40.733300;"AS1267 WIND Telecomunicazioni S.p.A.";"mlab2-mil01";0.024932;765587.682173;"0.004009999";"win32";"213.200.99.224";"speedtest";1340040029;45322.667380;0.031887;"23d04e8c-1632-480a-8b47-f5057b877ee1";1267;"04";"Angri";19;6;2012;0;18;"20120618"
"87.11.255.90";"IT";17.229700;40.476100;"AS3269 Telecom Italia S.p.a.";"mlab2-mil01";0.066932;743320.550932;"0.004009999";"win32";"213.200.99.224";"speedtest";1340040275;48737.379992;0.073065;"7989d7c5-459e-4910-93c2-ffd113604f5d";3269;"13";"Taranto";19;6;2012;0;18;"20120618"
"80.182.50.90";"IT";12.833300;42.833300;"AS3269 Telecom Italia S.p.a.";"mlab2-mil01";0.039564;823927.945386;"0.004012999";"darwin";"213.200.99.224";"speedtest";1340040304;49856.793729;0.045034;"b78c474f-55bd-448a-8e4f-7b197dfe68ad";3269;"";"";19;6;2012;0;18;"20120618"
"151.64.147.108";"IT";9.187800;45.461200;"AS1267 WIND Telecomunicazioni S.p.A.";"mlab2-mil01";0.022121;1033242.348600;"0.004012999";"darwin";"213.200.99.224";"bittorrent";1340040354;66064.708020;-1.000000;"e10426cb-5035-441b-b484-603a906f7b30";1267;"09";"Milan";19;6;2012;0;18;"20120618"
"2.225.231.97";"IT";7.666700;45.050000;"AS12874 Fastweb SpA";"mlab2-mil01";0.029584;1109656.070070;"0.004012999";"win32";"213.200.99.224";"speedtest";1340040686;1145001.366020;0.031627;"252a836b-55fe-43a0-93e7-d33c5d47fae3";12874;"12";"Torino";19;6;2012;0;18;"20120618"
"81.174.47.101";"IT";12.833300;42.833300;"AS35612 NGI Spa";"mlab2-mil01";0.012043;1739317.962940;"0.004012999";"darwin";"213.200.99.224";"speedtest";1340040742;112478.526747;0.015114;"59a9e8e1-3618-48e2-adea-6559f48400b8";35612;"";"";19;6;2012;0;18;"20120618"
"130.192.91.211";"IT";7.666700;45.050000;"AS137 GARR Italian academic and research network";"mlab2-mil01";0.013501;11720361.713522;"0.004012999";"linux2";"213.200.99.224";"bittorrent";1340040854;11728366.440245;-1.000000;"91708cf1-7028-4b58-9520-faea0010494c";137;"12";"Torino";19;6;2012;0;18;"20120618"
"93.62.73.167";"IT";7.666700;45.050000;"AS12874 Fastweb SpA";"mlab2-mil01";0.050331;1780018.970846;"0.004012999";"win32";"213.200.99.224";"bittorrent";1340041129;77435.869125;-1.000000;"ba264b82-0dde-485e-bdfd-b866b37d1bf8";12874;"12";"Torino";19;6;2012;0;18;"20120618"
"93.36.118.91";"IT";9.266700;45.583300;"AS12874 Fastweb SpA";"mlab2-mil01";0.029683;633245.261967;"0.004012999";"darwin";"213.200.99.224";"speedtest";1340041139;86676.273899;0.034206;"1ac06ae7-306c-4ad7-a420-41b7f457fa4e";12874;"09";"Monza";19;6;2012;0;18;"20120618"
"81.174.37.39";"IT";9.200000;45.466700;"AS35612 NGI Spa";"mlab2-mil01";0.052320;580162.618763;"0.004012999";"darwin";"213.200.99.224";"speedtest";1340041218;120474.042083;0.086118;"40b77977-9095-4ac0-82ab-5053c835779f";35612;"09";"Milan";19;6;2012;0;18;"20120618"
"2.230.35.188";"IT";9.316700;45.350000;"AS12874 Fastweb SpA";"mlab2-mil01";0.029683;637970.643374;"0.004012999";"darwin";"213.200.99.224";"speedtest";1340041456;108589.469316;0.031932;"681448f5-2440-4cd6-afef-f44ecf59facf";12874;"09";"Melegnano";19;6;2012;0;18;"20120618"
"2.40.51.151";"IT";8.700000;45.466700;"AS30722 Vodafone Omnitel N.V.";"mlab2-mil01";0.043050;791401.143948;"0.004012999";"linux2";"213.200.99.224";"speedtest";1340041487;49228.817852;0.046660;"0094fb04-cab2-42b8-abfa-f714dcef0097";30722;"12";"Romentino";19;6;2012;0;18;"20120618"
"151.73.33.145";"IT";14.566700;40.733300;"AS1267 WIND Telecomunicazioni S.p.A.";"mlab2-mil01";0.026019;804154.411049;"0.004009999";"win32";"213.200.99.224";"bittorrent";1340041517;52440.243959;-1.000000;"23d04e8c-1632-480a-8b47-f5057b877ee1";1267;"04";"Angri";19;6;2012;0;18;"20120618"
"79.40.73.110";"IT";8.466700;44.683300;"AS3269 Telecom Italia S.p.a.";"mlab2-mil01";0.028904;1447331.025390;"0.004012999";"win32";"213.200.99.224";"speedtest";1340041533;90764.161956;0.031444;"369d9b6b-8319-418a-a782-5c6286778ee8";3269;"12";"Acqui Terme";19;6;2012;0;18;"20120618"
"93.37.201.95";"IT";11.540300;45.545900;"AS12874 Fastweb SpA";"mlab2-mil01";0.034209;654900.239795;"0.004009999";"win32";"213.200.99.224";"speedtest";1340041630;78966.715922;0.042053;"f694efd4-f67c-4411-8e45-1c801f5c4061";12874;"20";"Vicenza";19;6;2012;0;18;"20120618"
"149.132.117.110";"IT";9.200000;45.466700;"AS137 GARR Italian academic and research network";"mlab2-mil01";0.012559;4254.803172;"0.004012999";"darwin";"213.200.99.224";"bittorrent";1340041775;2108.291520;-1.000000;"c9d3d685-6087-4faf-a87c-eb1dfaa2b53c";137;"18";"Milan";19;6;2012;0;18;"20120618"
"2.230.212.185";"IT";7.666700;45.050000;"AS12874 Fastweb SpA";"mlab2-mil01";0.030112;541523.587069;"0.004012999";"win32";"213.200.99.224";"speedtest";1340041907;1052424.438330;0.028915;"93a97de3-c431-4df5-a005-ea55834352bd";12874;"12";"Torino";19;6;2012;0;18;"20120618"
"2.37.33.36";"IT";11.000000;45.450000;"AS30722 Vodafone Omnitel N.V.";"mlab2-mil01";0.059246;854690.460952;"0.004012999";"win32";"213.200.99.224";"bittorrent";1340042105;65849.881725;-1.000000;"fbf16a61-0135-4285-b426-89f0f0e74041";30722;"20";"Verona";19;6;2012;0;18;"20120618"
"151.60.120.179";"IT";7.316700;44.633300;"AS1267 WIND Telecomunicazioni S.p.A.";"mlab2-mil01";0.032524;146397.391125;"0.004012999";"linux2";"213.200.99.224";"speedtest";1340042255;61364.665855;0.036273;"ce15cdd9-fbc9-4be9-8f83-94df036818bb";1267;"12";"Sanfront";19;6;2012;0;18;"20120618"
"93.151.133.136";"IT";11.000000;45.450000;"AS44957 Vodafone Omnitel N.V.";"mlab2-mil01";0.095173;745814.491505;"0.004012999";"win32";"213.200.99.224";"bittorrent";1340042414;26210.731439;-1.000000;"d0897266-58ca-4f8b-9acb-56daba5a563c";44957;"20";"Verona";20;6;2012;0;18;"20120618"
"94.36.33.130";"IT";8.950000;44.416700;"AS8612 Tiscali Italia S.P.A.";"mlab2-mil01";0.024102;831440.947721;"0.004012999";"darwin";"213.200.99.224";"speedtest";1340042607;52251.832753;0.030401;"894fe1ee-9250-416a-98be-74dd024aea06";8612;"08";"Genova";20;6;2012;0;18;"20120618"
"93.50.201.172";"IT";7.666700;45.050000;"AS12874 Fastweb SpA";"mlab2-mil01";0.026397;1186393.815323;"0.004012999";"win32";"213.200.99.224";"bittorrent";1340042865;1178068.254533;-1.000000;"82d7cd8b-95b2-4fb4-be64-f55010d39d3e";12874;"12";"Torino";20;6;2012;0;18;"20120618"
"78.14.224.92";"IT";9.116700;45.766700;"AS8612 Tiscali Italia S.P.A.";"mlab2-mil01";0.034880;101244.045791;"0.004012999";"darwin";"213.200.99.224";"bittorrent";1340042867;44220.788128;-1.000000;"39792736-bd8b-4a56-942d-1cc983336add";8612;"09";"Lurago D'erba";20;6;2012;0;18;"20120618"
"62.98.65.177";"IT";14.250000;40.833300;"AS1267 WIND Telecomunicazioni S.p.A.";"mlab2-mil01";0.026058;731514.024501;"0.004012999";"win32";"213.200.99.224";"bittorrent";1340043106;41609.392138;-1.000000;"2d006d8d-7c04-46bb-b056-798468ee365e";1267;"04";"Napoli";20;6;2012;0;18;"20120618"
"79.30.49.39";"IT";8.950000;44.416700;"AS3269 Telecom Italia S.p.a.";"mlab2-mil01";0.261986;46069.777738;"0.004012999";"win32";"213.200.99.224";"bittorrent";1340043388;29640.004901;-1.000000;"14b0478f-78ea-46ec-8409-548af450a827";3269;"08";"Genova";20;6;2012;0;18;"20120618"
"78.134.91.209";"IT";9.316700;45.516700;"AS35612 NGI Spa";"mlab2-mil01";0.064384;174577.195268;"0.004012999";"darwin";"213.200.99.224";"speedtest";1340043433;30381.488168;0.047035;"7da8ef87-6dfd-41fe-8a53-f1a960d7de12";35612;"09";"Cernusco";20;6;2012;0;18;"20120618"
"80.117.83.96";"IT";12.833300;42.833300;"AS3269 Telecom Italia S.p.a.";"mlab2-mil01";0.034420;783816.857724;"0.004012999";"win32";"213.200.99.224";"speedtest";1340043895;37344.888944;0.035381;"25353fbe-ce56-4192-a803-65a63443c70a";3269;"";"";20;6;2012;0;18;"20120618"
"79.20.70.163";"IT";8.066600;45.572300;"AS3269 Telecom Italia S.p.a.";"mlab2-mil01";0.173109;592769.890905;"0.004012999";"darwin";"213.200.99.224";"speedtest";1340043926;39203.045335;0.121832;"e838c543-3d44-45bd-9a51-ed5e3c0d7d06";3269;"12";"Biella";20;6;2012;0;18;"20120618"
"79.0.144.41";"IT";10.233300;45.650000;"AS3269 Telecom Italia S.p.a.";"mlab2-mil01";0.021634;1080108.514450;"0.004009999";"win32";"213.200.99.224";"bittorrent";1340043934;95186.617333;-1.000000;"6cb01856-9933-4988-87fe-32c12ca4ed72";3269;"09";"Pieve";20;6;2012;0;18;"20120618"
"147.162.42.20";"IT";11.883300;45.416700;"AS137 GARR Italian academic and research network";"mlab2-mil01";0.013382;9111636.422144;"0.004010999";"linux2";"213.200.99.224";"bittorrent";1340044010;7708609.672824;-1.000000;"727d6a40-2b78-4641-8061-04b6a384e6a6";137;"20";"Padova";20;6;2012;0;18;"20120618"
"2.227.117.130";"IT";12.833300;42.833300;"AS12874 Fastweb SpA";"mlab2-mil01";0.064330;571240.907062;"0.004012999";"win32";"213.200.99.224";"bittorrent";1340044382;61251.570270;-1.000000;"5153657e-8b21-4e60-a99c-70ba473d51de";12874;"";"";20;6;2012;0;18;"20120618"
"95.252.40.120";"IT";9.466700;45.683300;"AS3269 Telecom Italia S.p.a.";"mlab2-mil01";0.035223;813322.207420;"0.004012999";"linux2";"213.200.99.224";"bittorrent";1340044775;45086.368934;-1.000000;"a4fb4910-ec49-4ae0-91f7-a2e3e4aa9e45";3269;"09";"Calusco D'adda";20;6;2012;0;18;"20120618"
"79.30.49.39";"IT";8.950000;44.416700;"AS3269 Telecom Italia S.p.a.";"mlab2-mil01";0.607287;21001.580137;"0.004012999";"win32";"213.200.99.224";"speedtest";1340044944;14600.720247;0.569753;"14b0478f-78ea-46ec-8409-548af450a827";3269;"08";"Genova";20;6;2012;0;18;"20120618"
"82.57.12.248";"IT";17.216700;41.000000;"AS3269 Telecom Italia S.p.a.";"mlab2-mil01";0.060326;817581.365359;"0.004012999";"win32";"213.200.99.224";"bittorrent";1340045303;48170.963922;-1.000000;"f201d94b-ffc9-44aa-ac62-215bbc3baddd";3269;"13";"Polignano A Mare";20;6;2012;0;18;"20120618"
"88.47.41.57";"IT";12.833300;42.833300;"AS3269 Telecom Italia S.p.a.";"mlab2-mil01";0.044334;761042.055945;"0.004012999";"win32";"213.200.99.224";"bittorrent";1340046249;46309.705864;-1.000000;"ec2e71be-f555-4dee-b674-bc8e80a61d77";3269;"";"";21;6;2012;0;18;"20120618"
"95.236.109.240";"IT";11.133300;46.066700;"AS3269 Telecom Italia S.p.a.";"mlab2-mil01";0.027726;1189441.225600;"0.004012999";"darwin";"213.200.99.224";"speedtest";1340046394;98481.451359;0.056961;"3a2b787f-c941-4b74-b356-2363c9904a6c";3269;"17";"Trento";21;6;2012;0;18;"20120618"
"2.225.128.51";"IT";7.666700;45.050000;"AS12874 Fastweb SpA";"mlab2-mil01";0.046441;415732.620524;"0.004012999";"darwin";"213.200.99.224";"speedtest";1340046534;60983.899884;0.048614;"28ba3b2e-cd9a-4c00-8b29-33e0cfe5c596";12874;"12";"Torino";21;6;2012;0;18;"20120618"
"79.20.70.163";"IT";8.066600;45.572300;"AS3269 Telecom Italia S.p.a.";"mlab2-mil01";0.038948;803990.877992;"0.004012999";"darwin";"213.200.99.224";"speedtest";1340046567;41464.306251;0.044679;"432d3481-f83e-450d-b373-e60ae5f17efe";3269;"12";"Biella";21;6;2012;0;18;"20120618"
"2.40.51.151";"IT";8.700000;45.466700;"AS30722 Vodafone Omnitel N.V.";"mlab2-mil01";0.044008;6789.188771;"0.004012999";"linux2";"213.200.99.224";"bittorrent";1340046589;6702.509957;-1.000000;"0094fb04-cab2-42b8-abfa-f714dcef0097";30722;"12";"Romentino";21;6;2012;0;18;"20120618"
"87.13.60.222";"IT";7.783300;44.766700;"AS3269 Telecom Italia S.p.a.";"mlab2-mil01";0.060562;223654.347715;"0.004012999";"darwin";"213.200.99.224";"speedtest";1340046652;37518.033412;0.067853;"c839c4a6-844e-4a80-917c-a2ee7d29e3d4";3269;"12";"Sommariva Del Bosco";21;6;2012;0;18;"20120618"
"151.60.120.179";"IT";7.316700;44.633300;"AS1267 WIND Telecomunicazioni S.p.A.";"mlab2-mil01";0.032920;144336.037241;"0.004012999";"linux2";"213.200.99.224";"bittorrent";1340046874;60528.479294;-1.000000;"ce15cdd9-fbc9-4be9-8f83-94df036818bb";1267;"12";"Sanfront";21;6;2012;0;18;"20120618"
"94.36.33.130";"IT";8.950000;44.416700;"AS8612 Tiscali Italia S.P.A.";"mlab2-mil01";0.023969;862521.273644;"0.004012999";"darwin";"213.200.99.224";"bittorrent";1340046947;51477.597029;-1.000000;"894fe1ee-9250-416a-98be-74dd024aea06";8612;"08";"Genova";21;6;2012;0;18;"20120618"
"151.33.118.238";"IT";7.516700;45.066700;"AS1267 WIND Telecomunicazioni S.p.A.";"mlab2-mil01";0.049194;854023.044068;"0.004011999";"win32";"213.200.99.224";"bittorrent";1340047427;52924.611955;-1.000000;"d9b73a6d-f8f5-4b51-ad98-19348e823a58";1267;"12";"Rivoli";21;6;2012;0;18;"20120618"
"87.253.117.30";"IT";7.666700;45.050000;"AS35719 People & Communication S.R.L.";"mlab2-mil01";0.012213;747759.694649;"0.004012999";"darwin";"213.200.99.224";"bittorrent";1340047571;51795.302900;-1.000000;"60d5ec38-9b55-4e7a-b420-28c886960236";35719;"12";"Torino";21;6;2012;0;18;"20120618"
"80.182.50.90";"IT";12.833300;42.833300;"AS3269 Telecom Italia S.p.a.";"mlab2-mil01";0.039878;790566.111068;"0.004012999";"darwin";"213.200.99.224";"bittorrent";1340047605;49834.784611;-1.000000;"b78c474f-55bd-448a-8e4f-7b197dfe68ad";3269;"";"";21;6;2012;0;18;"20120618"
"78.13.176.56";"IT";11.250000;43.766700;"AS8612 Tiscali Italia S.P.A.";"mlab2-mil01";0.164759;612017.555728;"0.004012999";"darwin";"213.200.99.224";"bittorrent";1340047741;18506.974677;-1.000000;"5f59af2e-2b13-403e-ba8c-0801e50c8913";8612;"16";"Florence";21;6;2012;0;18;"20120618"
"93.35.236.92";"IT";9.233300;45.683300;"AS12874 Fastweb SpA";"mlab2-mil01";0.047866;752556.716015;"0.004011999";"win32";"213.200.99.224";"speedtest";1340047805;42728.580201;0.051967;"9a8fa0ab-ee51-4da8-b32c-4f50bc470f20";12874;"09";"Carate Brianza";21;6;2012;0;18;"20120618"
"2.37.33.36";"IT";11.000000;45.450000;"AS30722 Vodafone Omnitel N.V.";"mlab2-mil01";0.060402;558273.666037;"0.004012999";"win32";"213.200.99.224";"bittorrent";1340047857;31409.979564;-1.000000;"fbf16a61-0135-4285-b426-89f0f0e74041";30722;"20";"Verona";21;6;2012;0;18;"20120618"
"80.117.83.96";"IT";12.833300;42.833300;"AS3269 Telecom Italia S.p.a.";"mlab2-mil01";0.026598;845407.555674;"0.004012999";"win32";"213.200.99.224";"bittorrent";1340048115;38752.638110;-1.000000;"25353fbe-ce56-4192-a803-65a63443c70a";3269;"";"";21;6;2012;0;18;"20120618"
"31.185.19.156";"IT";12.566700;43.050000;"AS47187 Forinicom S.r.l.";"mlab2-mil01";0.035317;48218.673639;"0.004012999";"win32";"213.200.99.224";"speedtest";1340048312;33014.262033;0.040583;"2a30a2a8-273c-4b16-9671-803dc3d96492";47187;"18";"Santa Maria Degli Angeli";21;6;2012;0;18;"20120618"
"149.132.117.110";"IT";9.200000;45.466700;"AS137 GARR Italian academic and research network";"mlab2-mil01";0.012471;9413.899007;"0.004012999";"darwin";"213.200.99.224";"bittorrent";1340048491;11250.723825;-1.000000;"c9d3d685-6087-4faf-a87c-eb1dfaa2b53c";137;"18";"Milan";21;6;2012;0;18;"20120618"
"2.225.243.157";"IT";7.666700;45.050000;"AS12874 Fastweb SpA";"mlab2-mil01";0.044810;452586.389151;"0.004012999";"win32";"213.200.99.224";"bittorrent";1340048606;101615.338061;-1.000000;"d6f86b56-e8d8-492a-b6b6-1b402173691e";12874;"12";"Torino";21;6;2012;0;18;"20120618"
"79.13.203.101";"IT";10.100000;44.083300;"AS3269 Telecom Italia S.p.a.";"mlab2-mil01";0.031468;746061.598959;"0.004009999";"win32";"213.200.99.224";"speedtest";1340048664;46403.671002;0.037197;"ae73866b-a211-42d8-b6f2-d31777806a2e";3269;"16";"Carrara";21;6;2012;0;18;"20120618"
"79.20.70.163";"IT";8.066600;45.572300;"AS3269 Telecom Italia S.p.a.";"mlab2-mil01";0.038679;760948.483334;"0.004012999";"darwin";"213.200.99.224";"bittorrent";1340048831;41408.717604;-1.000000;"e838c543-3d44-45bd-9a51-ed5e3c0d7d06";3269;"12";"Biella";21;6;2012;0;18;"20120618"
"79.20.199.38";"IT";8.250000;44.133300;"AS3269 Telecom Italia S.p.a.";"mlab2-mil01";0.049855;437085.294693;"0.004012999";"darwin";"213.200.99.224";"speedtest";1340049061;49598.211517;0.054684;"a55fc3a4-6716-42c1-ba71-2271ab7783ac";3269;"08";"Loano";21;6;2012;0;18;"20120618"
"80.117.83.96";"IT";12.833300;42.833300;"AS3269 Telecom Italia S.p.a.";"mlab2-mil01";0.026269;792540.971284;"0.004012999";"win32";"213.200.99.224";"speedtest";1340049521;39334.093606;0.033346;"25353fbe-ce56-4192-a803-65a63443c70a";3269;"";"";21;6;2012;0;18;"20120618"
"84.222.108.196";"IT";11.866700;44.583300;"AS8612 Tiscali Italia S.P.A.";"mlab2-mil01";0.057363;576005.864782;"0.004012999";"darwin";"213.200.99.224";"bittorrent";1340049678;41588.389014;-1.000000;"8c002889-ba22-4c1b-a026-e262143a9d1d";8612;"05";"San Biagio";22;6;2012;0;18;"20120618"
"31.185.19.156";"IT";12.566700;43.050000;"AS47187 Forinicom S.r.l.";"mlab2-mil01";0.052845;47839.521281;"0.004012999";"win32";"213.200.99.224";"bittorrent";1340049737;47735.405319;-1.000000;"2a30a2a8-273c-4b16-9671-803dc3d96492";47187;"18";"Santa Maria Degli Angeli";22;6;2012;0;18;"20120618"
"147.162.42.20";"IT";11.883300;45.416700;"AS137 GARR Italian academic and research network";"mlab2-mil01";0.013408;9141460.959990;"0.004010999";"linux2";"213.200.99.224";"bittorrent";1340049757;7970371.654634;-1.000000;"727d6a40-2b78-4641-8061-04b6a384e6a6";137;"20";"Padova";22;6;2012;0;18;"20120618"
"2.40.51.151";"IT";8.700000;45.466700;"AS30722 Vodafone Omnitel N.V.";"mlab2-mil01";0.040758;6992.400318;"0.004012999";"linux2";"213.200.99.224";"bittorrent";1340049965;6702.716058;-1.000000;"0094fb04-cab2-42b8-abfa-f714dcef0097";30722;"12";"Romentino";22;6;2012;0;18;"20120618"
"217.133.46.117";"IT";11.316700;43.583300;"AS8612 Tiscali Italia S.P.A.";"mlab2-mil01";0.027485;1636320.981732;"0.004012999";"win32";"213.200.99.224";"bittorrent";1340050062;105679.449986;-1.000000;"2765e625-af97-4607-9fbe-b7195291ba59";8612;"16";"Greve";22;6;2012;0;18;"20120618"
"95.237.222.196";"IT";7.666700;45.050000;"AS3269 Telecom Italia S.p.a.";"mlab2-mil01";0.045933;395956.383876;"0.004012999";"win32";"213.200.99.224";"bittorrent";1340050254;46356.472359;-1.000000;"47bce1bd-51cc-4815-b6db-71ab66220dd6";3269;"12";"Torino";22;6;2012;0;18;"20120618"
"79.20.70.163";"IT";8.066600;45.572300;"AS3269 Telecom Italia S.p.a.";"mlab2-mil01";0.039351;807702.505946;"0.004012999";"darwin";"213.200.99.224";"speedtest";1340050462;41478.662593;0.045284;"e838c543-3d44-45bd-9a51-ed5e3c0d7d06";3269;"12";"Biella";22;6;2012;0;18;"20120618"
"79.20.199.38";"IT";8.250000;44.133300;"AS3269 Telecom Italia S.p.a.";"mlab2-mil01";0.048874;407064.487929;"0.004012999";"darwin";"213.200.99.224";"bittorrent";1340050540;47293.324423;-1.000000;"a55fc3a4-6716-42c1-ba71-2271ab7783ac";3269;"08";"Loano";22;6;2012;0;18;"20120618"
"2.227.117.130";"IT";12.833300;42.833300;"AS12874 Fastweb SpA";"mlab2-mil01";0.066779;617691.968451;"0.004012999";"win32";"213.200.99.224";"bittorrent";1340050585;60775.302062;-1.000000;"5153657e-8b21-4e60-a99c-70ba473d51de";12874;"";"";22;6;2012;0;18;"20120618"
"151.32.246.63";"IT";7.666700;45.050000;"AS1267 WIND Telecomunicazioni S.p.A.";"mlab2-mil01";0.011869;1557146.448280;"0.004012999";"win32";"213.200.99.224";"speedtest";1340050596;98781.650538;0.015258;"f9c418c2-bbb0-418e-9243-e47b6ed54170";1267;"12";"Torino";22;6;2012;0;18;"20120618"
"188.217.129.219";"IT";14.333300;40.916700;"AS30722 Vodafone Omnitel N.V.";"mlab2-mil01";0.062012;69821.595165;"0.004012999";"win32";"213.200.99.224";"speedtest";1340050537;27129.983943;0.093837;"bb6c2e6b-7f94-482d-ab7a-ba9256571bd8";30722;"04";"Casalnuovo Di Napoli";22;6;2012;0;18;"20120618"
"93.145.96.49";"IT";12.833300;42.833300;"AS44957 Vodafone Omnitel N.V.";"mlab2-mil01";0.066674;184692.906844;"0.004012999";"win32";"213.200.99.224";"speedtest";1340051010;28386.216389;0.077459;"4cf5e6e0-bdab-4304-be70-6c0813dd5cd1";44957;"";"";22;6;2012;0;18;"20120618"
"87.4.74.136";"IT";8.850000;44.716700;"AS3269 Telecom Italia S.p.a.";"mlab2-mil01";0.184345;65832.707722;"0.004012999";"win32";"213.200.99.224";"speedtest";1340050721;14985.491818;0.192770;"d8a56420-51dd-4f7f-811c-30fa9ca36858";3269;"12";"Serravalle Scrivia";22;6;2012;0;18;"20120618"
"93.35.245.96";"IT";9.133300;45.733300;"AS12874 Fastweb SpA";"mlab2-mil01";0.047641;812215.621597;"0.004011999";"win32";"213.200.99.224";"speedtest";1340050729;44740.980590;0.051263;"9a8fa0ab-ee51-4da8-b32c-4f50bc470f20";12874;"09";"Cantù";22;6;2012;0;18;"20120618"
"2.37.33.36";"IT";11.000000;45.450000;"AS30722 Vodafone Omnitel N.V.";"mlab2-mil01";0.091215;545554.802045;"0.004012999";"win32";"213.200.99.224";"bittorrent";1340050738;41894.491852;-1.000000;"fbf16a61-0135-4285-b426-89f0f0e74041";30722;"20";"Verona";22;6;2012;0;18;"20120618"
"31.185.19.156";"IT";12.566700;43.050000;"AS47187 Forinicom S.r.l.";"mlab2-mil01";0.063706;48225.328761;"0.004012999";"win32";"213.200.99.224";"speedtest";1340051152;30099.567369;0.045135;"2a30a2a8-273c-4b16-9671-803dc3d96492";47187;"18";"Santa Maria Degli Angeli";22;6;2012;0;18;"20120618"
"151.60.120.179";"IT";7.316700;44.633300;"AS1267 WIND Telecomunicazioni S.p.A.";"mlab2-mil01";0.030969;155875.686536;"0.004012999";"linux2";"213.200.99.224";"speedtest";1340051482;62215.546795;0.060346;"ce15cdd9-fbc9-4be9-8f83-94df036818bb";1267;"12";"Sanfront";22;6;2012;0;18;"20120618"
"2.40.51.151";"IT";8.700000;45.466700;"AS30722 Vodafone Omnitel N.V.";"mlab2-mil01";0.042619;850628.478738;"0.004012999";"linux2";"213.200.99.224";"speedtest";1340051572;49370.609943;0.046359;"0094fb04-cab2-42b8-abfa-f714dcef0097";30722;"12";"Romentino";22;6;2012;0;18;"20120618"
"80.182.50.90";"IT";12.833300;42.833300;"AS3269 Telecom Italia S.p.a.";"mlab2-mil01";0.037504;800261.198410;"0.004012999";"darwin";"213.200.99.224";"speedtest";1340051984;47352.572350;0.044403;"b78c474f-55bd-448a-8e4f-7b197dfe68ad";3269;"";"";22;6;2012;0;18;"20120618"
"2.36.37.80";"IT";7.666700;45.050000;"AS30722 Vodafone Omnitel N.V.";"mlab2-mil01";0.052818;862233.058568;"0.004012999";"win32";"213.200.99.224";"bittorrent";1340052138;53005.820244;-1.000000;"dd1eb1c2-416e-467c-b945-ec64ed841caa";30722;"12";"Torino";22;6;2012;0;18;"20120618"
"87.4.74.136";"IT";8.850000;44.716700;"AS3269 Telecom Italia S.p.a.";"mlab2-mil01";0.291521;62180.798166;"0.004012999";"win32";"213.200.99.224";"bittorrent";1340052173;30344.345065;-1.000000;"d8a56420-51dd-4f7f-811c-30fa9ca36858";3269;"12";"Serravalle Scrivia";22;6;2012;0;18;"20120618"
"188.10.200.91";"IT";9.716700;45.683300;"AS3269 Telecom Italia S.p.a.";"mlab2-mil01";0.040438;399801.938789;"0.004012999";"darwin";"213.200.99.224";"bittorrent";1340052414;49677.109251;-1.000000;"84b0a809-ea3e-464e-9590-f84cd3a89ac5";3269;"09";"Bergamo";22;6;2012;0;18;"20120618"
"151.33.118.238";"IT";7.516700;45.066700;"AS1267 WIND Telecomunicazioni S.p.A.";"mlab2-mil01";0.010836;836147.553300;"0.004011999";"win32";"213.200.99.224";"speedtest";1340052453;53667.795102;0.016041;"d9b73a6d-f8f5-4b51-ad98-19348e823a58";1267;"12";"Rivoli";22;6;2012;0;18;"20120618"
"188.216.124.199";"IT";7.666700;45.050000;"AS30722 Vodafone Omnitel N.V.";"mlab2-mil01";0.203763;787329.616329;"0.004012999";"darwin";"213.200.99.224";"bittorrent";1340052480;63545.492012;-1.000000;"821aa4b7-0495-4899-9210-11d94170a73b";30722;"12";"Torino";22;6;2012;0;18;"20120618"
"109.234.63.11";"IT";12.833300;42.833300;"AS43989 Ehinet Srl";"mlab2-mil01";0.060704;437090.246335;"0.004009999";"win32";"213.200.99.224";"bittorrent";1340052637;21789.599857;-1.000000;"5d6312ec-b414-42e6-8e89-702c7b4fd5e8";43989;"";"";22;6;2012;0;18;"20120618"
"79.20.70.163";"IT";8.066600;45.572300;"AS3269 Telecom Italia S.p.a.";"mlab2-mil01";0.039262;804186.217424;"0.004012999";"darwin";"213.200.99.224";"speedtest";1340052803;41383.648434;0.044987;"432d3481-f83e-450d-b373-e60ae5f17efe";3269;"12";"Biella";22;6;2012;0;18;"20120618"
"87.11.255.90";"IT";17.229700;40.476100;"AS3269 Telecom Italia S.p.a.";"mlab2-mil01";0.077253;619364.798936;"0.004009999";"win32";"213.200.99.224";"speedtest";1340052885;39515.009796;0.073606;"7989d7c5-459e-4910-93c2-ffd113604f5d";3269;"13";"Taranto";22;6;2012;0;18;"20120618"
"95.252.40.120";"IT";9.466700;45.683300;"AS3269 Telecom Italia S.p.a.";"mlab2-mil01";0.034673;768152.199981;"0.004012999";"linux2";"213.200.99.224";"speedtest";1340052927;50198.535474;0.039072;"a4fb4910-ec49-4ae0-91f7-a2e3e4aa9e45";3269;"09";"Calusco D'adda";22;6;2012;0;18;"20120618"
"217.133.46.117";"IT";11.316700;43.583300;"AS8612 Tiscali Italia S.P.A.";"mlab2-mil01";0.027090;1620714.967625;"0.004012999";"win32";"213.200.99.224";"bittorrent";1340052940;103975.054829;-1.000000;"2765e625-af97-4607-9fbe-b7195291ba59";8612;"16";"Greve";22;6;2012;0;18;"20120618"
"87.15.124.177";"IT";8.950000;44.416700;"AS3269 Telecom Italia S.p.a.";"mlab2-mil01";0.050869;495296.267117;"0.004012999";"win32";"213.200.99.224";"bittorrent";1340053074;46256.407611;-1.000000;"8855f6ca-5043-4b7e-abfd-f4a8ef04d556";3269;"08";"Genova";22;6;2012;0;18;"20120618"
"151.65.31.17";"IT";10.183300;45.683300;"AS1267 WIND Telecomunicazioni S.p.A.";"mlab2-mil01";0.034756;453221.381218;"0.004012999";"win32";"213.200.99.224";"bittorrent";1340053093;99488.397944;-1.000000;"a5016d11-f6c1-4d6d-a30f-48088faa5e70";1267;"09";"Gardone Val Trompia";22;6;2012;0;18;"20120618"
"130.192.91.213";"IT";7.666700;45.050000;"AS137 GARR Italian academic and research network";"mlab2-mil01";0.013099;10786338.925400;"0.004012999";"linux2";"213.200.99.224";"speedtest";1340053091;1702568.932020;0.015058;"cd78793c-1e3b-4944-b4b2-9768fc1cdb97";137;"12";"Torino";22;6;2012;0;18;"20120618"
"87.253.117.30";"IT";7.666700;45.050000;"AS35719 People & Communication S.R.L.";"mlab2-mil01";0.012672;589888.530816;"0.004012999";"darwin";"213.200.99.224";"bittorrent";1340053327;53204.416763;-1.000000;"60d5ec38-9b55-4e7a-b420-28c886960236";35719;"12";"Torino";23;6;2012;0;18;"20120618"
"94.36.27.108";"IT";9.833300;44.116700;"AS8612 Tiscali Italia S.P.A.";"mlab2-mil01";0.030295;841019.696407;"0.004012999";"win32";"213.200.99.224";"speedtest";1340053484;34970.423114;0.030841;"43824351-60f0-4924-9794-e14a103734ad";8612;"08";"La Spezia";23;6;2012;0;18;"20120618"
"62.98.65.177";"IT";14.250000;40.833300;"AS1267 WIND Telecomunicazioni S.p.A.";"mlab2-mil01";0.030709;642264.508379;"0.004012999";"win32";"213.200.99.224";"speedtest";1340053602;39671.173701;0.039448;"2d006d8d-7c04-46bb-b056-798468ee365e";1267;"04";"Napoli";23;6;2012;0;18;"20120618"
"2.37.33.36";"IT";11.000000;45.450000;"AS30722 Vodafone Omnitel N.V.";"mlab2-mil01";0.137075;486593.503119;"0.004012999";"win32";"213.200.99.224";"bittorrent";1340053613;26694.133859;-1.000000;"fbf16a61-0135-4285-b426-89f0f0e74041";30722;"20";"Verona";23;6;2012;0;18;"20120618"
"2.36.184.63";"IT";9.200000;45.466700;"AS30722 Vodafone Omnitel N.V.";"mlab2-mil01";0.059531;501177.415238;"0.004011999";"win32";"213.200.99.224";"speedtest";1340053821;41373.691834;0.069568;"60e4ddb8-b47b-4b72-a668-dea9c263699a";30722;"09";"Milan";23;6;2012;0;18;"20120618"
"82.57.12.248";"IT";17.216700;41.000000;"AS3269 Telecom Italia S.p.a.";"mlab2-mil01";0.060372;721886.064058;"0.004012999";"win32";"213.200.99.224";"bittorrent";1340053884;46989.149678;-1.000000;"f201d94b-ffc9-44aa-ac62-215bbc3baddd";3269;"13";"Polignano A Mare";23;6;2012;0;18;"20120618"
"31.185.19.156";"IT";12.566700;43.050000;"AS47187 Forinicom S.r.l.";"mlab2-mil01";0.038657;48304.129264;"0.004012999";"win32";"213.200.99.224";"speedtest";1340053992;30608.464526;0.029095;"2a30a2a8-273c-4b16-9671-803dc3d96492";47187;"18";"Santa Maria Degli Angeli";23;6;2012;0;18;"20120618"
"195.110.137.171";"IT";12.483300;41.900000;"AS5396 MC-link Spa";"mlab2-mil01";0.033110;519659.815714;"0.004012999";"darwin";"213.200.99.224";"speedtest";1340054049;28277.351065;0.044088;"2d27e34d-ed0a-4c70-8dc2-070f5a0499a1";5396;"07";"Rome";23;6;2012;0;18;"20120618"
"78.14.224.92";"IT";9.116700;45.766700;"AS8612 Tiscali Italia S.P.A.";"mlab2-mil01";0.089028;73419.938574;"0.004012999";"darwin";"213.200.99.224";"speedtest";1340055017;31453.571008;0.139238;"39792736-bd8b-4a56-942d-1cc983336add";8612;"09";"Lurago D'erba";23;6;2012;0;18;"20120618"
"79.13.203.101";"IT";10.100000;44.083300;"AS3269 Telecom Italia S.p.a.";"mlab2-mil01";0.031064;745927.596966;"0.004009999";"win32";"213.200.99.224";"speedtest";1340055108;46350.179180;0.037088;"ae73866b-a211-42d8-b6f2-d31777806a2e";3269;"16";"Carrara";23;6;2012;0;18;"20120618"
"80.117.83.96";"IT";12.833300;42.833300;"AS3269 Telecom Italia S.p.a.";"mlab2-mil01";0.027393;788686.504637;"0.004012999";"win32";"213.200.99.224";"speedtest";1340055147;41547.362845;0.033516;"25353fbe-ce56-4192-a803-65a63443c70a";3269;"";"";23;6;2012;0;18;"20120618"
"93.35.82.167";"IT";9.187800;45.461200;"AS12874 Fastweb SpA";"mlab2-mil01";0.557085;523402.485057;"0.004012999";"win32";"213.200.99.224";"speedtest";1340055290;549051.342452;0.029323;"a74b42dc-9390-4a0a-b2b2-2173de36eb4c";12874;"09";"Milan";23;6;2012;0;18;"20120618"
"2.36.184.63";"IT";9.200000;45.466700;"AS30722 Vodafone Omnitel N.V.";"mlab2-mil01";0.051780;412936.552059;"0.004011999";"win32";"213.200.99.224";"bittorrent";1340055393;47498.848232;-1.000000;"60e4ddb8-b47b-4b72-a668-dea9c263699a";30722;"09";"Milan";23;6;2012;0;18;"20120618"
"151.64.147.108";"IT";9.187800;45.461200;"AS1267 WIND Telecomunicazioni S.p.A.";"mlab2-mil01";0.022151;1010106.616520;"0.004012999";"darwin";"213.200.99.224";"speedtest";1340055790;64824.602255;0.026929;"e10426cb-5035-441b-b484-603a906f7b30";1267;"09";"Milan";23;6;2012;0;18;"20120618"
"130.192.91.213";"IT";7.666700;45.050000;"AS137 GARR Italian academic and research network";"mlab2-mil01";0.013632;11396238.869200;"0.004012999";"linux2";"213.200.99.224";"speedtest";1340056086;1681418.463800;0.015033;"cd78793c-1e3b-4944-b4b2-9768fc1cdb97";137;"12";"Torino";23;6;2012;0;18;"20120618"
"95.237.105.78";"IT";11.750000;45.983300;"AS3269 Telecom Italia S.p.a.";"mlab2-mil01";0.069778;82930.211618;"0.004006999";"win32";"213.200.99.224";"speedtest";1340056252;20053.663354;0.069026;"4c8cf8e8-3775-432d-b665-1e9f49810036";3269;"20";"Arsiè";23;6;2012;0;18;"20120618"
"134.255.175.21";"IT";13.216700;43.366700;"AS198292 Wave-Max S.r.L.";"mlab2-mil01";0.102047;221598.000543;"0.004012999";"win32";"213.200.99.224";"bittorrent";1340056353;43671.922292;-1.000000;"708a55f0-3758-4099-a346-23683a39926d";198292;"10";"Cingoli";23;6;2012;0;18;"20120618"
"62.98.65.177";"IT";14.250000;40.833300;"AS1267 WIND Telecomunicazioni S.p.A.";"mlab2-mil01";0.034737;650653.945661;"0.004012999";"win32";"213.200.99.224";"speedtest";1340056493;39996.214892;0.039963;"2d006d8d-7c04-46bb-b056-798468ee365e";1267;"04";"Napoli";23;6;2012;0;18;"20120618"
"82.50.16.67";"IT";11.583300;44.400000;"AS3269 Telecom Italia S.p.a.";"mlab2-mil01";0.031714;1041161.380150;"0.004008999";"darwin";"213.200.99.224";"speedtest";1340056555;80005.210317;0.035075;"470583b1-76be-479b-a12e-d79962295075";3269;"05";"Castel San Pietro Terme";23;6;2012;0;18;"20120618"
"151.33.12.183";"IT";7.666700;45.050000;"AS1267 WIND Telecomunicazioni S.p.A.";"mlab2-mil01";0.009861;811891.981004;"0.004012999";"win32";"213.200.99.224";"speedtest";1340056683;88353.265267;0.013296;"750b74dc-a4a8-4f1d-be31-231d72d952a2";1267;"12";"Torino";23;6;2012;0;18;"20120618"
"31.185.19.156";"IT";12.566700;43.050000;"AS47187 Forinicom S.r.l.";"mlab2-mil01";0.029317;47799.123382;"0.004012999";"win32";"213.200.99.224";"speedtest";1340056832;32554.092842;0.030129;"2a30a2a8-273c-4b16-9671-803dc3d96492";47187;"18";"Santa Maria Degli Angeli";0;6;2012;1;19;"20120618"
"79.0.144.41";"IT";10.233300;45.650000;"AS3269 Telecom Italia S.p.a.";"mlab2-mil01";0.067220;422476.373825;"0.004009999";"win32";"213.200.99.224";"bittorrent";1340056850;18726.152622;-1.000000;"6cb01856-9933-4988-87fe-32c12ca4ed72";3269;"09";"Pieve";0;6;2012;1;19;"20120618"
"84.222.108.196";"IT";11.866700;44.583300;"AS8612 Tiscali Italia S.P.A.";"mlab2-mil01";0.054449;665126.720942;"0.004012999";"darwin";"213.200.99.224";"speedtest";1340057511;30118.472438;0.061702;"8c002889-ba22-4c1b-a026-e262143a9d1d";8612;"05";"San Biagio";0;6;2012;1;19;"20120618"
"87.253.117.30";"IT";7.666700;45.050000;"AS35719 People & Communication S.R.L.";"mlab2-mil01";0.012402;792167.450686;"0.004012999";"darwin";"213.200.99.224";"speedtest";1340057641;54129.905607;0.018204;"60d5ec38-9b55-4e7a-b420-28c886960236";35719;"12";"Torino";0;6;2012;1;19;"20120618"
"95.237.105.78";"IT";11.750000;45.983300;"AS3269 Telecom Italia S.p.a.";"mlab2-mil01";0.077058;80632.303019;"0.004006999";"win32";"213.200.99.224";"bittorrent";1340057692;34497.348045;-1.000000;"4c8cf8e8-3775-432d-b665-1e9f49810036";3269;"20";"Arsiè";0;6;2012;1;19;"20120618"
"188.216.183.24";"IT";12.833300;42.833300;"AS30722 Vodafone Omnitel N.V.";"mlab2-mil01";0.059154;86282.076097;"0.004012999";"darwin";"213.200.99.224";"bittorrent";1340057767;64471.552013;-1.000000;"eb287f52-d429-4a32-aa75-ba1fd1cf87d2";30722;"";"";0;6;2012;1;19;"20120618"
"80.182.50.90";"IT";12.833300;42.833300;"AS3269 Telecom Italia S.p.a.";"mlab2-mil01";0.038722;803220.503968;"0.004012999";"darwin";"213.200.99.224";"speedtest";1340057823;49321.720203;0.046130;"b78c474f-55bd-448a-8e4f-7b197dfe68ad";3269;"";"";0;6;2012;1;19;"20120618"
"109.114.24.10";"IT";12.833300;42.833300;"AS30722 Vodafone Omnitel N.V.";"mlab2-mil01";0.129787;30308.331120;"0.004012999";"linux2";"213.200.99.224";"bittorrent";1340057829;43500.476227;-1.000000;"69812081-5887-4c20-99b8-91c1d276eca2";30722;"";"";0;6;2012;1;19;"20120618"
"2.225.128.51";"IT";7.666700;45.050000;"AS12874 Fastweb SpA";"mlab2-mil01";0.192798;387112.364396;"0.004012999";"darwin";"213.200.99.224";"bittorrent";1340057832;52588.459543;-1.000000;"28ba3b2e-cd9a-4c00-8b29-33e0cfe5c596";12874;"12";"Torino";0;6;2012;1;19;"20120618"
"80.117.83.96";"IT";12.833300;42.833300;"AS3269 Telecom Italia S.p.a.";"mlab2-mil01";0.027341;791275.139928;"0.004012999";"win32";"213.200.99.224";"speedtest";1340057961;40927.098550;0.032491;"25353fbe-ce56-4192-a803-65a63443c70a";3269;"";"";0;6;2012;1;19;"20120618"
"93.35.224.167";"IT";9.133300;45.633300;"AS12874 Fastweb SpA";"mlab2-mil01";0.046629;863880.955525;"0.004011999";"win32";"213.200.99.224";"bittorrent";1340058036;37100.384033;-1.000000;"9a8fa0ab-ee51-4da8-b32c-4f50bc470f20";12874;"09";"Cesano Maderno";0;6;2012;1;19;"20120618"
"79.6.133.81";"IT";9.200000;45.466700;"AS3269 Telecom Italia S.p.a.";"mlab2-mil01";0.024063;1017789.974590;"0.004012999";"win32";"213.200.99.224";"speedtest";1340058299;71874.862461;0.028854;"fabd9ec4-04a0-49f7-9afc-39e5f8c565ba";3269;"09";"Milan";0;6;2012;1;19;"20120618"
"2.227.117.130";"IT";12.833300;42.833300;"AS12874 Fastweb SpA";"mlab2-mil01";0.063807;595470.237863;"0.004012999";"win32";"213.200.99.224";"speedtest";1340058459;48176.768403;0.069946;"5153657e-8b21-4e60-a99c-70ba473d51de";12874;"";"";0;6;2012;1;19;"20120618"
"79.27.89.167";"IT";12.483300;41.900000;"AS3269 Telecom Italia S.p.a.";"mlab2-mil01";0.035763;1330866.203534;"0.004012999";"darwin";"213.200.99.224";"bittorrent";1340058763;86611.535780;-1.000000;"c671e4d7-9027-4ae8-9058-ad41f0746af0";3269;"07";"Rome";0;6;2012;1;19;"20120618"
"78.14.224.92";"IT";9.116700;45.766700;"AS8612 Tiscali Italia S.P.A.";"mlab2-mil01";0.048606;54532.670594;"0.004012999";"darwin";"213.200.99.224";"bittorrent";1340059286;4438.763282;-1.000000;"39792736-bd8b-4a56-942d-1cc983336add";8612;"09";"Lurago D'erba";0;6;2012;1;19;"20120618"
"130.192.91.211";"IT";7.666700;45.050000;"AS137 GARR Italian academic and research network";"mlab2-mil01";0.014396;11432626.193900;"0.004012999";"linux2";"213.200.99.224";"speedtest";1340059494;1515867.782440;0.017410;"91708cf1-7028-4b58-9520-faea0010494c";137;"12";"Torino";0;6;2012;1;19;"20120618"
"82.57.12.248";"IT";17.216700;41.000000;"AS3269 Telecom Italia S.p.a.";"mlab2-mil01";0.060104;837521.424151;"0.004012999";"win32";"213.200.99.224";"bittorrent";1340059600;49339.596008;-1.000000;"f201d94b-ffc9-44aa-ac62-215bbc3baddd";3269;"13";"Polignano A Mare";0;6;2012;1;19;"20120618"
"109.234.63.11";"IT";12.833300;42.833300;"AS43989 Ehinet Srl";"mlab2-mil01";0.022874;332526.970885;"0.004009999";"win32";"213.200.99.224";"speedtest";1340059856;44553.784661;0.034619;"5d6312ec-b414-42e6-8e89-702c7b4fd5e8";43989;"";"";0;6;2012;1;19;"20120618"
"151.33.12.183";"IT";7.666700;45.050000;"AS1267 WIND Telecomunicazioni S.p.A.";"mlab2-mil01";0.081749;820075.148372;"0.004012999";"win32";"213.200.99.224";"speedtest";1340059898;67421.222114;0.013551;"750b74dc-a4a8-4f1d-be31-231d72d952a2";1267;"12";"Torino";0;6;2012;1;19;"20120618"
"2.36.184.63";"IT";9.200000;45.466700;"AS30722 Vodafone Omnitel N.V.";"mlab2-mil01";0.089920;486288.293637;"0.004011999";"win32";"213.200.99.224";"speedtest";1340060075;35320.651464;0.064759;"60e4ddb8-b47b-4b72-a668-dea9c263699a";30722;"09";"Milan";0;6;2012;1;19;"20120618"
"188.216.124.199";"IT";7.666700;45.050000;"AS30722 Vodafone Omnitel N.V.";"mlab2-mil01";0.042144;848556.320305;"0.004012999";"darwin";"213.200.99.224";"bittorrent";1340060937;65135.060314;-1.000000;"821aa4b7-0495-4899-9210-11d94170a73b";30722;"12";"Torino";1;6;2012;1;19;"20120618"
"31.185.19.156";"IT";12.566700;43.050000;"AS47187 Forinicom S.r.l.";"mlab2-mil01";0.150799;224326.683496;"0.004012999";"win32";"213.200.99.224";"bittorrent";1340061131;181789.179917;-1.000000;"2a30a2a8-273c-4b16-9671-803dc3d96492";47187;"18";"Santa Maria Degli Angeli";1;6;2012;1;19;"20120618"
"79.9.218.223";"IT";12.483300;41.900000;"AS3269 Telecom Italia S.p.a.";"mlab2-mil01";0.034069;826356.472314;"0.004012999";"darwin";"213.200.99.224";"bittorrent";1340061202;94077.106675;-1.000000;"4372ef01-dfbb-4175-8485-4bcfde678997";3269;"07";"Rome";1;6;2012;1;19;"20120618"
"79.20.70.163";"IT";8.066600;45.572300;"AS3269 Telecom Italia S.p.a.";"mlab2-mil01";0.038944;843505.757215;"0.004012999";"darwin";"213.200.99.224";"bittorrent";1340061916;41273.625053;-1.000000;"e838c543-3d44-45bd-9a51-ed5e3c0d7d06";3269;"12";"Biella";1;6;2012;1;19;"20120618"
"88.47.41.57";"IT";12.833300;42.833300;"AS3269 Telecom Italia S.p.a.";"mlab2-mil01";0.059639;760981.588432;"0.004012999";"win32";"213.200.99.224";"bittorrent";1340063450;46643.862510;-1.000000;"ec2e71be-f555-4dee-b674-bc8e80a61d77";3269;"";"";1;6;2012;1;19;"20120618"
"2.37.33.36";"IT";11.000000;45.450000;"AS30722 Vodafone Omnitel N.V.";"mlab2-mil01";0.209274;347728.434524;"0.004012999";"win32";"213.200.99.224";"speedtest";1340063672;43368.330085;0.126234;"fbf16a61-0135-4285-b426-89f0f0e74041";30722;"20";"Verona";1;6;2012;1;19;"20120618"
"78.13.176.56";"IT";11.250000;43.766700;"AS8612 Tiscali Italia S.P.A.";"mlab2-mil01";0.226000;449791.828368;"0.004012999";"darwin";"213.200.99.224";"bittorrent";1340063708;19850.034993;-1.000000;"5f59af2e-2b13-403e-ba8c-0801e50c8913";8612;"16";"Florence";1;6;2012;1;19;"20120618"
"75.145.125.61";"US";-104.984700;39.739200;"AS7922 Comcast Cable Communications, Inc.";"mlab3-lax01";0.047669;2638657.742360;"0.004012999";"linux2";"38.98.51.44";"speedtest";1339977802;642800.068052;0.052900;"d3080793-9920-4346-9c49-3a102587393e";7922;"CO";"Denver";0;6;2012;0;18;"20120618"
"71.168.109.118";"US";-71.411900;42.761800;"AS13672 FAIRPOINT COMMUNICATIONS, INC.";"mlab3-lax01";0.086770;3152131.301620;"0.004010999";"win32";"38.98.51.44";"speedtest";1339977858;1775306.254120;0.090791;"67dea5dc-7b47-465c-9e7a-9c5e0d89a4c3";13672;"NH";"Hudson";0;6;2012;0;18;"20120618"
"98.251.77.68";"US";-83.949600;33.512000;"AS7922 Comcast Cable Communications, Inc.";"mlab3-lax01";0.065366;3146765.785091;"0.004011999";"win32";"38.98.51.44";"bittorrent";1339977976;455285.198329;-1.000000;"cbfab653-aed3-47c3-b7d0-e4159cab6582";7922;"GA";"Covington";0;6;2012;0;18;"20120618"
"96.2.48.78";"US";-96.983300;42.836900;"AS11232 Midcontinent Media, Inc.";"mlab3-lax01";0.273447;538257.870791;"0.004011999";"win32";"38.98.51.44";"speedtest";1339978127;460565.625582;0.109738;"a7ed429a-44c3-4195-a0e5-7eac41680125";11232;"SD";"Vermillion";0;6;2012;0;18;"20120618"
"99.92.88.210";"US";-122.030700;37.353700;"AS7018 AT&T Services, Inc.";"mlab3-lax01";0.040215;1230749.029388;"0.004012999";"darwin";"38.98.51.44";"bittorrent";1339980002;183825.210757;-1.000000;"13cf72ab-670c-4dc7-8fad-aa9a41f4355d";7018;"CA";"Sunnyvale";0;6;2012;0;18;"20120618"
"72.81.232.139";"US";-76.837500;39.174900;"AS701 MCI Communications Services, Inc. d/b/a Verizon Business";"mlab3-lax01";0.089206;1618582.612716;"0.004012999";"darwin";"38.98.51.44";"bittorrent";1339980498;240247.437189;-1.000000;"5d2377cf-2e67-40be-b1dc-e439a545da6f";701;"MD";"Columbia";0;6;2012;0;18;"20120618"
"69.251.194.209";"US";-77.177000;39.175200;"AS7922 Comcast Cable Communications, Inc.";"mlab3-lax01";0.083395;2381938.046000;"0.004011999";"win32";"38.98.51.44";"speedtest";1339980630;471196.436721;0.087975;"5ab805cf-b023-4309-9496-d8b22873a074";7922;"MD";"Montgomery Village";0;6;2012;0;18;"20120618"
"209.155.86.74";"US";-77.426000;43.100500;"AS1785 PaeTec Communications, Inc.";"mlab3-lax01";0.080915;219872.664446;"0.004012999";"win32";"38.98.51.44";"speedtest";1339980823;55948.058811;0.094946;"4841c017-4566-4afc-a805-ba458ccb2be1";1785;"NY";"Fairport";0;6;2012;0;18;"20120618"
"207.231.92.41";"US";-121.370600;38.784300;"AS14051 Roseville Telephone Company";"mlab3-lax01";0.017284;3367980.717630;"0.004012999";"win32";"38.98.51.44";"speedtest";1339981308;4134917.492180;0.022315;"cb121e1a-4701-4c5a-91b5-29c9df2b10c0";14051;"CA";"Roseville";1;6;2012;0;18;"20120618"
"24.61.63.89";"US";-71.031600;42.399700;"AS7922 Comcast Cable Communications, Inc.";"mlab3-lax01";0.105887;636163.837034;"0.004012999";"win32";"38.98.51.44";"bittorrent";1339981436;361456.814357;-1.000000;"641fcec9-64c6-4ec1-a213-90d958a6f9a1";7922;"MA";"Chelsea";1;6;2012;0;18;"20120618"
"173.186.209.95";"US";-84.200300;30.975400;"AS7029 Windstream Communications Inc";"mlab3-lax01";0.143090;42957.175252;"0.004011999";"win32";"38.98.51.44";"speedtest";1339981853;66718.509973;0.212060;"de6fbf44-b9c6-4959-9089-5bd76562acd2";7029;"GA";"Cairo";1;6;2012;0;18;"20120618"
"70.113.90.176";"US";-97.722700;30.310600;"AS11427 Time Warner Cable Internet LLC";"mlab3-lax01";0.077091;1186346.230161;"0.004012999";"win32";"38.98.51.44";"bittorrent";1339982766;212050.111811;-1.000000;"f957f544-b6fe-4e0c-b05d-e4a409241054";11427;"TX";"Austin";1;6;2012;0;18;"20120618"
"50.78.87.177";"US";-106.097500;39.574400;"AS7922 Comcast Cable Communications, Inc.";"mlab3-lax01";0.072338;625980.102481;"0.004012999";"win32";"38.98.51.44";"bittorrent";1339983024;470114.056089;-1.000000;"c4393561-5207-49e8-879a-bbb805c9188f";7922;"CO";"Frisco";1;6;2012;0;18;"20120618"
"208.102.218.140";"US";-84.897500;39.285200;"AS6181 Cincinnati Bell Telephone";"mlab3-lax01";0.073348;1019671.940142;"0.004012999";"win32";"38.98.51.44";"bittorrent";1339983662;236995.683873;-1.000000;"59bc30c0-4f87-4fbd-8bb7-35768315d718";6181;"IN";"West Harrison";1;6;2012;0;18;"20120618"
"68.58.125.60";"US";-86.158000;39.768400;"AS7922 Comcast Cable Communications, Inc.";"mlab3-lax01";0.110245;1823136.752782;"0.004012999";"darwin";"38.98.51.44";"bittorrent";1339983706;517425.819146;-1.000000;"9ad7184c-eb25-4754-a40f-91e4262a9d35";7922;"IN";"Indianapolis";1;6;2012;0;18;"20120618"
"184.177.72.227";"US";-97.000000;38.000000;"AS22773 Cox Communications Inc.";"mlab3-lax01";0.019424;674712.358006;"0.004012999";"win32";"38.98.51.44";"bittorrent";1339983716;778483.508416;-1.000000;"e9aa2936-1c50-4b9d-89e4-2daad232b753";22773;"";"";1;6;2012;0;18;"20120618"
"70.122.243.11";"US";-97.015000;32.954600;"AS11427 Time Warner Cable Internet LLC";"mlab3-lax01";0.059133;2328935.091480;"0.004012999";"win32";"38.98.51.44";"speedtest";1339984443;490606.931543;0.064902;"bab8f612-1f34-46c2-a83e-fbaa7a2f8fa7";11427;"TX";"Coppell";1;6;2012;0;18;"20120618"
"50.83.240.108";"US";-95.977900;45.232200;"AS30036 Mediacom Communications Corp";"mlab3-lax01";0.083011;1237813.174040;"0.004012999";"darwin";"38.98.51.44";"speedtest";1339985182;287862.369073;0.088183;"43af2f72-3dc4-4824-9ff7-faa06a3cb206";30036;"MN";"Appleton";2;6;2012;0;18;"20120618"
"69.143.19.17";"US";-77.104300;38.881000;"AS7922 Comcast Cable Communications, Inc.";"mlab3-lax01";0.083998;2530741.984228;"0.004012999";"darwin";"38.98.51.44";"bittorrent";1339987044;514205.710913;-1.000000;"9b4267aa-e8b7-40bb-a139-5ad1187a6f5d";7922;"VA";"Arlington";2;6;2012;0;18;"20120618"
"75.75.156.100";"US";-77.229100;39.841800;"AS7922 Comcast Cable Communications, Inc.";"mlab3-lax01";0.186601;390533.763680;"0.004012999";"win32";"38.98.51.44";"bittorrent";1339987576;91602.143936;-1.000000;"74807f51-f20f-4c2b-8aa7-32eb64040c5e";7922;"PA";"Gettysburg";2;6;2012;0;18;"20120618"
"68.41.24.217";"US";-83.036000;42.724500;"AS7922 Comcast Cable Communications, Inc.";"mlab3-lax01";0.103635;883301.994360;"0.004012999";"win32";"38.98.51.44";"speedtest";1339988031;484981.897997;0.094635;"7acc5903-5884-4564-add3-0be49e9fa576";7922;"MI";"Washington";2;6;2012;0;18;"20120618"
"71.204.91.144";"US";-84.447700;34.119000;"AS7922 Comcast Cable Communications, Inc.";"mlab3-lax01";0.064980;87844.527411;"0.004012999";"darwin";"38.98.51.44";"bittorrent";1339988888;364660.432676;-1.000000;"4b4fa0bc-987b-4105-9a0b-83e736a6503c";7922;"GA";"Woodstock";3;6;2012;0;18;"20120618"
"208.57.38.36";"US";-117.164900;32.807200;"AS14265 Telepacific Communications";"mlab3-lax01";0.017894;175381.917144;"0.004011999";"linux2";"38.98.51.44";"speedtest";1339989072;180143.801963;0.022653;"71bb2b47-414f-414d-b8ff-f1237c21f432";14265;"CA";"San Diego";3;6;2012;0;18;"20120618"
"24.46.196.47";"US";-73.686200;40.793900;"AS6128 Cablevision Systems Corp.";"mlab3-lax01";0.079711;345305.347309;"0.004012999";"win32";"38.98.51.44";"speedtest";1339989840;253098.684037;0.082855;"103cc2f1-ddd5-4016-83cc-cdd357e7a81a";6128;"NY";"Manhasset";3;6;2012;0;18;"20120618"
"71.204.91.144";"US";-84.447700;34.119000;"AS7922 Comcast Cable Communications, Inc.";"mlab3-lax01";0.072065;131927.923695;"0.004012999";"darwin";"38.98.51.44";"speedtest";1339990385;385210.561108;0.076231;"4b4fa0bc-987b-4105-9a0b-83e736a6503c";7922;"GA";"Woodstock";3;6;2012;0;18;"20120618"
"207.231.92.41";"US";-121.370600;38.784300;"AS14051 Roseville Telephone Company";"mlab3-lax01";0.016683;2396447.743815;"0.004012999";"win32";"38.98.51.44";"bittorrent";1339991464;4106713.773791;-1.000000;"cb121e1a-4701-4c5a-91b5-29c9df2b10c0";14051;"CA";"Roseville";3;6;2012;0;18;"20120618"
"71.206.108.75";"US";-84.525500;42.742200;"AS7922 Comcast Cable Communications, Inc.";"mlab3-lax01";0.126654;53496.676970;"0.004011999";"win32";"38.98.51.44";"speedtest";1339991568;46328.782786;0.263582;"ffaa390e-2089-4db5-9b0b-c03d5eed4c9f";7922;"MI";"Lansing";3;6;2012;0;18;"20120618"
"173.186.209.95";"US";-84.200300;30.975400;"AS7029 Windstream Communications Inc";"mlab3-lax01";0.163953;19133.915862;"0.004011999";"win32";"38.98.51.44";"bittorrent";1339991890;61048.500844;-1.000000;"de6fbf44-b9c6-4959-9089-5bd76562acd2";7029;"GA";"Cairo";3;6;2012;0;18;"20120618"
"67.168.59.54";"US";-122.668000;48.185500;"AS7922 Comcast Cable Communications, Inc.";"mlab3-lax01";0.043310;2417117.945784;"0.004012999";"win32";"38.98.51.44";"bittorrent";1339992218;716280.804581;-1.000000;"ea22d474-846e-407d-9ebe-cd03ff0d64f4";7922;"WA";"Coupeville";4;6;2012;0;18;"20120618"
"184.177.72.227";"US";-97.000000;38.000000;"AS22773 Cox Communications Inc.";"mlab3-lax01";0.019172;699177.181238;"0.004012999";"win32";"38.98.51.44";"bittorrent";1339992721;768073.179926;-1.000000;"e9aa2936-1c50-4b9d-89e4-2daad232b753";22773;"";"";4;6;2012;0;18;"20120618"
"66.66.21.182";"US";-77.602400;43.185800;"AS11351 Time Warner Cable Internet LLC";"mlab3-lax01";0.101879;2133189.937432;"0.004012999";"win32";"38.98.51.44";"bittorrent";1339993550;644074.484529;-1.000000;"b4fb3816-21d6-43b3-91fc-aabe40980e90";11351;"NY";"Rochester";4;6;2012;0;18;"20120618"
"99.92.88.210";"US";-122.030700;37.353700;"AS7018 AT&T Services, Inc.";"mlab3-lax01";0.042309;1425287.576201;"0.004012999";"darwin";"38.98.51.44";"bittorrent";1339994659;181409.660343;-1.000000;"13cf72ab-670c-4dc7-8fad-aa9a41f4355d";7018;"CA";"Sunnyvale";4;6;2012;0;18;"20120618"
"173.246.102.187";"US";-76.612200;39.290400;"AS29169 Gandi SAS";"mlab3-lax01";0.064356;1894432.830210;"0.004011999";"linux2";"38.98.51.44";"speedtest";1339995743;684346.011280;0.065828;"a57cd6aa-6b9a-40e3-ae4c-0685546dd104";29169;"MD";"Baltimore";5;6;2012;0;18;"20120618"
"50.76.47.114";"US";-122.419400;37.774900;"AS7922 Comcast Cable Communications, Inc.";"mlab3-lax01";0.025525;2809684.842750;"0.004012999";"win32";"38.98.51.44";"speedtest";1339995928;2505484.502660;0.027541;"a0907de9-08a5-4097-8c1d-bcbf94e3986b";7922;"CA";"San Francisco";5;6;2012;0;18;"20120618"
"76.169.71.176";"US";-118.273400;33.963800;"AS20001 Time Warner Cable Internet LLC";"mlab3-lax01";0.017679;1901524.806644;"0.004011999";"win32";"38.98.51.44";"bittorrent";1339996416;122480.329366;-1.000000;"2f0c137b-7982-4d9c-b50a-c362f2d810e0";20001;"CA";"Los Angeles";5;6;2012;0;18;"20120618"
"97.126.49.211";"US";-122.217100;47.482900;"AS209 NOVARTIS-DMZ-US";"mlab3-lax01";0.069517;552185.724648;"0.004012999";"darwin";"38.98.51.44";"speedtest";1339996494;92921.850638;0.074065;"8e65a2a9-47d4-4adc-a937-76425a1f5bfe";209;"WA";"Renton";5;6;2012;0;18;"20120618"
"67.77.90.108";"US";-82.079100;29.925400;"AS2379 Embarq Corporation";"mlab3-lax01";0.088422;210280.499255;"0.004012999";"win32";"38.98.51.44";"speedtest";1339997330;83595.565226;0.172185;"b931e1a4-35d0-4ccf-96a9-c4a7c2d31f8b";2379;"FL";"Starke";5;6;2012;0;18;"20120618"
"67.174.9.121";"US";-87.819700;41.894000;"AS7922 Comcast Cable Communications, Inc.";"mlab3-lax01";0.081610;567912.842357;"0.004012999";"win32";"38.98.51.44";"speedtest";1339997488;495170.433017;0.081800;"bdaf2367-a776-4a1f-9c03-a75a6b08c6b1";7922;"IL";"River Forest";5;6;2012;0;18;"20120618"
"50.78.87.177";"US";-106.097500;39.574400;"AS7922 Comcast Cable Communications, Inc.";"mlab3-lax01";0.052860;1136837.414840;"0.004012999";"win32";"38.98.51.44";"speedtest";1339997727;930078.272390;0.053736;"c4393561-5207-49e8-879a-bbb805c9188f";7922;"CO";"Frisco";5;6;2012;0;18;"20120618"
"72.181.251.247";"US";-96.771500;32.833900;"AS11427 Time Warner Cable Internet LLC";"mlab3-lax01";0.055457;1032287.215418;"0.004012999";"darwin";"38.98.51.44";"bittorrent";1339998617;230090.196485;-1.000000;"f6add6e0-3bfa-4414-8fb5-1ec8432ae8bf";11427;"TX";"Dallas";5;6;2012;0;18;"20120618"
"67.77.90.108";"US";-82.079100;29.925400;"AS2379 Embarq Corporation";"mlab3-lax01";0.086810;572242.157617;"0.004012999";"win32";"38.98.51.44";"bittorrent";1339998825;89173.208738;-1.000000;"b931e1a4-35d0-4ccf-96a9-c4a7c2d31f8b";2379;"FL";"Starke";5;6;2012;0;18;"20120618"
"69.251.194.209";"US";-77.177000;39.175200;"AS7922 Comcast Cable Communications, Inc.";"mlab3-lax01";0.078533;2291047.452380;"0.004011999";"win32";"38.98.51.44";"speedtest";1339998867;488655.636512;0.084263;"5ab805cf-b023-4309-9496-d8b22873a074";7922;"MD";"Montgomery Village";5;6;2012;0;18;"20120618"
"70.122.243.11";"US";-97.015000;32.954600;"AS11427 Time Warner Cable Internet LLC";"mlab3-lax01";0.058469;3231635.663860;"0.004012999";"win32";"38.98.51.44";"speedtest";1339999627;569120.415522;0.061327;"bab8f612-1f34-46c2-a83e-fbaa7a2f8fa7";11427;"TX";"Coppell";6;6;2012;0;18;"20120618"
"74.2.122.133";"US";-97.000000;38.000000;"AS18566 MegaPath Corporation";"mlab3-lax01";0.076062;231522.972839;"0.004010999";"win32";"38.98.51.44";"bittorrent";1340000297;220926.415687;-1.000000;"f4acb085-b5ee-429a-a232-3ae956a10cf5";18566;"";"";6;6;2012;0;18;"20120618"
"67.174.9.121";"US";-87.819700;41.894000;"AS7922 Comcast Cable Communications, Inc.";"mlab3-lax01";0.081265;1516377.337600;"0.004012999";"win32";"38.98.51.44";"speedtest";1340000432;490125.405584;0.083428;"bdaf2367-a776-4a1f-9c03-a75a6b08c6b1";7922;"IL";"River Forest";6;6;2012;0;18;"20120618"
"98.222.147.136";"US";-85.681400;40.411900;"AS7922 Comcast Cable Communications, Inc.";"mlab3-lax01";0.090956;2586000.061379;"0.004012999";"linux2";"38.98.51.44";"bittorrent";1340001178;514929.462805;-1.000000;"247a4b73-0dbb-440a-a85f-68d042f5a3a2";7922;"IN";"Fairmount";6;6;2012;0;18;"20120618"
"67.168.66.115";"US";-122.630500;48.321800;"AS7922 Comcast Cable Communications, Inc.";"mlab3-lax01";0.041511;2272309.639090;"0.004012999";"win32";"38.98.51.44";"speedtest";1340001261;548187.871014;0.044121;"3ee99b5a-2c05-4823-a555-34b90b697de5";7922;"WA";"Oak Harbor";6;6;2012;0;18;"20120618"
"98.206.101.228";"US";-87.655100;41.937300;"AS7922 Comcast Cable Communications, Inc.";"mlab3-lax01";0.079822;2405584.278110;"0.004012999";"win32";"38.98.51.44";"speedtest";1340001394;490613.175070;0.081546;"1b8a7968-95b4-4827-8260-84d7e02b3d53";7922;"IL";"Chicago";6;6;2012;0;18;"20120618"
"50.83.240.108";"US";-95.977900;45.232200;"AS30036 Mediacom Communications Corp";"mlab3-lax01";0.081481;764026.255881;"0.004012999";"darwin";"38.98.51.44";"speedtest";1340001714;287017.178034;0.090927;"43af2f72-3dc4-4824-9ff7-faa06a3cb206";30036;"MN";"Appleton";6;6;2012;0;18;"20120618"
"76.168.80.127";"US";-118.243700;34.052200;"AS20001 Time Warner Cable Internet LLC";"mlab3-lax01";0.018193;3121046.889716;"0.004012999";"darwin";"38.98.51.44";"bittorrent";1340001957;121908.869571;-1.000000;"90d62fdd-a880-469e-bb3b-4bf575cfed10";20001;"CA";"Los Angeles";6;6;2012;0;18;"20120618"
"24.22.135.177";"US";-122.332100;47.606200;"AS7922 Comcast Cable Communications, Inc.";"mlab3-lax01";0.038741;2812381.527107;"0.004012999";"linux2";"38.98.51.44";"bittorrent";1340002094;481868.947655;-1.000000;"04cea472-6610-42db-acd2-c644a3d4447f";7922;"WA";"Seattle";6;6;2012;0;18;"20120618"
"99.130.96.199";"US";-117.490800;33.932900;"AS7018 AT&T Services, Inc.";"mlab3-lax01";0.030319;1339925.986260;"0.004012999";"linux2";"38.98.51.44";"speedtest";1340002109;183904.282978;0.035333;"0a3b2944-23c0-4116-a068-0d5627c0dec9";7018;"CA";"Riverside";6;6;2012;0;18;"20120618"
"72.181.251.247";"US";-96.771500;32.833900;"AS11427 Time Warner Cable Internet LLC";"mlab3-lax01";0.056007;2186295.602950;"0.004012999";"darwin";"38.98.51.44";"speedtest";1340002362;219400.178190;0.063573;"ec56ca67-ca5b-4ee7-a615-8743ebac3e8a";11427;"TX";"Dallas";6;6;2012;0;18;"20120618"
"24.46.196.47";"US";-73.686200;40.793900;"AS6128 Cablevision Systems Corp.";"mlab3-lax01";0.078818;1486328.191149;"0.004012999";"win32";"38.98.51.44";"bittorrent";1340002876;244306.442872;-1.000000;"103cc2f1-ddd5-4016-83cc-cdd357e7a81a";6128;"NY";"Manhasset";7;6;2012;0;18;"20120618"
"96.2.48.78";"US";-96.983300;42.836900;"AS11232 Midcontinent Media, Inc.";"mlab3-lax01";0.300659;583984.403076;"0.004011999";"win32";"38.98.51.44";"bittorrent";1340004404;401989.419213;-1.000000;"a7ed429a-44c3-4195-a0e5-7eac41680125";11232;"SD";"Vermillion";7;6;2012;0;18;"20120618"
"75.127.236.122";"US";-97.000000;38.000000;"AS6128 Cablevision Systems Corp.";"mlab3-lax01";0.083824;777612.243818;"0.004012999";"win32";"38.98.51.44";"speedtest";1340004575;545052.115475;0.082454;"560c097a-1dfa-4e05-9893-bdc56e35afc3";6128;"";"";7;6;2012;0;18;"20120618"
"69.251.194.209";"US";-77.177000;39.175200;"AS7922 Comcast Cable Communications, Inc.";"mlab3-lax01";0.079148;2677515.219960;"0.004011999";"win32";"38.98.51.44";"speedtest";1340004930;463093.114632;0.080894;"5ab805cf-b023-4309-9496-d8b22873a074";7922;"MD";"Montgomery Village";7;6;2012;0;18;"20120618"
"50.83.240.108";"US";-95.977900;45.232200;"AS30036 Mediacom Communications Corp";"mlab3-lax01";0.082569;1096080.072820;"0.004012999";"darwin";"38.98.51.44";"speedtest";1340004962;301385.486484;0.085869;"43af2f72-3dc4-4824-9ff7-faa06a3cb206";30036;"MN";"Appleton";7;6;2012;0;18;"20120618"
"71.187.199.3";"US";-74.216400;40.816200;"AS701 MCI Communications Services, Inc. d/b/a Verizon Business";"mlab3-lax01";0.083764;743530.459606;"0.004011999";"win32";"38.98.51.44";"bittorrent";1340004966;321348.233556;-1.000000;"a9bde20f-2872-443c-8e9b-a2f6f162c91d";701;"NJ";"Montclair";7;6;2012;0;18;"20120618"
"68.40.93.208";"US";-82.582300;42.637600;"AS7922 Comcast Cable Communications, Inc.";"mlab3-lax01";0.096150;1747387.898369;"0.004011999";"win32";"38.98.51.44";"bittorrent";1340005074;355444.687184;-1.000000;"5ddd06da-64ad-444c-b2c0-525541d4d177";7922;"MI";"Algonac";7;6;2012;0;18;"20120618"
"76.112.203.189";"US";-83.144600;42.489500;"AS7922 Comcast Cable Communications, Inc.";"mlab3-lax01";0.093296;1621113.919890;"0.004012999";"win32";"38.98.51.44";"speedtest";1340005200;711995.090741;0.094040;"5cb4931f-bf67-49bf-a4ec-d36d7495a682";7922;"MI";"Royal Oak";7;6;2012;0;18;"20120618"
"74.103.162.36";"US";-75.114700;40.427800;"AS701 MCI Communications Services, Inc. d/b/a Verizon Business";"mlab3-lax01";0.083195;1892501.405013;"0.004012999";"darwin";"38.98.51.44";"bittorrent";1340005368;667653.093092;-1.000000;"4eec0d76-fa70-4b4c-91f9-8cb1b74b0682";701;"PA";"Pipersville";7;6;2012;0;18;"20120618"
"70.113.90.176";"US";-97.722700;30.310600;"AS11427 Time Warner Cable Internet LLC";"mlab3-lax01";0.065386;741386.129193;"0.004012999";"win32";"38.98.51.44";"bittorrent";1340005490;215776.693500;-1.000000;"f957f544-b6fe-4e0c-b05d-e4a409241054";11427;"TX";"Austin";7;6;2012;0;18;"20120618"
"71.204.165.181";"US";-122.036300;37.368800;"AS7922 Comcast Cable Communications, Inc.";"mlab3-lax01";0.025993;2859143.163882;"0.004012999";"darwin";"38.98.51.44";"bittorrent";1340005588;510833.499333;-1.000000;"1ce7a86b-b408-4815-ae8b-bf0652a278f3";7922;"CA";"Sunnyvale";7;6;2012;0;18;"20120618"
"75.127.236.122";"US";-97.000000;38.000000;"AS6128 Cablevision Systems Corp.";"mlab3-lax01";0.080278;795288.741784;"0.004012999";"win32";"38.98.51.44";"bittorrent";1340005972;476548.779558;-1.000000;"560c097a-1dfa-4e05-9893-bdc56e35afc3";6128;"";"";7;6;2012;0;18;"20120618"
"184.177.72.227";"US";-97.000000;38.000000;"AS22773 Cox Communications Inc.";"mlab3-lax01";0.019490;745069.258680;"0.004012999";"win32";"38.98.51.44";"speedtest";1340006235;784564.190173;0.020401;"e9aa2936-1c50-4b9d-89e4-2daad232b753";22773;"";"";7;6;2012;0;18;"20120618"
"173.246.102.187";"US";-76.612200;39.290400;"AS29169 Gandi SAS";"mlab3-lax01";0.064449;1437704.937047;"0.004011999";"linux2";"38.98.51.44";"bittorrent";1340006682;655253.435994;-1.000000;"a57cd6aa-6b9a-40e3-ae4c-0685546dd104";29169;"MD";"Baltimore";8;6;2012;0;18;"20120618"
"74.60.227.223";"US";-84.561300;39.399500;"AS16586 CLEARWIRE - CLEAR WIRELESS LLC";"mlab3-lax01";0.140691;183497.010090;"0.004012999";"win32";"38.98.51.44";"bittorrent";1340006960;41091.680057;-1.000000;"59bc30c0-4f87-4fbd-8bb7-35768315d718";16586;"OH";"Hamilton";8;6;2012;0;18;"20120618"
"69.251.194.209";"US";-77.177000;39.175200;"AS7922 Comcast Cable Communications, Inc.";"mlab3-lax01";0.078489;1408270.096840;"0.004011999";"win32";"38.98.51.44";"speedtest";1340007965;437419.071418;0.080783;"5ab805cf-b023-4309-9496-d8b22873a074";7922;"MD";"Montgomery Village";8;6;2012;0;18;"20120618"
"71.192.154.157";"US";-71.051200;42.406300;"AS7922 Comcast Cable Communications, Inc.";"mlab3-lax01";5.581171;453478.602195;"0.004012999";"darwin";"38.98.51.44";"speedtest";1340008287;389804.637004;0.139318;"65fb0ed5-8aab-4ca3-973b-6f6abd2e24d4";7922;"MA";"Everett";8;6;2012;0;18;"20120618"
"206.255.246.41";"US";-94.740500;32.500700;"AS53508 Cablelynx";"mlab3-lax01";0.050516;1423265.708637;"0.004012999";"win32";"38.98.51.44";"bittorrent";1340008360;182236.535006;-1.000000;"3a5b4ca4-0887-432d-a115-9f646a867cdb";53508;"TX";"Longview";8;6;2012;0;18;"20120618"
"184.177.72.227";"US";-97.000000;38.000000;"AS22773 Cox Communications Inc.";"mlab3-lax01";0.019382;749226.085772;"0.004012999";"win32";"38.98.51.44";"speedtest";1340009233;779789.527169;0.021097;"e9aa2936-1c50-4b9d-89e4-2daad232b753";22773;"";"";8;6;2012;0;18;"20120618"
"74.60.227.223";"US";-84.561300;39.399500;"AS16586 CLEARWIRE - CLEAR WIRELESS LLC";"mlab3-lax01";0.148782;245112.077540;"0.004012999";"win32";"38.98.51.44";"bittorrent";1340009895;43503.136340;-1.000000;"59bc30c0-4f87-4fbd-8bb7-35768315d718";16586;"OH";"Hamilton";8;6;2012;0;18;"20120618"
"98.222.147.136";"US";-85.681400;40.411900;"AS7922 Comcast Cable Communications, Inc.";"mlab3-lax01";0.093167;2711335.522612;"0.004012999";"linux2";"38.98.51.44";"bittorrent";1340010294;524206.422301;-1.000000;"247a4b73-0dbb-440a-a85f-68d042f5a3a2";7922;"IN";"Fairmount";9;6;2012;0;18;"20120618"
"24.61.63.89";"US";-71.031600;42.399700;"AS7922 Comcast Cable Communications, Inc.";"mlab3-lax01";0.111646;557820.903082;"0.004012999";"win32";"38.98.51.44";"speedtest";1340010618;389766.239731;0.099750;"641fcec9-64c6-4ec1-a213-90d958a6f9a1";7922;"MA";"Chelsea";9;6;2012;0;18;"20120618"
"173.160.133.65";"US";-122.449200;47.151100;"AS7922 Comcast Cable Communications, Inc.";"mlab3-lax01";0.045207;573013.523050;"0.004012999";"win32";"38.98.51.44";"bittorrent";1340013344;502862.098341;-1.000000;"cd29f4ce-ebe9-47c8-8b18-9406a9618ac1";7922;"WA";"Tacoma";9;6;2012;0;18;"20120618"
"71.204.91.144";"US";-84.447700;34.119000;"AS7922 Comcast Cable Communications, Inc.";"mlab3-lax01";0.065811;1312011.169790;"0.004012999";"darwin";"38.98.51.44";"speedtest";1340014069;508015.450206;0.069106;"4b4fa0bc-987b-4105-9a0b-83e736a6503c";7922;"GA";"Woodstock";10;6;2012;0;18;"20120618"
"99.104.57.129";"US";-87.701600;41.975900;"AS7018 AT&T Services, Inc.";"mlab3-lax01";0.356240;155045.607137;"0.004012999";"darwin";"38.98.51.44";"bittorrent";1340015863;19241.987906;-1.000000;"d6f10baf-3b6d-47fb-999c-6d4188d2d4b2";7018;"IL";"Chicago";10;6;2012;0;18;"20120618"
"67.168.59.54";"US";-122.668000;48.185500;"AS7922 Comcast Cable Communications, Inc.";"mlab3-lax01";0.042996;2926859.694682;"0.004012999";"win32";"38.98.51.44";"bittorrent";1340016341;715855.634540;-1.000000;"ea22d474-846e-407d-9ebe-cd03ff0d64f4";7922;"WA";"Coupeville";10;6;2012;0;18;"20120618"
"184.177.72.227";"US";-97.000000;38.000000;"AS22773 Cox Communications Inc.";"mlab3-lax01";0.019130;770410.326967;"0.004012999";"win32";"38.98.51.44";"bittorrent";1340016742;787701.423763;-1.000000;"e9aa2936-1c50-4b9d-89e4-2daad232b753";22773;"";"";10;6;2012;0;18;"20120618"
"74.60.227.223";"US";-84.561300;39.399500;"AS16586 CLEARWIRE - CLEAR WIRELESS LLC";"mlab3-lax01";0.295267;95394.036923;"0.004012999";"win32";"38.98.51.44";"speedtest";1340017178;46843.287762;0.335774;"59bc30c0-4f87-4fbd-8bb7-35768315d718";16586;"OH";"Hamilton";10;6;2012;0;18;"20120618"
"75.140.153.254";"US";-121.654400;37.130500;"AS20115 Charter Communications";"mlab3-lax01";0.037523;8463118.660760;"0.004012999";"darwin";"38.98.51.44";"speedtest";1340017472;633627.142326;0.033489;"a039434c-d8c0-4f4d-8050-4153de22c986";20115;"CA";"Morgan Hill";11;6;2012;0;18;"20120618"
"68.40.93.208";"US";-82.582300;42.637600;"AS7922 Comcast Cable Communications, Inc.";"mlab3-lax01";0.105642;1780075.322724;"0.004011999";"win32";"38.98.51.44";"bittorrent";1340017736;356588.191175;-1.000000;"5ddd06da-64ad-444c-b2c0-525541d4d177";7922;"MI";"Algonac";11;6;2012;0;18;"20120618"
"76.169.71.176";"US";-118.273400;33.963800;"AS20001 Time Warner Cable Internet LLC";"mlab3-lax01";0.033724;1059828.768140;"0.004011999";"win32";"38.98.51.44";"speedtest";1340018143;122879.047319;0.024085;"2f0c137b-7982-4d9c-b50a-c362f2d810e0";20001;"CA";"Los Angeles";11;6;2012;0;18;"20120618"
"65.32.77.45";"US";-97.000000;38.000000;"AS33363 BRIGHT HOUSE NETWORKS, LLC";"mlab3-lax01";0.080425;2214528.875510;"0.004012999";"win32";"38.98.51.44";"speedtest";1340018661;180815.892566;0.081846;"29daca95-9628-479f-b4be-ee35e322c612";33363;"";"";11;6;2012;0;18;"20120618"
"24.130.152.60";"US";-122.088500;37.709000;"AS7922 Comcast Cable Communications, Inc.";"mlab3-lax01";0.025690;4204845.691183;"0.004012999";"darwin";"38.98.51.44";"bittorrent";1340018904;780224.386569;-1.000000;"92ef1dc6-e5b9-40c8-800b-cc909779319d";7922;"CA";"Castro Valley";11;6;2012;0;18;"20120618"
"69.249.238.83";"US";-75.163800;39.952300;"AS7922 Comcast Cable Communications, Inc.";"mlab3-lax01";0.350959;683289.744724;"0.004012999";"win32";"38.98.51.44";"speedtest";1340019585;40612.289309;0.301867;"a49b9e19-6f47-4dc7-8196-0fc4dbc9e641";7922;"PA";"Philadelphia";11;6;2012;0;18;"20120618"
"71.190.171.206";"US";-73.525400;40.767000;"AS701 MCI Communications Services, Inc. d/b/a Verizon Business";"mlab3-lax01";0.088542;3067049.549496;"0.004012999";"linux2";"38.98.51.44";"bittorrent";1340019849;1604318.656359;-1.000000;"dfd87da2-1968-48ac-9bd2-5469644e29e4";701;"NY";"Hicksville";11;6;2012;0;18;"20120618"
"209.155.86.74";"US";-77.426000;43.100500;"AS1785 PaeTec Communications, Inc.";"mlab3-lax01";0.081646;330686.065444;"0.004012999";"win32";"38.98.51.44";"speedtest";1340019891;58466.319667;0.080287;"4841c017-4566-4afc-a805-ba458ccb2be1";1785;"NY";"Fairport";11;6;2012;0;18;"20120618"
"50.12.211.162";"US";-93.263800;44.980000;"AS16586 CLEARWIRE - CLEAR WIRELESS LLC";"mlab3-lax01";0.139304;83592.925929;"0.004012999";"darwin";"38.98.51.44";"bittorrent";1340021364;119808.563327;-1.000000;"3955a411-3e83-4a8e-aa8e-165233e306e9";16586;"MN";"Minneapolis";12;6;2012;0;18;"20120618"
"98.207.87.80";"US";-122.299100;37.409600;"AS7922 Comcast Cable Communications, Inc.";"mlab3-lax01";0.026501;3154861.500149;"0.004012999";"darwin";"38.98.51.44";"bittorrent";1340022129;255420.228796;-1.000000;"0f7d671c-779f-4f63-8f54-ca28fcc35fd6";7922;"CA";"Redwood City";12;6;2012;0;18;"20120618"
"72.33.255.98";"US";-89.410400;43.076100;"AS59 University of Wisconsin Madison";"mlab3-lax01";0.076794;502789.877581;"0.004012999";"darwin";"38.98.51.44";"speedtest";1340022243;1643941.071630;0.079425;"3f295a53-7a79-47cb-bd75-f79b53a6ae22";59;"WI";"Madison";12;6;2012;0;18;"20120618"
"68.40.185.45";"US";-83.740900;42.277600;"AS7922 Comcast Cable Communications, Inc.";"mlab3-lax01";0.103461;592600.200198;"0.004012999";"darwin";"38.98.51.44";"bittorrent";1340022490;727048.259055;-1.000000;"f77a7853-1ba8-4219-aa2c-2157b5e89023";7922;"MI";"Ann Arbor";12;6;2012;0;18;"20120618"
"72.33.255.98";"US";-89.410400;43.076100;"AS59 University of Wisconsin Madison";"mlab3-lax01";0.077149;325973.575846;"0.004012999";"darwin";"38.98.51.44";"bittorrent";1340023836;812548.385270;-1.000000;"3f295a53-7a79-47cb-bd75-f79b53a6ae22";59;"WI";"Madison";12;6;2012;0;18;"20120618"
"67.168.59.54";"US";-122.668000;48.185500;"AS7922 Comcast Cable Communications, Inc.";"mlab3-lax01";0.042175;3031092.370020;"0.004012999";"win32";"38.98.51.44";"speedtest";1340023873;527093.018718;0.044152;"ea22d474-846e-407d-9ebe-cd03ff0d64f4";7922;"WA";"Coupeville";12;6;2012;0;18;"20120618"
"66.66.21.182";"US";-77.602400;43.185800;"AS11351 Time Warner Cable Internet LLC";"mlab3-lax01";0.100989;1829559.505050;"0.004012999";"win32";"38.98.51.44";"speedtest";1340024470;590757.527402;0.102408;"b4fb3816-21d6-43b3-91fc-aabe40980e90";11351;"NY";"Rochester";13;6;2012;0;18;"20120618"
"96.2.48.78";"US";-96.983300;42.836900;"AS11232 Midcontinent Media, Inc.";"mlab3-lax01";0.296573;591762.685153;"0.004011999";"win32";"38.98.51.44";"speedtest";1340025213;482605.832353;0.113609;"a7ed429a-44c3-4195-a0e5-7eac41680125";11232;"SD";"Vermillion";13;6;2012;0;18;"20120618"
"76.24.39.72";"US";-71.691300;42.413600;"AS7922 Comcast Cable Communications, Inc.";"mlab3-lax01";0.103774;609205.241426;"0.004012999";"win32";"38.98.51.44";"bittorrent";1340025790;453978.449745;-1.000000;"d7fbbeb1-8f79-4feb-9ab1-01beb7b970aa";7922;"MA";"Clinton";13;6;2012;0;18;"20120618"
"69.251.194.209";"US";-77.177000;39.175200;"AS7922 Comcast Cable Communications, Inc.";"mlab3-lax01";0.078757;2599034.789200;"0.004011999";"win32";"38.98.51.44";"speedtest";1340026461;408737.700389;0.081486;"5ab805cf-b023-4309-9496-d8b22873a074";7922;"MD";"Montgomery Village";13;6;2012;0;18;"20120618"
"68.40.185.45";"US";-83.740900;42.277600;"AS7922 Comcast Cable Communications, Inc.";"mlab3-lax01";0.093848;1039209.239880;"0.004012999";"darwin";"38.98.51.44";"speedtest";1340026720;720931.831770;0.099186;"f77a7853-1ba8-4219-aa2c-2157b5e89023";7922;"MI";"Ann Arbor";13;6;2012;0;18;"20120618"
"68.58.125.60";"US";-86.158000;39.768400;"AS7922 Comcast Cable Communications, Inc.";"mlab3-lax01";0.091601;1394060.728620;"0.004012999";"darwin";"38.98.51.44";"speedtest";1340027891;494528.587093;0.095986;"9ad7184c-eb25-4754-a40f-91e4262a9d35";7922;"IN";"Indianapolis";13;6;2012;0;18;"20120618"
"76.169.71.176";"US";-118.273400;33.963800;"AS20001 Time Warner Cable Internet LLC";"mlab3-lax01";0.026241;1838688.259594;"0.004011999";"win32";"38.98.51.44";"bittorrent";1340028022;122874.001041;-1.000000;"2f0c137b-7982-4d9c-b50a-c362f2d810e0";20001;"CA";"Los Angeles";14;6;2012;0;18;"20120618"
"98.206.101.228";"US";-87.655100;41.937300;"AS7922 Comcast Cable Communications, Inc.";"mlab3-lax01";0.080455;2824545.142982;"0.004012999";"win32";"38.98.51.44";"bittorrent";1340028251;514825.173001;-1.000000;"1b8a7968-95b4-4827-8260-84d7e02b3d53";7922;"IL";"Chicago";14;6;2012;0;18;"20120618"
"206.255.246.41";"US";-94.740500;32.500700;"AS53508 Cablelynx";"mlab3-lax01";0.050149;1232927.192650;"0.004012999";"win32";"38.98.51.44";"speedtest";1340028428;177403.470598;0.052707;"3a5b4ca4-0887-432d-a115-9f646a867cdb";53508;"TX";"Longview";14;6;2012;0;18;"20120618"
"68.40.93.208";"US";-82.582300;42.637600;"AS7922 Comcast Cable Communications, Inc.";"mlab3-lax01";0.096151;884096.066113;"0.004011999";"win32";"38.98.51.44";"speedtest";1340028815;428264.596940;0.093516;"5ddd06da-64ad-444c-b2c0-525541d4d177";7922;"MI";"Algonac";14;6;2012;0;18;"20120618"
"98.251.77.68";"US";-83.949600;33.512000;"AS7922 Comcast Cable Communications, Inc.";"mlab3-lax01";0.091467;2737287.736000;"0.004011999";"win32";"38.98.51.44";"speedtest";1340028831;482972.506659;0.069201;"cbfab653-aed3-47c3-b7d0-e4159cab6582";7922;"GA";"Covington";14;6;2012;0;18;"20120618"
"108.6.12.54";"US";-73.936100;40.740000;"AS701 MCI Communications Services, Inc. d/b/a Verizon Business";"mlab3-lax01";0.087558;2870648.047319;"0.004011999";"darwin";"38.98.51.44";"bittorrent";1340029690;772309.482104;-1.000000;"2e291570-e5e9-434c-8fc4-9496c5d43b52";701;"NY";"Long Island City";14;6;2012;0;18;"20120618"
"76.24.39.72";"US";-71.691300;42.413600;"AS7922 Comcast Cable Communications, Inc.";"mlab3-lax01";0.100182;1002023.254040;"0.004012999";"win32";"38.98.51.44";"speedtest";1340030039;409487.119204;0.103277;"d7fbbeb1-8f79-4feb-9ab1-01beb7b970aa";7922;"MA";"Clinton";14;6;2012;0;18;"20120618"
"98.251.77.68";"US";-83.949600;33.512000;"AS7922 Comcast Cable Communications, Inc.";"mlab3-lax01";0.066736;3145761.324103;"0.004011999";"win32";"38.98.51.44";"bittorrent";1340030345;507692.563587;-1.000000;"cbfab653-aed3-47c3-b7d0-e4159cab6582";7922;"GA";"Covington";14;6;2012;0;18;"20120618"
"76.112.161.232";"US";-83.077200;42.375500;"AS7922 Comcast Cable Communications, Inc.";"mlab3-lax01";0.097812;476085.155892;"0.004012999";"win32";"38.98.51.44";"speedtest";1340032306;86994.236142;0.095477;"5cb4931f-bf67-49bf-a4ec-d36d7495a682";7922;"MI";"Detroit";15;6;2012;0;18;"20120618"
"74.163.8.166";"US";-86.875000;30.446700;"AS6389 BellSouth.net Inc.";"mlab3-lax01";0.130414;291248.555936;"0.004012999";"win32";"38.98.51.44";"speedtest";1340032631;45410.267797;0.103097;"4565989b-987f-4c3c-aa75-a740afde3068";6389;"FL";"Navarre";15;6;2012;0;18;"20120618"
"74.93.119.149";"US";-77.460300;37.553800;"AS7922 Comcast Cable Communications, Inc.";"mlab3-lax01";0.082937;2870291.118855;"0.004012999";"win32";"38.98.51.44";"bittorrent";1340032927;608575.164603;-1.000000;"89137afb-b348-4f18-88b5-80cee829292f";7922;"VA";"Richmond";15;6;2012;0;18;"20120618"
"69.143.19.17";"US";-77.104300;38.881000;"AS7922 Comcast Cable Communications, Inc.";"mlab3-lax01";0.082898;3042032.678311;"0.004012999";"darwin";"38.98.51.44";"bittorrent";1340032932;517586.473617;-1.000000;"9b4267aa-e8b7-40bb-a139-5ad1187a6f5d";7922;"VA";"Arlington";15;6;2012;0;18;"20120618"
"70.122.243.11";"US";-97.015000;32.954600;"AS11427 Time Warner Cable Internet LLC";"mlab3-lax01";0.058630;3290419.832970;"0.004012999";"win32";"38.98.51.44";"speedtest";1340032984;580833.491220;0.059356;"bab8f612-1f34-46c2-a83e-fbaa7a2f8fa7";11427;"TX";"Coppell";15;6;2012;0;18;"20120618"
"69.249.238.83";"US";-75.163800;39.952300;"AS7922 Comcast Cable Communications, Inc.";"mlab3-lax01";0.142583;732127.843816;"0.004012999";"win32";"38.98.51.44";"bittorrent";1340033602;73528.075037;-1.000000;"a49b9e19-6f47-4dc7-8196-0fc4dbc9e641";7922;"PA";"Philadelphia";15;6;2012;0;18;"20120618"
"69.251.194.209";"US";-77.177000;39.175200;"AS7922 Comcast Cable Communications, Inc.";"mlab3-lax01";0.079479;3097153.229227;"0.004011999";"win32";"38.98.51.44";"bittorrent";1340034085;490517.523729;-1.000000;"5ab805cf-b023-4309-9496-d8b22873a074";7922;"MD";"Montgomery Village";15;6;2012;0;18;"20120618"
"99.104.57.129";"US";-87.701600;41.975900;"AS7018 AT&T Services, Inc.";"mlab3-lax01";0.305463;216146.071075;"0.004012999";"darwin";"38.98.51.44";"bittorrent";1340034215;10427.405500;-1.000000;"d6f10baf-3b6d-47fb-999c-6d4188d2d4b2";7018;"IL";"Chicago";15;6;2012;0;18;"20120618"
"132.161.219.98";"US";-92.717600;41.721700;"AS22949 Grinnell College";"mlab3-lax01";0.089651;2244423.757890;"0.004012999";"win32";"38.98.51.44";"speedtest";1340034300;563529.730026;0.091010;"de23301c-c09c-4e47-aa2b-90a625720856";22949;"IA";"Grinnell";15;6;2012;0;18;"20120618"
"24.111.85.175";"US";-97.440500;42.935900;"AS11232 Midcontinent Media, Inc.";"mlab3-lax01";0.096287;136619.391210;"0.004011999";"win32";"38.98.51.44";"bittorrent";1340034484;418594.598823;-1.000000;"d8e6a54b-6231-4d06-a9c1-bf3a10f484b1";11232;"SD";"Yankton";15;6;2012;0;18;"20120618"
"70.122.243.11";"US";-97.015000;32.954600;"AS11427 Time Warner Cable Internet LLC";"mlab3-lax01";0.057813;3682140.544791;"0.004012999";"win32";"38.98.51.44";"bittorrent";1340034486;550899.347513;-1.000000;"bab8f612-1f34-46c2-a83e-fbaa7a2f8fa7";11427;"TX";"Coppell";15;6;2012;0;18;"20120618"
"96.2.48.78";"US";-96.983300;42.836900;"AS11232 Midcontinent Media, Inc.";"mlab3-lax01";0.103747;1806588.631510;"0.004012999";"win32";"38.98.51.44";"speedtest";1340034515;479723.571794;0.106453;"d4959228-fa29-4292-8c76-7ca9985284c9";11232;"SD";"Vermillion";15;6;2012;0;18;"20120618"
"207.231.92.41";"US";-121.370600;38.784300;"AS14051 Roseville Telephone Company";"mlab3-lax01";0.016939;3365351.209354;"0.004012999";"win32";"38.98.51.44";"bittorrent";1340034703;4498826.156876;-1.000000;"cb121e1a-4701-4c5a-91b5-29c9df2b10c0";14051;"CA";"Roseville";15;6;2012;0;18;"20120618"
"205.178.18.107";"US";-87.623800;41.884900;"AS6079 RCN";"mlab3-lax01";0.065628;2036712.428079;"0.004011999";"win32";"38.98.51.44";"bittorrent";1340035137;255755.222852;-1.000000;"e98788b3-c49f-4266-b003-f95ea1c0e2a0";6079;"IL";"Chicago";15;6;2012;0;18;"20120618"
"98.124.100.208";"US";-80.038400;33.118000;"AS16863 Home Telephone Company, Inc.";"mlab3-lax01";0.092252;996300.113195;"0.004012999";"linux2";"38.98.51.44";"speedtest";1340035516;174372.769397;0.090143;"adcd5d0f-b5f4-47e4-9505-249669f515a0";16863;"SC";"Moncks Corner";16;6;2012;0;18;"20120618"
"98.206.101.228";"US";-87.655100;41.937300;"AS7922 Comcast Cable Communications, Inc.";"mlab3-lax01";0.078697;2783056.224126;"0.004012999";"win32";"38.98.51.44";"bittorrent";1340035794;513987.381218;-1.000000;"1b8a7968-95b4-4827-8260-84d7e02b3d53";7922;"IL";"Chicago";16;6;2012;0;18;"20120618"
"98.207.87.80";"US";-122.299100;37.409600;"AS7922 Comcast Cable Communications, Inc.";"mlab3-lax01";0.031816;1902196.926560;"0.004012999";"darwin";"38.98.51.44";"speedtest";1340035816;254088.653904;0.031364;"0f7d671c-779f-4f63-8f54-ca28fcc35fd6";7922;"CA";"Redwood City";16;6;2012;0;18;"20120618"
"208.57.38.36";"US";-117.164900;32.807200;"AS14265 Telepacific Communications";"mlab3-lax01";0.025284;181164.968016;"0.004011999";"linux2";"38.98.51.44";"bittorrent";1340036385;178370.663003;-1.000000;"71bb2b47-414f-414d-b8ff-f1237c21f432";14265;"CA";"San Diego";16;6;2012;0;18;"20120618"
"72.181.251.247";"US";-96.771500;32.833900;"AS11427 Time Warner Cable Internet LLC";"mlab3-lax01";0.056066;2448849.493849;"0.004012999";"darwin";"38.98.51.44";"bittorrent";1340036404;228296.166031;-1.000000;"ec56ca67-ca5b-4ee7-a615-8743ebac3e8a";11427;"TX";"Dallas";16;6;2012;0;18;"20120618"
"50.78.87.177";"US";-106.097500;39.574400;"AS7922 Comcast Cable Communications, Inc.";"mlab3-lax01";0.053952;1095786.815700;"0.004012999";"win32";"38.98.51.44";"speedtest";1340036672;929263.856614;0.052373;"c4393561-5207-49e8-879a-bbb805c9188f";7922;"CO";"Frisco";16;6;2012;0;18;"20120618"
"67.172.130.152";"US";-104.821400;38.833900;"AS7922 Comcast Cable Communications, Inc.";"mlab3-lax01";0.066565;2969392.724330;"0.004012999";"darwin";"38.98.51.44";"speedtest";1340036968;356237.834832;0.052754;"e83583f7-4c54-4291-a929-2fd12fd286f5";7922;"CO";"Colorado Springs";16;6;2012;0;18;"20120618"
"98.207.87.80";"US";-122.299100;37.409600;"AS7922 Comcast Cable Communications, Inc.";"mlab3-lax01";0.028017;3158847.091972;"0.004012999";"darwin";"38.98.51.44";"bittorrent";1340037338;254693.556955;-1.000000;"0f7d671c-779f-4f63-8f54-ca28fcc35fd6";7922;"CA";"Redwood City";16;6;2012;0;18;"20120618"
"70.122.243.11";"US";-97.015000;32.954600;"AS11427 Time Warner Cable Internet LLC";"mlab3-lax01";0.055874;3809909.205792;"0.004012999";"win32";"38.98.51.44";"bittorrent";1340037516;630709.914807;-1.000000;"bab8f612-1f34-46c2-a83e-fbaa7a2f8fa7";11427;"TX";"Coppell";16;6;2012;0;18;"20120618"
"173.246.102.187";"US";-76.612200;39.290400;"AS29169 Gandi SAS";"mlab3-lax01";0.064469;3120303.749122;"0.004011999";"linux2";"38.98.51.44";"bittorrent";1340038169;741148.237809;-1.000000;"a57cd6aa-6b9a-40e3-ae4c-0685546dd104";29169;"MD";"Baltimore";16;6;2012;0;18;"20120618"
"98.157.202.20";"US";-87.413900;39.466700;"AS10796 Time Warner Cable Internet LLC";"mlab3-lax01";0.079172;1489649.711210;"0.004011999";"win32";"38.98.51.44";"bittorrent";1340039526;104719.523652;-1.000000;"9c0fa0e1-b625-407b-8e5d-f979a63c0e77";10796;"IN";"Terre Haute";17;6;2012;0;18;"20120618"
"173.160.133.65";"US";-122.449200;47.151100;"AS7922 Comcast Cable Communications, Inc.";"mlab3-lax01";0.045684;572646.152171;"0.004012999";"win32";"38.98.51.44";"bittorrent";1340040180;541055.790105;-1.000000;"cd29f4ce-ebe9-47c8-8b18-9406a9618ac1";7922;"WA";"Tacoma";17;6;2012;0;18;"20120618"
"50.46.199.114";"US";-122.342600;47.739600;"AS5650 Frontier Communications of America, Inc.";"mlab3-lax01";0.082480;1894508.528861;"0.004012999";"darwin";"38.98.51.44";"bittorrent";1340040781;681739.650452;-1.000000;"9c3f8949-43af-4678-be97-2082a5c82606";5650;"WA";"Seattle";17;6;2012;0;18;"20120618"
"66.80.217.179";"US";-105.002200;39.545700;"AS4565 MegaPath Networks Inc.";"mlab3-lax01";0.056733;639769.877267;"0.004012999";"darwin";"38.98.51.44";"bittorrent";1340041023;656811.983499;-1.000000;"fd8f8cbf-53ff-44fa-8e9f-da47c60b3fce";4565;"CO";"Littleton";17;6;2012;0;18;"20120618"
"205.178.18.107";"US";-87.623800;41.884900;"AS6079 RCN";"mlab3-lax01";0.064779;1876083.285252;"0.004011999";"win32";"38.98.51.44";"bittorrent";1340041789;257658.027848;-1.000000;"e98788b3-c49f-4266-b003-f95ea1c0e2a0";6079;"IL";"Chicago";17;6;2012;0;18;"20120618"
"69.143.19.17";"US";-77.104300;38.881000;"AS7922 Comcast Cable Communications, Inc.";"mlab3-lax01";0.078109;2627062.523360;"0.004012999";"darwin";"38.98.51.44";"speedtest";1340042684;297399.522317;0.082257;"9b4267aa-e8b7-40bb-a139-5ad1187a6f5d";7922;"VA";"Arlington";18;6;2012;0;18;"20120618"
"71.118.241.200";"US";-118.880000;34.213300;"AS701 MCI Communications Services, Inc. d/b/a Verizon Business";"mlab3-lax01";0.011083;3174282.315197;"0.004012999";"darwin";"38.98.51.44";"bittorrent";1340042828;2896549.644038;-1.000000;"6240ede4-4770-4ab9-a1a5-5df49c84c463";701;"CA";"Thousand Oaks";18;6;2012;0;18;"20120618"
"24.2.64.100";"US";-112.008200;40.477400;"AS7922 Comcast Cable Communications, Inc.";"mlab3-lax01";0.059900;919969.400936;"0.004012999";"win32";"38.98.51.44";"bittorrent";1340043219;138924.142681;-1.000000;"9a8766b6-803d-48fa-b02a-2091ff6f496e";7922;"UT";"Riverton";18;6;2012;0;18;"20120618"
"207.231.92.41";"US";-121.370600;38.784300;"AS14051 Roseville Telephone Company";"mlab3-lax01";0.016799;3476861.251509;"0.004012999";"win32";"38.98.51.44";"bittorrent";1340043399;3735661.505500;-1.000000;"cb121e1a-4701-4c5a-91b5-29c9df2b10c0";14051;"CA";"Roseville";18;6;2012;0;18;"20120618"
"108.58.78.250";"US";-73.587600;40.755700;"AS6128 Cablevision Systems Corp.";"mlab3-lax01";0.081760;2649808.571350;"0.004011999";"win32";"38.98.51.44";"speedtest";1340043473;596153.727871;0.083287;"63a2819d-1e01-4d29-9601-39befed63efa";6128;"NY";"Westbury";18;6;2012;0;18;"20120618"
"71.65.103.69";"US";-83.902700;39.678000;"AS10796 Time Warner Cable Internet LLC";"mlab3-lax01";0.087339;2042036.222451;"0.004012999";"win32";"38.98.51.44";"bittorrent";1340043761;120351.150860;-1.000000;"6d6c74dc-a35c-4d7b-b891-d665072442c5";10796;"OH";"Xenia";18;6;2012;0;18;"20120618"
"66.80.217.179";"US";-105.002200;39.545700;"AS4565 MegaPath Networks Inc.";"mlab3-lax01";0.057186;552238.362886;"0.004012999";"darwin";"38.98.51.44";"bittorrent";1340044047;689863.493649;-1.000000;"fd8f8cbf-53ff-44fa-8e9f-da47c60b3fce";4565;"CO";"Littleton";18;6;2012;0;18;"20120618"
"98.251.77.68";"US";-83.949600;33.512000;"AS7922 Comcast Cable Communications, Inc.";"mlab3-lax01";0.066590;2697150.864270;"0.004011999";"win32";"38.98.51.44";"speedtest";1340044261;445279.232647;0.071042;"cbfab653-aed3-47c3-b7d0-e4159cab6582";7922;"GA";"Covington";18;6;2012;0;18;"20120618"
"50.193.198.140";"US";-122.213500;47.463700;"AS7922 Comcast Cable Communications, Inc.";"mlab3-lax01";0.042515;821657.892238;"0.004011999";"win32";"38.98.51.44";"bittorrent";1340045109;505062.598184;-1.000000;"2b37de0c-5f49-4446-8b8f-3b2dad14fb61";7922;"WA";"Renton";18;6;2012;0;18;"20120618"
"24.61.63.89";"US";-71.031600;42.399700;"AS7922 Comcast Cable Communications, Inc.";"mlab3-lax01";0.107499;629873.871289;"0.004012999";"win32";"38.98.51.44";"bittorrent";1340046142;400618.082074;-1.000000;"641fcec9-64c6-4ec1-a213-90d958a6f9a1";7922;"MA";"Chelsea";19;6;2012;0;18;"20120618"
"71.206.108.75";"US";-84.525500;42.742200;"AS7922 Comcast Cable Communications, Inc.";"mlab3-lax01";0.097243;314084.411901;"0.004011999";"win32";"38.98.51.44";"bittorrent";1340046162;140023.392178;-1.000000;"ffaa390e-2089-4db5-9b0b-c03d5eed4c9f";7922;"MI";"Lansing";19;6;2012;0;18;"20120618"
"108.6.12.54";"US";-73.936100;40.740000;"AS701 MCI Communications Services, Inc. d/b/a Verizon Business";"mlab3-lax01";0.084340;2580443.798000;"0.004011999";"darwin";"38.98.51.44";"speedtest";1340046310;694513.639559;0.088458;"2e291570-e5e9-434c-8fc4-9496c5d43b52";701;"NY";"Long Island City";19;6;2012;0;18;"20120618"
"76.169.71.176";"US";-118.273400;33.963800;"AS20001 Time Warner Cable Internet LLC";"mlab3-lax01";0.045848;1031257.891230;"0.004011999";"win32";"38.98.51.44";"speedtest";1340046332;122608.019493;0.022846;"2f0c137b-7982-4d9c-b50a-c362f2d810e0";20001;"CA";"Los Angeles";19;6;2012;0;18;"20120618"
"96.2.48.78";"US";-96.983300;42.836900;"AS11232 Midcontinent Media, Inc.";"mlab3-lax01";0.108004;1691884.211280;"0.004012999";"win32";"38.98.51.44";"speedtest";1340046893;419582.772586;0.112059;"d4959228-fa29-4292-8c76-7ca9985284c9";11232;"SD";"Vermillion";19;6;2012;0;18;"20120618"
"68.58.125.60";"US";-86.158000;39.768400;"AS7922 Comcast Cable Communications, Inc.";"mlab3-lax01";0.094386;1187944.269440;"0.004012999";"darwin";"38.98.51.44";"speedtest";1340047527;492636.032686;0.096155;"9ad7184c-eb25-4754-a40f-91e4262a9d35";7922;"IN";"Indianapolis";19;6;2012;0;18;"20120618"
"128.61.31.248";"US";-84.388000;33.749000;"AS2637 Georgia Institute of Technology";"mlab3-lax01";0.053134;931000.871649;"0.004012999";"darwin";"38.98.51.44";"bittorrent";1340048731;2367941.317808;-1.000000;"d1d9cf28-81d6-46b4-ba42-6b229fc338d8";2637;"GA";"Atlanta";19;6;2012;0;18;"20120618"
"67.61.252.127";"US";-116.391500;43.612100;"AS11492 CABLE ONE, INC.";"mlab3-lax01";0.051834;191218.421448;"0.004012999";"win32";"38.98.51.44";"speedtest";1340049291;18912.125717;0.056219;"076c32c5-13b7-4305-a338-c545b0b2a500";11492;"ID";"Meridian";19;6;2012;0;18;"20120618"
"99.92.88.210";"US";-122.030700;37.353700;"AS7018 AT&T Services, Inc.";"mlab3-lax01";0.043240;1418430.921029;"0.004012999";"darwin";"38.98.51.44";"bittorrent";1340049881;183051.676542;-1.000000;"13cf72ab-670c-4dc7-8fad-aa9a41f4355d";7018;"CA";"Sunnyvale";20;6;2012;0;18;"20120618"
"98.243.192.146";"US";-84.594100;42.860200;"AS7922 Comcast Cable Communications, Inc.";"mlab3-lax01";0.102924;241893.800754;"0.004012999";"darwin";"38.98.51.44";"bittorrent";1340050153;484558.914352;-1.000000;"69a61dac-c7ac-4b16-b86b-4bd2f3990f62";7922;"MI";"Dewitt";20;6;2012;0;18;"20120618"
"76.169.71.176";"US";-118.273400;33.963800;"AS20001 Time Warner Cable Internet LLC";"mlab3-lax01";0.015743;974773.047678;"0.004011999";"win32";"38.98.51.44";"bittorrent";1340050561;122956.099706;-1.000000;"2f0c137b-7982-4d9c-b50a-c362f2d810e0";20001;"CA";"Los Angeles";20;6;2012;0;18;"20120618"
"72.181.251.247";"US";-96.771500;32.833900;"AS11427 Time Warner Cable Internet LLC";"mlab3-lax01";0.056194;2202044.644050;"0.004012999";"darwin";"38.98.51.44";"speedtest";1340051006;218106.461712;0.066051;"ec56ca67-ca5b-4ee7-a615-8743ebac3e8a";11427;"TX";"Dallas";20;6;2012;0;18;"20120618"
"69.143.19.17";"US";-77.104300;38.881000;"AS7922 Comcast Cable Communications, Inc.";"mlab3-lax01";0.081022;2644659.145890;"0.004012999";"darwin";"38.98.51.44";"speedtest";1340051041;503295.244530;0.083561;"9b4267aa-e8b7-40bb-a139-5ad1187a6f5d";7922;"VA";"Arlington";20;6;2012;0;18;"20120618"
"75.127.236.122";"US";-97.000000;38.000000;"AS6128 Cablevision Systems Corp.";"mlab3-lax01";0.079834;755933.579805;"0.004012999";"win32";"38.98.51.44";"bittorrent";1340051529;472329.840510;-1.000000;"560c097a-1dfa-4e05-9893-bdc56e35afc3";6128;"";"";20;6;2012;0;18;"20120618"
"98.214.132.10";"US";-89.589000;40.693600;"AS7922 Comcast Cable Communications, Inc.";"mlab3-lax01";0.088050;656704.920466;"0.004012999";"darwin";"38.98.51.44";"bittorrent";1340051870;687462.060842;-1.000000;"ac008ee9-df9b-425b-a370-34b57dce1b90";7922;"IL";"Peoria";20;6;2012;0;18;"20120618"
"72.181.251.247";"US";-96.771500;32.833900;"AS11427 Time Warner Cable Internet LLC";"mlab3-lax01";0.055395;2530268.637273;"0.004012999";"darwin";"38.98.51.44";"bittorrent";1340052631;224515.603714;-1.000000;"ec56ca67-ca5b-4ee7-a615-8743ebac3e8a";11427;"TX";"Dallas";20;6;2012;0;18;"20120618"
"184.177.72.227";"US";-97.000000;38.000000;"AS22773 Cox Communications Inc.";"mlab3-lax01";0.019408;803931.209656;"0.004012999";"win32";"38.98.51.44";"bittorrent";1340052757;793610.760367;-1.000000;"e9aa2936-1c50-4b9d-89e4-2daad232b753";22773;"";"";20;6;2012;0;18;"20120618"
"108.0.16.252";"US";-118.142300;33.771100;"AS701 MCI Communications Services, Inc. d/b/a Verizon Business";"mlab3-lax01";0.007799;1827132.840890;"0.004012999";"darwin";"38.98.51.44";"speedtest";1340053353;690962.718593;0.010956;"b13eed9c-7499-4364-89ba-e85068191268";701;"CA";"Long Beach";21;6;2012;0;18;"20120618"
"98.251.77.68";"US";-83.949600;33.512000;"AS7922 Comcast Cable Communications, Inc.";"mlab3-lax01";0.066118;2362258.933310;"0.004011999";"win32";"38.98.51.44";"speedtest";1340053372;487893.810827;0.068307;"cbfab653-aed3-47c3-b7d0-e4159cab6582";7922;"GA";"Covington";21;6;2012;0;18;"20120618"
"24.46.196.47";"US";-73.686200;40.793900;"AS6128 Cablevision Systems Corp.";"mlab3-lax01";0.081469;1707290.950160;"0.004012999";"win32";"38.98.51.44";"speedtest";1340053389;252577.468533;0.083373;"103cc2f1-ddd5-4016-83cc-cdd357e7a81a";6128;"NY";"Manhasset";21;6;2012;0;18;"20120618"
"173.160.133.65";"US";-122.449200;47.151100;"AS7922 Comcast Cable Communications, Inc.";"mlab3-lax01";0.047406;560875.271644;"0.004012999";"win32";"38.98.51.44";"speedtest";1340053447;598064.755247;0.046368;"cd29f4ce-ebe9-47c8-8b18-9406a9618ac1";7922;"WA";"Tacoma";21;6;2012;0;18;"20120618"
"128.61.31.248";"US";-84.388000;33.749000;"AS2637 Georgia Institute of Technology";"mlab3-lax01";0.053384;432699.138895;"0.004012999";"darwin";"38.98.51.44";"speedtest";1340053502;2264872.778940;0.057103;"d1d9cf28-81d6-46b4-ba42-6b229fc338d8";2637;"GA";"Atlanta";21;6;2012;0;18;"20120618"
"173.20.36.131";"US";-91.455800;40.452000;"AS30036 Mediacom Communications Corp";"mlab3-lax01";0.091238;91279.454650;"0.004012999";"win32";"38.98.51.44";"speedtest";1340053618;166511.910822;0.092549;"6b87ac46-1206-4d9c-afa5-d5cab4a872d6";30036;"IA";"Keokuk";21;6;2012;0;18;"20120618"
"71.192.154.157";"US";-71.051200;42.406300;"AS7922 Comcast Cable Communications, Inc.";"mlab3-lax01";0.104131;100150.824055;"0.004012999";"darwin";"38.98.51.44";"speedtest";1340053912;422639.936792;0.105107;"65fb0ed5-8aab-4ca3-973b-6f6abd2e24d4";7922;"MA";"Everett";21;6;2012;0;18;"20120618"
"50.83.240.108";"US";-95.977900;45.232200;"AS30036 Mediacom Communications Corp";"mlab3-lax01";0.082989;1270948.227780;"0.004012999";"darwin";"38.98.51.44";"speedtest";1340053986;289296.052243;0.106209;"43af2f72-3dc4-4824-9ff7-faa06a3cb206";30036;"MN";"Appleton";21;6;2012;0;18;"20120618"
"98.207.87.80";"US";-122.299100;37.409600;"AS7922 Comcast Cable Communications, Inc.";"mlab3-lax01";0.026424;2901812.580280;"0.004012999";"darwin";"38.98.51.44";"speedtest";1340054092;253846.512882;0.032390;"0f7d671c-779f-4f63-8f54-ca28fcc35fd6";7922;"CA";"Redwood City";21;6;2012;0;18;"20120618"
"184.177.72.227";"US";-97.000000;38.000000;"AS22773 Cox Communications Inc.";"mlab3-lax01";0.029259;719191.627375;"0.004012999";"win32";"38.98.51.44";"speedtest";1340054257;772189.014934;0.025707;"e9aa2936-1c50-4b9d-89e4-2daad232b753";22773;"";"";21;6;2012;0;18;"20120618"
"206.255.246.41";"US";-94.740500;32.500700;"AS53508 Cablelynx";"mlab3-lax01";0.050521;1121930.455800;"0.004012999";"win32";"38.98.51.44";"bittorrent";1340054732;154618.825824;-1.000000;"3a5b4ca4-0887-432d-a115-9f646a867cdb";53508;"TX";"Longview";21;6;2012;0;18;"20120618"
"99.92.88.210";"US";-122.030700;37.353700;"AS7018 AT&T Services, Inc.";"mlab3-lax01";0.039839;1191691.377750;"0.004012999";"darwin";"38.98.51.44";"speedtest";1340057205;181528.806995;0.041345;"13cf72ab-670c-4dc7-8fad-aa9a41f4355d";7018;"CA";"Sunnyvale";22;6;2012;0;18;"20120618"
"68.48.221.17";"US";-76.837500;39.174900;"AS7922 Comcast Cable Communications, Inc.";"mlab3-lax01";0.084648;816588.740065;"0.004012999";"darwin";"38.98.51.44";"bittorrent";1340057465;696138.758849;-1.000000;"4162ce8a-78ab-4a68-9407-13618360662f";7922;"MD";"Columbia";22;6;2012;0;18;"20120618"
"67.130.216.230";"US";-105.937800;35.687000;"AS209 NOVARTIS-DMZ-US";"mlab3-lax01";0.132458;146633.540116;"0.004012999";"win32";"38.98.51.44";"bittorrent";1340057628;62651.706696;-1.000000;"ee8fe911-f84d-4ab8-b486-dda4c138f932";209;"NM";"Santa Fe";22;6;2012;0;18;"20120618"
"69.143.19.17";"US";-77.104300;38.881000;"AS7922 Comcast Cable Communications, Inc.";"mlab3-lax01";0.080777;3054339.242197;"0.004012999";"darwin";"38.98.51.44";"bittorrent";1340058004;466096.058022;-1.000000;"9b4267aa-e8b7-40bb-a139-5ad1187a6f5d";7922;"VA";"Arlington";22;6;2012;0;18;"20120618"
"71.204.91.144";"US";-84.447700;34.119000;"AS7922 Comcast Cable Communications, Inc.";"mlab3-lax01";0.065870;1686768.918950;"0.004012999";"darwin";"38.98.51.44";"speedtest";1340058790;502245.194171;0.071374;"4b4fa0bc-987b-4105-9a0b-83e736a6503c";7922;"GA";"Woodstock";22;6;2012;0;18;"20120618"
"66.80.217.179";"US";-105.002200;39.545700;"AS4565 MegaPath Networks Inc.";"mlab3-lax01";0.053424;576576.257962;"0.004012999";"darwin";"38.98.51.44";"bittorrent";1340059210;658774.731126;-1.000000;"fd8f8cbf-53ff-44fa-8e9f-da47c60b3fce";4565;"CO";"Littleton";22;6;2012;0;18;"20120618"
"96.2.48.78";"US";-96.983300;42.836900;"AS11232 Midcontinent Media, Inc.";"mlab3-lax01";0.303746;587270.356362;"0.004011999";"win32";"38.98.51.44";"bittorrent";1340060369;403036.931401;-1.000000;"a7ed429a-44c3-4195-a0e5-7eac41680125";11232;"SD";"Vermillion";22;6;2012;0;18;"20120618"
"208.57.38.36";"US";-117.164900;32.807200;"AS14265 Telepacific Communications";"mlab3-lax01";0.017341;181217.572925;"0.004011999";"linux2";"38.98.51.44";"bittorrent";1340060550;181413.857560;-1.000000;"71bb2b47-414f-414d-b8ff-f1237c21f432";14265;"CA";"San Diego";23;6;2012;0;18;"20120618"
"207.231.92.41";"US";-121.370600;38.784300;"AS14051 Roseville Telephone Company";"mlab3-lax01";0.016948;3527686.945621;"0.004012999";"win32";"38.98.51.44";"bittorrent";1340060571;4509647.043208;-1.000000;"cb121e1a-4701-4c5a-91b5-29c9df2b10c0";14051;"CA";"Roseville";23;6;2012;0;18;"20120618"
"99.104.57.129";"US";-87.701600;41.975900;"AS7018 AT&T Services, Inc.";"mlab3-lax01";0.420709;61017.034268;"0.004012999";"darwin";"38.98.51.44";"bittorrent";1340061356;16809.942731;-1.000000;"d6f10baf-3b6d-47fb-999c-6d4188d2d4b2";7018;"IL";"Chicago";23;6;2012;0;18;"20120618"
"75.127.236.122";"US";-97.000000;38.000000;"AS6128 Cablevision Systems Corp.";"mlab3-lax01";0.080774;775487.983773;"0.004012999";"win32";"38.98.51.44";"speedtest";1340061524;539807.355229;0.083629;"560c097a-1dfa-4e05-9893-bdc56e35afc3";6128;"";"";23;6;2012;0;18;"20120618"
"74.103.162.36";"US";-75.114700;40.427800;"AS701 MCI Communications Services, Inc. d/b/a Verizon Business";"mlab3-lax01";0.083624;1498485.642310;"0.004012999";"darwin";"38.98.51.44";"speedtest";1340061778;626135.104976;0.085423;"4eec0d76-fa70-4b4c-91f9-8cb1b74b0682";701;"PA";"Pipersville";23;6;2012;0;18;"20120618"
"50.46.199.114";"US";-122.342600;47.739600;"AS5650 Frontier Communications of America, Inc.";"mlab3-lax01";0.082580;1636524.831990;"0.004012999";"darwin";"38.98.51.44";"speedtest";1340061834;647130.033432;0.084552;"9c3f8949-43af-4678-be97-2082a5c82606";5650;"WA";"Seattle";23;6;2012;0;18;"20120618"
"67.130.216.230";"US";-105.937800;35.687000;"AS209 NOVARTIS-DMZ-US";"mlab3-lax01";0.046532;144724.916244;"0.004012999";"win32";"38.98.51.44";"speedtest";1340062156;60969.208906;0.069207;"ee8fe911-f84d-4ab8-b486-dda4c138f932";209;"NM";"Santa Fe";23;6;2012;0;18;"20120618"
"68.175.101.106";"US";-74.006000;40.714300;"AS12271 Time Warner Cable Internet LLC";"mlab3-lax01";0.080753;3451549.385064;"0.004012999";"darwin";"38.98.51.44";"bittorrent";1340062929;632942.272860;-1.000000;"bff92ae8-06db-4514-9002-ba6c8f7bec43";12271;"NY";"New York";23;6;2012;0;18;"20120618"
"98.214.132.10";"US";-89.589000;40.693600;"AS7922 Comcast Cable Communications, Inc.";"mlab3-lax01";0.087667;674575.099952;"0.004012999";"darwin";"38.98.51.44";"speedtest";1340062976;647809.023902;0.091341;"ac008ee9-df9b-425b-a370-34b57dce1b90";7922;"IL";"Peoria";23;6;2012;0;18;"20120618"
"24.61.63.89";"US";-71.031600;42.399700;"AS7922 Comcast Cable Communications, Inc.";"mlab3-lax01";0.106552;599027.765346;"0.004012999";"win32";"38.98.51.44";"speedtest";1340063055;470802.498174;0.100222;"641fcec9-64c6-4ec1-a213-90d958a6f9a1";7922;"MA";"Chelsea";23;6;2012;0;18;"20120618"
"68.58.165.186";"US";-80.107000;32.841300;"AS7922 Comcast Cable Communications, Inc.";"mlab3-lax01";0.085689;769714.181248;"0.004012999";"linux2";"38.98.51.44";"bittorrent";1340063067;817216.793330;-1.000000;"564f666b-3c55-40d4-a5f8-92064e970a5f";7922;"SC";"Charleston";23;6;2012;0;18;"20120618"
"71.190.171.206";"US";-73.525400;40.767000;"AS701 MCI Communications Services, Inc. d/b/a Verizon Business";"mlab3-lax01";0.084478;2863141.129450;"0.004012999";"linux2";"38.98.51.44";"speedtest";1340063532;1399961.037900;0.084876;"dfd87da2-1968-48ac-9bd2-5469644e29e4";701;"NY";"Hicksville";23;6;2012;0;18;"20120618"
"87.194.32.93";"GB";-0.233300;51.500000;"AS35228 Telefonica UK Limited";"mlab2-lhr01";0.014952;967759.121919;"0.004012999";"linux2";"217.163.1.95";"speedtest";1339977897;116104.572880;0.018819;"fa75ae33-87ca-4c4a-8aeb-0a3a19684949";35228;"F1";"Hammersmith";1;6;2012;0;18;"20120618"
"109.153.120.105";"GB";-0.093100;51.514200;"AS2856 BTnet UK Regional network";"mlab2-lhr01";0.023913;1076733.992400;"0.004012999";"darwin";"217.163.1.95";"speedtest";1339978039;122497.547323;0.029030;"591848d7-684a-46db-a17c-1bb1ef97f6c4";2856;"H9";"London";1;6;2012;0;18;"20120618"
"62.173.117.2";"GB";-4.557800;51.986400;"AS6656 Star Technology Services Limited";"mlab2-lhr01";0.007253;5845960.059823;"0.004010999";"linux2";"217.163.1.95";"bittorrent";1339978516;5741309.299532;-1.000000;"f05e11ce-f17a-4492-af90-1a5c53e38d5d";6656;"Y7";"Star";1;6;2012;0;18;"20120618"
"82.31.117.136";"GB";0.157500;51.474400;"AS5089 Virgin Media Limited";"mlab2-lhr01";0.015431;1478144.220920;"0.004012999";"linux2";"217.163.1.95";"speedtest";1339979032;1207495.812010;0.030130;"4734c249-c01f-4aa9-a857-643af3bbcee2";5089;"A6";"Erith";1;6;2012;0;18;"20120618"
"94.175.11.250";"GB";-0.093100;51.514200;"AS5089 Virgin Media Limited";"mlab2-lhr01";0.018838;5258082.691140;"0.004012999";"darwin";"217.163.1.95";"speedtest";1339979411;345329.183688;0.036332;"31fd9ef2-28eb-4f11-ab98-d75d22e70cd7";5089;"H9";"London";1;6;2012;0;18;"20120618"
"212.159.44.194";"GB";-0.130000;51.500000;"AS6871 PlusNet PLC";"mlab2-lhr01";0.049230;701365.416212;"0.004010999";"win32";"217.163.1.95";"bittorrent";1339979491;46539.117194;-1.000000;"32ca6102-f7ea-47cc-9110-145befadba5a";6871;"";"";1;6;2012;0;18;"20120618"
"134.151.33.84";"GB";-1.916700;52.466700;"AS786 The JNT Association";"mlab2-lhr01";0.015805;3383256.391016;"0.004011999";"linux2";"217.163.1.95";"bittorrent";1339979669;6781414.230204;-1.000000;"34987743-340f-404c-bbab-25f3ba5726fb";786;"A7";"Birmingham";1;6;2012;0;18;"20120618"
"77.98.68.89";"GB";-1.939900;52.310500;"AS5089 Virgin Media Limited";"mlab2-lhr01";0.020216;1183269.923494;"0.004012999";"linux2";"217.163.1.95";"bittorrent";1339981056;106272.744353;-1.000000;"ee5bc8c0-ae84-4f54-b716-63ba15e38795";5089;"Q4";"Redditch";1;6;2012;0;18;"20120618"
"134.151.0.62";"GB";-1.916700;52.466700;"AS786 The JNT Association";"mlab2-lhr01";0.015607;15652.044097;"0.004011999";"linux2";"217.163.1.95";"bittorrent";1339981226;15162.286424;-1.000000;"fd8de4c7-c3b6-4aa3-8e16-e3400ab7a911";786;"A7";"Birmingham";2;6;2012;0;18;"20120618"
"81.158.148.124";"GB";-1.333300;54.216700;"AS2856 BTnet UK Regional network";"mlab2-lhr01";0.063246;121536.275866;"0.004012999";"linux2";"217.163.1.95";"speedtest";1339981508;46366.786690;0.058890;"e37b8625-0644-419c-92a3-b5a6a3b3726c";2856;"J7";"Thirsk";2;6;2012;0;18;"20120618"
"92.24.88.222";"GB";-0.093100;51.514200;"AS13285 TalkTalk Communications Limited";"mlab2-lhr01";0.030052;470260.127807;"0.004012999";"win32";"217.163.1.95";"bittorrent";1339982178;98260.547907;-1.000000;"407ac3cb-a4ae-41d8-9c4c-0971091666da";13285;"H9";"London";2;6;2012;0;18;"20120618"
"212.139.246.127";"GB";-0.130000;51.500000;"AS9105 Tiscali UK";"mlab2-lhr01";0.016836;468791.627033;"0.004012999";"darwin";"217.163.1.95";"speedtest";1339982274;80153.772892;0.020534;"17522bf2-605a-483d-b0d7-36583414f00c";9105;"";"";2;6;2012;0;18;"20120618"
"82.16.158.94";"GB";-0.093100;51.514200;"AS5089 Virgin Media Limited";"mlab2-lhr01";0.025383;5943022.843560;"0.004012999";"win32";"217.163.1.95";"speedtest";1339982703;479752.511777;0.016405;"9726bbb2-cde6-4c53-9b05-82c3b868ab5f";5089;"H9";"London";2;6;2012;0;18;"20120618"
"81.158.148.124";"GB";-1.333300;54.216700;"AS2856 BTnet UK Regional network";"mlab2-lhr01";0.208651;150553.720354;"0.004012999";"linux2";"217.163.1.95";"bittorrent";1339983754;46420.881198;-1.000000;"e37b8625-0644-419c-92a3-b5a6a3b3726c";2856;"J7";"Thirsk";2;6;2012;0;18;"20120618"
"82.16.158.94";"GB";-0.093100;51.514200;"AS5089 Virgin Media Limited";"mlab2-lhr01";0.033578;6059267.929530;"0.004012999";"win32";"217.163.1.95";"bittorrent";1339984100;534848.499283;-1.000000;"9726bbb2-cde6-4c53-9b05-82c3b868ab5f";5089;"H9";"London";2;6;2012;0;18;"20120618"
"77.98.68.89";"GB";-1.939900;52.310500;"AS5089 Virgin Media Limited";"mlab2-lhr01";0.113753;1198866.211031;"0.004012999";"linux2";"217.163.1.95";"bittorrent";1339984154;116771.203058;-1.000000;"ee5bc8c0-ae84-4f54-b716-63ba15e38795";5089;"Q4";"Redditch";2;6;2012;0;18;"20120618"
"62.173.117.2";"GB";-4.557800;51.986400;"AS6656 Star Technology Services Limited";"mlab2-lhr01";0.007311;5916323.104296;"0.004010999";"linux2";"217.163.1.95";"bittorrent";1339984520;5896758.032591;-1.000000;"f05e11ce-f17a-4492-af90-1a5c53e38d5d";6656;"Y7";"Star";2;6;2012;0;18;"20120618"
"81.158.148.124";"GB";-1.333300;54.216700;"AS2856 BTnet UK Regional network";"mlab2-lhr01";0.035348;149207.588776;"0.004012999";"linux2";"217.163.1.95";"speedtest";1339984916;47437.469876;0.042035;"e37b8625-0644-419c-92a3-b5a6a3b3726c";2856;"J7";"Thirsk";3;6;2012;0;18;"20120618"
"82.31.117.136";"GB";0.157500;51.474400;"AS5089 Virgin Media Limited";"mlab2-lhr01";0.009630;4475306.023170;"0.004012999";"linux2";"217.163.1.95";"speedtest";1339985508;1210653.359340;0.013015;"4734c249-c01f-4aa9-a857-643af3bbcee2";5089;"A6";"Erith";3;6;2012;0;18;"20120618"
"77.98.68.89";"GB";-1.939900;52.310500;"AS5089 Virgin Media Limited";"mlab2-lhr01";0.018317;1109272.155710;"0.004012999";"linux2";"217.163.1.95";"speedtest";1339985707;84644.393576;0.031753;"ee5bc8c0-ae84-4f54-b716-63ba15e38795";5089;"Q4";"Redditch";3;6;2012;0;18;"20120618"
"62.173.117.2";"GB";-4.557800;51.986400;"AS6656 Star Technology Services Limited";"mlab2-lhr01";0.007102;5859857.795630;"0.004010999";"linux2";"217.163.1.95";"speedtest";1339986016;5479729.917840;0.008346;"f05e11ce-f17a-4492-af90-1a5c53e38d5d";6656;"Y7";"Star";3;6;2012;0;18;"20120618"
"212.139.246.127";"GB";-0.130000;51.500000;"AS9105 Tiscali UK";"mlab2-lhr01";0.016081;474506.904848;"0.004012999";"darwin";"217.163.1.95";"bittorrent";1339986475;80322.184169;-1.000000;"17522bf2-605a-483d-b0d7-36583414f00c";9105;"";"";3;6;2012;0;18;"20120618"
"77.98.68.89";"GB";-1.939900;52.310500;"AS5089 Virgin Media Limited";"mlab2-lhr01";0.017748;1169049.109273;"0.004012999";"linux2";"217.163.1.95";"bittorrent";1339987257;69650.856889;-1.000000;"ee5bc8c0-ae84-4f54-b716-63ba15e38795";5089;"Q4";"Redditch";3;6;2012;0;18;"20120618"
"84.233.227.240";"GB";-0.093100;51.514200;"AS8928 Interoute Communications Limited";"mlab2-lhr01";0.022235;52035.636225;"0.004012999";"darwin";"217.163.1.95";"bittorrent";1339987676;30923.458894;-1.000000;"15eb85bd-e3cb-4d25-862c-2c4eba8ab47b";8928;"H9";"London";3;6;2012;0;18;"20120618"
"92.24.88.222";"GB";-0.093100;51.514200;"AS13285 TalkTalk Communications Limited";"mlab2-lhr01";0.030238;150637.825286;"0.004012999";"win32";"217.163.1.95";"bittorrent";1339987915;98156.119566;-1.000000;"407ac3cb-a4ae-41d8-9c4c-0971091666da";13285;"H9";"London";3;6;2012;0;18;"20120618"
"134.151.0.62";"GB";-1.916700;52.466700;"AS786 The JNT Association";"mlab2-lhr01";0.016164;15185.177307;"0.004011999";"linux2";"217.163.1.95";"bittorrent";1339988596;15069.977234;-1.000000;"fd8de4c7-c3b6-4aa3-8e16-e3400ab7a911";786;"A7";"Birmingham";4;6;2012;0;18;"20120618"
"77.98.68.89";"GB";-1.939900;52.310500;"AS5089 Virgin Media Limited";"mlab2-lhr01";0.017113;1102581.169850;"0.004012999";"linux2";"217.163.1.95";"speedtest";1339988810;81429.425381;0.025968;"ee5bc8c0-ae84-4f54-b716-63ba15e38795";5089;"Q4";"Redditch";4;6;2012;0;18;"20120618"
"62.173.117.2";"GB";-4.557800;51.986400;"AS6656 Star Technology Services Limited";"mlab2-lhr01";0.007339;5860723.929390;"0.004010999";"linux2";"217.163.1.95";"speedtest";1339989018;5503591.539430;0.008207;"f05e11ce-f17a-4492-af90-1a5c53e38d5d";6656;"Y7";"Star";4;6;2012;0;18;"20120618"
"92.24.88.222";"GB";-0.093100;51.514200;"AS13285 TalkTalk Communications Limited";"mlab2-lhr01";0.030798;239236.737633;"0.004012999";"win32";"217.163.1.95";"speedtest";1339989360;88662.543784;0.034582;"407ac3cb-a4ae-41d8-9c4c-0971091666da";13285;"H9";"London";4;6;2012;0;18;"20120618"
"109.153.120.105";"GB";-0.093100;51.514200;"AS2856 BTnet UK Regional network";"mlab2-lhr01";0.023521;1109736.403987;"0.004012999";"darwin";"217.163.1.95";"bittorrent";1339989363;122622.113433;-1.000000;"591848d7-684a-46db-a17c-1bb1ef97f6c4";2856;"H9";"London";4;6;2012;0;18;"20120618"
"134.151.33.84";"GB";-1.916700;52.466700;"AS786 The JNT Association";"mlab2-lhr01";0.015115;6884333.594904;"0.004011999";"linux2";"217.163.1.95";"bittorrent";1339989459;7335423.841236;-1.000000;"34987743-340f-404c-bbab-25f3ba5726fb";786;"A7";"Birmingham";4;6;2012;0;18;"20120618"
"77.98.68.89";"GB";-1.939900;52.310500;"AS5089 Virgin Media Limited";"mlab2-lhr01";0.020035;1178282.660035;"0.004012999";"linux2";"217.163.1.95";"bittorrent";1339990353;89282.716347;-1.000000;"ee5bc8c0-ae84-4f54-b716-63ba15e38795";5089;"Q4";"Redditch";4;6;2012;0;18;"20120618"
"134.151.0.62";"GB";-1.916700;52.466700;"AS786 The JNT Association";"mlab2-lhr01";0.015189;1651234.881650;"0.004011999";"linux2";"217.163.1.95";"speedtest";1339990406;1636034.952510;0.016547;"fd8de4c7-c3b6-4aa3-8e16-e3400ab7a911";786;"A7";"Birmingham";4;6;2012;0;18;"20120618"
"84.233.227.240";"GB";-0.093100;51.514200;"AS8928 Interoute Communications Limited";"mlab2-lhr01";0.021026;17274.621638;"0.004012999";"darwin";"217.163.1.95";"bittorrent";1339990682;29204.775085;-1.000000;"15eb85bd-e3cb-4d25-862c-2c4eba8ab47b";8928;"H9";"London";4;6;2012;0;18;"20120618"
"109.153.120.105";"GB";-0.093100;51.514200;"AS2856 BTnet UK Regional network";"mlab2-lhr01";0.024918;1078388.708820;"0.004012999";"darwin";"217.163.1.95";"speedtest";1339990979;122461.784017;0.027642;"591848d7-684a-46db-a17c-1bb1ef97f6c4";2856;"H9";"London";4;6;2012;0;18;"20120618"
"82.16.158.94";"GB";-0.093100;51.514200;"AS5089 Virgin Media Limited";"mlab2-lhr01";0.013643;6042436.059110;"0.004012999";"win32";"217.163.1.95";"speedtest";1339991091;573278.745157;0.024477;"9726bbb2-cde6-4c53-9b05-82c3b868ab5f";5089;"H9";"London";4;6;2012;0;18;"20120618"
"194.164.232.154";"GB";-0.130000;51.500000;"AS8897 KCOM Group PLC";"mlab2-lhr01";0.044155;241499.231310;"0.004011999";"win32";"217.163.1.95";"bittorrent";1339991310;88852.920399;-1.000000;"d71ed525-d91d-4946-ab33-3e2483201805";8897;"";"";4;6;2012;0;18;"20120618"
"82.31.117.136";"GB";0.157500;51.474400;"AS5089 Virgin Media Limited";"mlab2-lhr01";0.010773;3974431.299420;"0.004012999";"linux2";"217.163.1.95";"speedtest";1339991989;1209469.943410;0.012707;"4734c249-c01f-4aa9-a857-643af3bbcee2";5089;"A6";"Erith";4;6;2012;0;18;"20120618"
"212.139.246.127";"GB";-0.130000;51.500000;"AS9105 Tiscali UK";"mlab2-lhr01";0.016358;472649.000173;"0.004012999";"darwin";"217.163.1.95";"bittorrent";1339992075;79727.408418;-1.000000;"17522bf2-605a-483d-b0d7-36583414f00c";9105;"";"";5;6;2012;0;18;"20120618"
"194.164.232.154";"GB";-0.130000;51.500000;"AS8897 KCOM Group PLC";"mlab2-lhr01";0.036070;236816.172936;"0.004011999";"win32";"217.163.1.95";"speedtest";1339992919;88628.029809;0.037872;"d71ed525-d91d-4946-ab33-3e2483201805";8897;"";"";5;6;2012;0;18;"20120618"
"87.194.32.93";"GB";-0.233300;51.500000;"AS35228 Telefonica UK Limited";"mlab2-lhr01";0.014959;960119.255090;"0.004012999";"linux2";"217.163.1.95";"speedtest";1339993215;106340.371743;0.018687;"fa75ae33-87ca-4c4a-8aeb-0a3a19684949";35228;"F1";"Hammersmith";5;6;2012;0;18;"20120618"
"92.24.88.222";"GB";-0.093100;51.514200;"AS13285 TalkTalk Communications Limited";"mlab2-lhr01";0.030532;509852.034372;"0.004012999";"win32";"217.163.1.95";"bittorrent";1339993644;97902.324853;-1.000000;"407ac3cb-a4ae-41d8-9c4c-0971091666da";13285;"H9";"London";5;6;2012;0;18;"20120618"
"82.16.158.94";"GB";-0.093100;51.514200;"AS5089 Virgin Media Limited";"mlab2-lhr01";0.008221;5827598.226550;"0.004012999";"win32";"217.163.1.95";"speedtest";1339993887;564777.231732;0.016513;"9726bbb2-cde6-4c53-9b05-82c3b868ab5f";5089;"H9";"London";5;6;2012;0;18;"20120618"
"134.151.0.62";"GB";-1.916700;52.466700;"AS786 The JNT Association";"mlab2-lhr01";0.015509;1674911.394860;"0.004011999";"linux2";"217.163.1.95";"speedtest";1339994069;1670594.158990;0.016502;"fd8de4c7-c3b6-4aa3-8e16-e3400ab7a911";786;"A7";"Birmingham";5;6;2012;0;18;"20120618"
"109.153.120.105";"GB";-0.093100;51.514200;"AS2856 BTnet UK Regional network";"mlab2-lhr01";0.024628;961745.791494;"0.004012999";"darwin";"217.163.1.95";"speedtest";1339994215;122316.191874;0.028230;"591848d7-684a-46db-a17c-1bb1ef97f6c4";2856;"H9";"London";5;6;2012;0;18;"20120618"
"134.151.0.67";"GB";-1.916700;52.466700;"AS786 The JNT Association";"mlab2-lhr01";0.015216;15145.869151;"0.004011999";"linux2";"217.163.1.95";"bittorrent";1339994447;15789.796536;-1.000000;"20cb2125-2367-46ae-8343-0682023aab13";786;"A7";"Birmingham";5;6;2012;0;18;"20120618"
"82.31.117.136";"GB";0.157500;51.474400;"AS5089 Virgin Media Limited";"mlab2-lhr01";0.009558;4308145.669160;"0.004012999";"linux2";"217.163.1.95";"speedtest";1339995226;1209209.582200;0.016902;"4734c249-c01f-4aa9-a857-643af3bbcee2";5089;"A6";"Erith";5;6;2012;0;18;"20120618"
"134.151.0.67";"GB";-1.916700;52.466700;"AS786 The JNT Association";"mlab2-lhr01";0.015281;1655548.259300;"0.004011999";"linux2";"217.163.1.95";"speedtest";1339996257;1668964.746200;0.016477;"20cb2125-2367-46ae-8343-0682023aab13";786;"A7";"Birmingham";6;6;2012;0;18;"20120618"
"62.173.117.2";"GB";-4.557800;51.986400;"AS6656 Star Technology Services Limited";"mlab2-lhr01";0.007383;5897899.303225;"0.004010999";"linux2";"217.163.1.95";"bittorrent";1339996530;5847041.864410;-1.000000;"f05e11ce-f17a-4492-af90-1a5c53e38d5d";6656;"Y7";"Star";6;6;2012;0;18;"20120618"
"81.106.144.233";"GB";-0.183300;50.833300;"AS5089 Virgin Media Limited";"mlab2-lhr01";0.017504;1124019.304765;"0.004012999";"darwin";"217.163.1.95";"bittorrent";1339996641;126522.267916;-1.000000;"1fb825b9-bc1f-4f83-85de-6307dd06a1a1";5089;"B6";"Hove";6;6;2012;0;18;"20120618"
"194.164.232.154";"GB";-0.130000;51.500000;"AS8897 KCOM Group PLC";"mlab2-lhr01";0.043302;165774.728925;"0.004011999";"win32";"217.163.1.95";"speedtest";1339997210;88480.627540;0.037718;"d71ed525-d91d-4946-ab33-3e2483201805";8897;"";"";6;6;2012;0;18;"20120618"
"212.139.246.127";"GB";-0.130000;51.500000;"AS9105 Tiscali UK";"mlab2-lhr01";0.019468;473670.851408;"0.004012999";"darwin";"217.163.1.95";"bittorrent";1339997674;79640.515820;-1.000000;"17522bf2-605a-483d-b0d7-36583414f00c";9105;"";"";6;6;2012;0;18;"20120618"
"134.151.0.62";"GB";-1.916700;52.466700;"AS786 The JNT Association";"mlab2-lhr01";0.015222;1675078.815240;"0.004011999";"linux2";"217.163.1.95";"speedtest";1339997730;1628166.213480;0.016700;"fd8de4c7-c3b6-4aa3-8e16-e3400ab7a911";786;"A7";"Birmingham";6;6;2012;0;18;"20120618"
"92.23.170.255";"GB";-3.050000;53.816700;"AS13285 TalkTalk Communications Limited";"mlab2-lhr01";0.034019;216371.731053;"0.004012999";"darwin";"217.163.1.95";"bittorrent";1339997975;69813.672400;-1.000000;"b7d03dcd-7026-4d92-8600-3f5f13ebd736";13285;"A9";"Blackpool";6;6;2012;0;18;"20120618"
"77.98.68.89";"GB";-1.939900;52.310500;"AS5089 Virgin Media Limited";"mlab2-lhr01";0.018088;1148793.155950;"0.004012999";"linux2";"217.163.1.95";"speedtest";1339998096;123135.498945;0.019961;"ee5bc8c0-ae84-4f54-b716-63ba15e38795";5089;"Q4";"Redditch";6;6;2012;0;18;"20120618"
"94.11.241.243";"GB";-2.100000;53.500000;"AS5607 British Sky Broadcasting Limited";"mlab2-lhr01";0.032875;731837.037329;"0.004012999";"win32";"217.163.1.95";"speedtest";1339998524;26457.501030;0.048585;"d43f1d39-8e2d-40e8-8bf2-9953c953a0f0";5607;"O1";"Ashton-under-lyne";6;6;2012;0;18;"20120618"
"87.194.32.93";"GB";-0.233300;51.500000;"AS35228 Telefonica UK Limited";"mlab2-lhr01";0.014069;922506.132236;"0.004012999";"linux2";"217.163.1.95";"speedtest";1339999340;113186.275506;0.018681;"fa75ae33-87ca-4c4a-8aeb-0a3a19684949";35228;"F1";"Hammersmith";7;6;2012;0;18;"20120618"
"62.173.117.2";"GB";-4.557800;51.986400;"AS6656 Star Technology Services Limited";"mlab2-lhr01";0.007328;5875258.476796;"0.004010999";"linux2";"217.163.1.95";"bittorrent";1339999532;5787120.049535;-1.000000;"f05e11ce-f17a-4492-af90-1a5c53e38d5d";6656;"Y7";"Star";7;6;2012;0;18;"20120618"
"81.106.144.233";"GB";-0.183300;50.833300;"AS5089 Virgin Media Limited";"mlab2-lhr01";0.019987;1066103.822810;"0.004012999";"darwin";"217.163.1.95";"bittorrent";1339999670;126690.664406;-1.000000;"1fb825b9-bc1f-4f83-85de-6307dd06a1a1";5089;"B6";"Hove";7;6;2012;0;18;"20120618"
"134.151.0.67";"GB";-1.916700;52.466700;"AS786 The JNT Association";"mlab2-lhr01";0.014992;1649058.014540;"0.004011999";"linux2";"217.163.1.95";"speedtest";1339999915;1639795.589180;0.016287;"20cb2125-2367-46ae-8343-0682023aab13";786;"A7";"Birmingham";7;6;2012;0;18;"20120618"
"84.233.227.240";"GB";-0.093100;51.514200;"AS8928 Interoute Communications Limited";"mlab2-lhr01";0.032777;49084.766036;"0.004012999";"darwin";"217.163.1.95";"bittorrent";1339999923;23848.869683;-1.000000;"15eb85bd-e3cb-4d25-862c-2c4eba8ab47b";8928;"H9";"London";7;6;2012;0;18;"20120618"
"82.31.117.136";"GB";0.157500;51.474400;"AS5089 Virgin Media Limited";"mlab2-lhr01";0.009584;2890301.719930;"0.004012999";"linux2";"217.163.1.95";"bittorrent";1340000126;1213552.306075;-1.000000;"4734c249-c01f-4aa9-a857-643af3bbcee2";5089;"A6";"Erith";7;6;2012;0;18;"20120618"
"212.139.246.127";"GB";-0.130000;51.500000;"AS9105 Tiscali UK";"mlab2-lhr01";0.016539;474522.008990;"0.004012999";"darwin";"217.163.1.95";"bittorrent";1340000474;80052.809774;-1.000000;"17522bf2-605a-483d-b0d7-36583414f00c";9105;"";"";7;6;2012;0;18;"20120618"
"134.151.33.84";"GB";-1.916700;52.466700;"AS786 The JNT Association";"mlab2-lhr01";0.015079;10683945.031900;"0.004011999";"linux2";"217.163.1.95";"speedtest";1340000700;10903694.827500;0.016101;"34987743-340f-404c-bbab-25f3ba5726fb";786;"A7";"Birmingham";7;6;2012;0;18;"20120618"
"62.173.117.2";"GB";-4.557800;51.986400;"AS6656 Star Technology Services Limited";"mlab2-lhr01";0.007260;5852364.891580;"0.004010999";"linux2";"217.163.1.95";"speedtest";1340001028;5515332.407880;0.008382;"f05e11ce-f17a-4492-af90-1a5c53e38d5d";6656;"Y7";"Star";7;6;2012;0;18;"20120618"
"109.153.120.105";"GB";-0.093100;51.514200;"AS2856 BTnet UK Regional network";"mlab2-lhr01";0.023102;1087528.807652;"0.004012999";"darwin";"217.163.1.95";"bittorrent";1340002305;122966.079692;-1.000000;"591848d7-684a-46db-a17c-1bb1ef97f6c4";2856;"H9";"London";7;6;2012;0;18;"20120618"
"62.173.117.2";"GB";-4.557800;51.986400;"AS6656 Star Technology Services Limited";"mlab2-lhr01";0.007153;5674835.474984;"0.004010999";"linux2";"217.163.1.95";"bittorrent";1340002535;5919793.421500;-1.000000;"f05e11ce-f17a-4492-af90-1a5c53e38d5d";6656;"Y7";"Star";7;6;2012;0;18;"20120618"
"77.98.68.89";"GB";-1.939900;52.310500;"AS5089 Virgin Media Limited";"mlab2-lhr01";0.017652;1083751.327701;"0.004012999";"linux2";"217.163.1.95";"bittorrent";1340002741;109442.862841;-1.000000;"ee5bc8c0-ae84-4f54-b716-63ba15e38795";5089;"Q4";"Redditch";7;6;2012;0;18;"20120618"
"212.139.246.127";"GB";-0.130000;51.500000;"AS9105 Tiscali UK";"mlab2-lhr01";0.020278;474394.656327;"0.004012999";"darwin";"217.163.1.95";"bittorrent";1340003274;78921.829943;-1.000000;"17522bf2-605a-483d-b0d7-36583414f00c";9105;"";"";8;6;2012;0;18;"20120618"
"109.153.120.105";"GB";-0.093100;51.514200;"AS2856 BTnet UK Regional network";"mlab2-lhr01";0.024545;1070181.935810;"0.004012999";"darwin";"217.163.1.95";"speedtest";1340003920;122343.150190;0.029050;"591848d7-684a-46db-a17c-1bb1ef97f6c4";2856;"H9";"London";8;6;2012;0;18;"20120618"
"87.194.32.93";"GB";-0.233300;51.500000;"AS35228 Telefonica UK Limited";"mlab2-lhr01";0.014492;941232.338519;"0.004012999";"linux2";"217.163.1.95";"bittorrent";1340003937;116532.049146;-1.000000;"fa75ae33-87ca-4c4a-8aeb-0a3a19684949";35228;"F1";"Hammersmith";8;6;2012;0;18;"20120618"
"134.151.33.84";"GB";-1.916700;52.466700;"AS786 The JNT Association";"mlab2-lhr01";0.014924;11079372.170800;"0.004011999";"linux2";"217.163.1.95";"speedtest";1340003948;7622314.180020;0.016059;"34987743-340f-404c-bbab-25f3ba5726fb";786;"A7";"Birmingham";8;6;2012;0;18;"20120618"
"82.45.214.67";"GB";-0.093100;51.514200;"AS5089 Virgin Media Limited";"mlab2-lhr01";0.017271;3119271.650248;"0.004012999";"darwin";"217.163.1.95";"bittorrent";1340004360;347596.607222;-1.000000;"21525883-9d15-4b10-89d0-4184ed22aac4";5089;"H9";"London";8;6;2012;0;18;"20120618"
"84.233.227.240";"GB";-0.093100;51.514200;"AS8928 Interoute Communications Limited";"mlab2-lhr01";0.025935;11279.292297;"0.004012999";"darwin";"217.163.1.95";"speedtest";1340004448;31274.419162;0.023349;"15eb85bd-e3cb-4d25-862c-2c4eba8ab47b";8928;"H9";"London";8;6;2012;0;18;"20120618"
"92.23.170.255";"GB";-3.050000;53.816700;"AS13285 TalkTalk Communications Limited";"mlab2-lhr01";0.033646;208050.024023;"0.004012999";"darwin";"217.163.1.95";"speedtest";1340004454;15176.788307;0.039013;"b7d03dcd-7026-4d92-8600-3f5f13ebd736";13285;"A9";"Blackpool";8;6;2012;0;18;"20120618"
"212.139.246.127";"GB";-0.130000;51.500000;"AS9105 Tiscali UK";"mlab2-lhr01";0.016249;465717.670085;"0.004012999";"darwin";"217.163.1.95";"speedtest";1340004671;78482.723431;0.020331;"17522bf2-605a-483d-b0d7-36583414f00c";9105;"";"";8;6;2012;0;18;"20120618"
"134.151.0.67";"GB";-1.916700;52.466700;"AS786 The JNT Association";"mlab2-lhr01";0.014922;15647.187683;"0.004011999";"linux2";"217.163.1.95";"bittorrent";1340005433;16112.657553;-1.000000;"20cb2125-2367-46ae-8343-0682023aab13";786;"A7";"Birmingham";8;6;2012;0;18;"20120618"
"109.153.120.105";"GB";-0.093100;51.514200;"AS2856 BTnet UK Regional network";"mlab2-lhr01";0.024326;1109137.033023;"0.004012999";"darwin";"217.163.1.95";"bittorrent";1340005539;118756.819354;-1.000000;"591848d7-684a-46db-a17c-1bb1ef97f6c4";2856;"H9";"London";8;6;2012;0;18;"20120618"
"77.98.68.89";"GB";-1.939900;52.310500;"AS5089 Virgin Media Limited";"mlab2-lhr01";0.198298;1185662.370785;"0.004012999";"linux2";"217.163.1.95";"bittorrent";1340005841;86324.659975;-1.000000;"ee5bc8c0-ae84-4f54-b716-63ba15e38795";5089;"Q4";"Redditch";8;6;2012;0;18;"20120618"
"92.23.170.255";"GB";-3.050000;53.816700;"AS13285 TalkTalk Communications Limited";"mlab2-lhr01";0.033901;217636.020119;"0.004012999";"darwin";"217.163.1.95";"bittorrent";1340005929;70454.973059;-1.000000;"b7d03dcd-7026-4d92-8600-3f5f13ebd736";13285;"A9";"Blackpool";8;6;2012;0;18;"20120618"
"82.16.158.94";"GB";-0.093100;51.514200;"AS5089 Virgin Media Limited";"mlab2-lhr01";0.015688;6202245.449623;"0.004012999";"win32";"217.163.1.95";"bittorrent";1340006473;544750.637095;-1.000000;"9726bbb2-cde6-4c53-9b05-82c3b868ab5f";5089;"H9";"London";9;6;2012;0;18;"20120618"
"82.31.117.136";"GB";0.157500;51.474400;"AS5089 Virgin Media Limited";"mlab2-lhr01";0.021043;1574693.087390;"0.004012999";"linux2";"217.163.1.95";"bittorrent";1340006614;1186987.695608;-1.000000;"4734c249-c01f-4aa9-a857-643af3bbcee2";5089;"A6";"Erith";9;6;2012;0;18;"20120618"
"134.151.0.62";"GB";-1.916700;52.466700;"AS786 The JNT Association";"mlab2-lhr01";0.015195;15166.746055;"0.004011999";"linux2";"217.163.1.95";"bittorrent";1340006951;15183.697622;-1.000000;"fd8de4c7-c3b6-4aa3-8e16-e3400ab7a911";786;"A7";"Birmingham";9;6;2012;0;18;"20120618"
"87.194.32.93";"GB";-0.233300;51.500000;"AS35228 Telefonica UK Limited";"mlab2-lhr01";0.015148;969239.521889;"0.004012999";"linux2";"217.163.1.95";"bittorrent";1340007029;115254.675744;-1.000000;"fa75ae33-87ca-4c4a-8aeb-0a3a19684949";35228;"F1";"Hammersmith";9;6;2012;0;18;"20120618"
"62.173.117.2";"GB";-4.557800;51.986400;"AS6656 Star Technology Services Limited";"mlab2-lhr01";0.007305;5837821.299550;"0.004010999";"linux2";"217.163.1.95";"speedtest";1340007032;5473022.402010;0.008290;"f05e11ce-f17a-4492-af90-1a5c53e38d5d";6656;"Y7";"Star";9;6;2012;0;18;"20120618"
"92.23.170.255";"GB";-3.050000;53.816700;"AS13285 TalkTalk Communications Limited";"mlab2-lhr01";0.034020;218466.361536;"0.004012999";"darwin";"217.163.1.95";"speedtest";1340007403;72614.637968;0.038636;"b7d03dcd-7026-4d92-8600-3f5f13ebd736";13285;"A9";"Blackpool";9;6;2012;0;18;"20120618"
"82.31.117.136";"GB";0.157500;51.474400;"AS5089 Virgin Media Limited";"mlab2-lhr01";0.011680;3240292.592610;"0.004012999";"linux2";"217.163.1.95";"speedtest";1340008197;1205916.625450;0.024333;"4734c249-c01f-4aa9-a857-643af3bbcee2";5089;"A6";"Erith";9;6;2012;0;18;"20120618"
"134.151.0.62";"GB";-1.916700;52.466700;"AS786 The JNT Association";"mlab2-lhr01";0.015226;1649059.419300;"0.004011999";"linux2";"217.163.1.95";"speedtest";1340008762;1613273.795350;0.016657;"fd8de4c7-c3b6-4aa3-8e16-e3400ab7a911";786;"A7";"Birmingham";9;6;2012;0;18;"20120618"
"109.153.120.105";"GB";-0.093100;51.514200;"AS2856 BTnet UK Regional network";"mlab2-lhr01";0.024714;1074708.972254;"0.004012999";"darwin";"217.163.1.95";"bittorrent";1340008775;123015.448132;-1.000000;"591848d7-684a-46db-a17c-1bb1ef97f6c4";2856;"H9";"London";9;6;2012;0;18;"20120618"
"82.31.117.136";"GB";0.157500;51.474400;"AS5089 Virgin Media Limited";"mlab2-lhr01";0.009861;2944115.035148;"0.004012999";"linux2";"217.163.1.95";"bittorrent";1340009855;1212825.819729;-1.000000;"4734c249-c01f-4aa9-a857-643af3bbcee2";5089;"A6";"Erith";9;6;2012;0;18;"20120618"
"62.173.117.2";"GB";-4.557800;51.986400;"AS6656 Star Technology Services Limited";"mlab2-lhr01";0.007320;5547130.507670;"0.004010999";"linux2";"217.163.1.95";"speedtest";1340010035;5468709.169560;0.008352;"f05e11ce-f17a-4492-af90-1a5c53e38d5d";6656;"Y7";"Star";10;6;2012;0;18;"20120618"
"134.151.33.84";"GB";-1.916700;52.466700;"AS786 The JNT Association";"mlab2-lhr01";0.015110;11244249.350900;"0.004011999";"linux2";"217.163.1.95";"speedtest";1340010521;10555281.723800;0.016155;"34987743-340f-404c-bbab-25f3ba5726fb";786;"A7";"Birmingham";10;6;2012;0;18;"20120618"
"82.31.117.136";"GB";0.157500;51.474400;"AS5089 Virgin Media Limited";"mlab2-lhr01";0.045247;1783659.399220;"0.004012999";"linux2";"217.163.1.95";"speedtest";1340011446;1197071.548820;0.029462;"4734c249-c01f-4aa9-a857-643af3bbcee2";5089;"A6";"Erith";10;6;2012;0;18;"20120618"
"87.194.32.93";"GB";-0.233300;51.500000;"AS35228 Telefonica UK Limited";"mlab2-lhr01";0.015376;928384.326703;"0.004012999";"linux2";"217.163.1.95";"speedtest";1340011624;113244.017352;0.018388;"fa75ae33-87ca-4c4a-8aeb-0a3a19684949";35228;"F1";"Hammersmith";10;6;2012;0;18;"20120618"
"92.23.170.255";"GB";-3.050000;53.816700;"AS13285 TalkTalk Communications Limited";"mlab2-lhr01";0.033070;231661.281726;"0.004012999";"darwin";"217.163.1.95";"bittorrent";1340011822;72421.254104;-1.000000;"b7d03dcd-7026-4d92-8600-3f5f13ebd736";13285;"A9";"Blackpool";10;6;2012;0;18;"20120618"
"77.98.68.89";"GB";-1.939900;52.310500;"AS5089 Virgin Media Limited";"mlab2-lhr01";0.054748;1207473.997034;"0.004012999";"linux2";"217.163.1.95";"bittorrent";1340012038;113256.077597;-1.000000;"ee5bc8c0-ae84-4f54-b716-63ba15e38795";5089;"Q4";"Redditch";10;6;2012;0;18;"20120618"
"134.151.33.84";"GB";-1.916700;52.466700;"AS786 The JNT Association";"mlab2-lhr01";0.015000;9072096.775085;"0.004011999";"linux2";"217.163.1.95";"bittorrent";1340012333;11408735.243334;-1.000000;"34987743-340f-404c-bbab-25f3ba5726fb";786;"A7";"Birmingham";10;6;2012;0;18;"20120618"
"87.236.135.204";"GB";-0.093100;51.514200;"AS8530 Excell Group PLC";"mlab2-lhr01";0.001862;3487238.313806;"0.004012999";"darwin";"217.163.1.95";"bittorrent";1340012389;4564852.420794;-1.000000;"21525883-9d15-4b10-89d0-4184ed22aac4";8530;"H9";"London";10;6;2012;0;18;"20120618"
"87.194.32.93";"GB";-0.233300;51.500000;"AS35228 Telefonica UK Limited";"mlab2-lhr01";0.015211;949179.481256;"0.004012999";"linux2";"217.163.1.95";"bittorrent";1340013157;115260.269951;-1.000000;"fa75ae33-87ca-4c4a-8aeb-0a3a19684949";35228;"F1";"Hammersmith";10;6;2012;0;18;"20120618"
"92.23.170.255";"GB";-3.050000;53.816700;"AS13285 TalkTalk Communications Limited";"mlab2-lhr01";0.034207;217581.842162;"0.004012999";"darwin";"217.163.1.95";"speedtest";1340013292;73392.453856;0.038633;"b7d03dcd-7026-4d92-8600-3f5f13ebd736";13285;"A9";"Blackpool";10;6;2012;0;18;"20120618"
"77.98.68.89";"GB";-1.939900;52.310500;"AS5089 Virgin Media Limited";"mlab2-lhr01";0.150143;986703.560273;"0.004012999";"linux2";"217.163.1.95";"speedtest";1340013592;84816.603899;0.107937;"ee5bc8c0-ae84-4f54-b716-63ba15e38795";5089;"Q4";"Redditch";10;6;2012;0;18;"20120618"
"87.236.135.204";"GB";-0.093100;51.514200;"AS8530 Excell Group PLC";"mlab2-lhr01";0.005734;370526.975050;"0.004012999";"darwin";"217.163.1.95";"speedtest";1340013817;961284.088398;0.013716;"a8f930ed-e628-4688-83ed-7f9d2ef2fc9e";8530;"H9";"London";11;6;2012;0;18;"20120618"
"134.151.33.84";"GB";-1.916700;52.466700;"AS786 The JNT Association";"mlab2-lhr01";0.015238;10759932.380400;"0.004011999";"linux2";"217.163.1.95";"speedtest";1340013776;7059296.683490;0.016069;"34987743-340f-404c-bbab-25f3ba5726fb";786;"A7";"Birmingham";11;6;2012;0;18;"20120618"
"87.236.135.204";"GB";-0.093100;51.514200;"AS8530 Excell Group PLC";"mlab2-lhr01";0.002002;3932168.025850;"0.004012999";"darwin";"217.163.1.95";"speedtest";1340013986;4054327.765080;0.003578;"21525883-9d15-4b10-89d0-4184ed22aac4";8530;"H9";"London";11;6;2012;0;18;"20120618"
"81.106.144.233";"GB";-0.183300;50.833300;"AS5089 Virgin Media Limited";"mlab2-lhr01";0.376140;797343.599294;"0.004012999";"darwin";"217.163.1.95";"bittorrent";1340014846;52617.467155;-1.000000;"1fb825b9-bc1f-4f83-85de-6307dd06a1a1";5089;"B6";"Hove";11;6;2012;0;18;"20120618"
"109.153.120.105";"GB";-0.093100;51.514200;"AS2856 BTnet UK Regional network";"mlab2-lhr01";0.023764;679078.042018;"0.004012999";"darwin";"217.163.1.95";"bittorrent";1340015246;123058.864464;-1.000000;"591848d7-684a-46db-a17c-1bb1ef97f6c4";2856;"H9";"London";11;6;2012;0;18;"20120618"
"176.253.167.56";"GB";-3.000000;53.416700;"AS5607 British Sky Broadcasting Limited";"mlab2-lhr01";0.045222;276934.811692;"0.004010999";"win32";"217.163.1.95";"bittorrent";1340015421;76753.486881;-1.000000;"3b91ee22-7771-44e4-9417-2f816adf6b1c";5607;"H8";"Liverpool";11;6;2012;0;18;"20120618"
"134.151.33.84";"GB";-1.916700;52.466700;"AS786 The JNT Association";"mlab2-lhr01";0.015080;11655620.817302;"0.004011999";"linux2";"217.163.1.95";"bittorrent";1340015583;7193426.573537;-1.000000;"34987743-340f-404c-bbab-25f3ba5726fb";786;"A7";"Birmingham";11;6;2012;0;18;"20120618"
"62.173.117.2";"GB";-4.557800;51.986400;"AS6656 Star Technology Services Limited";"mlab2-lhr01";0.007270;5850500.210700;"0.004010999";"linux2";"217.163.1.95";"speedtest";1340016038;5445335.910460;0.008398;"f05e11ce-f17a-4492-af90-1a5c53e38d5d";6656;"Y7";"Star";11;6;2012;0;18;"20120618"
"87.194.32.93";"GB";-0.233300;51.500000;"AS35228 Telefonica UK Limited";"mlab2-lhr01";0.015184;811291.641439;"0.004012999";"linux2";"217.163.1.95";"bittorrent";1340016221;111085.071282;-1.000000;"fa75ae33-87ca-4c4a-8aeb-0a3a19684949";35228;"F1";"Hammersmith";11;6;2012;0;18;"20120618"
"82.31.117.136";"GB";0.157500;51.474400;"AS5089 Virgin Media Limited";"mlab2-lhr01";0.039094;1571351.111902;"0.004012999";"linux2";"217.163.1.95";"bittorrent";1340016344;1200351.603731;-1.000000;"4734c249-c01f-4aa9-a857-643af3bbcee2";5089;"A6";"Erith";11;6;2012;0;18;"20120618"
"81.106.144.233";"GB";-0.183300;50.833300;"AS5089 Virgin Media Limited";"mlab2-lhr01";0.017081;1148990.600770;"0.004012999";"darwin";"217.163.1.95";"speedtest";1340016357;126350.218535;0.033211;"1fb825b9-bc1f-4f83-85de-6307dd06a1a1";5089;"B6";"Hove";11;6;2012;0;18;"20120618"
"77.98.68.89";"GB";-1.939900;52.310500;"AS5089 Virgin Media Limited";"mlab2-lhr01";0.121309;1182673.966520;"0.004012999";"linux2";"217.163.1.95";"speedtest";1340016693;80050.440018;0.022845;"ee5bc8c0-ae84-4f54-b716-63ba15e38795";5089;"Q4";"Redditch";11;6;2012;0;18;"20120618"
"87.236.135.204";"GB";-0.093100;51.514200;"AS8530 Excell Group PLC";"mlab2-lhr01";0.003753;574691.572578;"0.004012999";"darwin";"217.163.1.95";"speedtest";1340016794;1500548.973610;0.005162;"a8f930ed-e628-4688-83ed-7f9d2ef2fc9e";8530;"H9";"London";11;6;2012;0;18;"20120618"
"109.153.120.105";"GB";-0.093100;51.514200;"AS2856 BTnet UK Regional network";"mlab2-lhr01";0.023582;1078480.465070;"0.004012999";"darwin";"217.163.1.95";"speedtest";1340016861;122052.922047;0.028638;"591848d7-684a-46db-a17c-1bb1ef97f6c4";2856;"H9";"London";11;6;2012;0;18;"20120618"
"176.253.167.56";"GB";-3.000000;53.416700;"AS5607 British Sky Broadcasting Limited";"mlab2-lhr01";0.035691;297999.068792;"0.004010999";"win32";"217.163.1.95";"speedtest";1340016945;71814.602508;0.040542;"3b91ee22-7771-44e4-9417-2f816adf6b1c";5607;"H8";"Liverpool";11;6;2012;0;18;"20120618"
"212.139.246.127";"GB";-0.130000;51.500000;"AS9105 Tiscali UK";"mlab2-lhr01";0.018408;474591.946284;"0.004012999";"darwin";"217.163.1.95";"bittorrent";1340017271;79987.747900;-1.000000;"17522bf2-605a-483d-b0d7-36583414f00c";9105;"";"";12;6;2012;0;18;"20120618"
"92.23.170.255";"GB";-3.050000;53.816700;"AS13285 TalkTalk Communications Limited";"mlab2-lhr01";0.033488;232563.905308;"0.004012999";"darwin";"217.163.1.95";"bittorrent";1340017738;19178.567490;-1.000000;"b7d03dcd-7026-4d92-8600-3f5f13ebd736";13285;"A9";"Blackpool";12;6;2012;0;18;"20120618"
"134.151.0.67";"GB";-1.916700;52.466700;"AS786 The JNT Association";"mlab2-lhr01";0.014967;1645521.387260;"0.004011999";"linux2";"217.163.1.95";"speedtest";1340018258;1629728.820790;0.016570;"20cb2125-2367-46ae-8343-0682023aab13";786;"A7";"Birmingham";12;6;2012;0;18;"20120618"
"87.236.135.204";"GB";-0.093100;51.514200;"AS8530 Excell Group PLC";"mlab2-lhr01";0.001922;4531385.610226;"0.004012999";"darwin";"217.163.1.95";"bittorrent";1340018777;4223535.991264;-1.000000;"21525883-9d15-4b10-89d0-4184ed22aac4";8530;"H9";"London";12;6;2012;0;18;"20120618"
"62.173.117.2";"GB";-4.557800;51.986400;"AS6656 Star Technology Services Limited";"mlab2-lhr01";0.007360;5845374.642690;"0.004010999";"linux2";"217.163.1.95";"speedtest";1340019041;5470584.303520;0.008279;"f05e11ce-f17a-4492-af90-1a5c53e38d5d";6656;"Y7";"Star";12;6;2012;0;18;"20120618"
"87.194.32.93";"GB";-0.233300;51.500000;"AS35228 Telefonica UK Limited";"mlab2-lhr01";0.015099;830198.309995;"0.004012999";"linux2";"217.163.1.95";"bittorrent";1340019286;106909.756659;-1.000000;"fa75ae33-87ca-4c4a-8aeb-0a3a19684949";35228;"F1";"Hammersmith";12;6;2012;0;18;"20120618"
"82.31.117.136";"GB";0.157500;51.474400;"AS5089 Virgin Media Limited";"mlab2-lhr01";0.027606;1908744.874184;"0.004012999";"linux2";"217.163.1.95";"bittorrent";1340019588;1201811.167404;-1.000000;"4734c249-c01f-4aa9-a857-643af3bbcee2";5089;"A6";"Erith";12;6;2012;0;18;"20120618"
"87.236.135.204";"GB";-0.093100;51.514200;"AS8530 Excell Group PLC";"mlab2-lhr01";0.010411;434506.163707;"0.004012999";"darwin";"217.163.1.95";"speedtest";1340019771;634164.919204;0.014274;"a8f930ed-e628-4688-83ed-7f9d2ef2fc9e";8530;"H9";"London";12;6;2012;0;18;"20120618"
"77.98.68.89";"GB";-1.939900;52.310500;"AS5089 Virgin Media Limited";"mlab2-lhr01";0.020913;1180112.319380;"0.004012999";"linux2";"217.163.1.95";"speedtest";1340019788;116650.736626;0.021771;"ee5bc8c0-ae84-4f54-b716-63ba15e38795";5089;"Q4";"Redditch";12;6;2012;0;18;"20120618"
"176.253.167.56";"GB";-3.000000;53.416700;"AS5607 British Sky Broadcasting Limited";"mlab2-lhr01";0.036244;235983.100214;"0.004010999";"win32";"217.163.1.95";"speedtest";1340020012;81951.268449;0.042747;"3b91ee22-7771-44e4-9417-2f816adf6b1c";5607;"H8";"Liverpool";12;6;2012;0;18;"20120618"
"92.23.170.255";"GB";-3.050000;53.816700;"AS13285 TalkTalk Communications Limited";"mlab2-lhr01";0.034732;231433.522349;"0.004012999";"darwin";"217.163.1.95";"bittorrent";1340020694;73885.760362;-1.000000;"b7d03dcd-7026-4d92-8600-3f5f13ebd736";13285;"A9";"Blackpool";12;6;2012;0;18;"20120618"
"87.194.32.93";"GB";-0.233300;51.500000;"AS35228 Telefonica UK Limited";"mlab2-lhr01";0.015212;850271.905354;"0.004012999";"linux2";"217.163.1.95";"speedtest";1340020815;109787.412429;0.018807;"fa75ae33-87ca-4c4a-8aeb-0a3a19684949";35228;"F1";"Hammersmith";13;6;2012;0;18;"20120618"
"82.31.117.136";"GB";0.157500;51.474400;"AS5089 Virgin Media Limited";"mlab2-lhr01";0.096884;1132277.603190;"0.004012999";"linux2";"217.163.1.95";"speedtest";1340021180;989337.976018;0.037239;"4734c249-c01f-4aa9-a857-643af3bbcee2";5089;"A6";"Erith";13;6;2012;0;18;"20120618"
"212.139.246.127";"GB";-0.130000;51.500000;"AS9105 Tiscali UK";"mlab2-lhr01";0.016717;468891.698800;"0.004012999";"darwin";"217.163.1.95";"speedtest";1340021468;79733.089652;0.020400;"17522bf2-605a-483d-b0d7-36583414f00c";9105;"";"";13;6;2012;0;18;"20120618"
"176.253.167.56";"GB";-3.000000;53.416700;"AS5607 British Sky Broadcasting Limited";"mlab2-lhr01";0.035845;172625.534986;"0.004010999";"win32";"217.163.1.95";"bittorrent";1340021559;84429.571129;-1.000000;"3b91ee22-7771-44e4-9417-2f816adf6b1c";5607;"H8";"Liverpool";13;6;2012;0;18;"20120618"
"109.153.120.105";"GB";-0.093100;51.514200;"AS2856 BTnet UK Regional network";"mlab2-lhr01";0.024203;1028539.802744;"0.004012999";"darwin";"217.163.1.95";"bittorrent";1340021715;122839.768752;-1.000000;"591848d7-684a-46db-a17c-1bb1ef97f6c4";2856;"H9";"London";13;6;2012;0;18;"20120618"
"134.151.0.67";"GB";-1.916700;52.466700;"AS786 The JNT Association";"mlab2-lhr01";0.014987;1646448.038900;"0.004011999";"linux2";"217.163.1.95";"speedtest";1340021909;1636452.673810;0.016554;"20cb2125-2367-46ae-8343-0682023aab13";786;"A7";"Birmingham";13;6;2012;0;18;"20120618"
"87.236.135.204";"GB";-0.093100;51.514200;"AS8530 Excell Group PLC";"mlab2-lhr01";0.002516;3096678.660755;"0.004012999";"darwin";"217.163.1.95";"bittorrent";1340021977;3770468.911520;-1.000000;"21525883-9d15-4b10-89d0-4184ed22aac4";8530;"H9";"London";13;6;2012;0;18;"20120618"
"62.173.117.2";"GB";-4.557800;51.986400;"AS6656 Star Technology Services Limited";"mlab2-lhr01";0.007178;5521271.543690;"0.004010999";"linux2";"217.163.1.95";"speedtest";1340022043;5479625.179460;0.009553;"f05e11ce-f17a-4492-af90-1a5c53e38d5d";6656;"Y7";"Star";13;6;2012;0;18;"20120618"
"109.153.120.105";"GB";-0.093100;51.514200;"AS2856 BTnet UK Regional network";"mlab2-lhr01";0.026912;1059359.430090;"0.004012999";"darwin";"217.163.1.95";"speedtest";1340023330;122084.969459;0.027420;"591848d7-684a-46db-a17c-1bb1ef97f6c4";2856;"H9";"London";13;6;2012;0;18;"20120618"
"62.173.117.2";"GB";-4.557800;51.986400;"AS6656 Star Technology Services Limited";"mlab2-lhr01";0.007315;5824397.675201;"0.004010999";"linux2";"217.163.1.95";"bittorrent";1340023551;5900248.140432;-1.000000;"f05e11ce-f17a-4492-af90-1a5c53e38d5d";6656;"Y7";"Star";13;6;2012;0;18;"20120618"
"134.151.33.84";"GB";-1.916700;52.466700;"AS786 The JNT Association";"mlab2-lhr01";0.015161;10817034.661700;"0.004011999";"linux2";"217.163.1.95";"speedtest";1340023603;11373719.954500;0.016200;"34987743-340f-404c-bbab-25f3ba5726fb";786;"A7";"Birmingham";13;6;2012;0;18;"20120618"
"134.151.0.67";"GB";-1.916700;52.466700;"AS786 The JNT Association";"mlab2-lhr01";0.015687;15169.723502;"0.004011999";"linux2";"217.163.1.95";"bittorrent";1340023791;15208.731888;-1.000000;"20cb2125-2367-46ae-8343-0682023aab13";786;"A7";"Birmingham";13;6;2012;0;18;"20120618"
"81.106.144.233";"GB";-0.183300;50.833300;"AS5089 Virgin Media Limited";"mlab2-lhr01";0.043471;1187494.342879;"0.004012999";"darwin";"217.163.1.95";"bittorrent";1340023929;119810.961556;-1.000000;"1fb825b9-bc1f-4f83-85de-6307dd06a1a1";5089;"B6";"Hove";13;6;2012;0;18;"20120618"
"87.236.135.204";"GB";-0.093100;51.514200;"AS8530 Excell Group PLC";"mlab2-lhr01";0.006877;1077393.997774;"0.004012999";"darwin";"217.163.1.95";"bittorrent";1340024243;837769.333731;-1.000000;"a8f930ed-e628-4688-83ed-7f9d2ef2fc9e";8530;"H9";"London";13;6;2012;0;18;"20120618"
"212.139.246.127";"GB";-0.130000;51.500000;"AS9105 Tiscali UK";"mlab2-lhr01";0.016463;452389.864126;"0.004012999";"darwin";"217.163.1.95";"speedtest";1340024269;78476.418467;0.020397;"17522bf2-605a-483d-b0d7-36583414f00c";9105;"";"";13;6;2012;0;18;"20120618"
"77.98.68.89";"GB";-1.939900;52.310500;"AS5089 Virgin Media Limited";"mlab2-lhr01";0.018055;1202006.132203;"0.004012999";"linux2";"217.163.1.95";"bittorrent";1340024432;79854.702629;-1.000000;"ee5bc8c0-ae84-4f54-b716-63ba15e38795";5089;"Q4";"Redditch";14;6;2012;0;18;"20120618"
"109.153.120.105";"GB";-0.093100;51.514200;"AS2856 BTnet UK Regional network";"mlab2-lhr01";0.024692;1082248.782698;"0.004012999";"darwin";"217.163.1.95";"bittorrent";1340024949;120994.931308;-1.000000;"591848d7-684a-46db-a17c-1bb1ef97f6c4";2856;"H9";"London";14;6;2012;0;18;"20120618"
"87.194.32.93";"GB";-0.233300;51.500000;"AS35228 Telefonica UK Limited";"mlab2-lhr01";0.015165;974533.788955;"0.004012999";"linux2";"217.163.1.95";"bittorrent";1340025411;113264.774766;-1.000000;"fa75ae33-87ca-4c4a-8aeb-0a3a19684949";35228;"F1";"Hammersmith";14;6;2012;0;18;"20120618"
"134.151.33.84";"GB";-1.916700;52.466700;"AS786 The JNT Association";"mlab2-lhr01";0.015039;10496436.147607;"0.004011999";"linux2";"217.163.1.95";"bittorrent";1340025412;6303793.197858;-1.000000;"34987743-340f-404c-bbab-25f3ba5726fb";786;"A7";"Birmingham";14;6;2012;0;18;"20120618"
"81.106.144.233";"GB";-0.183300;50.833300;"AS5089 Virgin Media Limited";"mlab2-lhr01";0.052007;1133344.027470;"0.004012999";"darwin";"217.163.1.95";"speedtest";1340025443;96764.692718;0.054435;"1fb825b9-bc1f-4f83-85de-6307dd06a1a1";5089;"B6";"Hove";14;6;2012;0;18;"20120618"
"134.151.0.67";"GB";-1.916700;52.466700;"AS786 The JNT Association";"mlab2-lhr01";0.014822;1648965.300800;"0.004011999";"linux2";"217.163.1.95";"speedtest";1340025601;1626465.195550;0.016582;"20cb2125-2367-46ae-8343-0682023aab13";786;"A7";"Birmingham";14;6;2012;0;18;"20120618"
"77.98.68.89";"GB";-1.939900;52.310500;"AS5089 Virgin Media Limited";"mlab2-lhr01";0.098433;1174355.449580;"0.004012999";"linux2";"217.163.1.95";"speedtest";1340025986;103883.738034;0.027967;"ee5bc8c0-ae84-4f54-b716-63ba15e38795";5089;"Q4";"Redditch";14;6;2012;0;18;"20120618"
"176.253.167.56";"GB";-3.000000;53.416700;"AS5607 British Sky Broadcasting Limited";"mlab2-lhr01";0.035777;283504.358082;"0.004010999";"win32";"217.163.1.95";"speedtest";1340026150;81518.203718;0.045218;"3b91ee22-7771-44e4-9417-2f816adf6b1c";5607;"H8";"Liverpool";14;6;2012;0;18;"20120618"
"109.153.120.105";"GB";-0.093100;51.514200;"AS2856 BTnet UK Regional network";"mlab2-lhr01";0.023874;1084107.643710;"0.004012999";"darwin";"217.163.1.95";"speedtest";1340026565;121968.983741;0.027549;"591848d7-684a-46db-a17c-1bb1ef97f6c4";2856;"H9";"London";14;6;2012;0;18;"20120618"
"152.78.161.205";"GB";-1.400000;50.900000;"AS786 The JNT Association";"mlab2-lhr01";0.040265;1261674.857060;"0.004012999";"darwin";"217.163.1.95";"speedtest";1340026690;807688.778272;0.052399;"030aa0df-ee3f-4a0a-9067-2a0a6890ef21";786;"M4";"Southampton";14;6;2012;0;18;"20120618"
"87.194.32.93";"GB";-0.233300;51.500000;"AS35228 Telefonica UK Limited";"mlab2-lhr01";0.017989;582535.060878;"0.004012999";"linux2";"217.163.1.95";"speedtest";1340026944;107414.551482;0.022471;"fa75ae33-87ca-4c4a-8aeb-0a3a19684949";35228;"F1";"Hammersmith";14;6;2012;0;18;"20120618"
"212.139.246.127";"GB";-0.130000;51.500000;"AS9105 Tiscali UK";"mlab2-lhr01";0.016364;468412.008862;"0.004012999";"darwin";"217.163.1.95";"speedtest";1340027068;80003.702113;0.020568;"17522bf2-605a-483d-b0d7-36583414f00c";9105;"";"";14;6;2012;0;18;"20120618"
"134.151.0.62";"GB";-1.916700;52.466700;"AS786 The JNT Association";"mlab2-lhr01";0.015209;1560251.273200;"0.004011999";"linux2";"217.163.1.95";"speedtest";1340027107;1670593.843580;0.016631;"fd8de4c7-c3b6-4aa3-8e16-e3400ab7a911";786;"A7";"Birmingham";14;6;2012;0;18;"20120618"
"176.253.167.56";"GB";-3.000000;53.416700;"AS5607 British Sky Broadcasting Limited";"mlab2-lhr01";0.035557;253104.457126;"0.004010999";"win32";"217.163.1.95";"bittorrent";1340027696;84442.682262;-1.000000;"3b91ee22-7771-44e4-9417-2f816adf6b1c";5607;"H8";"Liverpool";14;6;2012;0;18;"20120618"
"92.23.170.255";"GB";-3.050000;53.816700;"AS13285 TalkTalk Communications Limited";"mlab2-lhr01";0.033174;217727.908199;"0.004012999";"darwin";"217.163.1.95";"speedtest";1340028052;73407.462991;0.037636;"b7d03dcd-7026-4d92-8600-3f5f13ebd736";13285;"A9";"Blackpool";15;6;2012;0;18;"20120618"
"109.153.120.105";"GB";-0.093100;51.514200;"AS2856 BTnet UK Regional network";"mlab2-lhr01";0.109433;1068878.436822;"0.004012999";"darwin";"217.163.1.95";"bittorrent";1340028184;122279.356371;-1.000000;"591848d7-684a-46db-a17c-1bb1ef97f6c4";2856;"H9";"London";15;6;2012;0;18;"20120618"
"212.139.246.127";"GB";-0.130000;51.500000;"AS9105 Tiscali UK";"mlab2-lhr01";0.021542;473235.413630;"0.004012999";"darwin";"217.163.1.95";"bittorrent";1340028470;79144.091051;-1.000000;"17522bf2-605a-483d-b0d7-36583414f00c";9105;"";"";15;6;2012;0;18;"20120618"
"81.106.144.233";"GB";-0.183300;50.833300;"AS5089 Virgin Media Limited";"mlab2-lhr01";0.017133;1150381.316290;"0.004012999";"darwin";"217.163.1.95";"speedtest";1340028474;127717.595838;0.026141;"1fb825b9-bc1f-4f83-85de-6307dd06a1a1";5089;"B6";"Hove";15;6;2012;0;18;"20120618"
"176.253.167.56";"GB";-3.000000;53.416700;"AS5607 British Sky Broadcasting Limited";"mlab2-lhr01";0.036373;280011.489949;"0.004010999";"win32";"217.163.1.95";"speedtest";1340029218;81910.168504;0.045995;"3b91ee22-7771-44e4-9417-2f816adf6b1c";5607;"H8";"Liverpool";15;6;2012;0;18;"20120618"
"109.153.120.105";"GB";-0.093100;51.514200;"AS2856 BTnet UK Regional network";"mlab2-lhr01";0.088073;470945.491931;"0.004012999";"darwin";"217.163.1.95";"speedtest";1340029807;115590.592459;0.084639;"591848d7-684a-46db-a17c-1bb1ef97f6c4";2856;"H9";"London";15;6;2012;0;18;"20120618"
"152.78.161.205";"GB";-1.400000;50.900000;"AS786 The JNT Association";"mlab2-lhr01";0.005569;1199226.325410;"0.004012999";"darwin";"217.163.1.95";"speedtest";1340029931;700600.337328;0.008092;"030aa0df-ee3f-4a0a-9067-2a0a6890ef21";786;"M4";"Southampton";15;6;2012;0;18;"20120618"
"87.236.135.204";"GB";-0.093100;51.514200;"AS8530 Excell Group PLC";"mlab2-lhr01";0.002388;4231636.447800;"0.004012999";"darwin";"217.163.1.95";"speedtest";1340029963;4211196.389050;0.003664;"21525883-9d15-4b10-89d0-4184ed22aac4";8530;"H9";"London";15;6;2012;0;18;"20120618"
"81.106.144.233";"GB";-0.183300;50.833300;"AS5089 Virgin Media Limited";"mlab2-lhr01";0.034296;1190482.151777;"0.004012999";"darwin";"217.163.1.95";"bittorrent";1340029987;125897.887754;-1.000000;"1fb825b9-bc1f-4f83-85de-6307dd06a1a1";5089;"B6";"Hove";15;6;2012;0;18;"20120618"
"87.236.135.204";"GB";-0.093100;51.514200;"AS8530 Excell Group PLC";"mlab2-lhr01";0.012065;942180.681148;"0.004012999";"darwin";"217.163.1.95";"bittorrent";1340030199;1688168.609347;-1.000000;"a8f930ed-e628-4688-83ed-7f9d2ef2fc9e";8530;"H9";"London";15;6;2012;0;18;"20120618"
"134.151.33.84";"GB";-1.916700;52.466700;"AS786 The JNT Association";"mlab2-lhr01";0.015235;11470969.105300;"0.004011999";"linux2";"217.163.1.95";"speedtest";1340030187;10181446.425300;0.016089;"34987743-340f-404c-bbab-25f3ba5726fb";786;"A7";"Birmingham";15;6;2012;0;18;"20120618"
"134.151.0.62";"GB";-1.916700;52.466700;"AS786 The JNT Association";"mlab2-lhr01";0.015574;1672937.858730;"0.004011999";"linux2";"217.163.1.95";"speedtest";1340030772;1663185.418500;0.016879;"fd8de4c7-c3b6-4aa3-8e16-e3400ab7a911";786;"A7";"Birmingham";15;6;2012;0;18;"20120618"
"82.31.117.136";"GB";0.157500;51.474400;"AS5089 Virgin Media Limited";"mlab2-lhr01";0.023614;336949.594516;"0.004012999";"linux2";"217.163.1.95";"speedtest";1340030937;1193329.403120;0.032596;"4734c249-c01f-4aa9-a857-643af3bbcee2";5089;"A6";"Erith";15;6;2012;0;18;"20120618"
"92.23.170.255";"GB";-3.050000;53.816700;"AS13285 TalkTalk Communications Limited";"mlab2-lhr01";0.033457;198697.718602;"0.004012999";"darwin";"217.163.1.95";"speedtest";1340030998;63882.133217;0.038419;"b7d03dcd-7026-4d92-8600-3f5f13ebd736";13285;"A9";"Blackpool";15;6;2012;0;18;"20120618"
"62.173.117.2";"GB";-4.557800;51.986400;"AS6656 Star Technology Services Limited";"mlab2-lhr01";0.007220;5809265.109990;"0.004010999";"linux2";"217.163.1.95";"speedtest";1340031050;5211025.427630;0.008385;"f05e11ce-f17a-4492-af90-1a5c53e38d5d";6656;"Y7";"Star";15;6;2012;0;18;"20120618"
"212.139.246.127";"GB";-0.130000;51.500000;"AS9105 Tiscali UK";"mlab2-lhr01";0.023652;469676.646322;"0.004012999";"darwin";"217.163.1.95";"bittorrent";1340031270;80298.890096;-1.000000;"17522bf2-605a-483d-b0d7-36583414f00c";9105;"";"";15;6;2012;0;18;"20120618"
"195.137.56.210";"GB";-0.130000;51.500000;"AS9105 Tiscali UK";"mlab2-lhr01";0.027624;90262.821853;"0.004010999";"win32";"217.163.1.95";"bittorrent";1340031497;88032.209609;-1.000000;"21b8434f-b3f5-4129-a93e-e6fc50ac35c3";9105;"";"";15;6;2012;0;18;"20120618"
"87.236.135.204";"GB";-0.093100;51.514200;"AS8530 Excell Group PLC";"mlab2-lhr01";0.002246;3529722.600794;"0.004012999";"darwin";"217.163.1.95";"bittorrent";1340031565;4356054.915309;-1.000000;"21525883-9d15-4b10-89d0-4184ed22aac4";8530;"H9";"London";15;6;2012;0;18;"20120618"
"87.236.135.204";"GB";-0.093100;51.514200;"AS8530 Excell Group PLC";"mlab2-lhr01";0.069366;1741119.928400;"0.004012999";"darwin";"217.163.1.95";"speedtest";1340031686;2356930.298360;0.049403;"a8f930ed-e628-4688-83ed-7f9d2ef2fc9e";8530;"H9";"London";16;6;2012;0;18;"20120618"
"176.253.167.56";"GB";-3.000000;53.416700;"AS5607 British Sky Broadcasting Limited";"mlab2-lhr01";0.036225;293315.329022;"0.004010999";"win32";"217.163.1.95";"speedtest";1340032283;82525.899468;0.042531;"3b91ee22-7771-44e4-9417-2f816adf6b1c";5607;"H8";"Liverpool";16;6;2012;0;18;"20120618"
"82.31.117.136";"GB";0.157500;51.474400;"AS5089 Virgin Media Limited";"mlab2-lhr01";0.048828;391168.418052;"0.004012999";"linux2";"217.163.1.95";"bittorrent";1340032591;1175022.120465;-1.000000;"4734c249-c01f-4aa9-a857-643af3bbcee2";5089;"A6";"Erith";16;6;2012;0;18;"20120618"
"212.139.246.127";"GB";-0.130000;51.500000;"AS9105 Tiscali UK";"mlab2-lhr01";0.016301;458020.408628;"0.004012999";"darwin";"217.163.1.95";"speedtest";1340032668;71956.730018;0.020333;"17522bf2-605a-483d-b0d7-36583414f00c";9105;"";"";16;6;2012;0;18;"20120618"
"134.151.0.67";"GB";-1.916700;52.466700;"AS786 The JNT Association";"mlab2-lhr01";0.015229;1675107.315110;"0.004011999";"linux2";"217.163.1.95";"speedtest";1340032940;1633065.580690;0.016543;"20cb2125-2367-46ae-8343-0682023aab13";786;"A7";"Birmingham";16;6;2012;0;18;"20120618"
"109.153.120.105";"GB";-0.093100;51.514200;"AS2856 BTnet UK Regional network";"mlab2-lhr01";0.057593;412604.460453;"0.004012999";"darwin";"217.163.1.95";"speedtest";1340033047;113849.338464;0.070430;"591848d7-684a-46db-a17c-1bb1ef97f6c4";2856;"H9";"London";16;6;2012;0;18;"20120618"
"77.98.68.89";"GB";-1.939900;52.310500;"AS5089 Virgin Media Limited";"mlab2-lhr01";0.027180;1205557.728256;"0.004012999";"linux2";"217.163.1.95";"bittorrent";1340033720;120458.929417;-1.000000;"ee5bc8c0-ae84-4f54-b716-63ba15e38795";5089;"Q4";"Redditch";16;6;2012;0;18;"20120618"
"176.253.167.56";"GB";-3.000000;53.416700;"AS5607 British Sky Broadcasting Limited";"mlab2-lhr01";0.035675;273344.238852;"0.004010999";"win32";"217.163.1.95";"bittorrent";1340033828;84187.642172;-1.000000;"3b91ee22-7771-44e4-9417-2f816adf6b1c";5607;"H8";"Liverpool";16;6;2012;0;18;"20120618"
"92.23.170.255";"GB";-3.050000;53.816700;"AS13285 TalkTalk Communications Limited";"mlab2-lhr01";0.032955;216781.818141;"0.004012999";"darwin";"217.163.1.95";"speedtest";1340033942;73227.734316;0.037733;"b7d03dcd-7026-4d92-8600-3f5f13ebd736";13285;"A9";"Blackpool";16;6;2012;0;18;"20120618"
"62.173.117.2";"GB";-4.557800;51.986400;"AS6656 Star Technology Services Limited";"mlab2-lhr01";0.007386;5845660.089190;"0.004010999";"linux2";"217.163.1.95";"speedtest";1340034052;5451437.881830;0.008431;"f05e11ce-f17a-4492-af90-1a5c53e38d5d";6656;"Y7";"Star";16;6;2012;0;18;"20120618"
"195.137.56.210";"GB";-0.130000;51.500000;"AS9105 Tiscali UK";"mlab2-lhr01";0.028519;113101.537748;"0.004010999";"win32";"217.163.1.95";"bittorrent";1340034350;93543.412021;-1.000000;"21b8434f-b3f5-4129-a93e-e6fc50ac35c3";9105;"";"";16;6;2012;0;18;"20120618"
"87.236.135.204";"GB";-0.093100;51.514200;"AS8530 Excell Group PLC";"mlab2-lhr01";0.002329;912489.952048;"0.004012999";"darwin";"217.163.1.95";"speedtest";1340034665;1487199.826120;0.005509;"a8f930ed-e628-4688-83ed-7f9d2ef2fc9e";8530;"H9";"London";16;6;2012;0;18;"20120618"
"134.151.0.67";"GB";-1.916700;52.466700;"AS786 The JNT Association";"mlab2-lhr01";0.015542;15180.087698;"0.004011999";"linux2";"217.163.1.95";"bittorrent";1340034818;15109.927674;-1.000000;"20cb2125-2367-46ae-8343-0682023aab13";786;"A7";"Birmingham";16;6;2012;0;18;"20120618"
"77.98.68.89";"GB";-1.939900;52.310500;"AS5089 Virgin Media Limited";"mlab2-lhr01";0.028970;1171338.392180;"0.004012999";"linux2";"217.163.1.95";"speedtest";1340035273;121824.110473;0.020978;"ee5bc8c0-ae84-4f54-b716-63ba15e38795";5089;"Q4";"Redditch";17;6;2012;0;18;"20120618"
"195.137.56.210";"GB";-0.130000;51.500000;"AS9105 Tiscali UK";"mlab2-lhr01";0.027500;46765.843070;"0.004010999";"win32";"217.163.1.95";"speedtest";1340035777;84864.354875;0.031979;"21b8434f-b3f5-4129-a93e-e6fc50ac35c3";9105;"";"";17;6;2012;0;18;"20120618"
"87.194.32.93";"GB";-0.233300;51.500000;"AS35228 Telefonica UK Limited";"mlab2-lhr01";0.014697;922463.932986;"0.004012999";"linux2";"217.163.1.95";"speedtest";1340036132;110515.070764;0.019201;"fa75ae33-87ca-4c4a-8aeb-0a3a19684949";35228;"F1";"Hammersmith";17;6;2012;0;18;"20120618"
"212.139.246.127";"GB";-0.130000;51.500000;"AS9105 Tiscali UK";"mlab2-lhr01";0.016397;408056.679147;"0.004012999";"darwin";"217.163.1.95";"bittorrent";1340036874;67701.466156;-1.000000;"17522bf2-605a-483d-b0d7-36583414f00c";9105;"";"";17;6;2012;0;18;"20120618"
"92.23.170.255";"GB";-3.050000;53.816700;"AS13285 TalkTalk Communications Limited";"mlab2-lhr01";0.032891;217674.739155;"0.004012999";"darwin";"217.163.1.95";"speedtest";1340036887;73068.159615;0.037860;"b7d03dcd-7026-4d92-8600-3f5f13ebd736";13285;"A9";"Blackpool";17;6;2012;0;18;"20120618"
"134.151.33.84";"GB";-1.916700;52.466700;"AS786 The JNT Association";"mlab2-lhr01";0.015392;11599786.425100;"0.004011999";"linux2";"217.163.1.95";"speedtest";1340036766;10609546.535000;0.016209;"34987743-340f-404c-bbab-25f3ba5726fb";786;"A7";"Birmingham";17;6;2012;0;18;"20120618"
"62.173.117.2";"GB";-4.557800;51.986400;"AS6656 Star Technology Services Limited";"mlab2-lhr01";0.007204;5714026.828270;"0.004010999";"linux2";"217.163.1.95";"speedtest";1340037054;5426054.984030;0.008369;"f05e11ce-f17a-4492-af90-1a5c53e38d5d";6656;"Y7";"Star";17;6;2012;0;18;"20120618"
"134.151.0.62";"GB";-1.916700;52.466700;"AS786 The JNT Association";"mlab2-lhr01";0.016069;1671548.978720;"0.004011999";"linux2";"217.163.1.95";"speedtest";1340038099;1614693.094990;0.017024;"fd8de4c7-c3b6-4aa3-8e16-e3400ab7a911";786;"A7";"Birmingham";17;6;2012;0;18;"20120618"
"77.98.68.89";"GB";-1.939900;52.310500;"AS5089 Virgin Media Limited";"mlab2-lhr01";0.018768;1175623.512800;"0.004012999";"linux2";"217.163.1.95";"speedtest";1340038400;126914.411688;0.020913;"ee5bc8c0-ae84-4f54-b716-63ba15e38795";5089;"Q4";"Redditch";17;6;2012;0;18;"20120618"
"176.253.167.56";"GB";-3.000000;53.416700;"AS5607 British Sky Broadcasting Limited";"mlab2-lhr01";0.038198;222290.346802;"0.004010999";"win32";"217.163.1.95";"speedtest";1340038422;65341.026390;0.040588;"3b91ee22-7771-44e4-9417-2f816adf6b1c";5607;"H8";"Liverpool";17;6;2012;0;18;"20120618"
"62.173.117.2";"GB";-4.557800;51.986400;"AS6656 Star Technology Services Limited";"mlab2-lhr01";0.007717;5791957.241731;"0.004010999";"linux2";"217.163.1.95";"bittorrent";1340038562;5902593.495131;-1.000000;"f05e11ce-f17a-4492-af90-1a5c53e38d5d";6656;"Y7";"Star";17;6;2012;0;18;"20120618"
"87.236.135.204";"GB";-0.093100;51.514200;"AS8530 Excell Group PLC";"mlab2-lhr01";0.002380;2022246.542695;"0.004012999";"darwin";"217.163.1.95";"bittorrent";1340039127;2167999.659129;-1.000000;"a8f930ed-e628-4688-83ed-7f9d2ef2fc9e";8530;"H9";"London";18;6;2012;0;18;"20120618"
"109.153.120.105";"GB";-0.093100;51.514200;"AS2856 BTnet UK Regional network";"mlab2-lhr01";0.025845;1032625.621080;"0.004012999";"darwin";"217.163.1.95";"speedtest";1340039515;122394.143276;0.027288;"591848d7-684a-46db-a17c-1bb1ef97f6c4";2856;"H9";"London";18;6;2012;0;18;"20120618"
"77.98.68.89";"GB";-1.939900;52.310500;"AS5089 Virgin Media Limited";"mlab2-lhr01";0.164389;1021012.467117;"0.004012999";"linux2";"217.163.1.95";"bittorrent";1340039967;19991.812365;-1.000000;"ee5bc8c0-ae84-4f54-b716-63ba15e38795";5089;"Q4";"Redditch";18;6;2012;0;18;"20120618"
"62.173.117.2";"GB";-4.557800;51.986400;"AS6656 Star Technology Services Limited";"mlab2-lhr01";0.007418;5876009.050080;"0.004010999";"linux2";"217.163.1.95";"speedtest";1340040056;5438354.793350;0.008368;"f05e11ce-f17a-4492-af90-1a5c53e38d5d";6656;"Y7";"Star";18;6;2012;0;18;"20120618"
"134.151.33.84";"GB";-1.916700;52.466700;"AS786 The JNT Association";"mlab2-lhr01";0.014974;10697128.187300;"0.004011999";"linux2";"217.163.1.95";"speedtest";1340040016;8101197.832220;0.016144;"34987743-340f-404c-bbab-25f3ba5726fb";786;"A7";"Birmingham";18;6;2012;0;18;"20120618"
"87.194.32.93";"GB";-0.233300;51.500000;"AS35228 Telefonica UK Limited";"mlab2-lhr01";0.015468;602232.437464;"0.004012999";"linux2";"217.163.1.95";"bittorrent";1340040735;77374.627671;-1.000000;"fa75ae33-87ca-4c4a-8aeb-0a3a19684949";35228;"F1";"Hammersmith";18;6;2012;0;18;"20120618"
"2.102.246.122";"GB";-0.130000;51.500000;"AS13285 TalkTalk Communications Limited";"mlab2-lhr01";0.033966;1213491.314200;"0.004012999";"darwin";"217.163.1.95";"speedtest";1340040911;54879.036253;0.038752;"030aa0df-ee3f-4a0a-9067-2a0a6890ef21";13285;"";"";18;6;2012;0;18;"20120618"
"82.31.117.136";"GB";0.157500;51.474400;"AS5089 Virgin Media Limited";"mlab2-lhr01";0.055639;397882.383835;"0.004012999";"linux2";"217.163.1.95";"speedtest";1340041240;1155411.056750;0.035924;"4734c249-c01f-4aa9-a857-643af3bbcee2";5089;"A6";"Erith";18;6;2012;0;18;"20120618"
"176.253.167.56";"GB";-3.000000;53.416700;"AS5607 British Sky Broadcasting Limited";"mlab2-lhr01";0.036656;251205.211112;"0.004010999";"win32";"217.163.1.95";"speedtest";1340041488;69502.972011;0.041380;"3b91ee22-7771-44e4-9417-2f816adf6b1c";5607;"H8";"Liverpool";18;6;2012;0;18;"20120618"
"134.151.0.62";"GB";-1.916700;52.466700;"AS786 The JNT Association";"mlab2-lhr01";0.015333;1673748.815700;"0.004011999";"linux2";"217.163.1.95";"speedtest";1340041782;1638263.971100;0.017125;"fd8de4c7-c3b6-4aa3-8e16-e3400ab7a911";786;"A7";"Birmingham";18;6;2012;0;18;"20120618"
"62.173.117.2";"GB";-4.557800;51.986400;"AS6656 Star Technology Services Limited";"mlab2-lhr01";0.007331;5615351.344510;"0.004010999";"linux2";"217.163.1.95";"speedtest";1340043059;5529967.415340;0.008394;"f05e11ce-f17a-4492-af90-1a5c53e38d5d";6656;"Y7";"Star";19;6;2012;0;18;"20120618"
"77.98.68.89";"GB";-1.939900;52.310500;"AS5089 Virgin Media Limited";"mlab2-lhr01";0.165936;1108410.971080;"0.004012999";"linux2";"217.163.1.95";"bittorrent";1340043095;19154.124632;-1.000000;"ee5bc8c0-ae84-4f54-b716-63ba15e38795";5089;"Q4";"Redditch";19;6;2012;0;18;"20120618"
"81.158.148.124";"GB";-1.333300;54.216700;"AS2856 BTnet UK Regional network";"mlab2-lhr01";0.120160;67447.542801;"0.004012999";"linux2";"217.163.1.95";"bittorrent";1340044553;45814.000256;-1.000000;"e37b8625-0644-419c-92a3-b5a6a3b3726c";2856;"J7";"Thirsk";19;6;2012;0;18;"20120618"
"77.98.68.89";"GB";-1.939900;52.310500;"AS5089 Virgin Media Limited";"mlab2-lhr01";0.018097;1151576.424730;"0.004012999";"linux2";"217.163.1.95";"speedtest";1340044646;126489.783234;0.022338;"ee5bc8c0-ae84-4f54-b716-63ba15e38795";5089;"Q4";"Redditch";19;6;2012;0;18;"20120618"
"194.164.232.154";"GB";-0.130000;51.500000;"AS8897 KCOM Group PLC";"mlab2-lhr01";0.037115;92185.584176;"0.004011999";"win32";"217.163.1.95";"bittorrent";1340044832;88284.619985;-1.000000;"d71ed525-d91d-4946-ab33-3e2483201805";8897;"";"";19;6;2012;0;18;"20120618"
"109.170.163.183";"GB";-0.130000;51.500000;"AS31290 Daisy Communications Ltd";"mlab2-lhr01";0.038028;194638.041814;"0.004012999";"win32";"217.163.1.95";"speedtest";1340045469;34099.911362;0.176156;"2a40d0cb-eaae-4ecd-8c4f-409bcb674e6a";31290;"";"";19;6;2012;0;18;"20120618"
"134.151.0.67";"GB";-1.916700;52.466700;"AS786 The JNT Association";"mlab2-lhr01";0.015525;15098.203802;"0.004011999";"linux2";"217.163.1.95";"bittorrent";1340045846;15137.275854;-1.000000;"20cb2125-2367-46ae-8343-0682023aab13";786;"A7";"Birmingham";19;6;2012;0;18;"20120618"
"109.153.120.105";"GB";-0.093100;51.514200;"AS2856 BTnet UK Regional network";"mlab2-lhr01";0.024579;1080088.460747;"0.004012999";"darwin";"217.163.1.95";"bittorrent";1340045949;122914.211574;-1.000000;"591848d7-684a-46db-a17c-1bb1ef97f6c4";2856;"H9";"London";19;6;2012;0;18;"20120618"
"81.158.148.124";"GB";-1.333300;54.216700;"AS2856 BTnet UK Regional network";"mlab2-lhr01";0.038604;121997.139515;"0.004012999";"linux2";"217.163.1.95";"speedtest";1340046096;42728.169840;0.051435;"e37b8625-0644-419c-92a3-b5a6a3b3726c";2856;"J7";"Thirsk";20;6;2012;0;18;"20120618"
"176.253.167.56";"GB";-3.000000;53.416700;"AS5607 British Sky Broadcasting Limited";"mlab2-lhr01";0.036294;283027.099859;"0.004010999";"win32";"217.163.1.95";"bittorrent";1340046102;72356.402209;-1.000000;"3b91ee22-7771-44e4-9417-2f816adf6b1c";5607;"H8";"Liverpool";20;6;2012;0;18;"20120618"
"82.45.214.67";"GB";-0.093100;51.514200;"AS5089 Virgin Media Limited";"mlab2-lhr01";0.019638;3037085.349360;"0.004012999";"darwin";"217.163.1.95";"speedtest";1340046538;261172.612698;0.022694;"21525883-9d15-4b10-89d0-4184ed22aac4";5089;"H9";"London";20;6;2012;0;18;"20120618"
"82.16.158.94";"GB";-0.093100;51.514200;"AS5089 Virgin Media Limited";"mlab2-lhr01";0.192391;122518.364404;"0.004012999";"win32";"217.163.1.95";"bittorrent";1340046815;8926.583606;-1.000000;"9726bbb2-cde6-4c53-9b05-82c3b868ab5f";5089;"H9";"London";20;6;2012;0;18;"20120618"
"134.151.0.62";"GB";-1.916700;52.466700;"AS786 The JNT Association";"mlab2-lhr01";0.015454;15684.593282;"0.004011999";"linux2";"217.163.1.95";"bittorrent";1340047326;14649.470961;-1.000000;"fd8de4c7-c3b6-4aa3-8e16-e3400ab7a911";786;"A7";"Birmingham";20;6;2012;0;18;"20120618"
"2.102.246.122";"GB";-0.130000;51.500000;"AS13285 TalkTalk Communications Limited";"mlab2-lhr01";0.029910;1232820.511770;"0.004012999";"darwin";"217.163.1.95";"speedtest";1340047967;106613.657324;0.033521;"030aa0df-ee3f-4a0a-9067-2a0a6890ef21";13285;"";"";20;6;2012;0;18;"20120618"
"82.16.158.94";"GB";-0.093100;51.514200;"AS5089 Virgin Media Limited";"mlab2-lhr01";0.243549;4634235.971140;"0.004012999";"win32";"217.163.1.95";"speedtest";1340048314;462034.969072;0.051153;"9726bbb2-cde6-4c53-9b05-82c3b868ab5f";5089;"H9";"London";20;6;2012;0;18;"20120618"
"82.31.117.136";"GB";0.157500;51.474400;"AS5089 Virgin Media Limited";"mlab2-lhr01";0.021622;174411.162340;"0.004012999";"linux2";"217.163.1.95";"speedtest";1340048320;1186395.497560;0.034385;"4734c249-c01f-4aa9-a857-643af3bbcee2";5089;"A6";"Erith";20;6;2012;0;18;"20120618"
"134.151.0.62";"GB";-1.916700;52.466700;"AS786 The JNT Association";"mlab2-lhr01";0.015570;1674976.309860;"0.004011999";"linux2";"217.163.1.95";"speedtest";1340049136;1668420.933510;0.017110;"fd8de4c7-c3b6-4aa3-8e16-e3400ab7a911";786;"A7";"Birmingham";20;6;2012;0;18;"20120618"
"176.253.167.56";"GB";-3.000000;53.416700;"AS5607 British Sky Broadcasting Limited";"mlab2-lhr01";0.036740;184876.415413;"0.004010999";"win32";"217.163.1.95";"bittorrent";1340049169;74161.673201;-1.000000;"3b91ee22-7771-44e4-9417-2f816adf6b1c";5607;"H8";"Liverpool";20;6;2012;0;18;"20120618"
"109.153.120.105";"GB";-0.093100;51.514200;"AS2856 BTnet UK Regional network";"mlab2-lhr01";0.024572;1032889.002090;"0.004012999";"darwin";"217.163.1.95";"speedtest";1340050368;122185.561925;0.028627;"591848d7-684a-46db-a17c-1bb1ef97f6c4";2856;"H9";"London";21;6;2012;0;18;"20120618"
"94.11.241.243";"GB";-2.100000;53.500000;"AS5607 British Sky Broadcasting Limited";"mlab2-lhr01";0.065459;825208.425776;"0.004012999";"win32";"217.163.1.95";"speedtest";1340050828;27400.661374;0.065333;"d43f1d39-8e2d-40e8-8bf2-9953c953a0f0";5607;"O1";"Ashton-under-lyne";21;6;2012;0;18;"20120618"
"86.153.58.85";"GB";-0.130000;51.500000;"AS2856 BTnet UK Regional network";"mlab2-lhr01";0.059132;198274.502328;"0.004011999";"win32";"217.163.1.95";"speedtest";1340050899;29936.390183;0.062913;"0b18a6cd-73b8-45a1-93e1-13a6c156891b";2856;"";"";21;6;2012;0;18;"20120618"
"134.151.0.62";"GB";-1.916700;52.466700;"AS786 The JNT Association";"mlab2-lhr01";0.015952;15157.660643;"0.004011999";"linux2";"217.163.1.95";"bittorrent";1340051027;15140.559794;-1.000000;"fd8de4c7-c3b6-4aa3-8e16-e3400ab7a911";786;"A7";"Birmingham";21;6;2012;0;18;"20120618"
"195.137.56.210";"GB";-0.130000;51.500000;"AS9105 Tiscali UK";"mlab2-lhr01";0.029382;9603.200428;"0.004010999";"win32";"217.163.1.95";"speedtest";1340051248;71492.425864;0.032874;"21b8434f-b3f5-4129-a93e-e6fc50ac35c3";9105;"";"";21;6;2012;0;18;"20120618"
"82.16.158.94";"GB";-0.093100;51.514200;"AS5089 Virgin Media Limited";"mlab2-lhr01";0.079039;4999744.027870;"0.004012999";"win32";"217.163.1.95";"speedtest";1340051368;552142.816228;0.044360;"9726bbb2-cde6-4c53-9b05-82c3b868ab5f";5089;"H9";"London";21;6;2012;0;18;"20120618"
"62.173.117.2";"GB";-4.557800;51.986400;"AS6656 Star Technology Services Limited";"mlab2-lhr01";0.007397;5858558.629850;"0.004010999";"linux2";"217.163.1.95";"speedtest";1340052066;5479623.020730;0.008396;"f05e11ce-f17a-4492-af90-1a5c53e38d5d";6656;"Y7";"Star";21;6;2012;0;18;"20120618"
"176.253.167.56";"GB";-3.000000;53.416700;"AS5607 British Sky Broadcasting Limited";"mlab2-lhr01";0.035833;241880.231456;"0.004010999";"win32";"217.163.1.95";"bittorrent";1340052235;76248.945130;-1.000000;"3b91ee22-7771-44e4-9417-2f816adf6b1c";5607;"H8";"Liverpool";21;6;2012;0;18;"20120618"
"92.24.93.61";"GB";-0.093100;51.514200;"AS13285 TalkTalk Communications Limited";"mlab2-lhr01";0.030507;1565378.917210;"0.004012999";"win32";"217.163.1.95";"speedtest";1340052622;97251.845790;0.034665;"407ac3cb-a4ae-41d8-9c4c-0971091666da";13285;"H9";"London";21;6;2012;0;18;"20120618"
"134.151.0.62";"GB";-1.916700;52.466700;"AS786 The JNT Association";"mlab2-lhr01";0.015850;1658343.046570;"0.004011999";"linux2";"217.163.1.95";"speedtest";1340052837;1637324.957420;0.017020;"fd8de4c7-c3b6-4aa3-8e16-e3400ab7a911";786;"A7";"Birmingham";21;6;2012;0;18;"20120618"
"82.16.158.94";"GB";-0.093100;51.514200;"AS5089 Virgin Media Limited";"mlab2-lhr01";0.280656;84142.216052;"0.004012999";"win32";"217.163.1.95";"bittorrent";1340052988;15619.211924;-1.000000;"9726bbb2-cde6-4c53-9b05-82c3b868ab5f";5089;"H9";"London";21;6;2012;0;18;"20120618"
"134.151.0.67";"GB";-1.916700;52.466700;"AS786 The JNT Association";"mlab2-lhr01";0.015592;15199.174997;"0.004011999";"linux2";"217.163.1.95";"bittorrent";1340053202;14679.298473;-1.000000;"20cb2125-2367-46ae-8343-0682023aab13";786;"A7";"Birmingham";22;6;2012;0;18;"20120618"
"81.106.144.233";"GB";-0.183300;50.833300;"AS5089 Virgin Media Limited";"mlab2-lhr01";0.035923;1127022.353780;"0.004012999";"darwin";"217.163.1.95";"speedtest";1340053412;127593.330716;0.032937;"1fb825b9-bc1f-4f83-85de-6307dd06a1a1";5089;"B6";"Hove";22;6;2012;0;18;"20120618"
"62.173.117.2";"GB";-4.557800;51.986400;"AS6656 Star Technology Services Limited";"mlab2-lhr01";0.007371;5906771.893976;"0.004010999";"linux2";"217.163.1.95";"bittorrent";1340053573;5917459.166215;-1.000000;"f05e11ce-f17a-4492-af90-1a5c53e38d5d";6656;"Y7";"Star";22;6;2012;0;18;"20120618"
"176.253.167.56";"GB";-3.000000;53.416700;"AS5607 British Sky Broadcasting Limited";"mlab2-lhr01";0.039901;260506.349792;"0.004010999";"win32";"217.163.1.95";"speedtest";1340053757;69209.474784;0.041990;"3b91ee22-7771-44e4-9417-2f816adf6b1c";5607;"H8";"Liverpool";22;6;2012;0;18;"20120618"
"86.132.32.240";"GB";-0.089200;51.486200;"AS2856 BTnet UK Regional network";"mlab2-lhr01";0.036157;128646.029685;"0.004012999";"linux2";"217.163.1.95";"bittorrent";1340053853;46229.308526;-1.000000;"e37b8625-0644-419c-92a3-b5a6a3b3726c";2856;"H9";"London";22;6;2012;0;18;"20120618"
"94.11.241.243";"GB";-2.100000;53.500000;"AS5607 British Sky Broadcasting Limited";"mlab2-lhr01";0.034903;707387.416121;"0.004012999";"win32";"217.163.1.95";"speedtest";1340053885;27638.957143;0.049166;"d43f1d39-8e2d-40e8-8bf2-9953c953a0f0";5607;"O1";"Ashton-under-lyne";22;6;2012;0;18;"20120618"
"86.153.58.85";"GB";-0.130000;51.500000;"AS2856 BTnet UK Regional network";"mlab2-lhr01";0.022878;197962.151235;"0.004011999";"win32";"217.163.1.95";"speedtest";1340053942;46367.520612;0.028546;"0b18a6cd-73b8-45a1-93e1-13a6c156891b";2856;"";"";22;6;2012;0;18;"20120618"
"195.137.56.210";"GB";-0.130000;51.500000;"AS9105 Tiscali UK";"mlab2-lhr01";0.058955;24287.362715;"0.004010999";"win32";"217.163.1.95";"speedtest";1340054311;80480.127437;0.043558;"21b8434f-b3f5-4129-a93e-e6fc50ac35c3";9105;"";"";22;6;2012;0;18;"20120618"
"87.194.32.93";"GB";-0.233300;51.500000;"AS35228 Telefonica UK Limited";"mlab2-lhr01";0.036307;71723.114110;"0.004012999";"linux2";"217.163.1.95";"speedtest";1340054589;44299.139763;0.036916;"fa75ae33-87ca-4c4a-8aeb-0a3a19684949";35228;"F1";"Hammersmith";22;6;2012;0;18;"20120618"
"134.151.33.84";"GB";-1.916700;52.466700;"AS786 The JNT Association";"mlab2-lhr01";0.015176;11313199.248033;"0.004011999";"linux2";"217.163.1.95";"bittorrent";1340054885;6443817.203092;-1.000000;"34987743-340f-404c-bbab-25f3ba5726fb";786;"A7";"Birmingham";22;6;2012;0;18;"20120618"
"217.42.142.130";"GB";-0.700000;52.300000;"AS2856 BTnet UK Regional network";"mlab2-lhr01";0.395131;88957.549350;"0.004010999";"win32";"217.163.1.95";"bittorrent";1340055030;24645.428900;-1.000000;"ce72110c-12d3-473e-b32a-d3b0309312b8";2856;"J1";"Wellingborough";22;6;2012;0;18;"20120618"
"2.102.246.122";"GB";-0.130000;51.500000;"AS13285 TalkTalk Communications Limited";"mlab2-lhr01";0.034947;26971.793979;"0.004012999";"darwin";"217.163.1.95";"speedtest";1340055251;104578.940752;0.038812;"030aa0df-ee3f-4a0a-9067-2a0a6890ef21";13285;"";"";22;6;2012;0;18;"20120618"
"176.253.167.56";"GB";-3.000000;53.416700;"AS5607 British Sky Broadcasting Limited";"mlab2-lhr01";0.035535;239703.539675;"0.004010999";"win32";"217.163.1.95";"bittorrent";1340055303;79803.076201;-1.000000;"3b91ee22-7771-44e4-9417-2f816adf6b1c";5607;"H8";"Liverpool";22;6;2012;0;18;"20120618"
"86.132.32.240";"GB";-0.089200;51.486200;"AS2856 BTnet UK Regional network";"mlab2-lhr01";0.038949;133035.436460;"0.004012999";"linux2";"217.163.1.95";"speedtest";1340055396;46588.825267;0.063743;"e37b8625-0644-419c-92a3-b5a6a3b3726c";2856;"H9";"London";22;6;2012;0;18;"20120618"
"92.24.93.61";"GB";-0.093100;51.514200;"AS13285 TalkTalk Communications Limited";"mlab2-lhr01";0.030226;1544369.198720;"0.004012999";"win32";"217.163.1.95";"speedtest";1340056013;90873.385666;0.034721;"407ac3cb-a4ae-41d8-9c4c-0971091666da";13285;"H9";"London";22;6;2012;0;18;"20120618"
"82.16.158.94";"GB";-0.093100;51.514200;"AS5089 Virgin Media Limited";"mlab2-lhr01";0.181024;82980.793433;"0.004012999";"win32";"217.163.1.95";"bittorrent";1340056095;2050.783748;-1.000000;"9726bbb2-cde6-4c53-9b05-82c3b868ab5f";5089;"H9";"London";22;6;2012;0;18;"20120618"
"87.194.32.93";"GB";-0.233300;51.500000;"AS35228 Telefonica UK Limited";"mlab2-lhr01";0.313996;289649.731459;"0.004012999";"linux2";"217.163.1.95";"bittorrent";1340056144;65073.296994;-1.000000;"fa75ae33-87ca-4c4a-8aeb-0a3a19684949";35228;"F1";"Hammersmith";22;6;2012;0;18;"20120618"
"81.106.144.233";"GB";-0.183300;50.833300;"AS5089 Virgin Media Limited";"mlab2-lhr01";0.017317;1160211.329120;"0.004012999";"darwin";"217.163.1.95";"speedtest";1340056549;117549.186247;0.026225;"1fb825b9-bc1f-4f83-85de-6307dd06a1a1";5089;"B6";"Hove";22;6;2012;0;18;"20120618"
"2.103.210.195";"GB";-0.130000;51.500000;"AS13285 TalkTalk Communications Limited";"mlab2-lhr01";0.025666;4237639.464970;"0.004012999";"win32";"217.163.1.95";"speedtest";1340056786;210327.631141;0.028273;"b6a38e2a-1b12-4eea-9aff-91e453afc185";13285;"";"";22;6;2012;0;18;"20120618"
"86.132.32.240";"GB";-0.089200;51.486200;"AS2856 BTnet UK Regional network";"mlab2-lhr01";0.041225;93671.467824;"0.004012999";"linux2";"217.163.1.95";"bittorrent";1340056959;31724.497003;-1.000000;"e37b8625-0644-419c-92a3-b5a6a3b3726c";2856;"H9";"London";23;6;2012;0;18;"20120618"
"87.194.32.93";"GB";-0.233300;51.500000;"AS35228 Telefonica UK Limited";"mlab2-lhr01";0.479814;55391.504356;"0.004012999";"linux2";"217.163.1.95";"speedtest";1340057685;42133.033492;0.564283;"fa75ae33-87ca-4c4a-8aeb-0a3a19684949";35228;"F1";"Hammersmith";23;6;2012;0;18;"20120618"
"134.151.33.84";"GB";-1.916700;52.466700;"AS786 The JNT Association";"mlab2-lhr01";0.015096;10834980.486752;"0.004011999";"linux2";"217.163.1.95";"bittorrent";1340058132;8214803.669924;-1.000000;"34987743-340f-404c-bbab-25f3ba5726fb";786;"A7";"Birmingham";23;6;2012;0;18;"20120618"
"81.106.144.233";"GB";-0.183300;50.833300;"AS5089 Virgin Media Limited";"mlab2-lhr01";0.185716;322179.446112;"0.004012999";"darwin";"217.163.1.95";"bittorrent";1340058189;6401.481160;-1.000000;"1fb825b9-bc1f-4f83-85de-6307dd06a1a1";5089;"B6";"Hove";23;6;2012;0;18;"20120618"
"86.132.32.240";"GB";-0.089200;51.486200;"AS2856 BTnet UK Regional network";"mlab2-lhr01";0.035241;140706.149318;"0.004012999";"linux2";"217.163.1.95";"speedtest";1340058502;46942.289070;0.042999;"e37b8625-0644-419c-92a3-b5a6a3b3726c";2856;"H9";"London";23;6;2012;0;18;"20120618"
"134.151.0.67";"GB";-1.916700;52.466700;"AS786 The JNT Association";"mlab2-lhr01";0.015375;1675367.679500;"0.004011999";"linux2";"217.163.1.95";"speedtest";1340058674;1626697.613410;0.016590;"20cb2125-2367-46ae-8343-0682023aab13";786;"A7";"Birmingham";23;6;2012;0;18;"20120618"
"62.173.117.2";"GB";-4.557800;51.986400;"AS6656 Star Technology Services Limited";"mlab2-lhr01";0.008987;5912646.702239;"0.004010999";"linux2";"217.163.1.95";"bittorrent";1340059578;5921026.472831;-1.000000;"f05e11ce-f17a-4492-af90-1a5c53e38d5d";6656;"Y7";"Star";23;6;2012;0;18;"20120618"
"77.98.68.89";"GB";-1.939900;52.310500;"AS5089 Virgin Media Limited";"mlab2-lhr01";0.017762;1185211.223250;"0.004012999";"linux2";"217.163.1.95";"speedtest";1340060312;127110.630546;0.023025;"ee5bc8c0-ae84-4f54-b716-63ba15e38795";5089;"Q4";"Redditch";23;6;2012;0;18;"20120618"
"82.31.117.136";"GB";0.157500;51.474400;"AS5089 Virgin Media Limited";"mlab2-lhr01";0.030238;455341.178527;"0.004012999";"linux2";"217.163.1.95";"bittorrent";1340060581;1162532.865803;-1.000000;"4734c249-c01f-4aa9-a857-643af3bbcee2";5089;"A6";"Erith";0;6;2012;1;19;"20120618"
"82.16.158.94";"GB";-0.093100;51.514200;"AS5089 Virgin Media Limited";"mlab2-lhr01";0.077976;3616046.067110;"0.004012999";"win32";"217.163.1.95";"speedtest";1340060698;339949.481123;0.084406;"9726bbb2-cde6-4c53-9b05-82c3b868ab5f";5089;"H9";"London";0;6;2012;1;19;"20120618"
"62.173.117.2";"GB";-4.557800;51.986400;"AS6656 Star Technology Services Limited";"mlab2-lhr01";0.007206;5547498.079130;"0.004010999";"linux2";"217.163.1.95";"speedtest";1340061072;5440704.001950;0.008358;"f05e11ce-f17a-4492-af90-1a5c53e38d5d";6656;"Y7";"Star";0;6;2012;1;19;"20120618"
"81.106.144.233";"GB";-0.183300;50.833300;"AS5089 Virgin Media Limited";"mlab2-lhr01";0.043794;1185973.285716;"0.004012999";"darwin";"217.163.1.95";"bittorrent";1340061231;117088.127014;-1.000000;"1fb825b9-bc1f-4f83-85de-6307dd06a1a1";5089;"B6";"Hove";0;6;2012;1;19;"20120618"
"176.253.167.56";"GB";-3.000000;53.416700;"AS5607 British Sky Broadcasting Limited";"mlab2-lhr01";0.036650;237940.101733;"0.004010999";"win32";"217.163.1.95";"bittorrent";1340061438;82216.941947;-1.000000;"3b91ee22-7771-44e4-9417-2f816adf6b1c";5607;"H8";"Liverpool";0;6;2012;1;19;"20120618"
"92.23.170.255";"GB";-3.050000;53.816700;"AS13285 TalkTalk Communications Limited";"mlab2-lhr01";0.033083;214357.834913;"0.004012999";"darwin";"217.163.1.95";"speedtest";1340061491;73224.796647;0.037697;"b7d03dcd-7026-4d92-8600-3f5f13ebd736";13285;"A9";"Blackpool";0;6;2012;1;19;"20120618"
"134.151.0.62";"GB";-1.916700;52.466700;"AS786 The JNT Association";"mlab2-lhr01";0.015543;15167.338835;"0.004011999";"linux2";"217.163.1.95";"bittorrent";1340062069;15119.752591;-1.000000;"fd8de4c7-c3b6-4aa3-8e16-e3400ab7a911";786;"A7";"Birmingham";0;6;2012;1;19;"20120618"
"87.194.32.93";"GB";-0.233300;51.500000;"AS35228 Telefonica UK Limited";"mlab2-lhr01";0.014910;999587.108786;"0.004012999";"linux2";"217.163.1.95";"bittorrent";1340062344;115394.037177;-1.000000;"fa75ae33-87ca-4c4a-8aeb-0a3a19684949";35228;"F1";"Hammersmith";0;6;2012;1;19;"20120618"
"62.173.117.2";"GB";-4.557800;51.986400;"AS6656 Star Technology Services Limited";"mlab2-lhr01";0.007425;5863184.238620;"0.004010999";"linux2";"217.163.1.95";"bittorrent";1340062581;5916664.874091;-1.000000;"f05e11ce-f17a-4492-af90-1a5c53e38d5d";6656;"Y7";"Star";0;6;2012;1;19;"20120618"
"212.139.246.127";"GB";-0.130000;51.500000;"AS9105 Tiscali UK";"mlab2-lhr01";0.016411;468849.889938;"0.004012999";"darwin";"217.163.1.95";"speedtest";1340062697;79897.476401;0.022456;"17522bf2-605a-483d-b0d7-36583414f00c";9105;"";"";0;6;2012;1;19;"20120618"
"92.23.170.255";"GB";-3.050000;53.816700;"AS13285 TalkTalk Communications Limited";"mlab2-lhr01";0.033596;233621.443469;"0.004012999";"darwin";"217.163.1.95";"bittorrent";1340062974;72062.535480;-1.000000;"b7d03dcd-7026-4d92-8600-3f5f13ebd736";13285;"A9";"Blackpool";0;6;2012;1;19;"20120618"
"134.151.33.84";"GB";-1.916700;52.466700;"AS786 The JNT Association";"mlab2-lhr01";0.015379;4689862.589110;"0.004011999";"linux2";"217.163.1.95";"speedtest";1340062876;11314880.776500;0.016174;"34987743-340f-404c-bbab-25f3ba5726fb";786;"A7";"Birmingham";0;6;2012;1;19;"20120618"
"99.130.96.199";"US";-117.490800;33.932900;"AS7018 AT&T Services, Inc.";"mlab1-nuq01";0.036302;859389.164936;"0.004012999";"linux2";"64.9.225.147";"speedtest";1339977807;181129.063873;0.037863;"0a3b2944-23c0-4116-a068-0d5627c0dec9";7018;"CA";"Riverside";0;6;2012;0;18;"20120618"
"71.187.199.3";"US";-74.216400;40.816200;"AS701 MCI Communications Services, Inc. d/b/a Verizon Business";"mlab1-nuq01";0.091117;685793.927316;"0.004011999";"win32";"64.9.225.147";"bittorrent";1339978054;436652.254171;-1.000000;"a9bde20f-2872-443c-8e9b-a2f6f162c91d";701;"NJ";"Montclair";0;6;2012;0;18;"20120618"
"70.122.243.11";"US";-97.015000;32.954600;"AS11427 Time Warner Cable Internet LLC";"mlab1-nuq01";0.065352;2929478.202350;"0.004012999";"win32";"64.9.225.147";"speedtest";1339978379;453676.699647;0.070178;"bab8f612-1f34-46c2-a83e-fbaa7a2f8fa7";11427;"TX";"Coppell";0;6;2012;0;18;"20120618"
"71.204.91.144";"US";-84.447700;34.119000;"AS7922 Comcast Cable Communications, Inc.";"mlab1-nuq01";0.077554;87622.704898;"0.004012999";"darwin";"64.9.225.147";"speedtest";1339978388;293625.121846;0.127159;"4b4fa0bc-987b-4105-9a0b-83e736a6503c";7922;"GA";"Woodstock";0;6;2012;0;18;"20120618"
"96.236.133.97";"US";-79.995900;40.440600;"AS701 MCI Communications Services, Inc. d/b/a Verizon Business";"mlab1-nuq01";0.148051;301785.834722;"0.004012999";"linux2";"64.9.225.147";"speedtest";1339978475;240826.213883;0.127837;"002bd52f-5f9d-42eb-9ce6-e310c9db525a";701;"PA";"Pittsburgh";0;6;2012;0;18;"20120618"
"75.127.236.122";"US";-97.000000;38.000000;"AS6128 Cablevision Systems Corp.";"mlab1-nuq01";0.079776;751565.062181;"0.004012999";"win32";"64.9.225.147";"speedtest";1339979394;536554.132643;0.080766;"560c097a-1dfa-4e05-9893-bdc56e35afc3";6128;"";"";0;6;2012;0;18;"20120618"
"96.2.48.78";"US";-96.983300;42.836900;"AS11232 Midcontinent Media, Inc.";"mlab1-nuq01";0.226131;1010623.282976;"0.004011999";"win32";"64.9.225.147";"bittorrent";1339979643;495736.420211;-1.000000;"a7ed429a-44c3-4195-a0e5-7eac41680125";11232;"SD";"Vermillion";0;6;2012;0;18;"20120618"
"98.243.192.146";"US";-84.594100;42.860200;"AS7922 Comcast Cable Communications, Inc.";"mlab1-nuq01";0.105571;600619.174562;"0.004012999";"darwin";"64.9.225.147";"bittorrent";1339979762;458828.049490;-1.000000;"69a61dac-c7ac-4b16-b86b-4bd2f3990f62";7922;"MI";"Dewitt";0;6;2012;0;18;"20120618"
"76.24.39.72";"US";-71.691300;42.413600;"AS7922 Comcast Cable Communications, Inc.";"mlab1-nuq01";0.257361;516099.948040;"0.004012999";"win32";"64.9.225.147";"bittorrent";1339980463;449643.282995;-1.000000;"d7fbbeb1-8f79-4feb-9ab1-01beb7b970aa";7922;"MA";"Clinton";0;6;2012;0;18;"20120618"
"99.104.57.129";"US";-87.701600;41.975900;"AS7018 AT&T Services, Inc.";"mlab1-nuq01";0.662807;71486.299887;"0.004012999";"darwin";"64.9.225.147";"speedtest";1339981160;5773.526343;0.577430;"d6f10baf-3b6d-47fb-999c-6d4188d2d4b2";7018;"IL";"Chicago";0;6;2012;0;18;"20120618"
"67.174.9.121";"US";-87.819700;41.894000;"AS7922 Comcast Cable Communications, Inc.";"mlab1-nuq01";0.073447;2841005.676920;"0.004012999";"win32";"64.9.225.147";"bittorrent";1339981325;519091.549131;-1.000000;"bdaf2367-a776-4a1f-9c03-a75a6b08c6b1";7922;"IL";"River Forest";1;6;2012;0;18;"20120618"
"71.187.199.3";"US";-74.216400;40.816200;"AS701 MCI Communications Services, Inc. d/b/a Verizon Business";"mlab1-nuq01";0.091880;657577.313261;"0.004011999";"win32";"64.9.225.147";"speedtest";1339982502;434538.661823;0.093675;"a9bde20f-2872-443c-8e9b-a2f6f162c91d";701;"NJ";"Montclair";1;6;2012;0;18;"20120618"
"69.148.250.152";"US";-97.337500;37.692200;"AS7018 AT&T Services, Inc.";"mlab1-nuq01";0.107140;144129.441587;"0.004012999";"win32";"64.9.225.147";"speedtest";1339982877;39022.958445;0.114877;"acd06144-444b-4f3e-8410-58a01e77f7a8";7018;"KS";"Wichita";1;6;2012;0;18;"20120618"
"72.81.232.139";"US";-76.837500;39.174900;"AS701 MCI Communications Services, Inc. d/b/a Verizon Business";"mlab1-nuq01";0.091425;1660096.521821;"0.004012999";"darwin";"64.9.225.147";"bittorrent";1339983290;240304.838495;-1.000000;"5d2377cf-2e67-40be-b1dc-e439a545da6f";701;"MD";"Columbia";1;6;2012;0;18;"20120618"
"68.48.221.17";"US";-76.837500;39.174900;"AS7922 Comcast Cable Communications, Inc.";"mlab1-nuq01";0.088841;3689430.914711;"0.004012999";"darwin";"64.9.225.147";"bittorrent";1339983509;642275.355462;-1.000000;"4162ce8a-78ab-4a68-9407-13618360662f";7922;"MD";"Columbia";1;6;2012;0;18;"20120618"
"24.24.223.229";"US";-118.404100;33.916400;"AS20001 Time Warner Cable Internet LLC";"mlab1-nuq01";9.083845;33730.671535;"0.004012999";"linux2";"64.9.225.147";"bittorrent";1339983564;26113.478187;-1.000000;"36cfd7f8-0f92-42e9-be32-71c3f4d2fe09";20001;"CA";"El Segundo";1;6;2012;0;18;"20120618"
"74.104.151.138";"US";-71.259000;42.403000;"AS701 MCI Communications Services, Inc. d/b/a Verizon Business";"mlab1-nuq01";0.090659;2256252.194510;"0.004012999";"win32";"64.9.225.147";"speedtest";1339983623;1796222.626820;0.093662;"ecca6a63-f2be-4812-bd3f-1ac690ab31cd";701;"MA";"Waltham";1;6;2012;0;18;"20120618"
"184.76.153.6";"US";-96.948900;32.814000;"AS16586 CLEARWIRE - CLEAR WIRELESS LLC";"mlab1-nuq01";0.119143;405077.591583;"0.004012999";"win32";"64.9.225.147";"speedtest";1339983985;84722.318611;0.146196;"01b5bd21-bfbf-4fa6-a4bc-c89f3cfd177c";16586;"TX";"Irving";1;6;2012;0;18;"20120618"
"67.168.59.54";"US";-122.668000;48.185500;"AS7922 Comcast Cable Communications, Inc.";"mlab1-nuq01";0.036590;2414855.908050;"0.004012999";"win32";"64.9.225.147";"speedtest";1339984683;674826.819384;0.038341;"ea22d474-846e-407d-9ebe-cd03ff0d64f4";7922;"WA";"Coupeville";1;6;2012;0;18;"20120618"
"65.32.77.45";"US";-97.000000;38.000000;"AS33363 BRIGHT HOUSE NETWORKS, LLC";"mlab1-nuq01";0.090552;1135003.466413;"0.004012999";"win32";"64.9.225.147";"bittorrent";1339985240;193866.037130;-1.000000;"29daca95-9628-479f-b4be-ee35e322c612";33363;"";"";2;6;2012;0;18;"20120618"
"209.155.86.74";"US";-77.426000;43.100500;"AS1785 PaeTec Communications, Inc.";"mlab1-nuq01";0.142398;184847.597500;"0.004012999";"win32";"64.9.225.147";"speedtest";1339986418;57129.740530;0.123341;"4841c017-4566-4afc-a805-ba458ccb2be1";1785;"NY";"Fairport";2;6;2012;0;18;"20120618"
"66.66.21.182";"US";-77.602400;43.185800;"AS11351 Time Warner Cable Internet LLC";"mlab1-nuq01";0.073499;2913583.385862;"0.004012999";"win32";"64.9.225.147";"bittorrent";1339987044;649027.381445;-1.000000;"b4fb3816-21d6-43b3-91fc-aabe40980e90";11351;"NY";"Rochester";2;6;2012;0;18;"20120618"
"69.144.10.64";"US";-108.454100;43.769800;"AS33588 Bresnan Communications, LLC.";"mlab1-nuq01";0.066570;1143089.859716;"0.004012999";"win32";"64.9.225.147";"bittorrent";1339987496;260785.808607;-1.000000;"eacc891a-5915-4c63-a32a-7240664eaf5a";33588;"WY";"Thermopolis";2;6;2012;0;18;"20120618"
"76.24.39.72";"US";-71.691300;42.413600;"AS7922 Comcast Cable Communications, Inc.";"mlab1-nuq01";0.255261;406937.186301;"0.004012999";"win32";"64.9.225.147";"speedtest";1339987642;313772.810841;0.231916;"d7fbbeb1-8f79-4feb-9ab1-01beb7b970aa";7922;"MA";"Clinton";2;6;2012;0;18;"20120618"
"68.40.93.208";"US";-82.582300;42.637600;"AS7922 Comcast Cable Communications, Inc.";"mlab1-nuq01";0.104033;417380.700012;"0.004011999";"win32";"64.9.225.147";"bittorrent";1339988642;337905.727459;-1.000000;"5ddd06da-64ad-444c-b2c0-525541d4d177";7922;"MI";"Algonac";3;6;2012;0;18;"20120618"
"174.31.152.186";"US";-97.000000;38.000000;"AS209 NOVARTIS-DMZ-US";"mlab1-nuq01";0.043848;3342875.388370;"0.004012999";"darwin";"64.9.225.147";"speedtest";1339989808;575017.043320;0.048172;"9da9dff5-de02-49ae-a084-b2164425feeb";209;"";"";3;6;2012;0;18;"20120618"
"70.122.243.11";"US";-97.015000;32.954600;"AS11427 Time Warner Cable Internet LLC";"mlab1-nuq01";0.069157;1820061.996050;"0.004012999";"win32";"64.9.225.147";"speedtest";1339990533;281120.597387;0.068214;"bab8f612-1f34-46c2-a83e-fbaa7a2f8fa7";11427;"TX";"Coppell";3;6;2012;0;18;"20120618"
"75.127.236.122";"US";-97.000000;38.000000;"AS6128 Cablevision Systems Corp.";"mlab1-nuq01";0.080903;752160.061112;"0.004012999";"win32";"64.9.225.147";"speedtest";1339990589;541785.312997;0.081859;"560c097a-1dfa-4e05-9893-bdc56e35afc3";6128;"";"";3;6;2012;0;18;"20120618"
"50.76.47.114";"US";-122.419400;37.774900;"AS7922 Comcast Cable Communications, Inc.";"mlab1-nuq01";0.014971;1991913.262280;"0.004012999";"win32";"64.9.225.147";"bittorrent";1339991242;805404.205057;-1.000000;"a0907de9-08a5-4097-8c1d-bcbf94e3986b";7922;"CA";"San Francisco";3;6;2012;0;18;"20120618"
"71.192.154.157";"US";-71.051200;42.406300;"AS7922 Comcast Cable Communications, Inc.";"mlab1-nuq01";0.109628;278462.352382;"0.004012999";"darwin";"64.9.225.147";"bittorrent";1339991497;314593.696495;-1.000000;"65fb0ed5-8aab-4ca3-973b-6f6abd2e24d4";7922;"MA";"Everett";3;6;2012;0;18;"20120618"
"97.126.49.211";"US";-122.217100;47.482900;"AS209 NOVARTIS-DMZ-US";"mlab1-nuq01";0.059853;634659.442723;"0.004012999";"darwin";"64.9.225.147";"bittorrent";1339991757;94757.308108;-1.000000;"8e65a2a9-47d4-4adc-a937-76425a1f5bfe";209;"WA";"Renton";3;6;2012;0;18;"20120618"
"68.175.101.106";"US";-74.006000;40.714300;"AS12271 Time Warner Cable Internet LLC";"mlab1-nuq01";0.084487;758513.524829;"0.004012999";"darwin";"64.9.225.147";"speedtest";1339992200;603834.884012;0.085208;"bff92ae8-06db-4514-9002-ba6c8f7bec43";12271;"NY";"New York";4;6;2012;0;18;"20120618"
"208.102.218.140";"US";-84.897500;39.285200;"AS6181 Cincinnati Bell Telephone";"mlab1-nuq01";0.068761;35539.621479;"0.004012999";"win32";"64.9.225.147";"bittorrent";1339992487;220996.361643;-1.000000;"59bc30c0-4f87-4fbd-8bb7-35768315d718";6181;"IN";"West Harrison";4;6;2012;0;18;"20120618"
"71.190.171.206";"US";-73.525400;40.767000;"AS701 MCI Communications Services, Inc. d/b/a Verizon Business";"mlab1-nuq01";0.080540;3691957.853040;"0.004012999";"linux2";"64.9.225.147";"bittorrent";1339992972;1724756.665935;-1.000000;"dfd87da2-1968-48ac-9bd2-5469644e29e4";701;"NY";"Hicksville";4;6;2012;0;18;"20120618"
"199.254.238.249";"US";-97.000000;38.000000;"AS16652 Riseup Networks";"mlab1-nuq01";0.140652;213181.951027;"0.004012999";"linux2";"64.9.225.147";"bittorrent";1339992981;41019.407394;-1.000000;"e2181bc2-ad47-4da8-9301-b0a516313463";16652;"";"";4;6;2012;0;18;"20120618"
"68.48.221.17";"US";-76.837500;39.174900;"AS7922 Comcast Cable Communications, Inc.";"mlab1-nuq01";0.087956;635884.843622;"0.004012999";"darwin";"64.9.225.147";"speedtest";1339993500;609301.322654;0.099166;"4162ce8a-78ab-4a68-9407-13618360662f";7922;"MD";"Columbia";4;6;2012;0;18;"20120618"
"71.237.28.39";"US";-104.984700;39.739200;"AS7922 Comcast Cable Communications, Inc.";"mlab1-nuq01";0.044447;1082726.881220;"0.004012999";"darwin";"64.9.225.147";"speedtest";1339993851;421370.179216;0.145041;"95e96326-78fe-4507-8b06-f60611a1b7ad";7922;"CO";"Denver";4;6;2012;0;18;"20120618"
"71.58.226.44";"US";-75.961500;41.249000;"AS7922 Comcast Cable Communications, Inc.";"mlab1-nuq01";0.123764;1257454.904660;"0.004012999";"win32";"64.9.225.147";"speedtest";1339994397;545419.922280;0.118810;"fb6cc5ca-37c3-44c5-8176-4a40a17f217a";7922;"PA";"Plymouth";4;6;2012;0;18;"20120618"
"206.255.246.41";"US";-94.740500;32.500700;"AS53508 Cablelynx";"mlab1-nuq01";0.056389;1147136.887450;"0.004012999";"win32";"64.9.225.147";"speedtest";1339994472;178352.888769;0.058688;"3a5b4ca4-0887-432d-a115-9f646a867cdb";53508;"TX";"Longview";4;6;2012;0;18;"20120618"
"50.78.87.177";"US";-106.097500;39.574400;"AS7922 Comcast Cable Communications, Inc.";"mlab1-nuq01";0.048766;1134351.433170;"0.004012999";"win32";"64.9.225.147";"speedtest";1339994484;937592.291937;0.050811;"c4393561-5207-49e8-879a-bbb805c9188f";7922;"CO";"Frisco";4;6;2012;0;18;"20120618"
"72.81.232.139";"US";-76.837500;39.174900;"AS701 MCI Communications Services, Inc. d/b/a Verizon Business";"mlab1-nuq01";0.105916;645301.087177;"0.004012999";"darwin";"64.9.225.147";"bittorrent";1339994539;244060.593150;-1.000000;"5d2377cf-2e67-40be-b1dc-e439a545da6f";701;"MD";"Columbia";4;6;2012;0;18;"20120618"
"71.192.154.157";"US";-71.051200;42.406300;"AS7922 Comcast Cable Communications, Inc.";"mlab1-nuq01";0.791009;29772.438302;"0.004012999";"darwin";"64.9.225.147";"bittorrent";1339994618;48887.723628;-1.000000;"65fb0ed5-8aab-4ca3-973b-6f6abd2e24d4";7922;"MA";"Everett";4;6;2012;0;18;"20120618"
"66.66.21.182";"US";-77.602400;43.185800;"AS11351 Time Warner Cable Internet LLC";"mlab1-nuq01";0.074591;2526378.023370;"0.004012999";"win32";"64.9.225.147";"speedtest";1339995189;609508.831720;0.081234;"b4fb3816-21d6-43b3-91fc-aabe40980e90";11351;"NY";"Rochester";4;6;2012;0;18;"20120618"
"71.192.154.157";"US";-71.051200;42.406300;"AS7922 Comcast Cable Communications, Inc.";"mlab1-nuq01";2.326993;187827.849051;"0.004012999";"darwin";"64.9.225.147";"speedtest";1339996143;221923.580752;0.185111;"65fb0ed5-8aab-4ca3-973b-6f6abd2e24d4";7922;"MA";"Everett";5;6;2012;0;18;"20120618"
"69.148.250.152";"US";-97.337500;37.692200;"AS7018 AT&T Services, Inc.";"mlab1-nuq01";0.103916;159119.923957;"0.004012999";"win32";"64.9.225.147";"bittorrent";1339996587;38627.387892;-1.000000;"acd06144-444b-4f3e-8410-58a01e77f7a8";7018;"KS";"Wichita";5;6;2012;0;18;"20120618"
"98.157.202.20";"US";-87.413900;39.466700;"AS10796 Time Warner Cable Internet LLC";"mlab1-nuq01";0.163125;1307714.682326;"0.004011999";"win32";"64.9.225.147";"bittorrent";1339996592;116011.373517;-1.000000;"9c0fa0e1-b625-407b-8e5d-f979a63c0e77";10796;"IN";"Terre Haute";5;6;2012;0;18;"20120618"
"69.143.19.17";"US";-77.104300;38.881000;"AS7922 Comcast Cable Communications, Inc.";"mlab1-nuq01";0.091055;2590349.511480;"0.004012999";"darwin";"64.9.225.147";"speedtest";1339996954;490608.725552;0.094744;"9b4267aa-e8b7-40bb-a139-5ad1187a6f5d";7922;"VA";"Arlington";5;6;2012;0;18;"20120618"
"99.104.57.129";"US";-87.701600;41.975900;"AS7018 AT&T Services, Inc.";"mlab1-nuq01";0.428273;154554.204830;"0.004012999";"darwin";"64.9.225.147";"bittorrent";1339997772;9129.918447;-1.000000;"d6f10baf-3b6d-47fb-999c-6d4188d2d4b2";7018;"IL";"Chicago";5;6;2012;0;18;"20120618"
"173.246.102.187";"US";-76.612200;39.290400;"AS29169 Gandi SAS";"mlab1-nuq01";0.073862;1503644.739500;"0.004011999";"linux2";"64.9.225.147";"speedtest";1339998870;703701.378059;0.075509;"a57cd6aa-6b9a-40e3-ae4c-0685546dd104";29169;"MD";"Baltimore";5;6;2012;0;18;"20120618"
"76.169.71.176";"US";-118.273400;33.963800;"AS20001 Time Warner Cable Internet LLC";"mlab1-nuq01";0.053649;1721656.911628;"0.004011999";"win32";"64.9.225.147";"bittorrent";1339999241;120689.791919;-1.000000;"2f0c137b-7982-4d9c-b50a-c362f2d810e0";20001;"CA";"Los Angeles";6;6;2012;0;18;"20120618"
"99.21.145.140";"US";-121.382800;38.626300;"AS7132 AS for SBIS-AS";"mlab1-nuq01";0.030535;1389570.733487;"0.004012999";"win32";"64.9.225.147";"bittorrent";1339999258;176232.193975;-1.000000;"ebeab1c8-defc-4fef-8be3-daa7088a0954";7132;"CA";"Sacramento";6;6;2012;0;18;"20120618"
"67.168.66.115";"US";-122.630500;48.321800;"AS7922 Comcast Cable Communications, Inc.";"mlab1-nuq01";0.033359;3143923.704549;"0.004012999";"win32";"64.9.225.147";"bittorrent";1339999714;700272.600269;-1.000000;"3ee99b5a-2c05-4823-a555-34b90b697de5";7922;"WA";"Oak Harbor";6;6;2012;0;18;"20120618"
"69.143.19.17";"US";-77.104300;38.881000;"AS7922 Comcast Cable Communications, Inc.";"mlab1-nuq01";0.089217;2520441.399090;"0.004012999";"darwin";"64.9.225.147";"speedtest";1339999741;452950.966217;0.095572;"9b4267aa-e8b7-40bb-a139-5ad1187a6f5d";7922;"VA";"Arlington";6;6;2012;0;18;"20120618"
"99.92.88.210";"US";-122.030700;37.353700;"AS7018 AT&T Services, Inc.";"mlab1-nuq01";0.029949;1101593.981735;"0.004012999";"darwin";"64.9.225.147";"bittorrent";1340000512;183440.585804;-1.000000;"13cf72ab-670c-4dc7-8fad-aa9a41f4355d";7018;"CA";"Sunnyvale";6;6;2012;0;18;"20120618"
"132.161.219.98";"US";-92.717600;41.721700;"AS22949 Grinnell College";"mlab1-nuq01";0.080852;1774090.510237;"0.004012999";"win32";"64.9.225.147";"bittorrent";1340001593;275217.892398;-1.000000;"de23301c-c09c-4e47-aa2b-90a625720856";22949;"IA";"Grinnell";6;6;2012;0;18;"20120618"
"99.99.213.185";"US";-85.882800;42.855500;"AS7018 AT&T Services, Inc.";"mlab1-nuq01";0.084221;1172499.923870;"0.004012999";"linux2";"64.9.225.147";"speedtest";1340001666;177041.266866;0.087062;"22998df3-a92a-4573-b9f5-476782c2c770";7018;"MI";"Hudsonville";6;6;2012;0;18;"20120618"
"68.58.125.60";"US";-86.158000;39.768400;"AS7922 Comcast Cable Communications, Inc.";"mlab1-nuq01";0.084844;1364926.925090;"0.004012999";"darwin";"64.9.225.147";"speedtest";1340001788;499052.461124;0.091077;"9ad7184c-eb25-4754-a40f-91e4262a9d35";7922;"IN";"Indianapolis";6;6;2012;0;18;"20120618"
"184.76.153.6";"US";-96.948900;32.814000;"AS16586 CLEARWIRE - CLEAR WIRELESS LLC";"mlab1-nuq01";0.126208;428697.477003;"0.004012999";"win32";"64.9.225.147";"bittorrent";1340003008;94715.323880;-1.000000;"01b5bd21-bfbf-4fa6-a4bc-c89f3cfd177c";16586;"TX";"Irving";7;6;2012;0;18;"20120618"
"207.231.92.41";"US";-121.370600;38.784300;"AS14051 Roseville Telephone Company";"mlab1-nuq01";0.006222;3437907.594721;"0.004012999";"win32";"64.9.225.147";"bittorrent";1340003034;4252554.329707;-1.000000;"cb121e1a-4701-4c5a-91b5-29c9df2b10c0";14051;"CA";"Roseville";7;6;2012;0;18;"20120618"
"24.130.152.60";"US";-122.088500;37.709000;"AS7922 Comcast Cable Communications, Inc.";"mlab1-nuq01";0.031966;4279630.999202;"0.004012999";"darwin";"64.9.225.147";"bittorrent";1340003065;768866.162155;-1.000000;"92ef1dc6-e5b9-40c8-800b-cc909779319d";7922;"CA";"Castro Valley";7;6;2012;0;18;"20120618"
"75.127.236.122";"US";-97.000000;38.000000;"AS6128 Cablevision Systems Corp.";"mlab1-nuq01";0.078451;800266.254107;"0.004012999";"win32";"64.9.225.147";"bittorrent";1340003158;476518.045386;-1.000000;"560c097a-1dfa-4e05-9893-bdc56e35afc3";6128;"";"";7;6;2012;0;18;"20120618"
"68.40.185.45";"US";-83.740900;42.277600;"AS7922 Comcast Cable Communications, Inc.";"mlab1-nuq01";0.092311;1204294.990180;"0.004012999";"darwin";"64.9.225.147";"speedtest";1340006977;735840.351466;0.094104;"f77a7853-1ba8-4219-aa2c-2157b5e89023";7922;"MI";"Ann Arbor";8;6;2012;0;18;"20120618"
"132.161.219.98";"US";-92.717600;41.721700;"AS22949 Grinnell College";"mlab1-nuq01";0.080864;733720.721744;"0.004012999";"win32";"64.9.225.147";"bittorrent";1340007281;255025.146778;-1.000000;"de23301c-c09c-4e47-aa2b-90a625720856";22949;"IA";"Grinnell";8;6;2012;0;18;"20120618"
"67.168.66.115";"US";-122.630500;48.321800;"AS7922 Comcast Cable Communications, Inc.";"mlab1-nuq01";0.035040;3000009.276990;"0.004012999";"win32";"64.9.225.147";"speedtest";1340007471;547881.730117;0.035969;"3ee99b5a-2c05-4823-a555-34b90b697de5";7922;"WA";"Oak Harbor";8;6;2012;0;18;"20120618"
"24.61.63.89";"US";-71.031600;42.399700;"AS7922 Comcast Cable Communications, Inc.";"mlab1-nuq01";0.108938;559231.491747;"0.004012999";"win32";"64.9.225.147";"speedtest";1340007555;390762.771089;0.103740;"641fcec9-64c6-4ec1-a213-90d958a6f9a1";7922;"MA";"Chelsea";8;6;2012;0;18;"20120618"
"24.22.135.177";"US";-122.332100;47.606200;"AS7922 Comcast Cable Communications, Inc.";"mlab1-nuq01";0.028203;2297753.640597;"0.004012999";"linux2";"64.9.225.147";"bittorrent";1340007894;478640.613516;-1.000000;"04cea472-6610-42db-acd2-c644a3d4447f";7922;"WA";"Seattle";8;6;2012;0;18;"20120618"
"98.243.192.146";"US";-84.594100;42.860200;"AS7922 Comcast Cable Communications, Inc.";"mlab1-nuq01";0.104627;595543.527412;"0.004012999";"darwin";"64.9.225.147";"bittorrent";1340007915;433999.166678;-1.000000;"69a61dac-c7ac-4b16-b86b-4bd2f3990f62";7922;"MI";"Dewitt";8;6;2012;0;18;"20120618"
"74.163.8.166";"US";-86.875000;30.446700;"AS6389 BellSouth.net Inc.";"mlab1-nuq01";0.097613;260848.614102;"0.004012999";"win32";"64.9.225.147";"bittorrent";1340008248;48807.930719;-1.000000;"4565989b-987f-4c3c-aa75-a740afde3068";6389;"FL";"Navarre";8;6;2012;0;18;"20120618"
"98.206.101.228";"US";-87.655100;41.937300;"AS7922 Comcast Cable Communications, Inc.";"mlab1-nuq01";0.075845;2617811.954580;"0.004012999";"win32";"64.9.225.147";"speedtest";1340009197;500891.454532;0.076766;"1b8a7968-95b4-4827-8260-84d7e02b3d53";7922;"IL";"Chicago";8;6;2012;0;18;"20120618"
"98.22.138.166";"US";-95.790800;36.052600;"AS7029 Windstream Communications Inc";"mlab1-nuq01";0.081649;337905.057460;"0.004012999";"win32";"64.9.225.147";"speedtest";1340009854;67443.716880;0.076757;"eb27082c-e25b-4239-869e-8ba23d438a17";7029;"OK";"Broken Arrow";8;6;2012;0;18;"20120618"
"24.46.196.47";"US";-73.686200;40.793900;"AS6128 Cablevision Systems Corp.";"mlab1-nuq01";0.077473;1626958.563780;"0.004012999";"win32";"64.9.225.147";"speedtest";1340010021;253421.574192;0.082737;"103cc2f1-ddd5-4016-83cc-cdd357e7a81a";6128;"NY";"Manhasset";9;6;2012;0;18;"20120618"
"96.236.133.97";"US";-79.995900;40.440600;"AS701 MCI Communications Services, Inc. d/b/a Verizon Business";"mlab1-nuq01";0.098580;350056.324732;"0.004012999";"linux2";"64.9.225.147";"speedtest";1340010194;221447.787197;0.101964;"002bd52f-5f9d-42eb-9ce6-e310c9db525a";701;"PA";"Pittsburgh";9;6;2012;0;18;"20120618"
"98.157.202.20";"US";-87.413900;39.466700;"AS10796 Time Warner Cable Internet LLC";"mlab1-nuq01";0.483825;1636748.212553;"0.004011999";"win32";"64.9.225.147";"bittorrent";1340011176;56159.856979;-1.000000;"9c0fa0e1-b625-407b-8e5d-f979a63c0e77";10796;"IN";"Terre Haute";9;6;2012;0;18;"20120618"
"207.231.92.41";"US";-121.370600;38.784300;"AS14051 Roseville Telephone Company";"mlab1-nuq01";0.005071;3527463.921933;"0.004012999";"win32";"64.9.225.147";"bittorrent";1340011620;4204396.540392;-1.000000;"cb121e1a-4701-4c5a-91b5-29c9df2b10c0";14051;"CA";"Roseville";9;6;2012;0;18;"20120618"
"72.181.251.247";"US";-96.771500;32.833900;"AS11427 Time Warner Cable Internet LLC";"mlab1-nuq01";0.062721;2188298.481800;"0.004012999";"darwin";"64.9.225.147";"speedtest";1340012088;216944.248389;0.068689;"ec56ca67-ca5b-4ee7-a615-8743ebac3e8a";11427;"TX";"Dallas";9;6;2012;0;18;"20120618"
"99.104.57.129";"US";-87.701600;41.975900;"AS7018 AT&T Services, Inc.";"mlab1-nuq01";0.302675;132287.474560;"0.004012999";"darwin";"64.9.225.147";"bittorrent";1340012863;29143.113873;-1.000000;"d6f10baf-3b6d-47fb-999c-6d4188d2d4b2";7018;"IL";"Chicago";9;6;2012;0;18;"20120618"
"68.40.93.208";"US";-82.582300;42.637600;"AS7922 Comcast Cable Communications, Inc.";"mlab1-nuq01";0.103226;1392670.409640;"0.004011999";"win32";"64.9.225.147";"speedtest";1340012983;426388.492312;0.106342;"5ddd06da-64ad-444c-b2c0-525541d4d177";7922;"MI";"Algonac";9;6;2012;0;18;"20120618"
"98.206.101.228";"US";-87.655100;41.937300;"AS7922 Comcast Cable Communications, Inc.";"mlab1-nuq01";0.074147;2993579.137300;"0.004012999";"win32";"64.9.225.147";"bittorrent";1340013071;474205.211562;-1.000000;"1b8a7968-95b4-4827-8260-84d7e02b3d53";7922;"IL";"Chicago";9;6;2012;0;18;"20120618"
"68.40.93.208";"US";-82.582300;42.637600;"AS7922 Comcast Cable Communications, Inc.";"mlab1-nuq01";0.104685;1696638.658617;"0.004011999";"win32";"64.9.225.147";"bittorrent";1340014572;342496.753216;-1.000000;"5ddd06da-64ad-444c-b2c0-525541d4d177";7922;"MI";"Algonac";10;6;2012;0;18;"20120618"
"99.99.213.185";"US";-85.882800;42.855500;"AS7018 AT&T Services, Inc.";"mlab1-nuq01";0.083310;1239800.535891;"0.004012999";"linux2";"64.9.225.147";"bittorrent";1340015070;183991.100639;-1.000000;"22998df3-a92a-4573-b9f5-476782c2c770";7018;"MI";"Hudsonville";10;6;2012;0;18;"20120618"
"24.22.135.177";"US";-122.332100;47.606200;"AS7922 Comcast Cable Communications, Inc.";"mlab1-nuq01";0.029329;2952599.575560;"0.004012999";"linux2";"64.9.225.147";"speedtest";1340015139;421643.051129;0.030821;"04cea472-6610-42db-acd2-c644a3d4447f";7922;"WA";"Seattle";10;6;2012;0;18;"20120618"
"65.32.77.45";"US";-97.000000;38.000000;"AS33363 BRIGHT HOUSE NETWORKS, LLC";"mlab1-nuq01";0.090614;2121235.720830;"0.004012999";"win32";"64.9.225.147";"speedtest";1340015464;223236.734776;0.093143;"29daca95-9628-479f-b4be-ee35e322c612";33363;"";"";10;6;2012;0;18;"20120618"
"207.231.92.41";"US";-121.370600;38.784300;"AS14051 Roseville Telephone Company";"mlab1-nuq01";0.005260;3434407.557310;"0.004012999";"win32";"64.9.225.147";"speedtest";1340015798;4001174.960920;0.008825;"cb121e1a-4701-4c5a-91b5-29c9df2b10c0";14051;"CA";"Roseville";10;6;2012;0;18;"20120618"
"65.32.77.45";"US";-97.000000;38.000000;"AS33363 BRIGHT HOUSE NETWORKS, LLC";"mlab1-nuq01";0.092538;1215697.336233;"0.004012999";"win32";"64.9.225.147";"bittorrent";1340017115;222910.063215;-1.000000;"29daca95-9628-479f-b4be-ee35e322c612";33363;"";"";10;6;2012;0;18;"20120618"
"207.231.92.41";"US";-121.370600;38.784300;"AS14051 Roseville Telephone Company";"mlab1-nuq01";0.006765;3395548.071679;"0.004012999";"win32";"64.9.225.147";"bittorrent";1340017346;4256666.132677;-1.000000;"cb121e1a-4701-4c5a-91b5-29c9df2b10c0";14051;"CA";"Roseville";11;6;2012;0;18;"20120618"
"74.93.119.149";"US";-77.460300;37.553800;"AS7922 Comcast Cable Communications, Inc.";"mlab1-nuq01";0.094696;2597113.621115;"0.004012999";"win32";"64.9.225.147";"bittorrent";1340018156;608327.242410;-1.000000;"89137afb-b348-4f18-88b5-80cee829292f";7922;"VA";"Richmond";11;6;2012;0;18;"20120618"
"132.161.219.98";"US";-92.717600;41.721700;"AS22949 Grinnell College";"mlab1-nuq01";0.080625;530066.870807;"0.004012999";"win32";"64.9.225.147";"bittorrent";1340018673;235938.432945;-1.000000;"de23301c-c09c-4e47-aa2b-90a625720856";22949;"IA";"Grinnell";11;6;2012;0;18;"20120618"
"68.48.221.17";"US";-76.837500;39.174900;"AS7922 Comcast Cable Communications, Inc.";"mlab1-nuq01";0.135192;2660846.188660;"0.004012999";"darwin";"64.9.225.147";"speedtest";1340019133;399737.217917;0.099255;"4162ce8a-78ab-4a68-9407-13618360662f";7922;"MD";"Columbia";11;6;2012;0;18;"20120618"
"173.160.133.65";"US";-122.449200;47.151100;"AS7922 Comcast Cable Communications, Inc.";"mlab1-nuq01";0.038058;618666.307769;"0.004012999";"win32";"64.9.225.147";"bittorrent";1340019227;582680.271138;-1.000000;"cd29f4ce-ebe9-47c8-8b18-9406a9618ac1";7922;"WA";"Tacoma";11;6;2012;0;18;"20120618"
"98.203.140.223";"US";-122.304300;47.610200;"AS7922 Comcast Cable Communications, Inc.";"mlab1-nuq01";0.070538;2962825.176273;"0.004012999";"linux2";"64.9.225.147";"bittorrent";1340019312;488864.475209;-1.000000;"4bf1068a-cabe-4254-a52f-c2914db03ade";7922;"WA";"Seattle";11;6;2012;0;18;"20120618"
"98.206.101.228";"US";-87.655100;41.937300;"AS7922 Comcast Cable Communications, Inc.";"mlab1-nuq01";0.073838;2706933.826933;"0.004012999";"win32";"64.9.225.147";"bittorrent";1340020670;518714.958975;-1.000000;"1b8a7968-95b4-4827-8260-84d7e02b3d53";7922;"IL";"Chicago";11;6;2012;0;18;"20120618"
"99.130.96.199";"US";-117.490800;33.932900;"AS7018 AT&T Services, Inc.";"mlab1-nuq01";0.035697;1430847.511813;"0.004012999";"linux2";"64.9.225.147";"bittorrent";1340021199;183749.668493;-1.000000;"0a3b2944-23c0-4116-a068-0d5627c0dec9";7018;"CA";"Riverside";12;6;2012;0;18;"20120618"
"75.132.191.176";"US";-89.899800;38.512100;"AS20115 Charter Communications";"mlab1-nuq01";0.067449;1638103.272650;"0.004012999";"win32";"64.9.225.147";"speedtest";1340021675;387656.185062;0.068605;"c08311ac-7edd-4390-b447-4ca484b5dacc";20115;"IL";"Belleville";12;6;2012;0;18;"20120618"
"206.255.246.41";"US";-94.740500;32.500700;"AS53508 Cablelynx";"mlab1-nuq01";0.055508;1261486.434310;"0.004012999";"win32";"64.9.225.147";"speedtest";1340022246;177157.215600;0.059132;"3a5b4ca4-0887-432d-a115-9f646a867cdb";53508;"TX";"Longview";12;6;2012;0;18;"20120618"
"74.93.119.149";"US";-77.460300;37.553800;"AS7922 Comcast Cable Communications, Inc.";"mlab1-nuq01";0.094270;2259902.340300;"0.004012999";"win32";"64.9.225.147";"speedtest";1340022382;548747.945112;0.096621;"89137afb-b348-4f18-88b5-80cee829292f";7922;"VA";"Richmond";12;6;2012;0;18;"20120618"
"208.57.38.36";"US";-117.164900;32.807200;"AS14265 Telepacific Communications";"mlab1-nuq01";0.031855;173215.201078;"0.004011999";"linux2";"64.9.225.147";"speedtest";1340022799;179817.996599;0.032734;"71bb2b47-414f-414d-b8ff-f1237c21f432";14265;"CA";"San Diego";12;6;2012;0;18;"20120618"
"71.204.165.181";"US";-122.036300;37.368800;"AS7922 Comcast Cable Communications, Inc.";"mlab1-nuq01";0.018050;3156346.187489;"0.004012999";"darwin";"64.9.225.147";"bittorrent";1340022855;531901.048382;-1.000000;"1ce7a86b-b408-4815-ae8b-bf0652a278f3";7922;"CA";"Sunnyvale";12;6;2012;0;18;"20120618"
"68.41.24.217";"US";-83.036000;42.724500;"AS7922 Comcast Cable Communications, Inc.";"mlab1-nuq01";0.086910;2079807.853530;"0.004012999";"win32";"64.9.225.147";"bittorrent";1340023585;520919.918323;-1.000000;"7acc5903-5884-4564-add3-0be49e9fa576";7922;"MI";"Washington";12;6;2012;0;18;"20120618"
"24.46.196.47";"US";-73.686200;40.793900;"AS6128 Cablevision Systems Corp.";"mlab1-nuq01";0.077848;1613212.804190;"0.004012999";"win32";"64.9.225.147";"speedtest";1340024430;253456.495374;0.083006;"103cc2f1-ddd5-4016-83cc-cdd357e7a81a";6128;"NY";"Manhasset";13;6;2012;0;18;"20120618"
"98.124.100.208";"US";-80.038400;33.118000;"AS16863 Home Telephone Company, Inc.";"mlab1-nuq01";0.100064;1125583.840547;"0.004012999";"linux2";"64.9.225.147";"bittorrent";1340024859;209083.425984;-1.000000;"adcd5d0f-b5f4-47e4-9505-249669f515a0";16863;"SC";"Moncks Corner";13;6;2012;0;18;"20120618"
"208.57.38.36";"US";-117.164900;32.807200;"AS14265 Telepacific Communications";"mlab1-nuq01";0.030131;115941.228332;"0.004011999";"linux2";"64.9.225.147";"speedtest";1340025820;178501.914183;0.032684;"71bb2b47-414f-414d-b8ff-f1237c21f432";14265;"CA";"San Diego";13;6;2012;0;18;"20120618"
"70.114.2.130";"US";-98.399400;29.583400;"AS11427 Time Warner Cable Internet LLC";"mlab1-nuq01";0.063781;1025466.984870;"0.004012999";"linux2";"64.9.225.147";"speedtest";1340026057;240987.876602;0.062245;"eef1d069-de63-4f80-84c8-860f065b1f10";11427;"TX";"San Antonio";13;6;2012;0;18;"20120618"
"98.124.100.208";"US";-80.038400;33.118000;"AS16863 Home Telephone Company, Inc.";"mlab1-nuq01";0.098483;950416.928076;"0.004012999";"linux2";"64.9.225.147";"speedtest";1340026380;139070.837787;0.116637;"adcd5d0f-b5f4-47e4-9505-249669f515a0";16863;"SC";"Moncks Corner";13;6;2012;0;18;"20120618"
"65.32.77.45";"US";-97.000000;38.000000;"AS33363 BRIGHT HOUSE NETWORKS, LLC";"mlab1-nuq01";0.092997;2319309.642040;"0.004012999";"win32";"64.9.225.147";"bittorrent";1340026689;214924.133776;-1.000000;"29daca95-9628-479f-b4be-ee35e322c612";33363;"";"";13;6;2012;0;18;"20120618"
"209.155.86.74";"US";-77.426000;43.100500;"AS1785 PaeTec Communications, Inc.";"mlab1-nuq01";0.087510;359279.603292;"0.004012999";"win32";"64.9.225.147";"bittorrent";1340026866;57840.551944;-1.000000;"4841c017-4566-4afc-a805-ba458ccb2be1";1785;"NY";"Fairport";13;6;2012;0;18;"20120618"
"50.78.87.177";"US";-106.097500;39.574400;"AS7922 Comcast Cable Communications, Inc.";"mlab1-nuq01";0.051625;1177277.279690;"0.004012999";"win32";"64.9.225.147";"speedtest";1340026936;956934.011725;0.050182;"c4393561-5207-49e8-879a-bbb805c9188f";7922;"CO";"Frisco";13;6;2012;0;18;"20120618"
"71.204.165.181";"US";-122.036300;37.368800;"AS7922 Comcast Cable Communications, Inc.";"mlab1-nuq01";0.016867;3023956.608060;"0.004012999";"darwin";"64.9.225.147";"speedtest";1340027161;533408.087472;0.021969;"1ce7a86b-b408-4815-ae8b-bf0652a278f3";7922;"CA";"Sunnyvale";13;6;2012;0;18;"20120618"
"98.214.132.10";"US";-89.589000;40.693600;"AS7922 Comcast Cable Communications, Inc.";"mlab1-nuq01";0.098909;4334192.287560;"0.004012999";"darwin";"64.9.225.147";"speedtest";1340027937;744780.176600;0.090820;"ac008ee9-df9b-425b-a370-34b57dce1b90";7922;"IL";"Peoria";13;6;2012;0;18;"20120618"
"72.181.251.247";"US";-96.771500;32.833900;"AS11427 Time Warner Cable Internet LLC";"mlab1-nuq01";0.061194;2090577.317230;"0.004012999";"darwin";"64.9.225.147";"speedtest";1340028299;209475.653165;0.072394;"ec56ca67-ca5b-4ee7-a615-8743ebac3e8a";11427;"TX";"Dallas";14;6;2012;0;18;"20120618"
"205.178.18.107";"US";-87.623800;41.884900;"AS6079 RCN";"mlab1-nuq01";0.059137;1987713.041161;"0.004011999";"win32";"64.9.225.147";"bittorrent";1340028485;215250.683571;-1.000000;"e98788b3-c49f-4266-b003-f95ea1c0e2a0";6079;"IL";"Chicago";14;6;2012;0;18;"20120618"
"71.237.28.39";"US";-104.984700;39.739200;"AS7922 Comcast Cable Communications, Inc.";"mlab1-nuq01";0.043938;1417277.958466;"0.004012999";"darwin";"64.9.225.147";"bittorrent";1340028733;471143.577435;-1.000000;"95e96326-78fe-4507-8b06-f60611a1b7ad";7922;"CO";"Denver";14;6;2012;0;18;"20120618"
"74.2.122.133";"US";-97.000000;38.000000;"AS18566 MegaPath Corporation";"mlab1-nuq01";0.067847;241893.185767;"0.004010999";"win32";"64.9.225.147";"bittorrent";1340029334;242633.056137;-1.000000;"f4acb085-b5ee-429a-a232-3ae956a10cf5";18566;"";"";14;6;2012;0;18;"20120618"
"209.155.86.74";"US";-77.426000;43.100500;"AS1785 PaeTec Communications, Inc.";"mlab1-nuq01";0.087417;345249.145563;"0.004012999";"win32";"64.9.225.147";"bittorrent";1340029654;56411.883052;-1.000000;"4841c017-4566-4afc-a805-ba458ccb2be1";1785;"NY";"Fairport";14;6;2012;0;18;"20120618"
"207.231.92.41";"US";-121.370600;38.784300;"AS14051 Roseville Telephone Company";"mlab1-nuq01";0.004680;3440437.737750;"0.004012999";"win32";"64.9.225.147";"speedtest";1340030102;4395977.992140;0.010302;"cb121e1a-4701-4c5a-91b5-29c9df2b10c0";14051;"CA";"Roseville";14;6;2012;0;18;"20120618"
"72.33.255.98";"US";-89.410400;43.076100;"AS59 University of Wisconsin Madison";"mlab1-nuq01";0.063513;195278.635437;"0.004012999";"darwin";"64.9.225.147";"bittorrent";1340030268;2028894.292593;-1.000000;"3f295a53-7a79-47cb-bd75-f79b53a6ae22";59;"WI";"Madison";14;6;2012;0;18;"20120618"
"98.22.138.166";"US";-95.790800;36.052600;"AS7029 Windstream Communications Inc";"mlab1-nuq01";0.094148;308908.129044;"0.004012999";"win32";"64.9.225.147";"speedtest";1340030750;79196.240201;0.074712;"eb27082c-e25b-4239-869e-8ba23d438a17";7029;"OK";"Broken Arrow";14;6;2012;0;18;"20120618"
"76.169.71.176";"US";-118.273400;33.963800;"AS20001 Time Warner Cable Internet LLC";"mlab1-nuq01";0.031442;2155294.451799;"0.004011999";"win32";"64.9.225.147";"bittorrent";1340030837;123125.906534;-1.000000;"2f0c137b-7982-4d9c-b50a-c362f2d810e0";20001;"CA";"Los Angeles";14;6;2012;0;18;"20120618"
"68.58.165.186";"US";-80.107000;32.841300;"AS7922 Comcast Cable Communications, Inc.";"mlab1-nuq01";0.097199;745138.204793;"0.004012999";"linux2";"64.9.225.147";"bittorrent";1340030916;786932.594330;-1.000000;"564f666b-3c55-40d4-a5f8-92064e970a5f";7922;"SC";"Charleston";14;6;2012;0;18;"20120618"
"71.192.154.157";"US";-71.051200;42.406300;"AS7922 Comcast Cable Communications, Inc.";"mlab1-nuq01";0.105846;571460.588995;"0.004012999";"darwin";"64.9.225.147";"bittorrent";1340031075;444619.433551;-1.000000;"65fb0ed5-8aab-4ca3-973b-6f6abd2e24d4";7922;"MA";"Everett";14;6;2012;0;18;"20120618"
"69.144.10.64";"US";-108.454100;43.769800;"AS33588 Bresnan Communications, LLC.";"mlab1-nuq01";0.051597;1774084.856388;"0.004012999";"win32";"64.9.225.147";"bittorrent";1340031230;262153.645828;-1.000000;"eacc891a-5915-4c63-a32a-7240664eaf5a";33588;"WY";"Thermopolis";14;6;2012;0;18;"20120618"
"71.204.165.181";"US";-122.036300;37.368800;"AS7922 Comcast Cable Communications, Inc.";"mlab1-nuq01";0.019945;3121966.255617;"0.004012999";"darwin";"64.9.225.147";"bittorrent";1340031474;526214.191359;-1.000000;"1ce7a86b-b408-4815-ae8b-bf0652a278f3";7922;"CA";"Sunnyvale";14;6;2012;0;18;"20120618"
"99.130.96.199";"US";-117.490800;33.932900;"AS7018 AT&T Services, Inc.";"mlab1-nuq01";0.036267;1292586.126510;"0.004012999";"linux2";"64.9.225.147";"speedtest";1340031477;181196.329174;0.037704;"0a3b2944-23c0-4116-a068-0d5627c0dec9";7018;"CA";"Riverside";14;6;2012;0;18;"20120618"
"207.231.92.41";"US";-121.370600;38.784300;"AS14051 Roseville Telephone Company";"mlab1-nuq01";0.005137;3516031.358583;"0.004012999";"win32";"64.9.225.147";"bittorrent";1340031647;4542496.529720;-1.000000;"cb121e1a-4701-4c5a-91b5-29c9df2b10c0";14051;"CA";"Roseville";15;6;2012;0;18;"20120618"
"24.46.196.47";"US";-73.686200;40.793900;"AS6128 Cablevision Systems Corp.";"mlab1-nuq01";0.079240;2327612.328021;"0.004012999";"win32";"64.9.225.147";"bittorrent";1340031710;249546.763149;-1.000000;"103cc2f1-ddd5-4016-83cc-cdd357e7a81a";6128;"NY";"Manhasset";15;6;2012;0;18;"20120618"
"71.190.171.206";"US";-73.525400;40.767000;"AS701 MCI Communications Services, Inc. d/b/a Verizon Business";"mlab1-nuq01";0.080586;3316042.966125;"0.004012999";"linux2";"64.9.225.147";"bittorrent";1340031778;1572369.453230;-1.000000;"dfd87da2-1968-48ac-9bd2-5469644e29e4";701;"NY";"Hicksville";15;6;2012;0;18;"20120618"
"208.52.154.53";"US";-84.443200;33.793000;"AS13703 BroadRiver Communication Corp.";"mlab1-nuq01";0.066069;2416842.453590;"0.004010999";"win32";"64.9.225.147";"speedtest";1340031896;637725.348463;0.069965;"5a94fb06-4ffc-4b82-bc99-552f47212e96";13703;"GA";"Atlanta";15;6;2012;0;18;"20120618"
"67.130.216.230";"US";-105.937800;35.687000;"AS209 NOVARTIS-DMZ-US";"mlab1-nuq01";0.059720;89650.603927;"0.004012999";"win32";"64.9.225.147";"speedtest";1340031948;63131.437050;0.068223;"ee8fe911-f84d-4ab8-b486-dda4c138f932";209;"NM";"Santa Fe";15;6;2012;0;18;"20120618"
"209.155.86.74";"US";-77.426000;43.100500;"AS1785 PaeTec Communications, Inc.";"mlab1-nuq01";0.088886;358038.741283;"0.004012999";"win32";"64.9.225.147";"bittorrent";1340032443;56346.761274;-1.000000;"4841c017-4566-4afc-a805-ba458ccb2be1";1785;"NY";"Fairport";15;6;2012;0;18;"20120618"
"71.204.91.144";"US";-84.447700;34.119000;"AS7922 Comcast Cable Communications, Inc.";"mlab1-nuq01";0.156664;440167.353070;"0.004012999";"darwin";"64.9.225.147";"bittorrent";1340033436;514121.411776;-1.000000;"4b4fa0bc-987b-4105-9a0b-83e736a6503c";7922;"GA";"Woodstock";15;6;2012;0;18;"20120618"
"99.92.88.210";"US";-122.030700;37.353700;"AS7018 AT&T Services, Inc.";"mlab1-nuq01";0.033591;1272899.887450;"0.004012999";"darwin";"64.9.225.147";"speedtest";1340033768;180625.589715;0.033434;"13cf72ab-670c-4dc7-8fad-aa9a41f4355d";7018;"CA";"Sunnyvale";15;6;2012;0;18;"20120618"
"209.155.86.74";"US";-77.426000;43.100500;"AS1785 PaeTec Communications, Inc.";"mlab1-nuq01";0.088307;165700.522139;"0.004012999";"win32";"64.9.225.147";"speedtest";1340033846;57699.936685;0.097279;"4841c017-4566-4afc-a805-ba458ccb2be1";1785;"NY";"Fairport";15;6;2012;0;18;"20120618"
"98.214.132.10";"US";-89.589000;40.693600;"AS7922 Comcast Cable Communications, Inc.";"mlab1-nuq01";0.086563;577472.482156;"0.004012999";"darwin";"64.9.225.147";"speedtest";1340034356;649084.529964;0.092716;"ac008ee9-df9b-425b-a370-34b57dce1b90";7922;"IL";"Peoria";15;6;2012;0;18;"20120618"
"99.99.213.185";"US";-85.882800;42.855500;"AS7018 AT&T Services, Inc.";"mlab1-nuq01";0.081906;1050318.108790;"0.004012999";"linux2";"64.9.225.147";"speedtest";1340034413;176638.794094;0.086490;"22998df3-a92a-4573-b9f5-476782c2c770";7018;"MI";"Hudsonville";15;6;2012;0;18;"20120618"
"71.187.199.3";"US";-74.216400;40.816200;"AS701 MCI Communications Services, Inc. d/b/a Verizon Business";"mlab1-nuq01";0.088891;713993.001861;"0.004011999";"win32";"64.9.225.147";"bittorrent";1340034617;460539.325004;-1.000000;"a9bde20f-2872-443c-8e9b-a2f6f162c91d";701;"NJ";"Montclair";15;6;2012;0;18;"20120618"
"50.46.199.114";"US";-122.342600;47.739600;"AS5650 Frontier Communications of America, Inc.";"mlab1-nuq01";0.030742;1893954.315870;"0.004012999";"darwin";"64.9.225.147";"speedtest";1340035919;679120.246982;0.032891;"9c3f8949-43af-4678-be97-2082a5c82606";5650;"WA";"Seattle";16;6;2012;0;18;"20120618"
"98.214.132.10";"US";-89.589000;40.693600;"AS7922 Comcast Cable Communications, Inc.";"mlab1-nuq01";0.379575;742311.922247;"0.004012999";"darwin";"64.9.225.147";"bittorrent";1340035946;647970.610222;-1.000000;"ac008ee9-df9b-425b-a370-34b57dce1b90";7922;"IL";"Peoria";16;6;2012;0;18;"20120618"
"174.31.152.186";"US";-97.000000;38.000000;"AS209 NOVARTIS-DMZ-US";"mlab1-nuq01";0.044331;3397343.030272;"0.004012999";"darwin";"64.9.225.147";"bittorrent";1340036623;585962.305964;-1.000000;"9da9dff5-de02-49ae-a084-b2164425feeb";209;"";"";16;6;2012;0;18;"20120618"
"98.203.140.223";"US";-122.304300;47.610200;"AS7922 Comcast Cable Communications, Inc.";"mlab1-nuq01";0.032635;3016298.987070;"0.004012999";"linux2";"64.9.225.147";"bittorrent";1340036690;488212.860009;-1.000000;"4bf1068a-cabe-4254-a52f-c2914db03ade";7922;"WA";"Seattle";16;6;2012;0;18;"20120618"
"69.251.194.209";"US";-77.177000;39.175200;"AS7922 Comcast Cable Communications, Inc.";"mlab1-nuq01";0.110720;2532544.756074;"0.004011999";"win32";"64.9.225.147";"bittorrent";1340037113;549417.659062;-1.000000;"5ab805cf-b023-4309-9496-d8b22873a074";7922;"MD";"Montgomery Village";16;6;2012;0;18;"20120618"
"132.161.219.98";"US";-92.717600;41.721700;"AS22949 Grinnell College";"mlab1-nuq01";0.080689;2442653.239430;"0.004012999";"win32";"64.9.225.147";"speedtest";1340037135;576299.656761;0.082154;"de23301c-c09c-4e47-aa2b-90a625720856";22949;"IA";"Grinnell";16;6;2012;0;18;"20120618"
"74.93.119.149";"US";-77.460300;37.553800;"AS7922 Comcast Cable Communications, Inc.";"mlab1-nuq01";0.096689;2319024.951810;"0.004012999";"win32";"64.9.225.147";"speedtest";1340037130;555920.548010;0.099838;"89137afb-b348-4f18-88b5-80cee829292f";7922;"VA";"Richmond";16;6;2012;0;18;"20120618"
"24.2.64.100";"US";-112.008200;40.477400;"AS7922 Comcast Cable Communications, Inc.";"mlab1-nuq01";0.052108;927656.906483;"0.004012999";"win32";"64.9.225.147";"bittorrent";1340037572;139701.883774;-1.000000;"9a8766b6-803d-48fa-b02a-2091ff6f496e";7922;"UT";"Riverton";16;6;2012;0;18;"20120618"
"96.2.48.78";"US";-96.983300;42.836900;"AS11232 Midcontinent Media, Inc.";"mlab1-nuq01";0.059729;3269452.434060;"0.004012999";"win32";"64.9.225.147";"speedtest";1340037613;508773.181894;0.065471;"d4959228-fa29-4292-8c76-7ca9985284c9";11232;"SD";"Vermillion";16;6;2012;0;18;"20120618"
"70.11.6.51";"US";-80.795800;35.336600;"AS3651 Sprint";"mlab1-nuq01";1.049530;4431.224930;"0.004012999";"win32";"64.9.225.147";"speedtest";1340037915;3635.626906;0.957121;"b931e1a4-35d0-4ccf-96a9-c4a7c2d31f8b";3651;"NC";"Charlotte";16;6;2012;0;18;"20120618"
"68.40.185.45";"US";-83.740900;42.277600;"AS7922 Comcast Cable Communications, Inc.";"mlab1-nuq01";0.088872;1251336.914990;"0.004012999";"darwin";"64.9.225.147";"speedtest";1340038013;702896.797369;0.096205;"f77a7853-1ba8-4219-aa2c-2157b5e89023";7922;"MI";"Ann Arbor";16;6;2012;0;18;"20120618"
"98.22.138.166";"US";-95.790800;36.052600;"AS7029 Windstream Communications Inc";"mlab1-nuq01";0.095992;363847.783217;"0.004012999";"win32";"64.9.225.147";"bittorrent";1340038113;76653.941438;-1.000000;"eb27082c-e25b-4239-869e-8ba23d438a17";7029;"OK";"Broken Arrow";16;6;2012;0;18;"20120618"
"98.203.140.223";"US";-122.304300;47.610200;"AS7922 Comcast Cable Communications, Inc.";"mlab1-nuq01";0.035676;2909274.872710;"0.004012999";"linux2";"64.9.225.147";"speedtest";1340037805;410191.423575;0.040187;"4bf1068a-cabe-4254-a52f-c2914db03ade";7922;"WA";"Seattle";16;6;2012;0;18;"20120618"
"208.52.154.53";"US";-84.443200;33.793000;"AS13703 BroadRiver Communication Corp.";"mlab1-nuq01";0.060830;2737392.348780;"0.004010999";"win32";"64.9.225.147";"speedtest";1340038269;776044.987581;0.063250;"5a94fb06-4ffc-4b82-bc99-552f47212e96";13703;"GA";"Atlanta";16;6;2012;0;18;"20120618"
"76.24.39.72";"US";-71.691300;42.413600;"AS7922 Comcast Cable Communications, Inc.";"mlab1-nuq01";0.105388;501925.742464;"0.004012999";"win32";"64.9.225.147";"speedtest";1340038545;300627.157768;0.137610;"d7fbbeb1-8f79-4feb-9ab1-01beb7b970aa";7922;"MA";"Clinton";16;6;2012;0;18;"20120618"
"208.57.38.36";"US";-117.164900;32.807200;"AS14265 Telepacific Communications";"mlab1-nuq01";0.033247;181104.492980;"0.004011999";"linux2";"64.9.225.147";"bittorrent";1340039402;181370.893506;-1.000000;"71bb2b47-414f-414d-b8ff-f1237c21f432";14265;"CA";"San Diego";17;6;2012;0;18;"20120618"
"68.40.185.45";"US";-83.740900;42.277600;"AS7922 Comcast Cable Communications, Inc.";"mlab1-nuq01";0.090154;1306108.307988;"0.004012999";"darwin";"64.9.225.147";"bittorrent";1340039423;717564.613186;-1.000000;"f77a7853-1ba8-4219-aa2c-2157b5e89023";7922;"MI";"Ann Arbor";17;6;2012;0;18;"20120618"
"72.81.232.139";"US";-76.837500;39.174900;"AS701 MCI Communications Services, Inc. d/b/a Verizon Business";"mlab1-nuq01";0.087882;1656443.462656;"0.004012999";"darwin";"64.9.225.147";"bittorrent";1340039546;242210.706188;-1.000000;"5d2377cf-2e67-40be-b1dc-e439a545da6f";701;"MD";"Columbia";17;6;2012;0;18;"20120618"
"98.203.140.223";"US";-122.304300;47.610200;"AS7922 Comcast Cable Communications, Inc.";"mlab1-nuq01";0.036286;2986786.774145;"0.004012999";"linux2";"64.9.225.147";"bittorrent";1340039582;489588.674652;-1.000000;"4bf1068a-cabe-4254-a52f-c2914db03ade";7922;"WA";"Seattle";17;6;2012;0;18;"20120618"
"50.78.87.177";"US";-106.097500;39.574400;"AS7922 Comcast Cable Communications, Inc.";"mlab1-nuq01";0.051827;1165276.435980;"0.004012999";"win32";"64.9.225.147";"speedtest";1340039912;967761.113104;0.050988;"c4393561-5207-49e8-879a-bbb805c9188f";7922;"CO";"Frisco";17;6;2012;0;18;"20120618"
"76.24.39.72";"US";-71.691300;42.413600;"AS7922 Comcast Cable Communications, Inc.";"mlab1-nuq01";0.104707;634210.703567;"0.004012999";"win32";"64.9.225.147";"bittorrent";1340039965;428623.516993;-1.000000;"d7fbbeb1-8f79-4feb-9ab1-01beb7b970aa";7922;"MA";"Clinton";17;6;2012;0;18;"20120618"
"68.48.221.17";"US";-76.837500;39.174900;"AS7922 Comcast Cable Communications, Inc.";"mlab1-nuq01";0.089459;1257397.754771;"0.004012999";"darwin";"64.9.225.147";"bittorrent";1340040438;674888.091049;-1.000000;"4162ce8a-78ab-4a68-9407-13618360662f";7922;"MD";"Columbia";17;6;2012;0;18;"20120618"
"50.12.211.162";"US";-93.263800;44.980000;"AS16586 CLEARWIRE - CLEAR WIRELESS LLC";"mlab1-nuq01";0.128166;286282.624301;"0.004012999";"darwin";"64.9.225.147";"speedtest";1340042277;138349.270203;0.129796;"3955a411-3e83-4a8e-aa8e-165233e306e9";16586;"MN";"Minneapolis";17;6;2012;0;18;"20120618"
"208.57.38.36";"US";-117.164900;32.807200;"AS14265 Telepacific Communications";"mlab1-nuq01";0.030669;181030.135311;"0.004011999";"linux2";"64.9.225.147";"bittorrent";1340042421;172132.867124;-1.000000;"71bb2b47-414f-414d-b8ff-f1237c21f432";14265;"CA";"San Diego";18;6;2012;0;18;"20120618"
"75.140.153.254";"US";-121.654400;37.130500;"AS20115 Charter Communications";"mlab1-nuq01";0.022291;7512599.537110;"0.004012999";"darwin";"64.9.225.147";"speedtest";1340042841;634906.261499;0.023043;"a039434c-d8c0-4f4d-8050-4153de22c986";20115;"CA";"Morgan Hill";18;6;2012;0;18;"20120618"
"70.113.90.176";"US";-97.722700;30.310600;"AS11427 Time Warner Cable Internet LLC";"mlab1-nuq01";0.066769;1052155.450967;"0.004012999";"win32";"64.9.225.147";"bittorrent";1340042850;188219.347883;-1.000000;"f957f544-b6fe-4e0c-b05d-e4a409241054";11427;"TX";"Austin";18;6;2012;0;18;"20120618"
"24.22.135.177";"US";-122.332100;47.606200;"AS7922 Comcast Cable Communications, Inc.";"mlab1-nuq01";0.029264;3104843.990506;"0.004012999";"linux2";"64.9.225.147";"bittorrent";1340042939;476972.227524;-1.000000;"04cea472-6610-42db-acd2-c644a3d4447f";7922;"WA";"Seattle";18;6;2012;0;18;"20120618"
"108.6.12.54";"US";-73.936100;40.740000;"AS701 MCI Communications Services, Inc. d/b/a Verizon Business";"mlab1-nuq01";0.084032;2591156.606360;"0.004011999";"darwin";"64.9.225.147";"speedtest";1340043333;712263.886945;0.091539;"2e291570-e5e9-434c-8fc4-9496c5d43b52";701;"NY";"Long Island City";18;6;2012;0;18;"20120618"
"96.2.48.78";"US";-96.983300;42.836900;"AS11232 Midcontinent Media, Inc.";"mlab1-nuq01";0.060725;3368823.420820;"0.004012999";"win32";"64.9.225.147";"speedtest";1340043799;483750.134578;0.064619;"d4959228-fa29-4292-8c76-7ca9985284c9";11232;"SD";"Vermillion";18;6;2012;0;18;"20120618"
"128.61.31.248";"US";-84.388000;33.749000;"AS2637 Georgia Institute of Technology";"mlab1-nuq01";0.091091;839209.606896;"0.004012999";"darwin";"64.9.225.147";"speedtest";1340043973;1274717.632440;0.093225;"d1d9cf28-81d6-46b4-ba42-6b229fc338d8";2637;"GA";"Atlanta";18;6;2012;0;18;"20120618"
"70.114.2.130";"US";-98.399400;29.583400;"AS11427 Time Warner Cable Internet LLC";"mlab1-nuq01";0.064225;1964988.565112;"0.004012999";"linux2";"64.9.225.147";"bittorrent";1340044637;244162.489133;-1.000000;"eef1d069-de63-4f80-84c8-860f065b1f10";11427;"TX";"San Antonio";18;6;2012;0;18;"20120618"
"96.236.133.97";"US";-79.995900;40.440600;"AS701 MCI Communications Services, Inc. d/b/a Verizon Business";"mlab1-nuq01";0.146127;287827.013210;"0.004012999";"linux2";"64.9.225.147";"speedtest";1340044670;84359.499437;0.149201;"002bd52f-5f9d-42eb-9ce6-e310c9db525a";701;"PA";"Pittsburgh";18;6;2012;0;18;"20120618"
"76.112.161.232";"US";-83.077200;42.375500;"AS7922 Comcast Cable Communications, Inc.";"mlab1-nuq01";0.102739;443076.034797;"0.004012999";"win32";"64.9.225.147";"speedtest";1340044807;79132.089045;0.105339;"5cb4931f-bf67-49bf-a4ec-d36d7495a682";7922;"MI";"Detroit";18;6;2012;0;18;"20120618"
"96.2.48.78";"US";-96.983300;42.836900;"AS11232 Midcontinent Media, Inc.";"mlab1-nuq01";0.062908;1003802.006361;"0.004011999";"win32";"64.9.225.147";"bittorrent";1340044919;497427.898791;-1.000000;"a7ed429a-44c3-4195-a0e5-7eac41680125";11232;"SD";"Vermillion";18;6;2012;0;18;"20120618"
"98.243.192.146";"US";-84.594100;42.860200;"AS7922 Comcast Cable Communications, Inc.";"mlab1-nuq01";0.120842;591478.483668;"0.004012999";"darwin";"64.9.225.147";"bittorrent";1340045439;482229.539439;-1.000000;"69a61dac-c7ac-4b16-b86b-4bd2f3990f62";7922;"MI";"Dewitt";18;6;2012;0;18;"20120618"
"216.56.28.137";"US";-91.347900;46.585600;"AS2381 WiscNet";"mlab1-nuq01";0.082432;1198171.172986;"0.004012999";"win32";"64.9.225.147";"bittorrent";1340046249;1789120.344898;-1.000000;"0532f16b-ef24-4682-9ee3-3c919a655ab3";2381;"WI";"Iron River";19;6;2012;0;18;"20120618"
"68.58.165.186";"US";-80.107000;32.841300;"AS7922 Comcast Cable Communications, Inc.";"mlab1-nuq01";0.096418;1023171.855288;"0.004012999";"linux2";"64.9.225.147";"bittorrent";1340046994;802044.056685;-1.000000;"564f666b-3c55-40d4-a5f8-92064e970a5f";7922;"SC";"Charleston";19;6;2012;0;18;"20120618"
"24.46.196.47";"US";-73.686200;40.793900;"AS6128 Cablevision Systems Corp.";"mlab1-nuq01";0.172348;129224.363528;"0.004012999";"win32";"64.9.225.147";"speedtest";1340047617;253932.893160;0.177577;"103cc2f1-ddd5-4016-83cc-cdd357e7a81a";6128;"NY";"Manhasset";19;6;2012;0;18;"20120618"
"67.168.66.115";"US";-122.630500;48.321800;"AS7922 Comcast Cable Communications, Inc.";"mlab1-nuq01";0.035505;2841224.539760;"0.004012999";"win32";"64.9.225.147";"speedtest";1340047801;698258.918530;0.035898;"3ee99b5a-2c05-4823-a555-34b90b697de5";7922;"WA";"Oak Harbor";19;6;2012;0;18;"20120618"
"216.56.28.137";"US";-91.347900;46.585600;"AS2381 WiscNet";"mlab1-nuq01";0.076184;941861.667561;"0.004012999";"win32";"64.9.225.147";"speedtest";1340047860;1898307.082130;0.077886;"0532f16b-ef24-4682-9ee3-3c919a655ab3";2381;"WI";"Iron River";19;6;2012;0;18;"20120618"
"97.65.115.51";"US";-122.393300;37.769700;"AS4323 tw telecom holdings, inc.";"mlab1-nuq01";0.020894;1006410.776510;"0.004012999";"win32";"64.9.225.147";"speedtest";1340047608;834635.756867;0.010946;"e54bd867-c3d4-475c-aa3f-d513bac1c0f1";4323;"CA";"San Francisco";19;6;2012;0;18;"20120618"
"173.246.102.187";"US";-76.612200;39.290400;"AS29169 Gandi SAS";"mlab1-nuq01";0.074153;1449358.071174;"0.004011999";"linux2";"64.9.225.147";"bittorrent";1340047965;675900.386815;-1.000000;"a57cd6aa-6b9a-40e3-ae4c-0685546dd104";29169;"MD";"Baltimore";19;6;2012;0;18;"20120618"
"24.111.85.175";"US";-97.440500;42.935900;"AS11232 Midcontinent Media, Inc.";"mlab1-nuq01";0.061053;274241.619627;"0.004011999";"win32";"64.9.225.147";"bittorrent";1340048416;478896.102302;-1.000000;"d8e6a54b-6231-4d06-a9c1-bf3a10f484b1";11232;"SD";"Yankton";19;6;2012;0;18;"20120618"
"68.40.185.45";"US";-83.740900;42.277600;"AS7922 Comcast Cable Communications, Inc.";"mlab1-nuq01";0.090252;1185282.846060;"0.004012999";"darwin";"64.9.225.147";"speedtest";1340049301;713847.234239;0.094308;"f77a7853-1ba8-4219-aa2c-2157b5e89023";7922;"MI";"Ann Arbor";19;6;2012;0;18;"20120618"
"71.237.28.39";"US";-104.984700;39.739200;"AS7922 Comcast Cable Communications, Inc.";"mlab1-nuq01";0.043721;1214334.626390;"0.004012999";"darwin";"64.9.225.147";"speedtest";1340049750;468458.605359;0.221084;"95e96326-78fe-4507-8b06-f60611a1b7ad";7922;"CO";"Denver";20;6;2012;0;18;"20120618"
"66.80.217.179";"US";-105.002200;39.545700;"AS4565 MegaPath Networks Inc.";"mlab1-nuq01";0.045358;667237.001893;"0.004012999";"darwin";"64.9.225.147";"bittorrent";1340050087;727367.802639;-1.000000;"fd8f8cbf-53ff-44fa-8e9f-da47c60b3fce";4565;"CO";"Littleton";20;6;2012;0;18;"20120618"
"98.124.100.208";"US";-80.038400;33.118000;"AS16863 Home Telephone Company, Inc.";"mlab1-nuq01";0.099127;992434.259759;"0.004012999";"linux2";"64.9.225.147";"speedtest";1340050990;218738.243112;0.091303;"adcd5d0f-b5f4-47e4-9505-249669f515a0";16863;"SC";"Moncks Corner";20;6;2012;0;18;"20120618"
"69.251.194.209";"US";-77.177000;39.175200;"AS7922 Comcast Cable Communications, Inc.";"mlab1-nuq01";0.092294;1637300.020540;"0.004011999";"win32";"64.9.225.147";"speedtest";1340051101;491779.753644;0.094025;"5ab805cf-b023-4309-9496-d8b22873a074";7922;"MD";"Montgomery Village";20;6;2012;0;18;"20120618"
"50.46.199.114";"US";-122.342600;47.739600;"AS5650 Frontier Communications of America, Inc.";"mlab1-nuq01";0.032525;1821744.392130;"0.004012999";"darwin";"64.9.225.147";"speedtest";1340052071;673866.131943;0.036051;"9c3f8949-43af-4678-be97-2082a5c82606";5650;"WA";"Seattle";20;6;2012;0;18;"20120618"
"69.249.238.83";"US";-75.163800;39.952300;"AS7922 Comcast Cable Communications, Inc.";"mlab1-nuq01";0.112788;648187.490656;"0.004012999";"win32";"64.9.225.147";"bittorrent";1340052252;149331.845548;-1.000000;"a49b9e19-6f47-4dc7-8196-0fc4dbc9e641";7922;"PA";"Philadelphia";20;6;2012;0;18;"20120618"
"72.81.232.139";"US";-76.837500;39.174900;"AS701 MCI Communications Services, Inc. d/b/a Verizon Business";"mlab1-nuq01";0.103457;1617429.605242;"0.004012999";"darwin";"64.9.225.147";"bittorrent";1340052398;255193.599320;-1.000000;"5d2377cf-2e67-40be-b1dc-e439a545da6f";701;"MD";"Columbia";20;6;2012;0;18;"20120618"
"216.56.28.137";"US";-91.347900;46.585600;"AS2381 WiscNet";"mlab1-nuq01";0.075947;1252567.317534;"0.004012999";"win32";"64.9.225.147";"bittorrent";1340052684;1710004.101878;-1.000000;"0532f16b-ef24-4682-9ee3-3c919a655ab3";2381;"WI";"Iron River";20;6;2012;0;18;"20120618"
"69.249.238.83";"US";-75.163800;39.952300;"AS7922 Comcast Cable Communications, Inc.";"mlab1-nuq01";0.222855;606921.149752;"0.004012999";"win32";"64.9.225.147";"speedtest";1340053813;126129.195786;0.232535;"a49b9e19-6f47-4dc7-8196-0fc4dbc9e641";7922;"PA";"Philadelphia";21;6;2012;0;18;"20120618"
"76.24.39.72";"US";-71.691300;42.413600;"AS7922 Comcast Cable Communications, Inc.";"mlab1-nuq01";0.110435;727584.388243;"0.004012999";"win32";"64.9.225.147";"bittorrent";1340054130;454048.641730;-1.000000;"d7fbbeb1-8f79-4feb-9ab1-01beb7b970aa";7922;"MA";"Clinton";21;6;2012;0;18;"20120618"
"71.89.124.38";"US";-88.736400;44.638200;"AS20115 Charter Communications";"mlab1-nuq01";0.074275;2724026.219420;"0.004012999";"win32";"64.9.225.147";"speedtest";1340054557;374873.273571;0.077651;"0730ff7f-47eb-4e84-99b1-016150556fb6";20115;"WI";"Clintonville";21;6;2012;0;18;"20120618"
"208.52.154.53";"US";-84.443200;33.793000;"AS13703 BroadRiver Communication Corp.";"mlab1-nuq01";0.061138;2728276.977990;"0.004010999";"win32";"64.9.225.147";"speedtest";1340055030;645797.763880;0.075214;"5a94fb06-4ffc-4b82-bc99-552f47212e96";13703;"GA";"Atlanta";21;6;2012;0;18;"20120618"
"99.21.145.140";"US";-121.382800;38.626300;"AS7132 AS for SBIS-AS";"mlab1-nuq01";0.041370;1139482.014511;"0.004012999";"win32";"64.9.225.147";"bittorrent";1340055066;173355.191010;-1.000000;"ebeab1c8-defc-4fef-8be3-daa7088a0954";7132;"CA";"Sacramento";21;6;2012;0;18;"20120618"
"72.81.232.139";"US";-76.837500;39.174900;"AS701 MCI Communications Services, Inc. d/b/a Verizon Business";"mlab1-nuq01";0.103636;1637490.049937;"0.004012999";"darwin";"64.9.225.147";"bittorrent";1340055197;254657.675577;-1.000000;"5d2377cf-2e67-40be-b1dc-e439a545da6f";701;"MD";"Columbia";21;6;2012;0;18;"20120618"
"99.92.88.210";"US";-122.030700;37.353700;"AS7018 AT&T Services, Inc.";"mlab1-nuq01";0.032197;1427498.378533;"0.004012999";"darwin";"64.9.225.147";"bittorrent";1340055745;181290.266406;-1.000000;"13cf72ab-670c-4dc7-8fad-aa9a41f4355d";7018;"CA";"Sunnyvale";21;6;2012;0;18;"20120618"
"75.127.236.122";"US";-97.000000;38.000000;"AS6128 Cablevision Systems Corp.";"mlab1-nuq01";0.080282;796049.734477;"0.004012999";"win32";"64.9.225.147";"bittorrent";1340057321;465455.401939;-1.000000;"560c097a-1dfa-4e05-9893-bdc56e35afc3";6128;"";"";22;6;2012;0;18;"20120618"
"99.130.96.199";"US";-117.490800;33.932900;"AS7018 AT&T Services, Inc.";"mlab1-nuq01";0.036120;1315812.280690;"0.004012999";"linux2";"64.9.225.147";"speedtest";1340057905;181975.076951;0.037831;"0a3b2944-23c0-4116-a068-0d5627c0dec9";7018;"CA";"Riverside";22;6;2012;0;18;"20120618"
"98.251.77.68";"US";-83.949600;33.512000;"AS7922 Comcast Cable Communications, Inc.";"mlab1-nuq01";0.077346;3052024.333423;"0.004011999";"win32";"64.9.225.147";"bittorrent";1340057913;506378.041524;-1.000000;"cbfab653-aed3-47c3-b7d0-e4159cab6582";7922;"GA";"Covington";22;6;2012;0;18;"20120618"
"24.61.63.89";"US";-71.031600;42.399700;"AS7922 Comcast Cable Communications, Inc.";"mlab1-nuq01";0.111672;610438.714312;"0.004012999";"win32";"64.9.225.147";"bittorrent";1340058407;346509.293916;-1.000000;"641fcec9-64c6-4ec1-a213-90d958a6f9a1";7922;"MA";"Chelsea";22;6;2012;0;18;"20120618"
"98.22.138.166";"US";-95.790800;36.052600;"AS7029 Windstream Communications Inc";"mlab1-nuq01";1.657450;32943.368340;"0.004012999";"win32";"64.9.225.147";"bittorrent";1340059127;43218.857365;-1.000000;"eb27082c-e25b-4239-869e-8ba23d438a17";7029;"OK";"Broken Arrow";22;6;2012;0;18;"20120618"
"68.40.185.45";"US";-83.740900;42.277600;"AS7922 Comcast Cable Communications, Inc.";"mlab1-nuq01";0.091021;1972681.189335;"0.004012999";"darwin";"64.9.225.147";"bittorrent";1340059237;765043.048447;-1.000000;"f77a7853-1ba8-4219-aa2c-2157b5e89023";7922;"MI";"Ann Arbor";22;6;2012;0;18;"20120618"
"67.168.59.54";"US";-122.668000;48.185500;"AS7922 Comcast Cable Communications, Inc.";"mlab1-nuq01";0.034973;3038760.095070;"0.004012999";"win32";"64.9.225.147";"speedtest";1340060038;685024.563971;0.039199;"ea22d474-846e-407d-9ebe-cd03ff0d64f4";7922;"WA";"Coupeville";22;6;2012;0;18;"20120618"
"75.127.236.122";"US";-97.000000;38.000000;"AS6128 Cablevision Systems Corp.";"mlab1-nuq01";0.079424;788871.620432;"0.004012999";"win32";"64.9.225.147";"bittorrent";1340060110;477271.239450;-1.000000;"560c097a-1dfa-4e05-9893-bdc56e35afc3";6128;"";"";22;6;2012;0;18;"20120618"
"207.231.92.41";"US";-121.370600;38.784300;"AS14051 Roseville Telephone Company";"mlab1-nuq01";0.004730;3439923.602180;"0.004012999";"win32";"64.9.225.147";"speedtest";1340061885;4360234.516280;0.010378;"cb121e1a-4701-4c5a-91b5-29c9df2b10c0";14051;"CA";"Roseville";23;6;2012;0;18;"20120618"
"75.140.153.254";"US";-121.654400;37.130500;"AS20115 Charter Communications";"mlab1-nuq01";0.023074;3053716.576830;"0.004012999";"darwin";"64.9.225.147";"speedtest";1340062146;630938.305842;0.024348;"a039434c-d8c0-4f4d-8050-4153de22c986";20115;"CA";"Morgan Hill";23;6;2012;0;18;"20120618"
"70.113.79.140";"US";-97.743100;30.267200;"AS11427 Time Warner Cable Internet LLC";"mlab1-nuq01";0.061371;1732338.504189;"0.004012999";"win32";"64.9.225.147";"bittorrent";1340062269;114891.552579;-1.000000;"f957f544-b6fe-4e0c-b05d-e4a409241054";11427;"TX";"Austin";23;6;2012;0;18;"20120618"
"99.92.88.210";"US";-122.030700;37.353700;"AS7018 AT&T Services, Inc.";"mlab1-nuq01";0.030477;1372188.111390;"0.004012999";"darwin";"64.9.225.147";"speedtest";1340063070;181948.322557;0.032331;"13cf72ab-670c-4dc7-8fad-aa9a41f4355d";7018;"CA";"Sunnyvale";23;6;2012;0;18;"20120618"
"69.143.19.17";"US";-77.104300;38.881000;"AS7922 Comcast Cable Communications, Inc.";"mlab1-nuq01";0.093440;2922270.572402;"0.004012999";"darwin";"64.9.225.147";"bittorrent";1340063612;523249.161600;-1.000000;"9b4267aa-e8b7-40bb-a139-5ad1187a6f5d";7922;"VA";"Arlington";23;6;2012;0;18;"20120618"
"71.206.108.75";"US";-84.525500;42.742200;"AS7922 Comcast Cable Communications, Inc.";"mlab1-nuq01";0.102794;196535.793203;"0.004011999";"win32";"64.9.225.147";"speedtest";1340063616;74237.015849;0.101257;"ffaa390e-2089-4db5-9b0b-c03d5eed4c9f";7922;"MI";"Lansing";23;6;2012;0;18;"20120618"
"24.22.135.177";"US";-122.332100;47.606200;"AS7922 Comcast Cable Communications, Inc.";"mlab1-nuq01";0.027929;2827541.533380;"0.004012999";"linux2";"64.9.225.147";"bittorrent";1340063746;461975.200102;-1.000000;"04cea472-6610-42db-acd2-c644a3d4447f";7922;"WA";"Seattle";23;6;2012;0;18;"20120618"
"71.190.171.206";"US";-73.525400;40.767000;"AS701 MCI Communications Services, Inc. d/b/a Verizon Business";"mlab3-nuq01";0.078189;2940039.357142;"0.004012999";"linux2";"64.9.225.164";"bittorrent";1339977804;1414564.082724;-1.000000;"dfd87da2-1968-48ac-9bd2-5469644e29e4";701;"NY";"Hicksville";0;6;2012;0;18;"20120618"
"69.148.250.152";"US";-97.337500;37.692200;"AS7018 AT&T Services, Inc.";"mlab3-nuq01";0.115866;158292.372739;"0.004012999";"win32";"64.9.225.164";"bittorrent";1339978303;38285.800506;-1.000000;"acd06144-444b-4f3e-8410-58a01e77f7a8";7018;"KS";"Wichita";0;6;2012;0;18;"20120618"
"67.174.9.121";"US";-87.819700;41.894000;"AS7922 Comcast Cable Communications, Inc.";"mlab3-nuq01";0.073816;2019374.507178;"0.004012999";"win32";"64.9.225.164";"bittorrent";1339978389;522803.964485;-1.000000;"bdaf2367-a776-4a1f-9c03-a75a6b08c6b1";7922;"IL";"River Forest";0;6;2012;0;18;"20120618"
"76.10.12.242";"US";-88.242600;40.112500;"AS46925 PAVLOV MEDIA INC";"mlab3-nuq01";0.066631;870487.603308;"0.004012999";"win32";"64.9.225.164";"speedtest";1339980297;943770.275864;0.070834;"b2c93218-2fa2-4a04-be8b-f4553cb22e1a";46925;"IL";"Champaign";0;6;2012;0;18;"20120618"
"50.12.79.116";"US";-73.876900;40.849900;"AS16586 CLEARWIRE - CLEAR WIRELESS LLC";"mlab3-nuq01";0.214139;250344.418028;"0.004010999";"win32";"64.9.225.164";"bittorrent";1339981045;102391.285345;-1.000000;"a62d4695-657b-4d69-857e-e59cfb8a3ea0";16586;"NY";"Bronx";0;6;2012;0;18;"20120618"
"72.181.251.247";"US";-96.771500;32.833900;"AS11427 Time Warner Cable Internet LLC";"mlab3-nuq01";0.062237;2390235.722524;"0.004012999";"darwin";"64.9.225.164";"bittorrent";1339981241;225318.412640;-1.000000;"ec56ca67-ca5b-4ee7-a615-8743ebac3e8a";11427;"TX";"Dallas";1;6;2012;0;18;"20120618"
"96.236.133.97";"US";-79.995900;40.440600;"AS701 MCI Communications Services, Inc. d/b/a Verizon Business";"mlab3-nuq01";0.150623;276503.510309;"0.004012999";"linux2";"64.9.225.164";"speedtest";1339981421;88507.738056;0.114489;"002bd52f-5f9d-42eb-9ce6-e310c9db525a";701;"PA";"Pittsburgh";1;6;2012;0;18;"20120618"
"99.92.88.210";"US";-122.030700;37.353700;"AS7018 AT&T Services, Inc.";"mlab3-nuq01";0.033282;1352663.125880;"0.004012999";"darwin";"64.9.225.164";"speedtest";1339981461;182043.036437;0.033260;"13cf72ab-670c-4dc7-8fad-aa9a41f4355d";7018;"CA";"Sunnyvale";1;6;2012;0;18;"20120618"
"208.57.38.36";"US";-117.164900;32.807200;"AS14265 Telepacific Communications";"mlab3-nuq01";0.026567;178102.085885;"0.004011999";"linux2";"64.9.225.164";"bittorrent";1339981528;181414.713212;-1.000000;"71bb2b47-414f-414d-b8ff-f1237c21f432";14265;"CA";"San Diego";1;6;2012;0;18;"20120618"
"173.246.102.187";"US";-76.612200;39.290400;"AS29169 Gandi SAS";"mlab3-nuq01";0.073712;1954604.310571;"0.004011999";"linux2";"64.9.225.164";"bittorrent";1339981694;644030.418790;-1.000000;"a57cd6aa-6b9a-40e3-ae4c-0685546dd104";29169;"MD";"Baltimore";1;6;2012;0;18;"20120618"
"74.2.122.133";"US";-97.000000;38.000000;"AS18566 MegaPath Corporation";"mlab3-nuq01";0.067347;232663.943731;"0.004010999";"win32";"64.9.225.164";"bittorrent";1339981826;236186.395662;-1.000000;"f4acb085-b5ee-429a-a232-3ae956a10cf5";18566;"";"";1;6;2012;0;18;"20120618"
"99.21.145.140";"US";-121.382800;38.626300;"AS7132 AS for SBIS-AS";"mlab3-nuq01";0.030090;1356859.040510;"0.004012999";"win32";"64.9.225.164";"speedtest";1339982674;169053.135664;0.031223;"ebeab1c8-defc-4fef-8be3-daa7088a0954";7132;"CA";"Sacramento";1;6;2012;0;18;"20120618"
"74.2.122.133";"US";-97.000000;38.000000;"AS18566 MegaPath Corporation";"mlab3-nuq01";0.073510;213526.549750;"0.004010999";"win32";"64.9.225.164";"speedtest";1339983628;67708.649020;0.102759;"f4acb085-b5ee-429a-a232-3ae956a10cf5";18566;"";"";1;6;2012;0;18;"20120618"
"99.27.132.203";"US";-122.036300;37.368800;"AS7132 AS for SBIS-AS";"mlab3-nuq01";0.015952;584134.050754;"0.004012999";"linux2";"64.9.225.164";"speedtest";1339983690;77522.668085;0.019296;"d0271e0a-854f-4f73-b087-7be4c60e4f8c";7132;"CA";"Sunnyvale";1;6;2012;0;18;"20120618"
"98.206.101.228";"US";-87.655100;41.937300;"AS7922 Comcast Cable Communications, Inc.";"mlab3-nuq01";0.074504;2878480.171740;"0.004012999";"win32";"64.9.225.164";"bittorrent";1339983843;484750.237427;-1.000000;"1b8a7968-95b4-4827-8260-84d7e02b3d53";7922;"IL";"Chicago";1;6;2012;0;18;"20120618"
"50.12.79.116";"US";-73.876900;40.849900;"AS16586 CLEARWIRE - CLEAR WIRELESS LLC";"mlab3-nuq01";0.186522;360687.236107;"0.004010999";"win32";"64.9.225.164";"bittorrent";1339984167;121391.603570;-1.000000;"a62d4695-657b-4d69-857e-e59cfb8a3ea0";16586;"NY";"Bronx";1;6;2012;0;18;"20120618"
"108.0.16.252";"US";-118.142300;33.771100;"AS701 MCI Communications Services, Inc. d/b/a Verizon Business";"mlab3-nuq01";0.020656;1517431.097430;"0.004012999";"darwin";"64.9.225.164";"bittorrent";1339984811;690307.617051;-1.000000;"b13eed9c-7499-4364-89ba-e85068191268";701;"CA";"Long Beach";2;6;2012;0;18;"20120618"
"24.24.223.229";"US";-118.404100;33.916400;"AS20001 Time Warner Cable Internet LLC";"mlab3-nuq01";0.065053;100228.674443;"0.004012999";"linux2";"64.9.225.164";"speedtest";1339985057;24469.189995;0.088804;"36cfd7f8-0f92-42e9-be32-71c3f4d2fe09";20001;"CA";"El Segundo";2;6;2012;0;18;"20120618"
"98.222.147.136";"US";-85.681400;40.411900;"AS7922 Comcast Cable Communications, Inc.";"mlab3-nuq01";0.084180;2758135.446950;"0.004012999";"linux2";"64.9.225.164";"speedtest";1339985559;469561.641043;0.089140;"247a4b73-0dbb-440a-a85f-68d042f5a3a2";7922;"IN";"Fairmount";2;6;2012;0;18;"20120618"
"66.188.113.29";"US";-97.000000;38.000000;"AS20115 Charter Communications";"mlab3-nuq01";0.074957;1139574.867161;"0.004012999";"darwin";"64.9.225.164";"bittorrent";1339985563;366363.606842;-1.000000;"3f295a53-7a79-47cb-bd75-f79b53a6ae22";20115;"";"";2;6;2012;0;18;"20120618"
"69.143.19.17";"US";-77.104300;38.881000;"AS7922 Comcast Cable Communications, Inc.";"mlab3-nuq01";0.089310;2498571.023390;"0.004012999";"darwin";"64.9.225.164";"speedtest";1339985648;475976.833850;0.094774;"9b4267aa-e8b7-40bb-a139-5ad1187a6f5d";7922;"VA";"Arlington";2;6;2012;0;18;"20120618"
"75.75.156.100";"US";-77.229100;39.841800;"AS7922 Comcast Cable Communications, Inc.";"mlab3-nuq01";0.228975;485397.135726;"0.004012999";"win32";"64.9.225.164";"speedtest";1339986161;87625.080991;0.109230;"74807f51-f20f-4c2b-8aa7-32eb64040c5e";7922;"PA";"Gettysburg";2;6;2012;0;18;"20120618"
"98.222.147.136";"US";-85.681400;40.411900;"AS7922 Comcast Cable Communications, Inc.";"mlab3-nuq01";0.085950;2818145.083564;"0.004012999";"linux2";"64.9.225.164";"bittorrent";1339987197;515630.076195;-1.000000;"247a4b73-0dbb-440a-a85f-68d042f5a3a2";7922;"IN";"Fairmount";2;6;2012;0;18;"20120618"
"99.21.145.140";"US";-121.382800;38.626300;"AS7132 AS for SBIS-AS";"mlab3-nuq01";0.029568;1192148.108565;"0.004012999";"win32";"64.9.225.164";"bittorrent";1339987234;168982.841774;-1.000000;"ebeab1c8-defc-4fef-8be3-daa7088a0954";7132;"CA";"Sacramento";2;6;2012;0;18;"20120618"
"173.160.133.65";"US";-122.449200;47.151100;"AS7922 Comcast Cable Communications, Inc.";"mlab3-nuq01";0.039708;599778.054349;"0.004012999";"win32";"64.9.225.164";"speedtest";1339988279;478102.569777;0.038656;"cd29f4ce-ebe9-47c8-8b18-9406a9618ac1";7922;"WA";"Tacoma";2;6;2012;0;18;"20120618"
"24.46.196.47";"US";-73.686200;40.793900;"AS6128 Cablevision Systems Corp.";"mlab3-nuq01";0.079651;1397663.667373;"0.004012999";"win32";"64.9.225.164";"bittorrent";1339988432;243135.704913;-1.000000;"103cc2f1-ddd5-4016-83cc-cdd357e7a81a";6128;"NY";"Manhasset";3;6;2012;0;18;"20120618"
"97.126.49.211";"US";-122.217100;47.482900;"AS209 NOVARTIS-DMZ-US";"mlab3-nuq01";0.236889;205485.237396;"0.004012999";"darwin";"64.9.225.164";"bittorrent";1339988605;89106.015110;-1.000000;"8e65a2a9-47d4-4adc-a937-76425a1f5bfe";209;"WA";"Renton";3;6;2012;0;18;"20120618"
"68.48.221.17";"US";-76.837500;39.174900;"AS7922 Comcast Cable Communications, Inc.";"mlab3-nuq01";0.101439;722940.437069;"0.004012999";"darwin";"64.9.225.164";"bittorrent";1339989239;615742.612582;-1.000000;"4162ce8a-78ab-4a68-9407-13618360662f";7922;"MD";"Columbia";3;6;2012;0;18;"20120618"
"108.0.16.252";"US";-118.142300;33.771100;"AS701 MCI Communications Services, Inc. d/b/a Verizon Business";"mlab3-nuq01";0.017396;1811406.582880;"0.004012999";"darwin";"64.9.225.164";"speedtest";1339989288;676657.158284;0.021991;"b13eed9c-7499-4364-89ba-e85068191268";701;"CA";"Long Beach";3;6;2012;0;18;"20120618"
"173.20.36.131";"US";-91.455800;40.452000;"AS30036 Mediacom Communications Corp";"mlab3-nuq01";0.104109;54378.547214;"0.004012999";"win32";"64.9.225.164";"bittorrent";1339990038;178862.477871;-1.000000;"6b87ac46-1206-4d9c-afa5-d5cab4a872d6";30036;"IA";"Keokuk";3;6;2012;0;18;"20120618"
"50.83.240.108";"US";-95.977900;45.232200;"AS30036 Mediacom Communications Corp";"mlab3-nuq01";0.066236;1471708.636932;"0.004012999";"darwin";"64.9.225.164";"bittorrent";1339990052;287141.730080;-1.000000;"43af2f72-3dc4-4824-9ff7-faa06a3cb206";30036;"MN";"Appleton";3;6;2012;0;18;"20120618"
"99.21.145.140";"US";-121.382800;38.626300;"AS7132 AS for SBIS-AS";"mlab3-nuq01";0.027968;999739.925187;"0.004012999";"win32";"64.9.225.164";"bittorrent";1339990245;162742.790626;-1.000000;"ebeab1c8-defc-4fef-8be3-daa7088a0954";7132;"CA";"Sacramento";3;6;2012;0;18;"20120618"
"72.81.232.139";"US";-76.837500;39.174900;"AS701 MCI Communications Services, Inc. d/b/a Verizon Business";"mlab3-nuq01";0.109297;1155392.034200;"0.004012999";"darwin";"64.9.225.164";"speedtest";1339990336;226074.532547;0.166305;"5d2377cf-2e67-40be-b1dc-e439a545da6f";701;"MD";"Columbia";3;6;2012;0;18;"20120618"
"75.75.156.100";"US";-77.229100;39.841800;"AS7922 Comcast Cable Communications, Inc.";"mlab3-nuq01";0.524656;390991.428150;"0.004012999";"win32";"64.9.225.164";"bittorrent";1339990384;90855.004599;-1.000000;"74807f51-f20f-4c2b-8aa7-32eb64040c5e";7922;"PA";"Gettysburg";3;6;2012;0;18;"20120618"
"76.24.39.72";"US";-71.691300;42.413600;"AS7922 Comcast Cable Communications, Inc.";"mlab3-nuq01";0.103941;719334.900071;"0.004012999";"win32";"64.9.225.164";"speedtest";1339990477;413214.036600;0.109206;"d7fbbeb1-8f79-4feb-9ab1-01beb7b970aa";7922;"MA";"Clinton";3;6;2012;0;18;"20120618"
"205.178.18.107";"US";-87.623800;41.884900;"AS6079 RCN";"mlab3-nuq01";0.169939;403936.966840;"0.004011999";"win32";"64.9.225.164";"speedtest";1339990568;180199.508005;0.122641;"e98788b3-c49f-4266-b003-f95ea1c0e2a0";6079;"IL";"Chicago";3;6;2012;0;18;"20120618"
"174.31.152.186";"US";-97.000000;38.000000;"AS209 NOVARTIS-DMZ-US";"mlab3-nuq01";0.043107;2588201.338712;"0.004012999";"darwin";"64.9.225.164";"bittorrent";1339991415;585824.427276;-1.000000;"9da9dff5-de02-49ae-a084-b2164425feeb";209;"";"";3;6;2012;0;18;"20120618"
"71.190.171.206";"US";-73.525400;40.767000;"AS701 MCI Communications Services, Inc. d/b/a Verizon Business";"mlab3-nuq01";0.081951;3053108.050450;"0.004012999";"linux2";"64.9.225.164";"speedtest";1339991473;938250.423347;0.083045;"dfd87da2-1968-48ac-9bd2-5469644e29e4";701;"NY";"Hicksville";3;6;2012;0;18;"20120618"
"71.204.91.144";"US";-84.447700;34.119000;"AS7922 Comcast Cable Communications, Inc.";"mlab3-nuq01";0.086725;45861.189390;"0.004012999";"darwin";"64.9.225.164";"bittorrent";1339991890;445206.227721;-1.000000;"4b4fa0bc-987b-4105-9a0b-83e736a6503c";7922;"GA";"Woodstock";3;6;2012;0;18;"20120618"
"98.124.100.208";"US";-80.038400;33.118000;"AS16863 Home Telephone Company, Inc.";"mlab3-nuq01";0.098223;890497.500993;"0.004012999";"linux2";"64.9.225.164";"speedtest";1339992608;106640.094210;0.106560;"adcd5d0f-b5f4-47e4-9505-249669f515a0";16863;"SC";"Moncks Corner";4;6;2012;0;18;"20120618"
"70.113.90.176";"US";-97.722700;30.310600;"AS11427 Time Warner Cable Internet LLC";"mlab3-nuq01";0.062065;1381115.312170;"0.004012999";"win32";"64.9.225.164";"speedtest";1339992703;184195.539023;0.067682;"f957f544-b6fe-4e0c-b05d-e4a409241054";11427;"TX";"Austin";4;6;2012;0;18;"20120618"
"99.130.96.199";"US";-117.490800;33.932900;"AS7018 AT&T Services, Inc.";"mlab3-nuq01";0.036325;1342148.446740;"0.004012999";"linux2";"64.9.225.164";"speedtest";1339992778;180631.036054;0.038897;"0a3b2944-23c0-4116-a068-0d5627c0dec9";7018;"CA";"Riverside";4;6;2012;0;18;"20120618"
"76.168.80.127";"US";-118.243700;34.052200;"AS20001 Time Warner Cable Internet LLC";"mlab3-nuq01";0.028129;2688522.680295;"0.004012999";"darwin";"64.9.225.164";"bittorrent";1339995772;121890.955413;-1.000000;"90d62fdd-a880-469e-bb3b-4bf575cfed10";20001;"CA";"Los Angeles";5;6;2012;0;18;"20120618"
"71.58.226.44";"US";-75.961500;41.249000;"AS7922 Comcast Cable Communications, Inc.";"mlab3-nuq01";0.110590;1804253.641759;"0.004012999";"win32";"64.9.225.164";"bittorrent";1339995808;508679.141569;-1.000000;"fb6cc5ca-37c3-44c5-8176-4a40a17f217a";7922;"PA";"Plymouth";5;6;2012;0;18;"20120618"
"98.203.140.223";"US";-122.304300;47.610200;"AS7922 Comcast Cable Communications, Inc.";"mlab3-nuq01";0.037658;2903424.563598;"0.004012999";"linux2";"64.9.225.164";"bittorrent";1339996113;385816.884930;-1.000000;"4bf1068a-cabe-4254-a52f-c2914db03ade";7922;"WA";"Seattle";5;6;2012;0;18;"20120618"
"67.172.130.152";"US";-104.821400;38.833900;"AS7922 Comcast Cable Communications, Inc.";"mlab3-nuq01";0.047109;3146994.646151;"0.004012999";"darwin";"64.9.225.164";"bittorrent";1339996147;349842.842728;-1.000000;"e83583f7-4c54-4291-a929-2fd12fd286f5";7922;"CO";"Colorado Springs";5;6;2012;0;18;"20120618"
"98.206.101.228";"US";-87.655100;41.937300;"AS7922 Comcast Cable Communications, Inc.";"mlab3-nuq01";0.073140;2416340.603680;"0.004012999";"win32";"64.9.225.164";"bittorrent";1339996611;518667.516800;-1.000000;"1b8a7968-95b4-4827-8260-84d7e02b3d53";7922;"IL";"Chicago";5;6;2012;0;18;"20120618"
"76.168.80.127";"US";-118.243700;34.052200;"AS20001 Time Warner Cable Internet LLC";"mlab3-nuq01";0.027829;2731101.566450;"0.004012999";"darwin";"64.9.225.164";"speedtest";1339997359;104319.439334;0.033814;"90d62fdd-a880-469e-bb3b-4bf575cfed10";20001;"CA";"Los Angeles";5;6;2012;0;18;"20120618"
"24.46.196.47";"US";-73.686200;40.793900;"AS6128 Cablevision Systems Corp.";"mlab3-nuq01";0.079408;672038.561610;"0.004012999";"win32";"64.9.225.164";"speedtest";1339998488;252506.278646;0.084028;"103cc2f1-ddd5-4016-83cc-cdd357e7a81a";6128;"NY";"Manhasset";5;6;2012;0;18;"20120618"
"173.160.133.65";"US";-122.449200;47.151100;"AS7922 Comcast Cable Communications, Inc.";"mlab3-nuq01";0.037356;600205.710559;"0.004012999";"win32";"64.9.225.164";"bittorrent";1339998603;578982.644947;-1.000000;"cd29f4ce-ebe9-47c8-8b18-9406a9618ac1";7922;"WA";"Tacoma";5;6;2012;0;18;"20120618"
"71.187.199.3";"US";-74.216400;40.816200;"AS701 MCI Communications Services, Inc. d/b/a Verizon Business";"mlab3-nuq01";0.087372;730083.315717;"0.004011999";"win32";"64.9.225.164";"bittorrent";1339998815;448039.278233;-1.000000;"a9bde20f-2872-443c-8e9b-a2f6f162c91d";701;"NJ";"Montclair";5;6;2012;0;18;"20120618"
"97.126.49.211";"US";-122.217100;47.482900;"AS209 NOVARTIS-DMZ-US";"mlab3-nuq01";0.076994;397036.674038;"0.004012999";"darwin";"64.9.225.164";"speedtest";1339999649;93479.464774;0.103499;"8e65a2a9-47d4-4adc-a937-76425a1f5bfe";209;"WA";"Renton";6;6;2012;0;18;"20120618"
"24.130.152.60";"US";-122.088500;37.709000;"AS7922 Comcast Cable Communications, Inc.";"mlab3-nuq01";0.032037;3514458.288601;"0.004012999";"darwin";"64.9.225.164";"bittorrent";1339999900;783288.479728;-1.000000;"92ef1dc6-e5b9-40c8-800b-cc909779319d";7922;"CA";"Castro Valley";6;6;2012;0;18;"20120618"
"98.243.192.146";"US";-84.594100;42.860200;"AS7922 Comcast Cable Communications, Inc.";"mlab3-nuq01";0.125039;550458.490896;"0.004012999";"darwin";"64.9.225.164";"speedtest";1340000094;413707.493645;0.111271;"69a61dac-c7ac-4b16-b86b-4bd2f3990f62";7922;"MI";"Dewitt";6;6;2012;0;18;"20120618"
"24.2.64.100";"US";-112.008200;40.477400;"AS7922 Comcast Cable Communications, Inc.";"mlab3-nuq01";0.051106;924636.643011;"0.004012999";"win32";"64.9.225.164";"bittorrent";1340000868;138172.942052;-1.000000;"9a8766b6-803d-48fa-b02a-2091ff6f496e";7922;"UT";"Riverton";6;6;2012;0;18;"20120618"
"50.78.87.177";"US";-106.097500;39.574400;"AS7922 Comcast Cable Communications, Inc.";"mlab3-nuq01";0.050070;1177407.144510;"0.004012999";"win32";"64.9.225.164";"speedtest";1340000971;950051.211798;0.050347;"c4393561-5207-49e8-879a-bbb805c9188f";7922;"CO";"Frisco";6;6;2012;0;18;"20120618"
"96.236.133.97";"US";-79.995900;40.440600;"AS701 MCI Communications Services, Inc. d/b/a Verizon Business";"mlab3-nuq01";0.121694;441675.849071;"0.004012999";"linux2";"64.9.225.164";"speedtest";1340001590;136956.237267;0.111506;"002bd52f-5f9d-42eb-9ce6-e310c9db525a";701;"PA";"Pittsburgh";6;6;2012;0;18;"20120618"
"50.12.211.162";"US";-93.263800;44.980000;"AS16586 CLEARWIRE - CLEAR WIRELESS LLC";"mlab3-nuq01";0.131341;310586.470803;"0.004012999";"darwin";"64.9.225.164";"bittorrent";1340001988;138414.347629;-1.000000;"3955a411-3e83-4a8e-aa8e-165233e306e9";16586;"MN";"Minneapolis";6;6;2012;0;18;"20120618"
"24.2.64.100";"US";-112.008200;40.477400;"AS7922 Comcast Cable Communications, Inc.";"mlab3-nuq01";0.050565;872768.014384;"0.004012999";"win32";"64.9.225.164";"speedtest";1340002278;138700.464013;0.049105;"9a8766b6-803d-48fa-b02a-2091ff6f496e";7922;"UT";"Riverton";6;6;2012;0;18;"20120618"
"67.174.9.121";"US";-87.819700;41.894000;"AS7922 Comcast Cable Communications, Inc.";"mlab3-nuq01";0.075171;2096273.819020;"0.004012999";"win32";"64.9.225.164";"speedtest";1340003367;493777.696641;0.076992;"bdaf2367-a776-4a1f-9c03-a75a6b08c6b1";7922;"IL";"River Forest";7;6;2012;0;18;"20120618"
"99.104.57.129";"US";-87.701600;41.975900;"AS7018 AT&T Services, Inc.";"mlab3-nuq01";0.478084;103419.104422;"0.004012999";"darwin";"64.9.225.164";"bittorrent";1340003831;28909.708596;-1.000000;"d6f10baf-3b6d-47fb-999c-6d4188d2d4b2";7018;"IL";"Chicago";7;6;2012;0;18;"20120618"
"98.214.132.10";"US";-89.589000;40.693600;"AS7922 Comcast Cable Communications, Inc.";"mlab3-nuq01";0.254431;4341151.234370;"0.004012999";"darwin";"64.9.225.164";"bittorrent";1340004042;777426.235011;-1.000000;"ac008ee9-df9b-425b-a370-34b57dce1b90";7922;"IL";"Peoria";7;6;2012;0;18;"20120618"
"209.155.86.74";"US";-77.426000;43.100500;"AS1785 PaeTec Communications, Inc.";"mlab3-nuq01";0.085849;355726.208449;"0.004012999";"win32";"64.9.225.164";"bittorrent";1340004559;57016.101911;-1.000000;"4841c017-4566-4afc-a805-ba458ccb2be1";1785;"NY";"Fairport";7;6;2012;0;18;"20120618"
"75.140.153.254";"US";-121.654400;37.130500;"AS20115 Charter Communications";"mlab3-nuq01";0.022653;9202075.452440;"0.004012999";"darwin";"64.9.225.164";"speedtest";1340004782;637656.332965;0.024139;"a039434c-d8c0-4f4d-8050-4153de22c986";20115;"CA";"Morgan Hill";7;6;2012;0;18;"20120618"
"98.243.192.146";"US";-84.594100;42.860200;"AS7922 Comcast Cable Communications, Inc.";"mlab3-nuq01";0.104916;602434.458897;"0.004012999";"darwin";"64.9.225.164";"bittorrent";1340004789;463121.126192;-1.000000;"69a61dac-c7ac-4b16-b86b-4bd2f3990f62";7922;"MI";"Dewitt";7;6;2012;0;18;"20120618"
"71.118.241.200";"US";-118.880000;34.213300;"AS701 MCI Communications Services, Inc. d/b/a Verizon Business";"mlab3-nuq01";0.019779;3055397.098000;"0.004012999";"darwin";"64.9.225.164";"speedtest";1340005416;2238681.608620;0.026569;"6240ede4-4770-4ab9-a1a5-5df49c84c463";701;"CA";"Thousand Oaks";7;6;2012;0;18;"20120618"
"184.76.153.6";"US";-96.948900;32.814000;"AS16586 CLEARWIRE - CLEAR WIRELESS LLC";"mlab3-nuq01";0.104299;456614.393610;"0.004012999";"win32";"64.9.225.164";"bittorrent";1340005911;113001.779790;-1.000000;"01b5bd21-bfbf-4fa6-a4bc-c89f3cfd177c";16586;"TX";"Irving";7;6;2012;0;18;"20120618"
"50.12.211.162";"US";-93.263800;44.980000;"AS16586 CLEARWIRE - CLEAR WIRELESS LLC";"mlab3-nuq01";0.132187;258406.355830;"0.004012999";"darwin";"64.9.225.164";"speedtest";1340006548;136796.360915;0.127449;"3955a411-3e83-4a8e-aa8e-165233e306e9";16586;"MN";"Minneapolis";8;6;2012;0;18;"20120618"
"173.246.102.187";"US";-76.612200;39.290400;"AS29169 Gandi SAS";"mlab3-nuq01";0.074214;2195959.447500;"0.004011999";"linux2";"64.9.225.164";"speedtest";1340008272;604542.197188;0.076231;"a57cd6aa-6b9a-40e3-ae4c-0685546dd104";29169;"MD";"Baltimore";8;6;2012;0;18;"20120618"
"98.124.100.208";"US";-80.038400;33.118000;"AS16863 Home Telephone Company, Inc.";"mlab3-nuq01";0.099702;387416.527010;"0.004012999";"linux2";"64.9.225.164";"bittorrent";1340009617;189945.587564;-1.000000;"adcd5d0f-b5f4-47e4-9505-249669f515a0";16863;"SC";"Moncks Corner";8;6;2012;0;18;"20120618"
"99.99.213.185";"US";-85.882800;42.855500;"AS7018 AT&T Services, Inc.";"mlab3-nuq01";0.083830;1089963.706710;"0.004012999";"linux2";"64.9.225.164";"speedtest";1340010604;176886.993937;0.086495;"22998df3-a92a-4573-b9f5-476782c2c770";7018;"MI";"Hudsonville";9;6;2012;0;18;"20120618"
"24.22.135.177";"US";-122.332100;47.606200;"AS7922 Comcast Cable Communications, Inc.";"mlab3-nuq01";0.029312;3115435.775640;"0.004012999";"linux2";"64.9.225.164";"bittorrent";1340010789;479845.045666;-1.000000;"04cea472-6610-42db-acd2-c644a3d4447f";7922;"WA";"Seattle";9;6;2012;0;18;"20120618"
"174.31.152.186";"US";-97.000000;38.000000;"AS209 NOVARTIS-DMZ-US";"mlab3-nuq01";0.046087;3459126.618054;"0.004012999";"darwin";"64.9.225.164";"bittorrent";1340010908;593044.555408;-1.000000;"9da9dff5-de02-49ae-a084-b2164425feeb";209;"";"";9;6;2012;0;18;"20120618"
"72.81.232.139";"US";-76.837500;39.174900;"AS701 MCI Communications Services, Inc. d/b/a Verizon Business";"mlab3-nuq01";0.097239;1130284.796740;"0.004012999";"darwin";"64.9.225.164";"speedtest";1340012665;228738.528128;0.158173;"5d2377cf-2e67-40be-b1dc-e439a545da6f";701;"MD";"Columbia";9;6;2012;0;18;"20120618"
"98.22.138.166";"US";-95.790800;36.052600;"AS7029 Windstream Communications Inc";"mlab3-nuq01";1.116195;53321.038994;"0.004012999";"win32";"64.9.225.164";"bittorrent";1340014295;16871.828862;-1.000000;"eb27082c-e25b-4239-869e-8ba23d438a17";7029;"OK";"Broken Arrow";10;6;2012;0;18;"20120618"
"75.132.191.176";"US";-89.899800;38.512100;"AS20115 Charter Communications";"mlab3-nuq01";0.067171;1944974.167210;"0.004012999";"win32";"64.9.225.164";"speedtest";1340015790;385496.854564;0.073172;"c08311ac-7edd-4390-b447-4ca484b5dacc";20115;"IL";"Belleville";10;6;2012;0;18;"20120618"
"24.22.135.177";"US";-122.332100;47.606200;"AS7922 Comcast Cable Communications, Inc.";"mlab3-nuq01";0.027847;3115161.780299;"0.004012999";"linux2";"64.9.225.164";"bittorrent";1340016587;356370.823556;-1.000000;"04cea472-6610-42db-acd2-c644a3d4447f";7922;"WA";"Seattle";10;6;2012;0;18;"20120618"
"70.122.243.11";"US";-97.015000;32.954600;"AS11427 Time Warner Cable Internet LLC";"mlab3-nuq01";0.065179;3173563.508250;"0.004012999";"win32";"64.9.225.164";"speedtest";1340017828;522453.490399;0.067618;"bab8f612-1f34-46c2-a83e-fbaa7a2f8fa7";11427;"TX";"Coppell";11;6;2012;0;18;"20120618"
"98.206.101.228";"US";-87.655100;41.937300;"AS7922 Comcast Cable Communications, Inc.";"mlab3-nuq01";0.073916;1770504.742375;"0.004012999";"win32";"64.9.225.164";"bittorrent";1340018168;519835.942322;-1.000000;"1b8a7968-95b4-4827-8260-84d7e02b3d53";7922;"IL";"Chicago";11;6;2012;0;18;"20120618"
"67.172.130.152";"US";-104.821400;38.833900;"AS7922 Comcast Cable Communications, Inc.";"mlab3-nuq01";0.048232;3150960.124157;"0.004012999";"darwin";"64.9.225.164";"bittorrent";1340019171;359011.287966;-1.000000;"e83583f7-4c54-4291-a929-2fd12fd286f5";7922;"CO";"Colorado Springs";11;6;2012;0;18;"20120618"
"99.99.213.185";"US";-85.882800;42.855500;"AS7018 AT&T Services, Inc.";"mlab3-nuq01";0.082608;1237758.676300;"0.004012999";"linux2";"64.9.225.164";"speedtest";1340019532;177077.897460;0.086566;"22998df3-a92a-4573-b9f5-476782c2c770";7018;"MI";"Hudsonville";11;6;2012;0;18;"20120618"
"24.61.63.89";"US";-71.031600;42.399700;"AS7922 Comcast Cable Communications, Inc.";"mlab3-nuq01";0.113517;579515.680473;"0.004012999";"win32";"64.9.225.164";"speedtest";1340019828;449939.003391;0.103777;"641fcec9-64c6-4ec1-a213-90d958a6f9a1";7922;"MA";"Chelsea";11;6;2012;0;18;"20120618"
"24.130.152.60";"US";-122.088500;37.709000;"AS7922 Comcast Cable Communications, Inc.";"mlab3-nuq01";0.031899;3426513.379430;"0.004012999";"darwin";"64.9.225.164";"speedtest";1340020485;770646.818892;0.033853;"92ef1dc6-e5b9-40c8-800b-cc909779319d";7922;"CA";"Castro Valley";11;6;2012;0;18;"20120618"
"96.2.48.78";"US";-96.983300;42.836900;"AS11232 Midcontinent Media, Inc.";"mlab3-nuq01";0.252832;1019281.807706;"0.004011999";"win32";"64.9.225.164";"bittorrent";1340020648;499062.214970;-1.000000;"a7ed429a-44c3-4195-a0e5-7eac41680125";11232;"SD";"Vermillion";11;6;2012;0;18;"20120618"
"209.155.86.74";"US";-77.426000;43.100500;"AS1785 PaeTec Communications, Inc.";"mlab3-nuq01";0.089644;196238.082017;"0.004012999";"win32";"64.9.225.164";"bittorrent";1340021289;55929.525431;-1.000000;"4841c017-4566-4afc-a805-ba458ccb2be1";1785;"NY";"Fairport";12;6;2012;0;18;"20120618"
"24.61.63.89";"US";-71.031600;42.399700;"AS7922 Comcast Cable Communications, Inc.";"mlab3-nuq01";0.113737;612098.252448;"0.004012999";"win32";"64.9.225.164";"bittorrent";1340021322;344413.039921;-1.000000;"641fcec9-64c6-4ec1-a213-90d958a6f9a1";7922;"MA";"Chelsea";12;6;2012;0;18;"20120618"
"69.251.194.209";"US";-77.177000;39.175200;"AS7922 Comcast Cable Communications, Inc.";"mlab3-nuq01";0.095509;2597382.394816;"0.004011999";"win32";"64.9.225.164";"bittorrent";1340021907;521570.272898;-1.000000;"5ab805cf-b023-4309-9496-d8b22873a074";7922;"MD";"Montgomery Village";12;6;2012;0;18;"20120618"
"98.214.132.10";"US";-89.589000;40.693600;"AS7922 Comcast Cable Communications, Inc.";"mlab3-nuq01";0.286328;785421.137872;"0.004012999";"darwin";"64.9.225.164";"bittorrent";1340023169;727125.506295;-1.000000;"ac008ee9-df9b-425b-a370-34b57dce1b90";7922;"IL";"Peoria";12;6;2012;0;18;"20120618"
"98.22.138.166";"US";-95.790800;36.052600;"AS7029 Windstream Communications Inc";"mlab3-nuq01";0.095394;366597.198721;"0.004012999";"win32";"64.9.225.164";"bittorrent";1340023260;78188.155388;-1.000000;"eb27082c-e25b-4239-869e-8ba23d438a17";7029;"OK";"Broken Arrow";12;6;2012;0;18;"20120618"
"98.124.100.208";"US";-80.038400;33.118000;"AS16863 Home Telephone Company, Inc.";"mlab3-nuq01";0.099139;981244.921152;"0.004012999";"linux2";"64.9.225.164";"speedtest";1340023334;112358.040418;0.088091;"adcd5d0f-b5f4-47e4-9505-249669f515a0";16863;"SC";"Moncks Corner";12;6;2012;0;18;"20120618"
"71.192.154.157";"US";-71.051200;42.406300;"AS7922 Comcast Cable Communications, Inc.";"mlab3-nuq01";0.105360;576694.179538;"0.004012999";"darwin";"64.9.225.164";"bittorrent";1340025016;424650.250835;-1.000000;"65fb0ed5-8aab-4ca3-973b-6f6abd2e24d4";7922;"MA";"Everett";13;6;2012;0;18;"20120618"
"98.207.87.80";"US";-122.299100;37.409600;"AS7922 Comcast Cable Communications, Inc.";"mlab3-nuq01";0.018592;3144898.616468;"0.004012999";"darwin";"64.9.225.164";"bittorrent";1340025169;255404.329091;-1.000000;"0f7d671c-779f-4f63-8f54-ca28fcc35fd6";7922;"CA";"Redwood City";13;6;2012;0;18;"20120618"
"205.178.18.107";"US";-87.623800;41.884900;"AS6079 RCN";"mlab3-nuq01";0.059018;1960712.252281;"0.004011999";"win32";"64.9.225.164";"bittorrent";1340025308;209743.715726;-1.000000;"e98788b3-c49f-4266-b003-f95ea1c0e2a0";6079;"IL";"Chicago";13;6;2012;0;18;"20120618"
"70.122.243.11";"US";-97.015000;32.954600;"AS11427 Time Warner Cable Internet LLC";"mlab3-nuq01";0.065488;3662324.507717;"0.004012999";"win32";"64.9.225.164";"bittorrent";1340025395;548754.816060;-1.000000;"bab8f612-1f34-46c2-a83e-fbaa7a2f8fa7";11427;"TX";"Coppell";13;6;2012;0;18;"20120618"
"99.99.213.185";"US";-85.882800;42.855500;"AS7018 AT&T Services, Inc.";"mlab3-nuq01";0.083908;1109630.613210;"0.004012999";"linux2";"64.9.225.164";"speedtest";1340025485;176624.259367;0.086286;"22998df3-a92a-4573-b9f5-476782c2c770";7018;"MI";"Hudsonville";13;6;2012;0;18;"20120618"
"72.181.251.247";"US";-96.771500;32.833900;"AS11427 Time Warner Cable Internet LLC";"mlab3-nuq01";0.060936;857090.580782;"0.004012999";"darwin";"64.9.225.164";"speedtest";1340025521;218047.628605;0.070500;"f6add6e0-3bfa-4414-8fb5-1ec8432ae8bf";11427;"TX";"Dallas";13;6;2012;0;18;"20120618"
"67.172.130.152";"US";-104.821400;38.833900;"AS7922 Comcast Cable Communications, Inc.";"mlab3-nuq01";0.081278;3152688.144706;"0.004012999";"darwin";"64.9.225.164";"bittorrent";1340025643;352385.850451;-1.000000;"e83583f7-4c54-4291-a929-2fd12fd286f5";7922;"CO";"Colorado Springs";13;6;2012;0;18;"20120618"
"98.206.101.228";"US";-87.655100;41.937300;"AS7922 Comcast Cable Communications, Inc.";"mlab3-nuq01";0.073919;2901135.336814;"0.004012999";"win32";"64.9.225.164";"bittorrent";1340025714;517629.194233;-1.000000;"1b8a7968-95b4-4827-8260-84d7e02b3d53";7922;"IL";"Chicago";13;6;2012;0;18;"20120618"
"76.10.12.242";"US";-88.242600;40.112500;"AS46925 PAVLOV MEDIA INC";"mlab3-nuq01";0.062678;968366.143345;"0.004012999";"win32";"64.9.225.164";"speedtest";1340027265;980929.242124;0.064010;"b2c93218-2fa2-4a04-be8b-f4553cb22e1a";46925;"IL";"Champaign";13;6;2012;0;18;"20120618"
"99.59.46.138";"US";-85.194600;42.390000;"AS7018 AT&T Services, Inc.";"mlab3-nuq01";0.082072;604247.506924;"0.004012999";"darwin";"64.9.225.164";"bittorrent";1340027495;115957.539341;-1.000000;"5acea4ff-2ab8-4f30-a616-293a7915e0b1";7018;"MI";"Battle Creek";13;6;2012;0;18;"20120618"
"74.2.122.133";"US";-97.000000;38.000000;"AS18566 MegaPath Corporation";"mlab3-nuq01";0.067524;225850.936348;"0.004010999";"win32";"64.9.225.164";"speedtest";1340027502;177338.360166;0.072168;"f4acb085-b5ee-429a-a232-3ae956a10cf5";18566;"";"";13;6;2012;0;18;"20120618"
"75.132.191.176";"US";-89.899800;38.512100;"AS20115 Charter Communications";"mlab3-nuq01";0.070126;2031333.672250;"0.004012999";"win32";"64.9.225.164";"speedtest";1340027556;386844.849071;0.071776;"c08311ac-7edd-4390-b447-4ca484b5dacc";20115;"IL";"Belleville";13;6;2012;0;18;"20120618"
"67.168.66.115";"US";-122.630500;48.321800;"AS7922 Comcast Cable Communications, Inc.";"mlab3-nuq01";0.033062;3707183.783618;"0.004012999";"win32";"64.9.225.164";"bittorrent";1340027633;711641.403529;-1.000000;"3ee99b5a-2c05-4823-a555-34b90b697de5";7922;"WA";"Oak Harbor";13;6;2012;0;18;"20120618"
"50.12.211.162";"US";-93.263800;44.980000;"AS16586 CLEARWIRE - CLEAR WIRELESS LLC";"mlab3-nuq01";0.098940;339114.291472;"0.004012999";"darwin";"64.9.225.164";"bittorrent";1340027806;120794.974810;-1.000000;"3955a411-3e83-4a8e-aa8e-165233e306e9";16586;"MN";"Minneapolis";13;6;2012;0;18;"20120618"
"70.122.243.11";"US";-97.015000;32.954600;"AS11427 Time Warner Cable Internet LLC";"mlab3-nuq01";0.062998;3593596.609578;"0.004012999";"win32";"64.9.225.164";"bittorrent";1340028423;635890.058894;-1.000000;"bab8f612-1f34-46c2-a83e-fbaa7a2f8fa7";11427;"TX";"Coppell";14;6;2012;0;18;"20120618"
"68.40.185.45";"US";-83.740900;42.277600;"AS7922 Comcast Cable Communications, Inc.";"mlab3-nuq01";0.089710;1113098.445290;"0.004012999";"darwin";"64.9.225.164";"speedtest";1340029554;724826.794228;0.095875;"f77a7853-1ba8-4219-aa2c-2157b5e89023";7922;"MI";"Ann Arbor";14;6;2012;0;18;"20120618"
"96.2.48.78";"US";-96.983300;42.836900;"AS11232 Midcontinent Media, Inc.";"mlab3-nuq01";0.257439;1011924.945556;"0.004011999";"win32";"64.9.225.164";"bittorrent";1340029758;495709.859631;-1.000000;"a7ed429a-44c3-4195-a0e5-7eac41680125";11232;"SD";"Vermillion";14;6;2012;0;18;"20120618"
"208.52.154.53";"US";-84.443200;33.793000;"AS13703 BroadRiver Communication Corp.";"mlab3-nuq01";0.060244;2455564.615453;"0.004010999";"win32";"64.9.225.164";"bittorrent";1340030290;787367.674341;-1.000000;"5a94fb06-4ffc-4b82-bc99-552f47212e96";13703;"GA";"Atlanta";14;6;2012;0;18;"20120618"
"68.48.221.17";"US";-76.837500;39.174900;"AS7922 Comcast Cable Communications, Inc.";"mlab3-nuq01";0.090715;663355.635684;"0.004012999";"darwin";"64.9.225.164";"speedtest";1340030510;616441.433999;0.107388;"4162ce8a-78ab-4a68-9407-13618360662f";7922;"MD";"Columbia";14;6;2012;0;18;"20120618"
"74.163.8.166";"US";-86.875000;30.446700;"AS6389 BellSouth.net Inc.";"mlab3-nuq01";0.097507;207693.530222;"0.004012999";"win32";"64.9.225.164";"bittorrent";1340031006;44747.544212;-1.000000;"4565989b-987f-4c3c-aa75-a740afde3068";6389;"FL";"Navarre";14;6;2012;0;18;"20120618"
"98.214.132.10";"US";-89.589000;40.693600;"AS7922 Comcast Cable Communications, Inc.";"mlab3-nuq01";0.149853;353628.864814;"0.004012999";"darwin";"64.9.225.164";"speedtest";1340031189;695044.018250;0.147513;"ac008ee9-df9b-425b-a370-34b57dce1b90";7922;"IL";"Peoria";14;6;2012;0;18;"20120618"
"67.168.59.54";"US";-122.668000;48.185500;"AS7922 Comcast Cable Communications, Inc.";"mlab3-nuq01";0.034801;3089250.413381;"0.004012999";"win32";"64.9.225.164";"bittorrent";1340031419;732195.746811;-1.000000;"ea22d474-846e-407d-9ebe-cd03ff0d64f4";7922;"WA";"Coupeville";14;6;2012;0;18;"20120618"
"71.118.241.200";"US";-118.880000;34.213300;"AS701 MCI Communications Services, Inc. d/b/a Verizon Business";"mlab3-nuq01";0.021509;3042428.024540;"0.004012999";"darwin";"64.9.225.164";"speedtest";1340031445;1902757.702580;0.026579;"6240ede4-4770-4ab9-a1a5-5df49c84c463";701;"CA";"Thousand Oaks";14;6;2012;0;18;"20120618"
"205.178.18.107";"US";-87.623800;41.884900;"AS6079 RCN";"mlab3-nuq01";0.059359;2123156.755079;"0.004011999";"win32";"64.9.225.164";"bittorrent";1340031666;247996.591057;-1.000000;"e98788b3-c49f-4266-b003-f95ea1c0e2a0";6079;"IL";"Chicago";15;6;2012;0;18;"20120618"
"24.130.152.60";"US";-122.088500;37.709000;"AS7922 Comcast Cable Communications, Inc.";"mlab3-nuq01";0.031498;3864830.109947;"0.004012999";"darwin";"64.9.225.164";"bittorrent";1340031752;781678.346444;-1.000000;"92ef1dc6-e5b9-40c8-800b-cc909779319d";7922;"CA";"Castro Valley";15;6;2012;0;18;"20120618"
"71.204.165.181";"US";-122.036300;37.368800;"AS7922 Comcast Cable Communications, Inc.";"mlab3-nuq01";0.017625;3128184.355266;"0.004012999";"darwin";"64.9.225.164";"bittorrent";1340034350;536048.789549;-1.000000;"1ce7a86b-b408-4815-ae8b-bf0652a278f3";7922;"CA";"Sunnyvale";15;6;2012;0;18;"20120618"
"96.236.133.97";"US";-79.995900;40.440600;"AS701 MCI Communications Services, Inc. d/b/a Verizon Business";"mlab3-nuq01";0.163432;173080.974609;"0.004012999";"linux2";"64.9.225.164";"bittorrent";1340034607;64654.008501;-1.000000;"002bd52f-5f9d-42eb-9ce6-e310c9db525a";701;"PA";"Pittsburgh";15;6;2012;0;18;"20120618"
"24.2.64.100";"US";-112.008200;40.477400;"AS7922 Comcast Cable Communications, Inc.";"mlab3-nuq01";0.065175;824999.244687;"0.004012999";"win32";"64.9.225.164";"bittorrent";1340034747;138895.072317;-1.000000;"9a8766b6-803d-48fa-b02a-2091ff6f496e";7922;"UT";"Riverton";15;6;2012;0;18;"20120618"
"74.2.122.133";"US";-97.000000;38.000000;"AS18566 MegaPath Corporation";"mlab3-nuq01";0.095999;202727.501635;"0.004010999";"win32";"64.9.225.164";"speedtest";1340034783;233893.372099;0.097132;"f4acb085-b5ee-429a-a232-3ae956a10cf5";18566;"";"";15;6;2012;0;18;"20120618"
"98.157.202.20";"US";-87.413900;39.466700;"AS10796 Time Warner Cable Internet LLC";"mlab3-nuq01";0.065890;1295097.343870;"0.004011999";"win32";"64.9.225.164";"speedtest";1340035338;97463.255805;0.078388;"9c0fa0e1-b625-407b-8e5d-f979a63c0e77";10796;"IN";"Terre Haute";16;6;2012;0;18;"20120618"
"69.251.194.209";"US";-77.177000;39.175200;"AS7922 Comcast Cable Communications, Inc.";"mlab3-nuq01";0.090672;2079247.271300;"0.004011999";"win32";"64.9.225.164";"speedtest";1340035599;502875.978016;0.093498;"5ab805cf-b023-4309-9496-d8b22873a074";7922;"MD";"Montgomery Village";16;6;2012;0;18;"20120618"
"96.2.48.78";"US";-96.983300;42.836900;"AS11232 Midcontinent Media, Inc.";"mlab3-nuq01";0.060374;1025271.439290;"0.004011999";"win32";"64.9.225.164";"bittorrent";1340035829;491094.322667;-1.000000;"a7ed429a-44c3-4195-a0e5-7eac41680125";11232;"SD";"Vermillion";16;6;2012;0;18;"20120618"
"24.46.196.47";"US";-73.686200;40.793900;"AS6128 Cablevision Systems Corp.";"mlab3-nuq01";0.082698;796271.122936;"0.004012999";"win32";"64.9.225.164";"speedtest";1340035986;247868.917257;0.083982;"103cc2f1-ddd5-4016-83cc-cdd357e7a81a";6128;"NY";"Manhasset";16;6;2012;0;18;"20120618"
"75.145.125.61";"US";-104.984700;39.739200;"AS7922 Comcast Cable Communications, Inc.";"mlab3-nuq01";0.047216;2648372.557140;"0.004012999";"linux2";"64.9.225.164";"speedtest";1340036193;331270.986866;0.055559;"d3080793-9920-4346-9c49-3a102587393e";7922;"CO";"Denver";16;6;2012;0;18;"20120618"
"75.140.153.254";"US";-121.654400;37.130500;"AS20115 Charter Communications";"mlab3-nuq01";0.021410;10869551.314900;"0.004012999";"darwin";"64.9.225.164";"speedtest";1340036499;633054.163007;0.023094;"a039434c-d8c0-4f4d-8050-4153de22c986";20115;"CA";"Morgan Hill";16;6;2012;0;18;"20120618"
"99.27.132.203";"US";-122.036300;37.368800;"AS7132 AS for SBIS-AS";"mlab3-nuq01";0.016056;589664.138149;"0.004012999";"linux2";"64.9.225.164";"speedtest";1340036579;76452.692905;0.020106;"d0271e0a-854f-4f73-b087-7be4c60e4f8c";7132;"CA";"Sunnyvale";16;6;2012;0;18;"20120618"
"98.206.101.228";"US";-87.655100;41.937300;"AS7922 Comcast Cable Communications, Inc.";"mlab3-nuq01";0.073315;2575154.001670;"0.004012999";"win32";"64.9.225.164";"speedtest";1340037053;499514.809387;0.077652;"1b8a7968-95b4-4827-8260-84d7e02b3d53";7922;"IL";"Chicago";16;6;2012;0;18;"20120618"
"64.20.193.162";"US";-85.110800;42.297900;"AS19653 CTS Communications Corp";"mlab3-nuq01";0.057762;1041929.550350;"0.004012999";"darwin";"64.9.225.164";"speedtest";1340037178;782210.707920;0.063341;"5acea4ff-2ab8-4f30-a616-293a7915e0b1";19653;"MI";"Battle Creek";16;6;2012;0;18;"20120618"
"67.168.66.115";"US";-122.630500;48.321800;"AS7922 Comcast Cable Communications, Inc.";"mlab3-nuq01";0.036326;2214862.055750;"0.004012999";"win32";"64.9.225.164";"speedtest";1340038484;625346.516584;0.038155;"3ee99b5a-2c05-4823-a555-34b90b697de5";7922;"WA";"Oak Harbor";16;6;2012;0;18;"20120618"
"50.12.211.162";"US";-93.263800;44.980000;"AS16586 CLEARWIRE - CLEAR WIRELESS LLC";"mlab3-nuq01";0.128240;262126.761662;"0.004012999";"darwin";"64.9.225.164";"speedtest";1340039062;140173.235041;0.128424;"3955a411-3e83-4a8e-aa8e-165233e306e9";16586;"MN";"Minneapolis";17;6;2012;0;18;"20120618"
"71.65.103.69";"US";-83.902700;39.678000;"AS10796 Time Warner Cable Internet LLC";"mlab3-nuq01";0.080558;2217970.279590;"0.004012999";"win32";"64.9.225.164";"speedtest";1340039407;108315.027965;0.078285;"6d6c74dc-a35c-4d7b-b891-d665072442c5";10796;"OH";"Xenia";17;6;2012;0;18;"20120618"
"98.222.147.136";"US";-85.681400;40.411900;"AS7922 Comcast Cable Communications, Inc.";"mlab3-nuq01";0.089283;2636821.109800;"0.004012999";"linux2";"64.9.225.164";"speedtest";1340039514;176513.295525;0.097816;"247a4b73-0dbb-440a-a85f-68d042f5a3a2";7922;"IN";"Fairmount";17;6;2012;0;18;"20120618"
"208.52.154.53";"US";-84.443200;33.793000;"AS13703 BroadRiver Communication Corp.";"mlab3-nuq01";0.060898;2668040.883265;"0.004010999";"win32";"64.9.225.164";"bittorrent";1340039877;878256.320959;-1.000000;"5a94fb06-4ffc-4b82-bc99-552f47212e96";13703;"GA";"Atlanta";17;6;2012;0;18;"20120618"
"98.206.101.228";"US";-87.655100;41.937300;"AS7922 Comcast Cable Communications, Inc.";"mlab3-nuq01";0.074946;2845849.413279;"0.004012999";"win32";"64.9.225.164";"bittorrent";1340040833;516989.045123;-1.000000;"1b8a7968-95b4-4827-8260-84d7e02b3d53";7922;"IL";"Chicago";17;6;2012;0;18;"20120618"
"67.130.216.230";"US";-105.937800;35.687000;"AS209 NOVARTIS-DMZ-US";"mlab3-nuq01";0.074801;158169.951483;"0.004012999";"win32";"64.9.225.164";"speedtest";1340040960;87797.654978;0.105428;"ee8fe911-f84d-4ab8-b486-dda4c138f932";209;"NM";"Santa Fe";17;6;2012;0;18;"20120618"
"108.0.16.252";"US";-118.142300;33.771100;"AS701 MCI Communications Services, Inc. d/b/a Verizon Business";"mlab3-nuq01";0.020234;1594807.247990;"0.004012999";"darwin";"64.9.225.164";"bittorrent";1340042374;693362.350647;-1.000000;"b13eed9c-7499-4364-89ba-e85068191268";701;"CA";"Long Beach";17;6;2012;0;18;"20120618"
"128.61.31.248";"US";-84.388000;33.749000;"AS2637 Georgia Institute of Technology";"mlab3-nuq01";0.091257;351094.732783;"0.004012999";"darwin";"64.9.225.164";"bittorrent";1340042388;698833.542315;-1.000000;"d1d9cf28-81d6-46b4-ba42-6b229fc338d8";2637;"GA";"Atlanta";17;6;2012;0;18;"20120618"
"99.92.88.210";"US";-122.030700;37.353700;"AS7018 AT&T Services, Inc.";"mlab3-nuq01";0.030395;1243745.341970;"0.004012999";"darwin";"64.9.225.164";"speedtest";1340042559;181639.083784;0.033022;"13cf72ab-670c-4dc7-8fad-aa9a41f4355d";7018;"CA";"Sunnyvale";18;6;2012;0;18;"20120618"
"68.58.125.60";"US";-86.158000;39.768400;"AS7922 Comcast Cable Communications, Inc.";"mlab3-nuq01";0.117552;1717609.274344;"0.004012999";"darwin";"64.9.225.164";"bittorrent";1340042632;522300.089472;-1.000000;"9ad7184c-eb25-4754-a40f-91e4262a9d35";7922;"IN";"Indianapolis";18;6;2012;0;18;"20120618"
"64.81.87.32";"US";-117.865300;34.020300;"AS18566 MegaPath Corporation";"mlab3-nuq01";0.018234;857522.805970;"0.004011999";"win32";"64.9.225.164";"bittorrent";1340042667;107482.003879;-1.000000;"e94d5238-1b8c-4a39-ae43-035af5b62fa1";18566;"CA";"Walnut";18;6;2012;0;18;"20120618"
"173.20.36.131";"US";-91.455800;40.452000;"AS30036 Mediacom Communications Corp";"mlab3-nuq01";0.101066;72435.677571;"0.004012999";"win32";"64.9.225.164";"speedtest";1340042711;162746.750806;0.109058;"6b87ac46-1206-4d9c-afa5-d5cab4a872d6";30036;"IA";"Keokuk";18;6;2012;0;18;"20120618"
"173.246.102.187";"US";-76.612200;39.290400;"AS29169 Gandi SAS";"mlab3-nuq01";0.073988;1506379.048680;"0.004011999";"linux2";"64.9.225.164";"speedtest";1340042868;607891.688565;0.076912;"a57cd6aa-6b9a-40e3-ae4c-0685546dd104";29169;"MD";"Baltimore";18;6;2012;0;18;"20120618"
"74.93.119.149";"US";-77.460300;37.553800;"AS7922 Comcast Cable Communications, Inc.";"mlab3-nuq01";0.098692;2017401.582090;"0.004012999";"win32";"64.9.225.164";"speedtest";1340043043;543604.115466;0.104652;"89137afb-b348-4f18-88b5-80cee829292f";7922;"VA";"Richmond";18;6;2012;0;18;"20120618"
"70.113.90.176";"US";-97.722700;30.310600;"AS11427 Time Warner Cable Internet LLC";"mlab3-nuq01";0.062115;1709119.624940;"0.004012999";"win32";"64.9.225.164";"speedtest";1340044434;187381.319392;0.062992;"f957f544-b6fe-4e0c-b05d-e4a409241054";11427;"TX";"Austin";18;6;2012;0;18;"20120618"
"76.10.12.242";"US";-88.242600;40.112500;"AS46925 PAVLOV MEDIA INC";"mlab3-nuq01";0.064618;964743.534713;"0.004012999";"win32";"64.9.225.164";"bittorrent";1340044486;971329.888512;-1.000000;"b2c93218-2fa2-4a04-be8b-f4553cb22e1a";46925;"IL";"Champaign";18;6;2012;0;18;"20120618"
"50.78.87.177";"US";-106.097500;39.574400;"AS7922 Comcast Cable Communications, Inc.";"mlab3-nuq01";0.050036;1252564.516920;"0.004012999";"win32";"64.9.225.164";"bittorrent";1340044789;746898.000448;-1.000000;"c4393561-5207-49e8-879a-bbb805c9188f";7922;"CO";"Frisco";18;6;2012;0;18;"20120618"
"206.255.246.41";"US";-94.740500;32.500700;"AS53508 Cablelynx";"mlab3-nuq01";0.133638;1221821.780047;"0.004012999";"win32";"64.9.225.164";"bittorrent";1340045465;148181.661018;-1.000000;"3a5b4ca4-0887-432d-a115-9f646a867cdb";53508;"TX";"Longview";18;6;2012;0;18;"20120618"
"68.40.185.45";"US";-83.740900;42.277600;"AS7922 Comcast Cable Communications, Inc.";"mlab3-nuq01";0.090935;1221362.892110;"0.004012999";"darwin";"64.9.225.164";"speedtest";1340046483;728514.309999;0.094097;"f77a7853-1ba8-4219-aa2c-2157b5e89023";7922;"MI";"Ann Arbor";19;6;2012;0;18;"20120618"
"72.81.232.139";"US";-76.837500;39.174900;"AS701 MCI Communications Services, Inc. d/b/a Verizon Business";"mlab3-nuq01";0.114563;1030180.780010;"0.004012999";"darwin";"64.9.225.164";"speedtest";1340046527;225567.230670;0.221959;"5d2377cf-2e67-40be-b1dc-e439a545da6f";701;"MD";"Columbia";19;6;2012;0;18;"20120618"
"98.203.140.223";"US";-122.304300;47.610200;"AS7922 Comcast Cable Communications, Inc.";"mlab3-nuq01";0.038006;3089565.514160;"0.004012999";"linux2";"64.9.225.164";"speedtest";1340046498;455220.756172;0.040373;"4bf1068a-cabe-4254-a52f-c2914db03ade";7922;"WA";"Seattle";19;6;2012;0;18;"20120618"
"24.2.64.100";"US";-112.008200;40.477400;"AS7922 Comcast Cable Communications, Inc.";"mlab3-nuq01";0.175658;27270.560874;"0.004012999";"win32";"64.9.225.164";"speedtest";1340047609;132109.261899;0.162343;"9a8766b6-803d-48fa-b02a-2091ff6f496e";7922;"UT";"Riverton";19;6;2012;0;18;"20120618"
"76.169.71.176";"US";-118.273400;33.963800;"AS20001 Time Warner Cable Internet LLC";"mlab3-nuq01";0.064643;1995465.773487;"0.004011999";"win32";"64.9.225.164";"bittorrent";1340047740;130932.375789;-1.000000;"2f0c137b-7982-4d9c-b50a-c362f2d810e0";20001;"CA";"Los Angeles";19;6;2012;0;18;"20120618"
"99.27.132.203";"US";-122.036300;37.368800;"AS7132 AS for SBIS-AS";"mlab3-nuq01";0.015373;612752.121319;"0.004012999";"linux2";"64.9.225.164";"speedtest";1340047789;80296.581206;0.020114;"d0271e0a-854f-4f73-b087-7be4c60e4f8c";7132;"CA";"Sunnyvale";19;6;2012;0;18;"20120618"
"98.207.87.80";"US";-122.299100;37.409600;"AS7922 Comcast Cable Communications, Inc.";"mlab3-nuq01";0.077122;2042708.241520;"0.004012999";"darwin";"64.9.225.164";"speedtest";1340048004;241612.490237;0.024916;"0f7d671c-779f-4f63-8f54-ca28fcc35fd6";7922;"CA";"Redwood City";19;6;2012;0;18;"20120618"
"71.204.91.144";"US";-84.447700;34.119000;"AS7922 Comcast Cable Communications, Inc.";"mlab3-nuq01";0.113115;1679462.432722;"0.004012999";"darwin";"64.9.225.164";"bittorrent";1340048342;513317.184578;-1.000000;"4b4fa0bc-987b-4105-9a0b-83e736a6503c";7922;"GA";"Woodstock";19;6;2012;0;18;"20120618"
"98.222.147.136";"US";-85.681400;40.411900;"AS7922 Comcast Cable Communications, Inc.";"mlab3-nuq01";0.101141;2583871.923570;"0.004012999";"linux2";"64.9.225.164";"speedtest";1340048618;304724.375796;0.100529;"247a4b73-0dbb-440a-a85f-68d042f5a3a2";7922;"IN";"Fairmount";19;6;2012;0;18;"20120618"
"50.12.211.162";"US";-93.263800;44.980000;"AS16586 CLEARWIRE - CLEAR WIRELESS LLC";"mlab3-nuq01";0.104169;243632.093900;"0.004012999";"darwin";"64.9.225.164";"speedtest";1340048774;138725.212949;0.127532;"3955a411-3e83-4a8e-aa8e-165233e306e9";16586;"MN";"Minneapolis";19;6;2012;0;18;"20120618"
"74.163.8.166";"US";-86.875000;30.446700;"AS6389 BellSouth.net Inc.";"mlab3-nuq01";0.171462;137534.617778;"0.004012999";"win32";"64.9.225.164";"bittorrent";1340050544;41626.370390;-1.000000;"4565989b-987f-4c3c-aa75-a740afde3068";6389;"FL";"Navarre";20;6;2012;0;18;"20120618"
"70.122.243.11";"US";-97.015000;32.954600;"AS11427 Time Warner Cable Internet LLC";"mlab3-nuq01";0.065704;3038306.209840;"0.004012999";"win32";"64.9.225.164";"speedtest";1340051177;539399.161423;0.067372;"bab8f612-1f34-46c2-a83e-fbaa7a2f8fa7";11427;"TX";"Coppell";20;6;2012;0;18;"20120618"
"65.32.77.45";"US";-97.000000;38.000000;"AS33363 BRIGHT HOUSE NETWORKS, LLC";"mlab3-nuq01";0.088228;1778490.552151;"0.004012999";"win32";"64.9.225.164";"bittorrent";1340052225;216973.367421;-1.000000;"29daca95-9628-479f-b4be-ee35e322c612";33363;"";"";20;6;2012;0;18;"20120618"
"98.203.140.223";"US";-122.304300;47.610200;"AS7922 Comcast Cable Communications, Inc.";"mlab3-nuq01";0.039200;3097301.755760;"0.004012999";"linux2";"64.9.225.164";"speedtest";1340052298;451402.829624;0.041608;"4bf1068a-cabe-4254-a52f-c2914db03ade";7922;"WA";"Seattle";20;6;2012;0;18;"20120618"
"68.188.90.154";"US";-90.197900;38.627300;"AS20115 Charter Communications";"mlab3-nuq01";0.089845;133092.377178;"0.004012999";"darwin";"64.9.225.164";"speedtest";1340052659;686368.809461;0.169040;"10349cfe-4a13-405a-99be-aabdb52920f3";20115;"MO";"Saint Louis";20;6;2012;0;18;"20120618"
"108.58.78.250";"US";-73.587600;40.755700;"AS6128 Cablevision Systems Corp.";"mlab3-nuq01";0.084890;2556523.375490;"0.004011999";"win32";"64.9.225.164";"speedtest";1340052752;560555.005571;0.084873;"63a2819d-1e01-4d29-9601-39befed63efa";6128;"NY";"Westbury";20;6;2012;0;18;"20120618"
"132.161.219.98";"US";-92.717600;41.721700;"AS22949 Grinnell College";"mlab3-nuq01";0.080586;1768215.548971;"0.004012999";"win32";"64.9.225.164";"bittorrent";1340052770;238841.801196;-1.000000;"de23301c-c09c-4e47-aa2b-90a625720856";22949;"IA";"Grinnell";20;6;2012;0;18;"20120618"
"67.130.216.230";"US";-105.937800;35.687000;"AS209 NOVARTIS-DMZ-US";"mlab3-nuq01";0.165022;56929.762902;"0.004012999";"win32";"64.9.225.164";"speedtest";1340053083;18927.215389;0.595658;"ee8fe911-f84d-4ab8-b486-dda4c138f932";209;"NM";"Santa Fe";20;6;2012;0;18;"20120618"
"99.130.96.199";"US";-117.490800;33.932900;"AS7018 AT&T Services, Inc.";"mlab3-nuq01";0.035551;1428915.764399;"0.004012999";"linux2";"64.9.225.164";"bittorrent";1340053506;183524.079743;-1.000000;"0a3b2944-23c0-4116-a068-0d5627c0dec9";7018;"CA";"Riverside";21;6;2012;0;18;"20120618"
"69.144.10.64";"US";-108.454100;43.769800;"AS33588 Bresnan Communications, LLC.";"mlab3-nuq01";0.072407;778041.251700;"0.004012999";"win32";"64.9.225.164";"speedtest";1340053984;253397.143289;0.055696;"eacc891a-5915-4c63-a32a-7240664eaf5a";33588;"WY";"Thermopolis";21;6;2012;0;18;"20120618"
"67.168.66.115";"US";-122.630500;48.321800;"AS7922 Comcast Cable Communications, Inc.";"mlab3-nuq01";0.042330;2808591.003670;"0.004012999";"win32";"64.9.225.164";"speedtest";1340054003;536103.636656;0.036240;"3ee99b5a-2c05-4823-a555-34b90b697de5";7922;"WA";"Oak Harbor";21;6;2012;0;18;"20120618"
"68.40.93.208";"US";-82.582300;42.637600;"AS7922 Comcast Cable Communications, Inc.";"mlab3-nuq01";0.122386;233216.950331;"0.004011999";"win32";"64.9.225.164";"speedtest";1340054474;287777.168121;0.146052;"5ddd06da-64ad-444c-b2c0-525541d4d177";7922;"MI";"Algonac";21;6;2012;0;18;"20120618"
"205.178.18.107";"US";-87.623800;41.884900;"AS6079 RCN";"mlab3-nuq01";0.058296;1471020.284537;"0.004011999";"win32";"64.9.225.164";"bittorrent";1340054516;197039.810914;-1.000000;"e98788b3-c49f-4266-b003-f95ea1c0e2a0";6079;"IL";"Chicago";21;6;2012;0;18;"20120618"
"68.40.185.45";"US";-83.740900;42.277600;"AS7922 Comcast Cable Communications, Inc.";"mlab3-nuq01";0.088024;998640.589295;"0.004012999";"darwin";"64.9.225.164";"speedtest";1340055014;256082.041575;0.098880;"f77a7853-1ba8-4219-aa2c-2157b5e89023";7922;"MI";"Ann Arbor";21;6;2012;0;18;"20120618"
"50.12.211.162";"US";-93.263800;44.980000;"AS16586 CLEARWIRE - CLEAR WIRELESS LLC";"mlab3-nuq01";0.128469;158425.393705;"0.004012999";"darwin";"64.9.225.164";"speedtest";1340055257;138752.673663;0.127481;"3955a411-3e83-4a8e-aa8e-165233e306e9";16586;"MN";"Minneapolis";21;6;2012;0;18;"20120618"
"71.237.28.39";"US";-104.984700;39.739200;"AS7922 Comcast Cable Communications, Inc.";"mlab3-nuq01";0.045115;1256953.940500;"0.004012999";"darwin";"64.9.225.164";"speedtest";1340055335;430603.135078;0.065622;"95e96326-78fe-4507-8b06-f60611a1b7ad";7922;"CO";"Denver";21;6;2012;0;18;"20120618"
"70.113.90.176";"US";-97.722700;30.310600;"AS11427 Time Warner Cable Internet LLC";"mlab3-nuq01";0.059936;2011190.738675;"0.004012999";"win32";"64.9.225.164";"bittorrent";1340055575;188523.833768;-1.000000;"f957f544-b6fe-4e0c-b05d-e4a409241054";11427;"TX";"Austin";21;6;2012;0;18;"20120618"
"173.246.102.187";"US";-76.612200;39.290400;"AS29169 Gandi SAS";"mlab3-nuq01";0.074588;1872666.699910;"0.004011999";"linux2";"64.9.225.164";"speedtest";1340055778;660877.969262;0.075786;"a57cd6aa-6b9a-40e3-ae4c-0685546dd104";29169;"MD";"Baltimore";21;6;2012;0;18;"20120618"
"97.65.115.51";"US";-122.393300;37.769700;"AS4323 tw telecom holdings, inc.";"mlab3-nuq01";0.014709;735673.350072;"0.004012999";"win32";"64.9.225.164";"bittorrent";1340055958;755941.480857;-1.000000;"e54bd867-c3d4-475c-aa3f-d513bac1c0f1";4323;"CA";"San Francisco";21;6;2012;0;18;"20120618"
"50.193.198.140";"US";-122.213500;47.463700;"AS7922 Comcast Cable Communications, Inc.";"mlab3-nuq01";0.038315;839770.038753;"0.004011999";"win32";"64.9.225.164";"speedtest";1340056368;512673.684031;0.035071;"2b37de0c-5f49-4446-8b8f-3b2dad14fb61";7922;"WA";"Renton";21;6;2012;0;18;"20120618"
"98.206.101.228";"US";-87.655100;41.937300;"AS7922 Comcast Cable Communications, Inc.";"mlab3-nuq01";0.074822;2297298.255720;"0.004012999";"win32";"64.9.225.164";"speedtest";1340057146;499810.483571;0.075875;"1b8a7968-95b4-4827-8260-84d7e02b3d53";7922;"IL";"Chicago";22;6;2012;0;18;"20120618"
"74.163.8.166";"US";-86.875000;30.446700;"AS6389 BellSouth.net Inc.";"mlab3-nuq01";0.095270;504461.185493;"0.004012999";"win32";"64.9.225.164";"speedtest";1340058660;52020.329584;0.102056;"4565989b-987f-4c3c-aa75-a740afde3068";6389;"FL";"Navarre";22;6;2012;0;18;"20120618"
"24.2.64.100";"US";-112.008200;40.477400;"AS7922 Comcast Cable Communications, Inc.";"mlab3-nuq01";0.049552;844670.720757;"0.004012999";"win32";"64.9.225.164";"speedtest";1340058913;138471.441765;0.058584;"9a8766b6-803d-48fa-b02a-2091ff6f496e";7922;"UT";"Riverton";22;6;2012;0;18;"20120618"
"98.222.147.136";"US";-85.681400;40.411900;"AS7922 Comcast Cable Communications, Inc.";"mlab3-nuq01";0.087608;2625641.485581;"0.004012999";"linux2";"64.9.225.164";"bittorrent";1340059231;526158.074759;-1.000000;"247a4b73-0dbb-440a-a85f-68d042f5a3a2";7922;"IN";"Fairmount";22;6;2012;0;18;"20120618"
"97.126.49.211";"US";-122.217100;47.482900;"AS209 NOVARTIS-DMZ-US";"mlab3-nuq01";0.060680;571529.116528;"0.004012999";"darwin";"64.9.225.164";"speedtest";1340059641;90838.501056;0.064541;"8e65a2a9-47d4-4adc-a937-76425a1f5bfe";209;"WA";"Renton";22;6;2012;0;18;"20120618"
"99.104.57.129";"US";-87.701600;41.975900;"AS7018 AT&T Services, Inc.";"mlab3-nuq01";0.463555;115830.102521;"0.004012999";"darwin";"64.9.225.164";"speedtest";1340059822;24796.214336;0.281002;"d6f10baf-3b6d-47fb-999c-6d4188d2d4b2";7018;"IL";"Chicago";22;6;2012;0;18;"20120618"
"68.41.24.217";"US";-83.036000;42.724500;"AS7922 Comcast Cable Communications, Inc.";"mlab3-nuq01";0.086961;2045622.242993;"0.004012999";"win32";"64.9.225.164";"bittorrent";1340061156;522732.449348;-1.000000;"7acc5903-5884-4564-add3-0be49e9fa576";7922;"MI";"Washington";23;6;2012;0;18;"20120618"
"71.192.154.157";"US";-71.051200;42.406300;"AS7922 Comcast Cable Communications, Inc.";"mlab3-nuq01";0.106225;128342.762960;"0.004012999";"darwin";"64.9.225.164";"bittorrent";1340061502;194278.798923;-1.000000;"65fb0ed5-8aab-4ca3-973b-6f6abd2e24d4";7922;"MA";"Everett";23;6;2012;0;18;"20120618"
"71.118.241.200";"US";-118.880000;34.213300;"AS701 MCI Communications Services, Inc. d/b/a Verizon Business";"mlab3-nuq01";0.022731;3173933.660977;"0.004012999";"darwin";"64.9.225.164";"bittorrent";1340062343;2049580.888762;-1.000000;"6240ede4-4770-4ab9-a1a5-5df49c84c463";701;"CA";"Thousand Oaks";23;6;2012;0;18;"20120618"
"98.203.140.223";"US";-122.304300;47.610200;"AS7922 Comcast Cable Communications, Inc.";"mlab3-nuq01";0.034656;2434738.060845;"0.004012999";"linux2";"64.9.225.164";"bittorrent";1340062776;432569.450571;-1.000000;"4bf1068a-cabe-4254-a52f-c2914db03ade";7922;"WA";"Seattle";23;6;2012;0;18;"20120618"
"69.144.10.64";"US";-108.454100;43.769800;"AS33588 Bresnan Communications, LLC.";"mlab3-nuq01";0.046372;1548253.383030;"0.004012999";"win32";"64.9.225.164";"speedtest";1340062876;232114.637402;0.052026;"eacc891a-5915-4c63-a32a-7240664eaf5a";33588;"WY";"Thermopolis";23;6;2012;0;18;"20120618"
"68.48.221.17";"US";-76.837500;39.174900;"AS7922 Comcast Cable Communications, Inc.";"mlab3-nuq01";0.089407;697671.475534;"0.004012999";"darwin";"64.9.225.164";"bittorrent";1340063126;673903.811949;-1.000000;"4162ce8a-78ab-4a68-9407-13618360662f";7922;"MD";"Columbia";23;6;2012;0;18;"20120618"
"98.207.87.80";"US";-122.299100;37.409600;"AS7922 Comcast Cable Communications, Inc.";"mlab3-nuq01";0.018031;2870788.658180;"0.004012999";"darwin";"64.9.225.164";"speedtest";1340063219;253719.479431;0.022588;"0f7d671c-779f-4f63-8f54-ca28fcc35fd6";7922;"CA";"Redwood City";23;6;2012;0;18;"20120618"
"50.12.211.162";"US";-93.263800;44.980000;"AS16586 CLEARWIRE - CLEAR WIRELESS LLC";"mlab3-nuq01";0.127230;317847.270429;"0.004012999";"darwin";"64.9.225.164";"bittorrent";1340063296;117461.829982;-1.000000;"3955a411-3e83-4a8e-aa8e-165233e306e9";16586;"MN";"Minneapolis";23;6;2012;0;18;"20120618"
"130.43.73.127";"GR";23.733300;37.983300;"AS1241 Forthnet";"mlab3-ath02";0.044126;899463.638151;"0.004012999";"win32";"83.212.5.173";"bittorrent";1339984422;108904.413571;-1.000000;"062ac9cd-ccd3-4d13-9905-fe4beb7155a0";1241;"35";"Athens";4;6;2012;0;18;"20120618"
"130.43.73.127";"GR";23.733300;37.983300;"AS1241 Forthnet";"mlab3-ath02";0.043784;868690.331465;"0.004012999";"win32";"83.212.5.173";"speedtest";1339985824;85897.282591;0.027718;"062ac9cd-ccd3-4d13-9905-fe4beb7155a0";1241;"35";"Athens";5;6;2012;0;18;"20120618"
"130.43.73.127";"GR";23.733300;37.983300;"AS1241 Forthnet";"mlab3-ath02";0.043730;885281.800584;"0.004012999";"win32";"83.212.5.173";"speedtest";1339999806;88547.673254;0.027522;"062ac9cd-ccd3-4d13-9905-fe4beb7155a0";1241;"35";"Athens";9;6;2012;0;18;"20120618"
"130.43.73.127";"GR";23.733300;37.983300;"AS1241 Forthnet";"mlab3-ath02";0.044776;885003.771375;"0.004012999";"win32";"83.212.5.173";"speedtest";1340005397;85853.002055;0.027359;"062ac9cd-ccd3-4d13-9905-fe4beb7155a0";1241;"35";"Athens";10;6;2012;0;18;"20120618"
"130.43.73.127";"GR";23.733300;37.983300;"AS1241 Forthnet";"mlab3-ath02";0.043964;885173.398637;"0.004012999";"win32";"83.212.5.173";"speedtest";1340008219;35744.757928;0.027911;"062ac9cd-ccd3-4d13-9905-fe4beb7155a0";1241;"35";"Athens";11;6;2012;0;18;"20120618"
"203.122.246.131";"AU";138.598600;-34.928700;"AS4739 Internode Pty Ltd";"mlab3-syd02";0.059085;482169.512810;"0.004012999";"darwin";"175.45.79.45";"speedtest";1339977780;107166.833819;0.067012;"dcaf924a-16d3-41ec-a1c4-e84d7f07760a";4739;"05";"Adelaide";0;6;2012;0;18;"20120618"
"203.20.167.2";"AU";151.216700;-33.883300;"AS37998 St Vincents & Mater Health Sydney";"mlab3-syd02";0.002085;8041900.029170;"0.004012999";"win32";"175.45.79.45";"speedtest";1339980677;4068065.104880;0.003774;"b91792e2-6624-429b-ab27-6069ad893cca";37998;"02";"Darlinghurst";0;6;2012;0;18;"20120618"
"203.122.246.131";"AU";138.598600;-34.928700;"AS4739 Internode Pty Ltd";"mlab3-syd02";0.059037;536065.400103;"0.004012999";"darwin";"175.45.79.45";"bittorrent";1339982670;107372.157544;-1.000000;"dcaf924a-16d3-41ec-a1c4-e84d7f07760a";4739;"05";"Adelaide";1;6;2012;0;18;"20120618"
"203.20.167.2";"AU";151.216700;-33.883300;"AS37998 St Vincents & Mater Health Sydney";"mlab3-syd02";0.000692;8734221.775720;"0.004012999";"win32";"175.45.79.45";"speedtest";1339984336;7731407.310450;0.002264;"37c67e2f-0eee-4f8c-90b1-c76aad0b580e";37998;"02";"Darlinghurst";1;6;2012;0;18;"20120618"
"124.149.36.50";"AU";151.205500;-33.861500;"AS4802 iiNet Limited";"mlab3-syd02";0.015054;1123311.130126;"0.004012999";"darwin";"175.45.79.45";"bittorrent";1339991075;105979.135389;-1.000000;"55006e03-0757-4639-a9b7-34b02b3b1a04";4802;"02";"Sydney";3;6;2012;0;18;"20120618"
"58.96.114.83";"AU";115.861400;-31.952200;"AS10143 Exetel Pty Ltd";"mlab3-syd02";0.072460;538577.168423;"0.004011999";"win32";"175.45.79.45";"speedtest";1339992712;98699.234444;0.076394;"6fe26f55-7863-4a8e-915d-1e066fe772cc";10143;"08";"Perth";4;6;2012;0;18;"20120618"
"203.20.167.2";"AU";151.216700;-33.883300;"AS37998 St Vincents & Mater Health Sydney";"mlab3-syd02";0.009443;9017556.500890;"0.004012999";"win32";"175.45.79.45";"speedtest";1339993373;8456650.591930;0.001197;"37c67e2f-0eee-4f8c-90b1-c76aad0b580e";37998;"02";"Darlinghurst";4;6;2012;0;18;"20120618"
"203.20.167.2";"AU";151.216700;-33.883300;"AS37998 St Vincents & Mater Health Sydney";"mlab3-syd02";0.001633;816054.475398;"0.004011999";"win32";"175.45.79.45";"speedtest";1339993495;5376652.926810;0.003190;"dfcb3c2e-91c7-49e0-9fbc-48fb488b227c";37998;"02";"Darlinghurst";4;6;2012;0;18;"20120618"
"203.20.167.2";"AU";151.216700;-33.883300;"AS37998 St Vincents & Mater Health Sydney";"mlab3-syd02";0.001797;9026054.210320;"0.004011999";"win32";"175.45.79.45";"speedtest";1339996703;5632727.042610;0.004276;"dfcb3c2e-91c7-49e0-9fbc-48fb488b227c";37998;"02";"Darlinghurst";5;6;2012;0;18;"20120618"
"58.96.114.83";"AU";115.861400;-31.952200;"AS10143 Exetel Pty Ltd";"mlab3-syd02";0.070492;669406.488831;"0.004011999";"win32";"175.45.79.45";"bittorrent";1339997123;105907.088014;-1.000000;"6fe26f55-7863-4a8e-915d-1e066fe772cc";10143;"08";"Perth";5;6;2012;0;18;"20120618"
"124.149.36.50";"AU";151.205500;-33.861500;"AS4802 iiNet Limited";"mlab3-syd02";0.015066;1123010.786598;"0.004012999";"darwin";"175.45.79.45";"bittorrent";1340003389;106051.445042;-1.000000;"55006e03-0757-4639-a9b7-34b02b3b1a04";4802;"02";"Sydney";7;6;2012;0;18;"20120618"
"203.122.246.131";"AU";138.598600;-34.928700;"AS4739 Internode Pty Ltd";"mlab3-syd02";0.182257;95559.783973;"0.004012999";"darwin";"175.45.79.45";"speedtest";1340003929;91488.365640;0.243918;"dcaf924a-16d3-41ec-a1c4-e84d7f07760a";4739;"05";"Adelaide";7;6;2012;0;18;"20120618"
"203.122.246.131";"AU";138.598600;-34.928700;"AS4739 Internode Pty Ltd";"mlab3-syd02";0.284181;91013.152785;"0.004012999";"darwin";"175.45.79.45";"bittorrent";1340005579;88174.478889;-1.000000;"dcaf924a-16d3-41ec-a1c4-e84d7f07760a";4739;"05";"Adelaide";7;6;2012;0;18;"20120618"
"203.122.246.131";"AU";138.598600;-34.928700;"AS4739 Internode Pty Ltd";"mlab3-syd02";0.217706;103453.648386;"0.004012999";"darwin";"175.45.79.45";"speedtest";1340007209;89763.043705;0.238359;"dcaf924a-16d3-41ec-a1c4-e84d7f07760a";4739;"05";"Adelaide";8;6;2012;0;18;"20120618"
"58.96.114.83";"AU";115.861400;-31.952200;"AS10143 Exetel Pty Ltd";"mlab3-syd02";0.072038;337882.601644;"0.004011999";"win32";"175.45.79.45";"speedtest";1340007504;101522.526630;0.075166;"6fe26f55-7863-4a8e-915d-1e066fe772cc";10143;"08";"Perth";8;6;2012;0;18;"20120618"
"203.20.167.2";"AU";151.216700;-33.883300;"AS37998 St Vincents & Mater Health Sydney";"mlab3-syd02";0.001671;929648.697974;"0.004012999";"win32";"175.45.79.45";"speedtest";1340008927;4263916.459360;0.055774;"b91792e2-6624-429b-ab27-6069ad893cca";37998;"02";"Darlinghurst";8;6;2012;0;18;"20120618"
"203.20.167.2";"AU";151.216700;-33.883300;"AS37998 St Vincents & Mater Health Sydney";"mlab3-syd02";0.001556;10060028.830400;"0.004011999";"win32";"175.45.79.45";"speedtest";1340012734;6555113.040340;0.003110;"dfcb3c2e-91c7-49e0-9fbc-48fb488b227c";37998;"02";"Darlinghurst";9;6;2012;0;18;"20120618"
"58.96.114.83";"AU";115.861400;-31.952200;"AS10143 Exetel Pty Ltd";"mlab3-syd02";0.087060;143440.857874;"0.004011999";"win32";"175.45.79.45";"speedtest";1340016367;50829.066239;0.087343;"6fe26f55-7863-4a8e-915d-1e066fe772cc";10143;"08";"Perth";10;6;2012;0;18;"20120618"
"203.122.246.131";"AU";138.598600;-34.928700;"AS4739 Internode Pty Ltd";"mlab3-syd02";0.059706;646933.240221;"0.004012999";"darwin";"175.45.79.45";"bittorrent";1340018704;106022.794271;-1.000000;"dcaf924a-16d3-41ec-a1c4-e84d7f07760a";4739;"05";"Adelaide";11;6;2012;0;18;"20120618"
"220.237.12.58";"AU";145.083300;-37.716700;"AS4804 Microplex PTY LTD";"mlab3-syd02";0.113337;2355315.844204;"0.004011999";"win32";"175.45.79.45";"bittorrent";1340018742;61135.788155;-1.000000;"343beccc-13c6-4239-9232-3625f40b4228";4804;"07";"Watsonia";11;6;2012;0;18;"20120618"
"203.122.246.131";"AU";138.598600;-34.928700;"AS4739 Internode Pty Ltd";"mlab3-syd02";0.102701;663634.186012;"0.004012999";"darwin";"175.45.79.45";"bittorrent";1340021962;106050.443475;-1.000000;"dcaf924a-16d3-41ec-a1c4-e84d7f07760a";4739;"05";"Adelaide";12;6;2012;0;18;"20120618"
"203.122.246.131";"AU";138.598600;-34.928700;"AS4739 Internode Pty Ltd";"mlab3-syd02";0.096414;345033.954475;"0.004012999";"darwin";"175.45.79.45";"speedtest";1340026850;105543.179846;0.066166;"dcaf924a-16d3-41ec-a1c4-e84d7f07760a";4739;"05";"Adelaide";13;6;2012;0;18;"20120618"
"220.237.12.58";"AU";145.083300;-37.716700;"AS4804 Microplex PTY LTD";"mlab3-syd02";0.027811;2265923.626980;"0.004011999";"win32";"175.45.79.45";"speedtest";1340027142;61299.572026;0.027581;"343beccc-13c6-4239-9232-3625f40b4228";4804;"07";"Watsonia";13;6;2012;0;18;"20120618"
"58.96.114.83";"AU";115.861400;-31.952200;"AS10143 Exetel Pty Ltd";"mlab3-syd02";0.073223;190021.338370;"0.004011999";"win32";"175.45.79.45";"bittorrent";1340029617;104711.639901;-1.000000;"6fe26f55-7863-4a8e-915d-1e066fe772cc";10143;"08";"Perth";14;6;2012;0;18;"20120618"
"203.20.167.2";"AU";151.216700;-33.883300;"AS37998 St Vincents & Mater Health Sydney";"mlab3-syd02";0.055844;8745695.263280;"0.004011999";"win32";"175.45.79.45";"speedtest";1340031639;7799531.621020;0.013970;"69757534-ce26-4738-ad47-c9692c23fff0";37998;"02";"Darlinghurst";15;6;2012;0;18;"20120618"
"124.168.20.100";"AU";151.205500;-33.861500;"AS4802 iiNet Limited";"mlab3-syd02";0.015276;971560.344508;"0.004012999";"darwin";"175.45.79.45";"speedtest";1340032614;105348.507364;0.018282;"55006e03-0757-4639-a9b7-34b02b3b1a04";4802;"02";"Sydney";15;6;2012;0;18;"20120618"
"203.122.246.131";"AU";138.598600;-34.928700;"AS4739 Internode Pty Ltd";"mlab3-syd02";0.081057;427641.281898;"0.004012999";"darwin";"175.45.79.45";"speedtest";1340036628;105551.623559;0.065810;"dcaf924a-16d3-41ec-a1c4-e84d7f07760a";4739;"05";"Adelaide";16;6;2012;0;18;"20120618"
"203.122.246.131";"AU";138.598600;-34.928700;"AS4739 Internode Pty Ltd";"mlab3-syd02";0.059011;518678.957006;"0.004012999";"darwin";"175.45.79.45";"bittorrent";1340038259;106429.983340;-1.000000;"dcaf924a-16d3-41ec-a1c4-e84d7f07760a";4739;"05";"Adelaide";16;6;2012;0;18;"20120618"
"58.96.114.83";"AU";115.861400;-31.952200;"AS10143 Exetel Pty Ltd";"mlab3-syd02";0.072031;552051.474303;"0.004011999";"win32";"175.45.79.45";"bittorrent";1340041422;101523.444187;-1.000000;"6fe26f55-7863-4a8e-915d-1e066fe772cc";10143;"08";"Perth";17;6;2012;0;18;"20120618"
"203.122.246.131";"AU";138.598600;-34.928700;"AS4739 Internode Pty Ltd";"mlab3-syd02";0.113096;646526.326796;"0.004012999";"darwin";"175.45.79.45";"bittorrent";1340041516;106269.589368;-1.000000;"dcaf924a-16d3-41ec-a1c4-e84d7f07760a";4739;"05";"Adelaide";17;6;2012;0;18;"20120618"
"58.96.114.83";"AU";115.861400;-31.952200;"AS10143 Exetel Pty Ltd";"mlab3-syd02";0.071073;593299.168116;"0.004011999";"win32";"175.45.79.45";"speedtest";1340045843;99575.043275;0.074449;"6fe26f55-7863-4a8e-915d-1e066fe772cc";10143;"08";"Perth";18;6;2012;0;18;"20120618"
"220.237.12.58";"AU";145.083300;-37.716700;"AS4804 Microplex PTY LTD";"mlab3-syd02";0.025452;2288979.546130;"0.004011999";"win32";"175.45.79.45";"speedtest";1340048942;42725.817012;0.026108;"343beccc-13c6-4239-9232-3625f40b4228";4804;"07";"Watsonia";19;6;2012;0;18;"20120618"
"220.237.12.58";"AU";145.083300;-37.716700;"AS4804 Microplex PTY LTD";"mlab3-syd02";0.026410;2263900.659230;"0.004011999";"win32";"175.45.79.45";"speedtest";1340052055;61672.619467;0.030651;"343beccc-13c6-4239-9232-3625f40b4228";4804;"07";"Watsonia";20;6;2012;0;18;"20120618"
"124.168.20.100";"AU";151.205500;-33.861500;"AS4802 iiNet Limited";"mlab3-syd02";0.015933;977491.639161;"0.004012999";"darwin";"175.45.79.45";"speedtest";1340054153;105446.416286;0.018346;"55006e03-0757-4639-a9b7-34b02b3b1a04";4802;"02";"Sydney";21;6;2012;0;18;"20120618"
"203.122.246.131";"AU";138.598600;-34.928700;"AS4739 Internode Pty Ltd";"mlab3-syd02";0.058622;501007.474739;"0.004012999";"darwin";"175.45.79.45";"speedtest";1340059435;105511.664877;0.065483;"dcaf924a-16d3-41ec-a1c4-e84d7f07760a";4739;"05";"Adelaide";22;6;2012;0;18;"20120618"
"203.20.167.2";"AU";151.216700;-33.883300;"AS37998 St Vincents & Mater Health Sydney";"mlab3-syd02";0.023804;8448397.402270;"0.004012999";"win32";"175.45.79.45";"speedtest";1340061475;3722490.632920;0.003851;"b91792e2-6624-429b-ab27-6069ad893cca";37998;"02";"Darlinghurst";23;6;2012;0;18;"20120618"
"124.168.20.100";"AU";151.205500;-33.861500;"AS4802 iiNet Limited";"mlab3-syd02";0.015279;977192.677104;"0.004012999";"darwin";"175.45.79.45";"speedtest";1340063380;105130.042182;0.018266;"55006e03-0757-4639-a9b7-34b02b3b1a04";4802;"02";"Sydney";23;6;2012;0;18;"20120618"
"82.72.97.219";"NL";5.750000;52.500000;"AS9143 Ziggo B.V.";"mlab1-ams01";0.014601;3283572.475430;"0.004012999";"darwin";"213.244.128.148";"speedtest";1340063976;826518.733630;0.020874;"c33b4d6e-bcfc-499d-91e0-0ce4ccfa16cd";9143;"";"";1;6;2012;1;19;"20120618"
"109.69.8.72";"ES";2.174100;41.398400;"AS49835 Fundacio Privada per a la Xarxa Lliure, Oberta i Neutral, guifi.net";"mlab3-mad01";0.023072;1064492.766720;"0.004012999";"linux2";"213.200.103.173";"bittorrent";1339978005;1191708.177632;-1.000000;"71d22d52-7305-4391-9db4-e68d729b8d8e";49835;"56";"Barcelona";0;6;2012;0;18;"20120618"
"109.69.8.72";"ES";2.174100;41.398400;"AS49835 Fundacio Privada per a la Xarxa Lliure, Oberta i Neutral, guifi.net";"mlab3-mad01";0.022313;795273.230241;"0.004012999";"linux2";"213.200.103.173";"speedtest";1339979527;725861.570051;0.022636;"71d22d52-7305-4391-9db4-e68d729b8d8e";49835;"56";"Barcelona";0;6;2012;0;18;"20120618"
"109.69.8.72";"ES";2.174100;41.398400;"AS49835 Fundacio Privada per a la Xarxa Lliure, Oberta i Neutral, guifi.net";"mlab3-mad01";0.021637;1072854.744586;"0.004012999";"linux2";"213.200.103.173";"bittorrent";1339981050;914457.819006;-1.000000;"71d22d52-7305-4391-9db4-e68d729b8d8e";49835;"56";"Barcelona";0;6;2012;0;18;"20120618"
"109.69.8.72";"ES";2.174100;41.398400;"AS49835 Fundacio Privada per a la Xarxa Lliure, Oberta i Neutral, guifi.net";"mlab3-mad01";0.026529;886474.270685;"0.004012999";"linux2";"213.200.103.173";"speedtest";1339985611;879024.054428;0.023625;"71d22d52-7305-4391-9db4-e68d729b8d8e";49835;"56";"Barcelona";2;6;2012;0;18;"20120618"
"109.69.8.72";"ES";2.174100;41.398400;"AS49835 Fundacio Privada per a la Xarxa Lliure, Oberta i Neutral, guifi.net";"mlab3-mad01";0.023181;757412.183591;"0.004012999";"linux2";"213.200.103.173";"bittorrent";1339987141;455623.943641;-1.000000;"71d22d52-7305-4391-9db4-e68d729b8d8e";49835;"56";"Barcelona";2;6;2012;0;18;"20120618"
"62.57.164.27";"ES";2.174100;41.398400;"AS6739 Cableuropa - ONO";"mlab3-mad01";0.022043;1957146.473386;"0.004012999";"darwin";"213.200.103.173";"bittorrent";1339988200;599441.673945;-1.000000;"d819736b-5ed3-4984-b542-ae4ca3b45457";6739;"56";"Barcelona";2;6;2012;0;18;"20120618"
"62.57.164.27";"ES";2.174100;41.398400;"AS6739 Cableuropa - ONO";"mlab3-mad01";0.025095;2891552.026040;"0.004012999";"darwin";"213.200.103.173";"speedtest";1339989624;609304.765737;0.024374;"d819736b-5ed3-4984-b542-ae4ca3b45457";6739;"56";"Barcelona";3;6;2012;0;18;"20120618"
"109.69.8.72";"ES";2.174100;41.398400;"AS49835 Fundacio Privada per a la Xarxa Lliure, Oberta i Neutral, guifi.net";"mlab3-mad01";0.019587;1099735.612823;"0.004012999";"linux2";"213.200.103.173";"bittorrent";1339990184;1491425.484071;-1.000000;"71d22d52-7305-4391-9db4-e68d729b8d8e";49835;"56";"Barcelona";3;6;2012;0;18;"20120618"
"109.69.8.72";"ES";2.174100;41.398400;"AS49835 Fundacio Privada per a la Xarxa Lliure, Oberta i Neutral, guifi.net";"mlab3-mad01";0.022877;988979.841825;"0.004012999";"linux2";"213.200.103.173";"speedtest";1339994757;1092534.434230;0.023762;"71d22d52-7305-4391-9db4-e68d729b8d8e";49835;"56";"Barcelona";4;6;2012;0;18;"20120618"
"62.57.164.27";"ES";2.174100;41.398400;"AS6739 Cableuropa - ONO";"mlab3-mad01";0.026058;2984423.205620;"0.004012999";"darwin";"213.200.103.173";"speedtest";1339995327;481752.355813;0.026267;"d819736b-5ed3-4984-b542-ae4ca3b45457";6739;"56";"Barcelona";4;6;2012;0;18;"20120618"
"109.69.8.72";"ES";2.174100;41.398400;"AS49835 Fundacio Privada per a la Xarxa Lliure, Oberta i Neutral, guifi.net";"mlab3-mad01";0.021879;1010050.217110;"0.004012999";"linux2";"213.200.103.173";"speedtest";1340000851;657915.863075;0.023808;"71d22d52-7305-4391-9db4-e68d729b8d8e";49835;"56";"Barcelona";6;6;2012;0;18;"20120618"
"109.69.8.72";"ES";2.174100;41.398400;"AS49835 Fundacio Privada per a la Xarxa Lliure, Oberta i Neutral, guifi.net";"mlab3-mad01";0.018721;1107845.535732;"0.004012999";"linux2";"213.200.103.173";"bittorrent";1340002370;1029776.660543;-1.000000;"71d22d52-7305-4391-9db4-e68d729b8d8e";49835;"56";"Barcelona";6;6;2012;0;18;"20120618"
"62.57.164.27";"ES";2.174100;41.398400;"AS6739 Cableuropa - ONO";"mlab3-mad01";0.024271;2172511.439634;"0.004012999";"darwin";"213.200.103.173";"bittorrent";1340002454;633738.705782;-1.000000;"d819736b-5ed3-4984-b542-ae4ca3b45457";6739;"56";"Barcelona";6;6;2012;0;18;"20120618"
"109.69.8.72";"ES";2.174100;41.398400;"AS49835 Fundacio Privada per a la Xarxa Lliure, Oberta i Neutral, guifi.net";"mlab3-mad01";0.024093;741907.962409;"0.004012999";"linux2";"213.200.103.173";"speedtest";1340003891;900796.525632;0.023673;"71d22d52-7305-4391-9db4-e68d729b8d8e";49835;"56";"Barcelona";7;6;2012;0;18;"20120618"
"109.69.8.72";"ES";2.174100;41.398400;"AS49835 Fundacio Privada per a la Xarxa Lliure, Oberta i Neutral, guifi.net";"mlab3-mad01";0.020329;778541.938156;"0.004012999";"linux2";"213.200.103.173";"bittorrent";1340005417;746326.636152;-1.000000;"71d22d52-7305-4391-9db4-e68d729b8d8e";49835;"56";"Barcelona";7;6;2012;0;18;"20120618"
"62.57.164.27";"ES";2.174100;41.398400;"AS6739 Cableuropa - ONO";"mlab3-mad01";0.024151;2706577.872100;"0.004012999";"darwin";"213.200.103.173";"speedtest";1340012435;606971.568075;0.025206;"d819736b-5ed3-4984-b542-ae4ca3b45457";6739;"56";"Barcelona";9;6;2012;0;18;"20120618"
"109.69.8.72";"ES";2.174100;41.398400;"AS49835 Fundacio Privada per a la Xarxa Lliure, Oberta i Neutral, guifi.net";"mlab3-mad01";0.172637;139505.546167;"0.004012999";"linux2";"213.200.103.173";"bittorrent";1340014613;446357.439601;-1.000000;"71d22d52-7305-4391-9db4-e68d729b8d8e";49835;"56";"Barcelona";10;6;2012;0;18;"20120618"
"62.57.164.27";"ES";2.174100;41.398400;"AS6739 Cableuropa - ONO";"mlab3-mad01";0.024468;3102383.065910;"0.004012999";"darwin";"213.200.103.173";"speedtest";1340015287;613475.822964;0.027040;"d819736b-5ed3-4984-b542-ae4ca3b45457";6739;"56";"Barcelona";10;6;2012;0;18;"20120618"
"91.126.133.237";"ES";-4.000000;40.000000;"AS35699 Adamo Telecom Iberia S.A";"mlab3-mad01";0.015353;1514801.240956;"0.004011999";"win32";"213.200.103.173";"bittorrent";1340017299;888312.698915;-1.000000;"ca5ae8d4-9c43-48ee-a04a-b6da82b73b7d";35699;"";"";11;6;2012;0;18;"20120618"
"62.57.164.27";"ES";2.174100;41.398400;"AS6739 Cableuropa - ONO";"mlab3-mad01";0.025359;2236409.424404;"0.004012999";"darwin";"213.200.103.173";"bittorrent";1340019567;629717.092010;-1.000000;"d819736b-5ed3-4984-b542-ae4ca3b45457";6739;"56";"Barcelona";11;6;2012;0;18;"20120618"
"109.69.8.72";"ES";2.174100;41.398400;"AS49835 Fundacio Privada per a la Xarxa Lliure, Oberta i Neutral, guifi.net";"mlab3-mad01";0.021904;1094640.517635;"0.004012999";"linux2";"213.200.103.173";"bittorrent";1340020711;1008659.057107;-1.000000;"71d22d52-7305-4391-9db4-e68d729b8d8e";49835;"56";"Barcelona";11;6;2012;0;18;"20120618"
"91.126.133.237";"ES";-4.000000;40.000000;"AS35699 Adamo Telecom Iberia S.A";"mlab3-mad01";0.013205;1566127.011890;"0.004011999";"win32";"213.200.103.173";"speedtest";1340021796;664770.483004;0.022923;"ca5ae8d4-9c43-48ee-a04a-b6da82b73b7d";35699;"";"";12;6;2012;0;18;"20120618"
"91.126.133.237";"ES";-4.000000;40.000000;"AS35699 Adamo Telecom Iberia S.A";"mlab3-mad01";0.016177;1746126.589840;"0.004011999";"win32";"213.200.103.173";"speedtest";1340024786;754062.525511;0.050442;"ca5ae8d4-9c43-48ee-a04a-b6da82b73b7d";35699;"";"";13;6;2012;0;18;"20120618"
"62.57.164.27";"ES";2.174100;41.398400;"AS6739 Cableuropa - ONO";"mlab3-mad01";0.040661;2339857.537759;"0.004012999";"darwin";"213.200.103.173";"bittorrent";1340025273;622651.675772;-1.000000;"d819736b-5ed3-4984-b542-ae4ca3b45457";6739;"56";"Barcelona";13;6;2012;0;18;"20120618"
"109.69.8.72";"ES";2.174100;41.398400;"AS49835 Fundacio Privada per a la Xarxa Lliure, Oberta i Neutral, guifi.net";"mlab3-mad01";0.028099;912413.029924;"0.004012999";"linux2";"213.200.103.173";"speedtest";1340028332;496304.936684;0.025070;"71d22d52-7305-4391-9db4-e68d729b8d8e";49835;"56";"Barcelona";14;6;2012;0;18;"20120618"
"62.57.164.27";"ES";2.174100;41.398400;"AS6739 Cableuropa - ONO";"mlab3-mad01";0.022633;2229864.216920;"0.004012999";"darwin";"213.200.103.173";"speedtest";1340029552;576026.604041;0.023688;"d819736b-5ed3-4984-b542-ae4ca3b45457";6739;"56";"Barcelona";14;6;2012;0;18;"20120618"
"91.126.133.237";"ES";-4.000000;40.000000;"AS35699 Adamo Telecom Iberia S.A";"mlab3-mad01";0.013977;1706489.830930;"0.004011999";"win32";"213.200.103.173";"speedtest";1340030766;944040.323147;0.049731;"ca5ae8d4-9c43-48ee-a04a-b6da82b73b7d";35699;"";"";14;6;2012;0;18;"20120618"
"62.57.164.27";"ES";2.174100;41.398400;"AS6739 Cableuropa - ONO";"mlab3-mad01";0.023049;2975111.436530;"0.004012999";"darwin";"213.200.103.173";"speedtest";1340032403;578665.451137;0.026607;"d819736b-5ed3-4984-b542-ae4ca3b45457";6739;"56";"Barcelona";15;6;2012;0;18;"20120618"
"109.69.8.72";"ES";2.174100;41.398400;"AS49835 Fundacio Privada per a la Xarxa Lliure, Oberta i Neutral, guifi.net";"mlab3-mad01";0.023228;1020594.799135;"0.004012999";"linux2";"213.200.103.173";"bittorrent";1340032901;608705.836782;-1.000000;"71d22d52-7305-4391-9db4-e68d729b8d8e";49835;"56";"Barcelona";15;6;2012;0;18;"20120618"
"62.57.164.27";"ES";2.174100;41.398400;"AS6739 Cableuropa - ONO";"mlab3-mad01";0.025405;2288216.538111;"0.004012999";"darwin";"213.200.103.173";"bittorrent";1340033829;600183.394958;-1.000000;"d819736b-5ed3-4984-b542-ae4ca3b45457";6739;"56";"Barcelona";15;6;2012;0;18;"20120618"
"62.57.164.27";"ES";2.174100;41.398400;"AS6739 Cableuropa - ONO";"mlab3-mad01";0.029244;2274085.490740;"0.004012999";"darwin";"213.200.103.173";"speedtest";1340035257;485503.894341;0.031324;"d819736b-5ed3-4984-b542-ae4ca3b45457";6739;"56";"Barcelona";16;6;2012;0;18;"20120618"
"62.57.164.27";"ES";2.174100;41.398400;"AS6739 Cableuropa - ONO";"mlab3-mad01";0.029014;2310083.225010;"0.004012999";"darwin";"213.200.103.173";"speedtest";1340038105;592289.842396;0.026335;"d819736b-5ed3-4984-b542-ae4ca3b45457";6739;"56";"Barcelona";16;6;2012;0;18;"20120618"
"77.208.93.143";"ES";-4.000000;40.000000;"AS12430 VODAFONE ESPANA S.A.U.";"mlab3-mad01";0.110040;44915.633969;"0.004012999";"win32";"213.200.103.173";"speedtest";1340039348;53918.530567;0.122638;"655218da-a3ed-4cf6-8f08-e7b93feb2e1d";12430;"";"";17;6;2012;0;18;"20120618"
"91.126.133.237";"ES";-4.000000;40.000000;"AS35699 Adamo Telecom Iberia S.A";"mlab3-mad01";0.013996;1656635.508120;"0.004011999";"win32";"213.200.103.173";"speedtest";1340039739;1083639.418700;0.016864;"ca5ae8d4-9c43-48ee-a04a-b6da82b73b7d";35699;"";"";17;6;2012;0;18;"20120618"
"79.109.148.141";"ES";-1.130000;37.987000;"AS6739 Cableuropa - ONO";"mlab3-mad01";0.100693;32933.412262;"0.004012999";"win32";"213.200.103.173";"bittorrent";1340041212;129798.568230;-1.000000;"82d99cde-4d85-47cc-b4fd-96c1da73e5ce";6739;"31";"Murcia";17;6;2012;0;18;"20120618"
"91.126.133.237";"ES";-4.000000;40.000000;"AS35699 Adamo Telecom Iberia S.A";"mlab3-mad01";0.023376;1822987.035802;"0.004011999";"win32";"213.200.103.173";"bittorrent";1340041232;1205721.840890;-1.000000;"ca5ae8d4-9c43-48ee-a04a-b6da82b73b7d";35699;"";"";17;6;2012;0;18;"20120618"
"79.109.148.141";"ES";-1.130000;37.987000;"AS6739 Cableuropa - ONO";"mlab3-mad01";0.115899;3172764.317230;"0.004012999";"win32";"213.200.103.173";"speedtest";1340042627;72693.755855;0.057826;"82d99cde-4d85-47cc-b4fd-96c1da73e5ce";6739;"31";"Murcia";18;6;2012;0;18;"20120618"
"91.126.133.237";"ES";-4.000000;40.000000;"AS35699 Adamo Telecom Iberia S.A";"mlab3-mad01";0.013212;1631844.066740;"0.004011999";"win32";"213.200.103.173";"speedtest";1340042729;792821.670219;0.016775;"ca5ae8d4-9c43-48ee-a04a-b6da82b73b7d";35699;"";"";18;6;2012;0;18;"20120618"
"62.57.164.27";"ES";2.174100;41.398400;"AS6739 Cableuropa - ONO";"mlab3-mad01";0.025630;1837980.302760;"0.004012999";"darwin";"213.200.103.173";"bittorrent";1340045236;629898.256950;-1.000000;"d819736b-5ed3-4984-b542-ae4ca3b45457";6739;"56";"Barcelona";18;6;2012;0;18;"20120618"
"77.208.9.91";"ES";-4.000000;40.000000;"AS12430 VODAFONE ESPANA S.A.U.";"mlab3-mad01";0.199749;8128.150415;"0.004012999";"win32";"213.200.103.173";"bittorrent";1340045996;27430.717821;-1.000000;"655218da-a3ed-4cf6-8f08-e7b93feb2e1d";12430;"";"";18;6;2012;0;18;"20120618"
"79.109.148.141";"ES";-1.130000;37.987000;"AS6739 Cableuropa - ONO";"mlab3-mad01";0.044590;3234995.511945;"0.004012999";"win32";"213.200.103.173";"bittorrent";1340048430;122492.034726;-1.000000;"82d99cde-4d85-47cc-b4fd-96c1da73e5ce";6739;"31";"Murcia";19;6;2012;0;18;"20120618"
"62.57.164.27";"ES";2.174100;41.398400;"AS6739 Cableuropa - ONO";"mlab3-mad01";0.051379;2752032.040040;"0.004012999";"darwin";"213.200.103.173";"speedtest";1340049510;620972.120062;0.026602;"d819736b-5ed3-4984-b542-ae4ca3b45457";6739;"56";"Barcelona";19;6;2012;0;18;"20120618"
"79.109.148.141";"ES";-1.130000;37.987000;"AS6739 Cableuropa - ONO";"mlab3-mad01";0.042999;3567324.774590;"0.004012999";"win32";"213.200.103.173";"speedtest";1340050060;79200.265899;0.046252;"82d99cde-4d85-47cc-b4fd-96c1da73e5ce";6739;"31";"Murcia";20;6;2012;0;18;"20120618"
"109.69.8.72";"ES";2.174100;41.398400;"AS49835 Fundacio Privada per a la Xarxa Lliure, Oberta i Neutral, guifi.net";"mlab3-mad01";0.025250;751560.514593;"0.004012999";"linux2";"213.200.103.173";"speedtest";1340052720;875952.642731;0.025543;"71d22d52-7305-4391-9db4-e68d729b8d8e";49835;"56";"Barcelona";20;6;2012;0;18;"20120618"
"109.69.8.72";"ES";2.174100;41.398400;"AS49835 Fundacio Privada per a la Xarxa Lliure, Oberta i Neutral, guifi.net";"mlab3-mad01";0.020074;980177.655333;"0.004012999";"linux2";"213.200.103.173";"speedtest";1340058814;872536.791362;0.023785;"71d22d52-7305-4391-9db4-e68d729b8d8e";49835;"56";"Barcelona";22;6;2012;0;18;"20120618"
"31.4.42.153";"ES";-4.000000;40.000000;"AS12430 VODAFONE ESPANA S.A.U.";"mlab3-mad01";0.110666;15999.791760;"0.004012999";"win32";"213.200.103.173";"bittorrent";1340062285;156977.219699;-1.000000;"655218da-a3ed-4cf6-8f08-e7b93feb2e1d";12430;"";"";23;6;2012;0;18;"20120618"
"109.69.8.72";"ES";2.174100;41.398400;"AS49835 Fundacio Privada per a la Xarxa Lliure, Oberta i Neutral, guifi.net";"mlab3-mad01";0.023177;1052594.024297;"0.004012999";"linux2";"213.200.103.173";"bittorrent";1340063382;1440186.779537;-1.000000;"71d22d52-7305-4391-9db4-e68d729b8d8e";49835;"56";"Barcelona";23;6;2012;0;18;"20120618"
"130.43.73.127";"GR";23.733300;37.983300;"AS1241 Forthnet";"mlab3-ath01";0.043768;907257.306688;"0.004012999";"win32";"83.212.4.45";"bittorrent";1340003995;108928.617372;-1.000000;"062ac9cd-ccd3-4d13-9905-fe4beb7155a0";1241;"35";"Athens";10;6;2012;0;18;"20120618"
"212.251.115.121";"GR";23.733300;37.983300;"AS1241 Forthnet";"mlab3-ath01";0.048471;615716.170757;"0.004012999";"win32";"83.212.4.45";"bittorrent";1340034779;69993.079046;-1.000000;"062ac9cd-ccd3-4d13-9905-fe4beb7155a0";1241;"35";"Athens";18;6;2012;0;18;"20120618"
"212.251.115.121";"GR";23.733300;37.983300;"AS1241 Forthnet";"mlab3-ath01";0.044547;564065.012167;"0.004012999";"win32";"83.212.4.45";"speedtest";1340038977;80865.383998;0.027816;"062ac9cd-ccd3-4d13-9905-fe4beb7155a0";1241;"35";"Athens";20;6;2012;0;18;"20120618"
"212.251.115.121";"GR";23.733300;37.983300;"AS1241 Forthnet";"mlab3-ath01";0.043328;813045.925877;"0.004012999";"win32";"83.212.4.45";"speedtest";1340041774;78165.686391;0.028180;"062ac9cd-ccd3-4d13-9905-fe4beb7155a0";1241;"35";"Athens";20;6;2012;0;18;"20120618"
"178.128.126.223";"GR";23.733300;37.983300;"AS1241 Forthnet";"mlab3-ath01";0.043190;807930.545673;"0.004012999";"win32";"83.212.4.45";"bittorrent";1340054372;66893.069366;-1.000000;"062ac9cd-ccd3-4d13-9905-fe4beb7155a0";1241;"35";"Athens";0;6;2012;1;19;"20120618"
"66.188.113.29";"US";-97.000000;38.000000;"AS20115 Charter Communications";"mlab1-mia01";0.067796;1205112.332520;"0.004012999";"darwin";"4.71.210.210";"speedtest";1339977699;378290.408128;0.071455;"3f295a53-7a79-47cb-bd75-f79b53a6ae22";20115;"";"";0;6;2012;0;18;"20120618"
"173.160.133.65";"US";-122.449200;47.151100;"AS7922 Comcast Cable Communications, Inc.";"mlab1-mia01";0.083079;452533.009238;"0.004012999";"win32";"4.71.210.210";"bittorrent";1339977970;347286.416023;-1.000000;"cd29f4ce-ebe9-47c8-8b18-9406a9618ac1";7922;"WA";"Tacoma";0;6;2012;0;18;"20120618"
"98.243.192.146";"US";-84.594100;42.860200;"AS7922 Comcast Cable Communications, Inc.";"mlab1-mia01";0.059166;1026850.102800;"0.004012999";"darwin";"4.71.210.210";"speedtest";1339978199;433864.671934;0.062726;"69a61dac-c7ac-4b16-b86b-4bd2f3990f62";7922;"MI";"Dewitt";0;6;2012;0;18;"20120618"
"174.31.152.186";"US";-97.000000;38.000000;"AS209 NOVARTIS-DMZ-US";"mlab1-mia01";0.096964;2312914.130824;"0.004012999";"darwin";"4.71.210.210";"bittorrent";1339978539;592980.071356;-1.000000;"9da9dff5-de02-49ae-a084-b2164425feeb";209;"";"";0;6;2012;0;18;"20120618"
"75.140.153.254";"US";-121.654400;37.130500;"AS20115 Charter Communications";"mlab1-mia01";0.093900;3457857.049120;"0.004012999";"darwin";"4.71.210.210";"speedtest";1339978980;598910.556152;0.099453;"a039434c-d8c0-4f4d-8050-4153de22c986";20115;"CA";"Morgan Hill";0;6;2012;0;18;"20120618"
"71.192.154.157";"US";-71.051200;42.406300;"AS7922 Comcast Cable Communications, Inc.";"mlab1-mia01";0.052707;609997.955342;"0.004012999";"darwin";"4.71.210.210";"bittorrent";1339979275;453415.560792;-1.000000;"65fb0ed5-8aab-4ca3-973b-6f6abd2e24d4";7922;"MA";"Everett";0;6;2012;0;18;"20120618"
"71.187.199.3";"US";-74.216400;40.816200;"AS701 MCI Communications Services, Inc. d/b/a Verizon Business";"mlab1-mia01";0.055958;1440488.533690;"0.004011999";"win32";"4.71.210.210";"speedtest";1339979531;1070930.270470;0.043851;"a9bde20f-2872-443c-8e9b-a2f6f162c91d";701;"NJ";"Montclair";0;6;2012;0;18;"20120618"
"71.206.108.75";"US";-84.525500;42.742200;"AS7922 Comcast Cable Communications, Inc.";"mlab1-mia01";0.141200;72222.495725;"0.004011999";"win32";"4.71.210.210";"bittorrent";1339981233;21756.453790;-1.000000;"ffaa390e-2089-4db5-9b0b-c03d5eed4c9f";7922;"MI";"Lansing";1;6;2012;0;18;"20120618"
"69.148.250.152";"US";-97.337500;37.692200;"AS7018 AT&T Services, Inc.";"mlab1-mia01";0.125980;143865.148411;"0.004012999";"win32";"4.71.210.210";"bittorrent";1339981344;38529.671117;-1.000000;"acd06144-444b-4f3e-8410-58a01e77f7a8";7018;"KS";"Wichita";1;6;2012;0;18;"20120618"
"75.75.156.100";"US";-77.229100;39.841800;"AS7922 Comcast Cable Communications, Inc.";"mlab1-mia01";0.060437;332821.976685;"0.004012999";"win32";"4.71.210.210";"bittorrent";1339981963;90990.251980;-1.000000;"74807f51-f20f-4c2b-8aa7-32eb64040c5e";7922;"PA";"Gettysburg";1;6;2012;0;18;"20120618"
"98.251.77.68";"US";-83.949600;33.512000;"AS7922 Comcast Cable Communications, Inc.";"mlab1-mia01";0.025644;3031117.786630;"0.004011999";"win32";"4.71.210.210";"speedtest";1339982524;461717.579897;0.026743;"cbfab653-aed3-47c3-b7d0-e4159cab6582";7922;"GA";"Covington";1;6;2012;0;18;"20120618"
"207.231.92.41";"US";-121.370600;38.784300;"AS14051 Roseville Telephone Company";"mlab1-mia01";0.079720;3040409.908263;"0.004012999";"win32";"4.71.210.210";"bittorrent";1339982864;1398646.732967;-1.000000;"cb121e1a-4701-4c5a-91b5-29c9df2b10c0";14051;"CA";"Roseville";1;6;2012;0;18;"20120618"
"68.175.101.106";"US";-74.006000;40.714300;"AS12271 Time Warner Cable Internet LLC";"mlab1-mia01";0.054518;3317197.730290;"0.004012999";"darwin";"4.71.210.210";"speedtest";1339982967;623056.279784;0.058687;"bff92ae8-06db-4514-9002-ba6c8f7bec43";12271;"NY";"New York";1;6;2012;0;18;"20120618"
"173.186.209.95";"US";-84.200300;30.975400;"AS7029 Windstream Communications Inc";"mlab1-mia01";0.055777;108337.894859;"0.004011999";"win32";"4.71.210.210";"bittorrent";1339983283;77322.424286;-1.000000;"de6fbf44-b9c6-4959-9089-5bd76562acd2";7029;"GA";"Cairo";1;6;2012;0;18;"20120618"
"76.24.39.72";"US";-71.691300;42.413600;"AS7922 Comcast Cable Communications, Inc.";"mlab1-mia01";0.068449;758770.299097;"0.004012999";"win32";"4.71.210.210";"bittorrent";1339983317;116481.231068;-1.000000;"d7fbbeb1-8f79-4feb-9ab1-01beb7b970aa";7922;"MA";"Clinton";1;6;2012;0;18;"20120618"
"50.83.240.108";"US";-95.977900;45.232200;"AS30036 Mediacom Communications Corp";"mlab1-mia01";0.108761;935109.787556;"0.004012999";"darwin";"4.71.210.210";"bittorrent";1339983558;308019.054326;-1.000000;"43af2f72-3dc4-4824-9ff7-faa06a3cb206";30036;"MN";"Appleton";1;6;2012;0;18;"20120618"
"50.12.211.162";"US";-93.263800;44.980000;"AS16586 CLEARWIRE - CLEAR WIRELESS LLC";"mlab1-mia01";0.106655;377685.751040;"0.004012999";"darwin";"4.71.210.210";"bittorrent";1339983757;120075.126747;-1.000000;"3955a411-3e83-4a8e-aa8e-165233e306e9";16586;"MN";"Minneapolis";1;6;2012;0;18;"20120618"
"69.143.19.17";"US";-77.104300;38.881000;"AS7922 Comcast Cable Communications, Inc.";"mlab1-mia01";0.040778;3106290.299495;"0.004012999";"darwin";"4.71.210.210";"bittorrent";1339984256;513071.333362;-1.000000;"9b4267aa-e8b7-40bb-a139-5ad1187a6f5d";7922;"VA";"Arlington";1;6;2012;0;18;"20120618"
"67.174.9.121";"US";-87.819700;41.894000;"AS7922 Comcast Cable Communications, Inc.";"mlab1-mia01";0.050455;2664908.290035;"0.004012999";"win32";"4.71.210.210";"bittorrent";1339984260;522676.241769;-1.000000;"bdaf2367-a776-4a1f-9c03-a75a6b08c6b1";7922;"IL";"River Forest";1;6;2012;0;18;"20120618"
"50.12.211.162";"US";-93.263800;44.980000;"AS16586 CLEARWIRE - CLEAR WIRELESS LLC";"mlab1-mia01";0.112961;250505.628012;"0.004012999";"darwin";"4.71.210.210";"speedtest";1339985275;139947.017269;0.113863;"3955a411-3e83-4a8e-aa8e-165233e306e9";16586;"MN";"Minneapolis";2;6;2012;0;18;"20120618"
"184.76.153.6";"US";-96.948900;32.814000;"AS16586 CLEARWIRE - CLEAR WIRELESS LLC";"mlab1-mia01";0.117117;727515.615929;"0.004012999";"win32";"4.71.210.210";"bittorrent";1339985478;81450.286285;-1.000000;"01b5bd21-bfbf-4fa6-a4bc-c89f3cfd177c";16586;"TX";"Irving";2;6;2012;0;18;"20120618"
"24.130.152.60";"US";-122.088500;37.709000;"AS7922 Comcast Cable Communications, Inc.";"mlab1-mia01";0.109530;2708526.641560;"0.004012999";"darwin";"4.71.210.210";"speedtest";1339985642;711947.665751;0.091400;"92ef1dc6-e5b9-40c8-800b-cc909779319d";7922;"CA";"Castro Valley";2;6;2012;0;18;"20120618"
"67.174.9.121";"US";-87.819700;41.894000;"AS7922 Comcast Cable Communications, Inc.";"mlab1-mia01";0.080360;1964892.774720;"0.004012999";"win32";"4.71.210.210";"speedtest";1339985728;507761.496330;0.050627;"bdaf2367-a776-4a1f-9c03-a75a6b08c6b1";7922;"IL";"River Forest";2;6;2012;0;18;"20120618"
"76.24.39.72";"US";-71.691300;42.413600;"AS7922 Comcast Cable Communications, Inc.";"mlab1-mia01";0.092627;494706.744282;"0.004012999";"win32";"4.71.210.210";"bittorrent";1339986226;472118.035822;-1.000000;"d7fbbeb1-8f79-4feb-9ab1-01beb7b970aa";7922;"MA";"Clinton";2;6;2012;0;18;"20120618"
"108.0.16.252";"US";-118.142300;33.771100;"AS701 MCI Communications Services, Inc. d/b/a Verizon Business";"mlab1-mia01";0.091335;1492267.222450;"0.004012999";"darwin";"4.71.210.210";"speedtest";1339986304;601414.967415;0.094538;"b13eed9c-7499-4364-89ba-e85068191268";701;"CA";"Long Beach";2;6;2012;0;18;"20120618"
"205.178.18.107";"US";-87.623800;41.884900;"AS6079 RCN";"mlab1-mia01";0.041590;703207.398500;"0.004011999";"win32";"4.71.210.210";"bittorrent";1339986320;141571.701114;-1.000000;"e98788b3-c49f-4266-b003-f95ea1c0e2a0";6079;"IL";"Chicago";2;6;2012;0;18;"20120618"
"75.127.236.122";"US";-97.000000;38.000000;"AS6128 Cablevision Systems Corp.";"mlab1-mia01";0.043754;1423080.934356;"0.004012999";"win32";"4.71.210.210";"bittorrent";1339986397;547590.249128;-1.000000;"560c097a-1dfa-4e05-9893-bdc56e35afc3";6128;"";"";2;6;2012;0;18;"20120618"
"65.32.77.45";"US";-97.000000;38.000000;"AS33363 BRIGHT HOUSE NETWORKS, LLC";"mlab1-mia01";0.042744;1428754.173110;"0.004012999";"win32";"4.71.210.210";"speedtest";1339986784;202937.697462;0.050681;"29daca95-9628-479f-b4be-ee35e322c612";33363;"";"";2;6;2012;0;18;"20120618"
"75.140.153.254";"US";-121.654400;37.130500;"AS20115 Charter Communications";"mlab1-mia01";0.096999;2294571.289074;"0.004012999";"darwin";"4.71.210.210";"bittorrent";1339986912;640463.589558;-1.000000;"a039434c-d8c0-4f4d-8050-4153de22c986";20115;"CA";"Morgan Hill";2;6;2012;0;18;"20120618"
"67.130.216.230";"US";-105.937800;35.687000;"AS209 NOVARTIS-DMZ-US";"mlab1-mia01";0.232519;108513.072847;"0.004012999";"win32";"4.71.210.210";"speedtest";1339987377;29501.360303;0.271713;"ee8fe911-f84d-4ab8-b486-dda4c138f932";209;"NM";"Santa Fe";2;6;2012;0;18;"20120618"
"132.161.219.98";"US";-92.717600;41.721700;"AS22949 Grinnell College";"mlab1-mia01";0.052176;1091804.439407;"0.004012999";"win32";"4.71.210.210";"bittorrent";1339987402;429000.620096;-1.000000;"de23301c-c09c-4e47-aa2b-90a625720856";22949;"IA";"Grinnell";2;6;2012;0;18;"20120618"
"74.103.162.36";"US";-75.114700;40.427800;"AS701 MCI Communications Services, Inc. d/b/a Verizon Business";"mlab1-mia01";0.059128;1534823.236520;"0.004012999";"darwin";"4.71.210.210";"speedtest";1339987625;639001.195718;0.061097;"4eec0d76-fa70-4b4c-91f9-8cb1b74b0682";701;"PA";"Pipersville";2;6;2012;0;18;"20120618"
"76.168.80.127";"US";-118.243700;34.052200;"AS20001 Time Warner Cable Internet LLC";"mlab1-mia01";0.132434;1660901.612430;"0.004012999";"darwin";"4.71.210.210";"speedtest";1339988068;116602.696066;0.121054;"90d62fdd-a880-469e-bb3b-4bf575cfed10";20001;"CA";"Los Angeles";2;6;2012;0;18;"20120618"
"174.31.152.186";"US";-97.000000;38.000000;"AS209 NOVARTIS-DMZ-US";"mlab1-mia01";0.202448;2568081.757525;"0.004012999";"darwin";"4.71.210.210";"bittorrent";1339988190;483763.215292;-1.000000;"9da9dff5-de02-49ae-a084-b2164425feeb";209;"";"";2;6;2012;0;18;"20120618"
"206.255.246.41";"US";-94.740500;32.500700;"AS53508 Cablelynx";"mlab1-mia01";0.056945;1222120.916130;"0.004012999";"win32";"4.71.210.210";"speedtest";1339988301;178211.174677;0.052824;"3a5b4ca4-0887-432d-a115-9f646a867cdb";53508;"TX";"Longview";2;6;2012;0;18;"20120618"
"132.161.219.98";"US";-92.717600;41.721700;"AS22949 Grinnell College";"mlab1-mia01";0.051621;2778237.797570;"0.004012999";"win32";"4.71.210.210";"speedtest";1339988820;629373.054854;0.053362;"de23301c-c09c-4e47-aa2b-90a625720856";22949;"IA";"Grinnell";3;6;2012;0;18;"20120618"
"64.13.104.81";"US";-77.026100;38.990700;"AS16586 CLEARWIRE - CLEAR WIRELESS LLC";"mlab1-mia01";0.123721;407346.213302;"0.004012999";"darwin";"4.71.210.210";"speedtest";1339989641;118207.858038;0.216929;"8a5f995c-e96b-4ee9-8332-ee1284a6fd58";16586;"MD";"Silver Spring";3;6;2012;0;18;"20120618"
"206.255.246.41";"US";-94.740500;32.500700;"AS53508 Cablelynx";"mlab1-mia01";0.046213;1258728.197961;"0.004012999";"win32";"4.71.210.210";"bittorrent";1339989851;150931.930002;-1.000000;"3a5b4ca4-0887-432d-a115-9f646a867cdb";53508;"TX";"Longview";3;6;2012;0;18;"20120618"
"70.113.90.176";"US";-97.722700;30.310600;"AS11427 Time Warner Cable Internet LLC";"mlab1-mia01";0.066187;1241417.116790;"0.004012999";"win32";"4.71.210.210";"speedtest";1339989869;193726.901191;0.062262;"f957f544-b6fe-4e0c-b05d-e4a409241054";11427;"TX";"Austin";3;6;2012;0;18;"20120618"
"71.65.103.69";"US";-83.902700;39.678000;"AS10796 Time Warner Cable Internet LLC";"mlab1-mia01";0.062739;1345278.316020;"0.004012999";"win32";"4.71.210.210";"speedtest";1339989906;104474.319553;0.066546;"6d6c74dc-a35c-4d7b-b891-d665072442c5";10796;"OH";"Xenia";3;6;2012;0;18;"20120618"
"71.58.226.44";"US";-75.961500;41.249000;"AS7922 Comcast Cable Communications, Inc.";"mlab1-mia01";0.066443;3266535.500943;"0.004012999";"win32";"4.71.210.210";"bittorrent";1339990183;672943.058335;-1.000000;"fb6cc5ca-37c3-44c5-8176-4a40a17f217a";7922;"PA";"Plymouth";3;6;2012;0;18;"20120618"
"98.207.87.80";"US";-122.299100;37.409600;"AS7922 Comcast Cable Communications, Inc.";"mlab1-mia01";0.145577;748028.997425;"0.004012999";"darwin";"4.71.210.210";"speedtest";1339990457;237057.808051;0.124820;"0f7d671c-779f-4f63-8f54-ca28fcc35fd6";7922;"CA";"Redwood City";3;6;2012;0;18;"20120618"
"99.92.88.210";"US";-122.030700;37.353700;"AS7018 AT&T Services, Inc.";"mlab1-mia01";0.118356;535701.998519;"0.004012999";"darwin";"4.71.210.210";"bittorrent";1339991730;180473.163054;-1.000000;"13cf72ab-670c-4dc7-8fad-aa9a41f4355d";7018;"CA";"Sunnyvale";3;6;2012;0;18;"20120618"
"67.130.216.230";"US";-105.937800;35.687000;"AS209 NOVARTIS-DMZ-US";"mlab1-mia01";0.139377;76179.244312;"0.004012999";"win32";"4.71.210.210";"bittorrent";1339991739;73854.268396;-1.000000;"ee8fe911-f84d-4ab8-b486-dda4c138f932";209;"NM";"Santa Fe";3;6;2012;0;18;"20120618"
"98.203.140.223";"US";-122.304300;47.610200;"AS7922 Comcast Cable Communications, Inc.";"mlab1-mia01";0.082407;1609542.149100;"0.004012999";"linux2";"4.71.210.210";"speedtest";1339991434;376132.847048;0.092212;"4bf1068a-cabe-4254-a52f-c2914db03ade";7922;"WA";"Seattle";3;6;2012;0;18;"20120618"
"68.58.125.60";"US";-86.158000;39.768400;"AS7922 Comcast Cable Communications, Inc.";"mlab1-mia01";0.061367;1375195.894890;"0.004012999";"darwin";"4.71.210.210";"speedtest";1339991878;497900.982204;0.063788;"9ad7184c-eb25-4754-a40f-91e4262a9d35";7922;"IN";"Indianapolis";3;6;2012;0;18;"20120618"
"66.66.21.182";"US";-77.602400;43.185800;"AS11351 Time Warner Cable Internet LLC";"mlab1-mia01";0.057682;4301792.452270;"0.004012999";"win32";"4.71.210.210";"speedtest";1339991933;622252.471076;0.063444;"b4fb3816-21d6-43b3-91fc-aabe40980e90";11351;"NY";"Rochester";3;6;2012;0;18;"20120618"
"24.2.64.100";"US";-112.008200;40.477400;"AS7922 Comcast Cable Communications, Inc.";"mlab1-mia01";0.089820;921522.977935;"0.004012999";"win32";"4.71.210.210";"bittorrent";1339992398;139723.680213;-1.000000;"9a8766b6-803d-48fa-b02a-2091ff6f496e";7922;"UT";"Riverton";4;6;2012;0;18;"20120618"
"68.58.125.60";"US";-86.158000;39.768400;"AS7922 Comcast Cable Communications, Inc.";"mlab1-mia01";0.107664;1758130.369624;"0.004012999";"darwin";"4.71.210.210";"bittorrent";1339993510;517827.604483;-1.000000;"9ad7184c-eb25-4754-a40f-91e4262a9d35";7922;"IN";"Indianapolis";4;6;2012;0;18;"20120618"
"98.243.192.146";"US";-84.594100;42.860200;"AS7922 Comcast Cable Communications, Inc.";"mlab1-mia01";0.056263;983924.529952;"0.004012999";"darwin";"4.71.210.210";"speedtest";1339993836;460420.633514;0.066267;"69a61dac-c7ac-4b16-b86b-4bd2f3990f62";7922;"MI";"Dewitt";4;6;2012;0;18;"20120618"
"66.235.50.69";"US";-122.029600;47.586900;"AS23292 Broadstripe";"mlab1-mia01";0.195784;187699.429341;"0.004012999";"darwin";"4.71.210.210";"speedtest";1339994670;257279.576333;0.102109;"619f12e6-7e7a-4475-96aa-abb7e35e6c27";23292;"WA";"Sammamish";4;6;2012;0;18;"20120618"
"96.2.48.78";"US";-96.983300;42.836900;"AS11232 Midcontinent Media, Inc.";"mlab1-mia01";0.057107;966894.776632;"0.004011999";"win32";"4.71.210.210";"speedtest";1339996520;543979.822977;0.076201;"a7ed429a-44c3-4195-a0e5-7eac41680125";11232;"SD";"Vermillion";5;6;2012;0;18;"20120618"
"69.251.194.209";"US";-77.177000;39.175200;"AS7922 Comcast Cable Communications, Inc.";"mlab1-mia01";0.047056;4981828.451853;"0.004011999";"win32";"4.71.210.210";"bittorrent";1339997356;528716.853483;-1.000000;"5ab805cf-b023-4309-9496-d8b22873a074";7922;"MD";"Montgomery Village";5;6;2012;0;18;"20120618"
"74.163.8.166";"US";-86.875000;30.446700;"AS6389 BellSouth.net Inc.";"mlab1-mia01";0.051121;266903.433297;"0.004012999";"win32";"4.71.210.210";"bittorrent";1339998489;39346.118657;-1.000000;"4565989b-987f-4c3c-aa75-a740afde3068";6389;"FL";"Navarre";5;6;2012;0;18;"20120618"
"99.104.57.129";"US";-87.701600;41.975900;"AS7018 AT&T Services, Inc.";"mlab1-mia01";0.535704;96371.843364;"0.004012999";"darwin";"4.71.210.210";"speedtest";1339999278;16142.704724;0.704956;"d6f10baf-3b6d-47fb-999c-6d4188d2d4b2";7018;"IL";"Chicago";6;6;2012;0;18;"20120618"
"132.161.219.98";"US";-92.717600;41.721700;"AS22949 Grinnell College";"mlab1-mia01";0.051870;1676510.069410;"0.004012999";"win32";"4.71.210.210";"speedtest";1340000173;546469.077628;0.053350;"de23301c-c09c-4e47-aa2b-90a625720856";22949;"IA";"Grinnell";6;6;2012;0;18;"20120618"
"174.31.152.186";"US";-97.000000;38.000000;"AS209 NOVARTIS-DMZ-US";"mlab1-mia01";0.100416;2819745.902627;"0.004012999";"darwin";"4.71.210.210";"bittorrent";1340001054;592710.088561;-1.000000;"9da9dff5-de02-49ae-a084-b2164425feeb";209;"";"";6;6;2012;0;18;"20120618"
"98.207.87.80";"US";-122.299100;37.409600;"AS7922 Comcast Cable Communications, Inc.";"mlab1-mia01";0.091284;2835525.473265;"0.004012999";"darwin";"4.71.210.210";"bittorrent";1340001102;255686.996678;-1.000000;"0f7d671c-779f-4f63-8f54-ca28fcc35fd6";7922;"CA";"Redwood City";6;6;2012;0;18;"20120618"
"71.58.226.44";"US";-75.961500;41.249000;"AS7922 Comcast Cable Communications, Inc.";"mlab1-mia01";0.062025;3771484.450391;"0.004012999";"win32";"4.71.210.210";"bittorrent";1340001417;658866.430001;-1.000000;"fb6cc5ca-37c3-44c5-8176-4a40a17f217a";7922;"PA";"Plymouth";6;6;2012;0;18;"20120618"
"207.231.92.41";"US";-121.370600;38.784300;"AS14051 Roseville Telephone Company";"mlab1-mia01";0.086196;162487.418626;"0.004012999";"win32";"4.71.210.210";"speedtest";1340001482;692345.624875;0.085061;"cb121e1a-4701-4c5a-91b5-29c9df2b10c0";14051;"CA";"Roseville";6;6;2012;0;18;"20120618"
"67.174.9.121";"US";-87.819700;41.894000;"AS7922 Comcast Cable Communications, Inc.";"mlab1-mia01";0.045033;3083995.515308;"0.004012999";"win32";"4.71.210.210";"bittorrent";1340001902;520823.250663;-1.000000;"bdaf2367-a776-4a1f-9c03-a75a6b08c6b1";7922;"IL";"River Forest";6;6;2012;0;18;"20120618"
"71.190.171.206";"US";-73.525400;40.767000;"AS701 MCI Communications Services, Inc. d/b/a Verizon Business";"mlab1-mia01";0.044217;3751793.325408;"0.004012999";"linux2";"4.71.210.210";"bittorrent";1340001938;2711862.304284;-1.000000;"dfd87da2-1968-48ac-9bd2-5469644e29e4";701;"NY";"Hicksville";6;6;2012;0;18;"20120618"
"69.143.19.17";"US";-77.104300;38.881000;"AS7922 Comcast Cable Communications, Inc.";"mlab1-mia01";0.038154;2865367.707630;"0.004012999";"darwin";"4.71.210.210";"speedtest";1340002524;453356.792546;0.043667;"9b4267aa-e8b7-40bb-a139-5ad1187a6f5d";7922;"VA";"Arlington";6;6;2012;0;18;"20120618"
"70.113.90.176";"US";-97.722700;30.310600;"AS11427 Time Warner Cable Internet LLC";"mlab1-mia01";0.042881;2300348.168208;"0.004012999";"win32";"4.71.210.210";"bittorrent";1340002642;219136.299823;-1.000000;"f957f544-b6fe-4e0c-b05d-e4a409241054";11427;"TX";"Austin";6;6;2012;0;18;"20120618"
"66.188.113.29";"US";-97.000000;38.000000;"AS20115 Charter Communications";"mlab1-mia01";0.066671;1435304.187420;"0.004012999";"darwin";"4.71.210.210";"speedtest";1340003033;370892.522834;0.071285;"3f295a53-7a79-47cb-bd75-f79b53a6ae22";20115;"";"";7;6;2012;0;18;"20120618"
"173.246.102.187";"US";-76.612200;39.290400;"AS29169 Gandi SAS";"mlab1-mia01";0.027744;3267027.484450;"0.004011999";"linux2";"4.71.210.210";"bittorrent";1340003555;666822.685269;-1.000000;"a57cd6aa-6b9a-40e3-ae4c-0685546dd104";29169;"MD";"Baltimore";7;6;2012;0;18;"20120618"
"184.76.153.6";"US";-96.948900;32.814000;"AS16586 CLEARWIRE - CLEAR WIRELESS LLC";"mlab1-mia01";0.088864;892888.978008;"0.004012999";"win32";"4.71.210.210";"speedtest";1340004422;88870.554822;0.117449;"01b5bd21-bfbf-4fa6-a4bc-c89f3cfd177c";16586;"TX";"Irving";7;6;2012;0;18;"20120618"
"184.177.72.227";"US";-97.000000;38.000000;"AS22773 Cox Communications Inc.";"mlab1-mia01";0.102721;456784.045609;"0.004012999";"win32";"4.71.210.210";"bittorrent";1340004738;775586.655435;-1.000000;"e9aa2936-1c50-4b9d-89e4-2daad232b753";22773;"";"";7;6;2012;0;18;"20120618"
"98.124.100.208";"US";-80.038400;33.118000;"AS16863 Home Telephone Company, Inc.";"mlab1-mia01";0.063360;1084829.227100;"0.004012999";"linux2";"4.71.210.210";"speedtest";1340004791;228795.090559;0.065192;"adcd5d0f-b5f4-47e4-9505-249669f515a0";16863;"SC";"Moncks Corner";7;6;2012;0;18;"20120618"
"99.21.145.140";"US";-121.382800;38.626300;"AS7132 AS for SBIS-AS";"mlab1-mia01";0.110062;913661.336171;"0.004012999";"win32";"4.71.210.210";"speedtest";1340005026;160915.064385;0.111324;"ebeab1c8-defc-4fef-8be3-daa7088a0954";7132;"CA";"Sacramento";7;6;2012;0;18;"20120618"
"98.157.202.20";"US";-87.413900;39.466700;"AS10796 Time Warner Cable Internet LLC";"mlab1-mia01";0.065229;1557226.945039;"0.004011999";"win32";"4.71.210.210";"bittorrent";1340005274;92586.865486;-1.000000;"9c0fa0e1-b625-407b-8e5d-f979a63c0e77";10796;"IN";"Terre Haute";7;6;2012;0;18;"20120618"
"71.89.124.38";"US";-88.736400;44.638200;"AS20115 Charter Communications";"mlab1-mia01";0.067775;2535680.257980;"0.004012999";"win32";"4.71.210.210";"speedtest";1340005342;384666.021048;0.065955;"0730ff7f-47eb-4e84-99b1-016150556fb6";20115;"WI";"Clintonville";7;6;2012;0;18;"20120618"
"71.206.108.75";"US";-84.525500;42.742200;"AS7922 Comcast Cable Communications, Inc.";"mlab1-mia01";0.062924;46023.935152;"0.004011999";"win32";"4.71.210.210";"bittorrent";1340005400;64008.375343;-1.000000;"ffaa390e-2089-4db5-9b0b-c03d5eed4c9f";7922;"MI";"Lansing";7;6;2012;0;18;"20120618"
"98.214.132.10";"US";-89.589000;40.693600;"AS7922 Comcast Cable Communications, Inc.";"mlab1-mia01";0.053012;4012070.908750;"0.004012999";"darwin";"4.71.210.210";"speedtest";1340005627;767868.975663;0.058001;"ac008ee9-df9b-425b-a370-34b57dce1b90";7922;"IL";"Peoria";7;6;2012;0;18;"20120618"
"74.2.122.133";"US";-97.000000;38.000000;"AS18566 MegaPath Corporation";"mlab1-mia01";0.048533;231517.835821;"0.004010999";"win32";"4.71.210.210";"speedtest";1340005732;234171.991392;0.053259;"f4acb085-b5ee-429a-a232-3ae956a10cf5";18566;"";"";7;6;2012;0;18;"20120618"
"71.190.171.206";"US";-73.525400;40.767000;"AS701 MCI Communications Services, Inc. d/b/a Verizon Business";"mlab1-mia01";0.044304;3498759.305750;"0.004012999";"linux2";"4.71.210.210";"speedtest";1340006415;2196774.487560;0.047363;"dfd87da2-1968-48ac-9bd2-5469644e29e4";701;"NY";"Hicksville";8;6;2012;0;18;"20120618"
"50.83.240.108";"US";-95.977900;45.232200;"AS30036 Mediacom Communications Corp";"mlab1-mia01";0.061734;1503522.588123;"0.004012999";"darwin";"4.71.210.210";"bittorrent";1340006585;335871.224682;-1.000000;"43af2f72-3dc4-4824-9ff7-faa06a3cb206";30036;"MN";"Appleton";8;6;2012;0;18;"20120618"
"206.255.246.41";"US";-94.740500;32.500700;"AS53508 Cablelynx";"mlab1-mia01";0.046274;1318127.912560;"0.004012999";"win32";"4.71.210.210";"speedtest";1340006811;179704.901540;0.048916;"3a5b4ca4-0887-432d-a115-9f646a867cdb";53508;"TX";"Longview";8;6;2012;0;18;"20120618"
"209.155.86.74";"US";-77.426000;43.100500;"AS1785 PaeTec Communications, Inc.";"mlab1-mia01";0.041952;353500.615618;"0.004012999";"win32";"4.71.210.210";"bittorrent";1340007346;58781.759616;-1.000000;"4841c017-4566-4afc-a805-ba458ccb2be1";1785;"NY";"Fairport";8;6;2012;0;18;"20120618"
"99.99.213.185";"US";-85.882800;42.855500;"AS7018 AT&T Services, Inc.";"mlab1-mia01";0.071844;1267448.349230;"0.004012999";"linux2";"4.71.210.210";"speedtest";1340007627;178217.307670;0.076344;"22998df3-a92a-4573-b9f5-476782c2c770";7018;"MI";"Hudsonville";8;6;2012;0;18;"20120618"
"98.222.147.136";"US";-85.681400;40.411900;"AS7922 Comcast Cable Communications, Inc.";"mlab1-mia01";0.058307;2798595.314710;"0.004012999";"linux2";"4.71.210.210";"speedtest";1340008775;283380.183614;0.059495;"247a4b73-0dbb-440a-a85f-68d042f5a3a2";7922;"IN";"Fairmount";8;6;2012;0;18;"20120618"
"74.93.119.149";"US";-77.460300;37.553800;"AS7922 Comcast Cable Communications, Inc.";"mlab1-mia01";0.043188;3622274.836732;"0.004012999";"win32";"4.71.210.210";"bittorrent";1340009307;608377.136823;-1.000000;"89137afb-b348-4f18-88b5-80cee829292f";7922;"VA";"Richmond";8;6;2012;0;18;"20120618"
"207.231.92.41";"US";-121.370600;38.784300;"AS14051 Roseville Telephone Company";"mlab1-mia01";0.079554;2663120.099440;"0.004012999";"win32";"4.71.210.210";"speedtest";1340010072;4035555.516280;0.085134;"cb121e1a-4701-4c5a-91b5-29c9df2b10c0";14051;"CA";"Roseville";9;6;2012;0;18;"20120618"
"69.249.238.83";"US";-75.163800;39.952300;"AS7922 Comcast Cable Communications, Inc.";"mlab1-mia01";0.108399;1283165.333880;"0.004012999";"win32";"4.71.210.210";"speedtest";1340010238;124042.260897;0.094336;"a49b9e19-6f47-4dc7-8196-0fc4dbc9e641";7922;"PA";"Philadelphia";9;6;2012;0;18;"20120618"
"50.12.211.162";"US";-93.263800;44.980000;"AS16586 CLEARWIRE - CLEAR WIRELESS LLC";"mlab1-mia01";0.109005;321900.860272;"0.004012999";"darwin";"4.71.210.210";"bittorrent";1340011098;119737.382378;-1.000000;"3955a411-3e83-4a8e-aa8e-165233e306e9";16586;"MN";"Minneapolis";9;6;2012;0;18;"20120618"
"24.46.196.47";"US";-73.686200;40.793900;"AS6128 Cablevision Systems Corp.";"mlab1-mia01";0.040250;2466542.864965;"0.004012999";"win32";"4.71.210.210";"bittorrent";1340011519;260100.924909;-1.000000;"103cc2f1-ddd5-4016-83cc-cdd357e7a81a";6128;"NY";"Manhasset";9;6;2012;0;18;"20120618"
"68.40.185.45";"US";-83.740900;42.277600;"AS7922 Comcast Cable Communications, Inc.";"mlab1-mia01";0.060901;1476053.353200;"0.004012999";"darwin";"4.71.210.210";"speedtest";1340012613;722469.398291;0.066666;"f77a7853-1ba8-4219-aa2c-2157b5e89023";7922;"MI";"Ann Arbor";9;6;2012;0;18;"20120618"
"71.58.226.44";"US";-75.961500;41.249000;"AS7922 Comcast Cable Communications, Inc.";"mlab1-mia01";0.056003;3881577.488720;"0.004012999";"win32";"4.71.210.210";"bittorrent";1340012649;604707.679384;-1.000000;"fb6cc5ca-37c3-44c5-8176-4a40a17f217a";7922;"PA";"Plymouth";9;6;2012;0;18;"20120618"
"75.140.153.254";"US";-121.654400;37.130500;"AS20115 Charter Communications";"mlab1-mia01";0.093205;5122233.712873;"0.004012999";"darwin";"4.71.210.210";"bittorrent";1340012717;638153.727536;-1.000000;"a039434c-d8c0-4f4d-8050-4153de22c986";20115;"CA";"Morgan Hill";9;6;2012;0;18;"20120618"
"74.60.227.223";"US";-84.561300;39.399500;"AS16586 CLEARWIRE - CLEAR WIRELESS LLC";"mlab1-mia01";0.087895;132467.739032;"0.004012999";"win32";"4.71.210.210";"bittorrent";1340012817;50785.340960;-1.000000;"59bc30c0-4f87-4fbd-8bb7-35768315d718";16586;"OH";"Hamilton";9;6;2012;0;18;"20120618"
"50.83.240.108";"US";-95.977900;45.232200;"AS30036 Mediacom Communications Corp";"mlab1-mia01";0.060930;1512188.211990;"0.004012999";"darwin";"4.71.210.210";"bittorrent";1340013078;351697.556763;-1.000000;"43af2f72-3dc4-4824-9ff7-faa06a3cb206";30036;"MN";"Appleton";9;6;2012;0;18;"20120618"
"72.181.251.247";"US";-96.771500;32.833900;"AS11427 Time Warner Cable Internet LLC";"mlab1-mia01";0.032211;2497334.459063;"0.004012999";"darwin";"4.71.210.210";"bittorrent";1340013710;224931.932404;-1.000000;"ec56ca67-ca5b-4ee7-a615-8743ebac3e8a";11427;"TX";"Dallas";10;6;2012;0;18;"20120618"
"75.140.153.254";"US";-121.654400;37.130500;"AS20115 Charter Communications";"mlab1-mia01";0.097689;4065571.160930;"0.004012999";"darwin";"4.71.210.210";"speedtest";1340014300;598268.257804;0.098344;"a039434c-d8c0-4f4d-8050-4153de22c986";20115;"CA";"Morgan Hill";10;6;2012;0;18;"20120618"
"68.58.125.60";"US";-86.158000;39.768400;"AS7922 Comcast Cable Communications, Inc.";"mlab1-mia01";0.060143;1520243.508470;"0.004012999";"darwin";"4.71.210.210";"speedtest";1340014840;507051.179383;0.065118;"9ad7184c-eb25-4754-a40f-91e4262a9d35";7922;"IN";"Indianapolis";10;6;2012;0;18;"20120618"
"66.188.113.29";"US";-97.000000;38.000000;"AS20115 Charter Communications";"mlab1-mia01";0.147161;1455530.916108;"0.004012999";"darwin";"4.71.210.210";"bittorrent";1340020662;392677.063729;-1.000000;"3f295a53-7a79-47cb-bd75-f79b53a6ae22";20115;"";"";11;6;2012;0;18;"20120618"
"71.204.91.144";"US";-84.447700;34.119000;"AS7922 Comcast Cable Communications, Inc.";"mlab1-mia01";0.027578;1182840.106140;"0.004012999";"darwin";"4.71.210.210";"speedtest";1340023002;515276.728183;0.027404;"4b4fa0bc-987b-4105-9a0b-83e736a6503c";7922;"GA";"Woodstock";12;6;2012;0;18;"20120618"
"207.231.92.41";"US";-121.370600;38.784300;"AS14051 Roseville Telephone Company";"mlab1-mia01";0.078301;3231357.299460;"0.004012999";"win32";"4.71.210.210";"bittorrent";1340023074;2511991.121091;-1.000000;"cb121e1a-4701-4c5a-91b5-29c9df2b10c0";14051;"CA";"Roseville";12;6;2012;0;18;"20120618"
"132.161.219.98";"US";-92.717600;41.721700;"AS22949 Grinnell College";"mlab1-mia01";0.051893;1298975.165004;"0.004012999";"win32";"4.71.210.210";"bittorrent";1340024356;345666.190308;-1.000000;"de23301c-c09c-4e47-aa2b-90a625720856";22949;"IA";"Grinnell";12;6;2012;0;18;"20120618"
"50.12.211.162";"US";-93.263800;44.980000;"AS16586 CLEARWIRE - CLEAR WIRELESS LLC";"mlab1-mia01";0.110742;482080.477872;"0.004012999";"darwin";"4.71.210.210";"bittorrent";1340024584;117047.314288;-1.000000;"3955a411-3e83-4a8e-aa8e-165233e306e9";16586;"MN";"Minneapolis";13;6;2012;0;18;"20120618"
"68.48.221.17";"US";-76.837500;39.174900;"AS7922 Comcast Cable Communications, Inc.";"mlab1-mia01";0.042994;3321044.767070;"0.004012999";"darwin";"4.71.210.210";"speedtest";1340024807;702810.762443;0.061404;"4162ce8a-78ab-4a68-9407-13618360662f";7922;"MD";"Columbia";13;6;2012;0;18;"20120618"
"174.31.152.186";"US";-97.000000;38.000000;"AS209 NOVARTIS-DMZ-US";"mlab1-mia01";0.095545;2165173.079350;"0.004012999";"darwin";"4.71.210.210";"speedtest";1340025383;547282.825202;0.098143;"9da9dff5-de02-49ae-a084-b2164425feeb";209;"";"";13;6;2012;0;18;"20120618"
"66.142.7.6";"US";-101.831300;35.222000;"AS2386 AT&T Data Communications Services";"mlab1-mia01";3.151538;8293.495864;"0.004012999";"linux2";"4.71.210.210";"bittorrent";1340025966;23530.091892;-1.000000;"e629a5ed-292e-4c20-860f-40ebe4624851";2386;"TX";"Amarillo";13;6;2012;0;18;"20120618"
"99.99.213.185";"US";-85.882800;42.855500;"AS7018 AT&T Services, Inc.";"mlab1-mia01";0.066372;1406020.253796;"0.004012999";"linux2";"4.71.210.210";"bittorrent";1340026974;184080.499836;-1.000000;"22998df3-a92a-4573-b9f5-476782c2c770";7018;"MI";"Hudsonville";13;6;2012;0;18;"20120618"
"69.251.194.209";"US";-77.177000;39.175200;"AS7922 Comcast Cable Communications, Inc.";"mlab1-mia01";0.041364;2642827.098455;"0.004011999";"win32";"4.71.210.210";"bittorrent";1340027981;546964.142270;-1.000000;"5ab805cf-b023-4309-9496-d8b22873a074";7922;"MD";"Montgomery Village";13;6;2012;0;18;"20120618"
"71.118.241.200";"US";-118.880000;34.213300;"AS701 MCI Communications Services, Inc. d/b/a Verizon Business";"mlab1-mia01";0.084486;2639455.283510;"0.004012999";"darwin";"4.71.210.210";"speedtest";1340028188;630336.083309;0.082403;"6240ede4-4770-4ab9-a1a5-5df49c84c463";701;"CA";"Thousand Oaks";14;6;2012;0;18;"20120618"
"67.168.59.54";"US";-122.668000;48.185500;"AS7922 Comcast Cable Communications, Inc.";"mlab1-mia01";0.079035;1767250.459895;"0.004012999";"win32";"4.71.210.210";"bittorrent";1340028399;719673.282371;-1.000000;"ea22d474-846e-407d-9ebe-cd03ff0d64f4";7922;"WA";"Coupeville";14;6;2012;0;18;"20120618"
"50.78.87.177";"US";-106.097500;39.574400;"AS7922 Comcast Cable Communications, Inc.";"mlab1-mia01";0.065351;1000894.272119;"0.004012999";"win32";"4.71.210.210";"bittorrent";1340028569;663003.994668;-1.000000;"c4393561-5207-49e8-879a-bbb805c9188f";7922;"CO";"Frisco";14;6;2012;0;18;"20120618"
"24.61.63.89";"US";-71.031600;42.399700;"AS7922 Comcast Cable Communications, Inc.";"mlab1-mia01";0.055061;1169647.070340;"0.004012999";"win32";"4.71.210.210";"speedtest";1340029027;515204.309375;0.050276;"641fcec9-64c6-4ec1-a213-90d958a6f9a1";7922;"MA";"Chelsea";14;6;2012;0;18;"20120618"
"184.76.153.6";"US";-96.948900;32.814000;"AS16586 CLEARWIRE - CLEAR WIRELESS LLC";"mlab1-mia01";0.779921;19590.899807;"0.004012999";"win32";"4.71.210.210";"bittorrent";1340029504;92441.747330;-1.000000;"01b5bd21-bfbf-4fa6-a4bc-c89f3cfd177c";16586;"TX";"Irving";14;6;2012;0;18;"20120618"
"24.22.135.177";"US";-122.332100;47.606200;"AS7922 Comcast Cable Communications, Inc.";"mlab1-mia01";0.086563;2284387.273040;"0.004012999";"linux2";"4.71.210.210";"speedtest";1340029638;416854.867351;0.078883;"04cea472-6610-42db-acd2-c644a3d4447f";7922;"WA";"Seattle";14;6;2012;0;18;"20120618"
"99.99.213.185";"US";-85.882800;42.855500;"AS7018 AT&T Services, Inc.";"mlab1-mia01";0.072375;1256528.410283;"0.004012999";"linux2";"4.71.210.210";"bittorrent";1340029950;184391.618455;-1.000000;"22998df3-a92a-4573-b9f5-476782c2c770";7018;"MI";"Hudsonville";14;6;2012;0;18;"20120618"
"69.249.238.83";"US";-75.163800;39.952300;"AS7922 Comcast Cable Communications, Inc.";"mlab1-mia01";0.223764;1326377.055113;"0.004012999";"win32";"4.71.210.210";"bittorrent";1340030494;32290.623869;-1.000000;"a49b9e19-6f47-4dc7-8196-0fc4dbc9e641";7922;"PA";"Philadelphia";14;6;2012;0;18;"20120618"
"50.12.211.162";"US";-93.263800;44.980000;"AS16586 CLEARWIRE - CLEAR WIRELESS LLC";"mlab1-mia01";0.107717;444354.566056;"0.004012999";"darwin";"4.71.210.210";"bittorrent";1340031020;120631.388915;-1.000000;"3955a411-3e83-4a8e-aa8e-165233e306e9";16586;"MN";"Minneapolis";14;6;2012;0;18;"20120618"
"68.58.125.60";"US";-86.158000;39.768400;"AS7922 Comcast Cable Communications, Inc.";"mlab1-mia01";0.059586;1490564.756040;"0.004012999";"darwin";"4.71.210.210";"speedtest";1340031153;505111.386229;0.062516;"9ad7184c-eb25-4754-a40f-91e4262a9d35";7922;"IN";"Indianapolis";14;6;2012;0;18;"20120618"
"24.111.85.175";"US";-97.440500;42.935900;"AS11232 Midcontinent Media, Inc.";"mlab1-mia01";0.072467;272093.761912;"0.004011999";"win32";"4.71.210.210";"bittorrent";1340031687;498892.572055;-1.000000;"d8e6a54b-6231-4d06-a9c1-bf3a10f484b1";11232;"SD";"Yankton";15;6;2012;0;18;"20120618"
"69.249.238.83";"US";-75.163800;39.952300;"AS7922 Comcast Cable Communications, Inc.";"mlab1-mia01";0.241187;844955.960761;"0.004012999";"win32";"4.71.210.210";"speedtest";1340032039;88091.658957;0.310825;"a49b9e19-6f47-4dc7-8196-0fc4dbc9e641";7922;"PA";"Philadelphia";15;6;2012;0;18;"20120618"
"208.57.38.36";"US";-117.164900;32.807200;"AS14265 Telepacific Communications";"mlab1-mia01";0.084300;181212.817642;"0.004011999";"linux2";"4.71.210.210";"bittorrent";1340033367;181403.695572;-1.000000;"71bb2b47-414f-414d-b8ff-f1237c21f432";14265;"CA";"San Diego";15;6;2012;0;18;"20120618"
"72.33.255.98";"US";-89.410400;43.076100;"AS59 University of Wisconsin Madison";"mlab1-mia01";0.088937;2598218.565943;"0.004012999";"darwin";"4.71.210.210";"bittorrent";1340033479;2412942.207100;-1.000000;"3f295a53-7a79-47cb-bd75-f79b53a6ae22";59;"WI";"Madison";15;6;2012;0;18;"20120618"
"71.192.154.157";"US";-71.051200;42.406300;"AS7922 Comcast Cable Communications, Inc.";"mlab1-mia01";0.051260;502706.088872;"0.004012999";"darwin";"4.71.210.210";"bittorrent";1340034099;391691.324196;-1.000000;"65fb0ed5-8aab-4ca3-973b-6f6abd2e24d4";7922;"MA";"Everett";15;6;2012;0;18;"20120618"
"98.207.87.80";"US";-122.299100;37.409600;"AS7922 Comcast Cable Communications, Inc.";"mlab1-mia01";0.089181;3084738.486684;"0.004012999";"darwin";"4.71.210.210";"bittorrent";1340034294;255124.558553;-1.000000;"0f7d671c-779f-4f63-8f54-ca28fcc35fd6";7922;"CA";"Redwood City";15;6;2012;0;18;"20120618"
"74.93.119.149";"US";-77.460300;37.553800;"AS7922 Comcast Cable Communications, Inc.";"mlab1-mia01";0.042804;4364025.142870;"0.004012999";"win32";"4.71.210.210";"speedtest";1340034186;582948.271073;0.046148;"89137afb-b348-4f18-88b5-80cee829292f";7922;"VA";"Richmond";15;6;2012;0;18;"20120618"
"66.80.217.179";"US";-105.002200;39.545700;"AS4565 MegaPath Networks Inc.";"mlab1-mia01";0.054822;662929.523954;"0.004012999";"darwin";"4.71.210.210";"bittorrent";1340034869;718256.180510;-1.000000;"fd8f8cbf-53ff-44fa-8e9f-da47c60b3fce";4565;"CO";"Littleton";15;6;2012;0;18;"20120618"
"71.237.28.39";"US";-104.984700;39.739200;"AS7922 Comcast Cable Communications, Inc.";"mlab1-mia01";0.069731;758310.182312;"0.004012999";"darwin";"4.71.210.210";"speedtest";1340035709;381354.731772;0.253248;"95e96326-78fe-4507-8b06-f60611a1b7ad";7922;"CO";"Denver";16;6;2012;0;18;"20120618"
"71.204.91.144";"US";-84.447700;34.119000;"AS7922 Comcast Cable Communications, Inc.";"mlab1-mia01";0.024110;1718449.803405;"0.004012999";"darwin";"4.71.210.210";"bittorrent";1340036414;519528.312410;-1.000000;"4b4fa0bc-987b-4105-9a0b-83e736a6503c";7922;"GA";"Woodstock";16;6;2012;0;18;"20120618"
"99.104.57.129";"US";-87.701600;41.975900;"AS7018 AT&T Services, Inc.";"mlab1-mia01";0.051886;310677.242743;"0.004012999";"darwin";"4.71.210.210";"bittorrent";1340037219;46363.610744;-1.000000;"d6f10baf-3b6d-47fb-999c-6d4188d2d4b2";7018;"IL";"Chicago";16;6;2012;0;18;"20120618"
"173.160.133.65";"US";-122.449200;47.151100;"AS7922 Comcast Cable Communications, Inc.";"mlab1-mia01";0.083541;433650.772051;"0.004012999";"win32";"4.71.210.210";"bittorrent";1340037242;348256.984016;-1.000000;"cd29f4ce-ebe9-47c8-8b18-9406a9618ac1";7922;"WA";"Tacoma";16;6;2012;0;18;"20120618"
"209.155.86.74";"US";-77.426000;43.100500;"AS1785 PaeTec Communications, Inc.";"mlab1-mia01";0.061578;322745.637779;"0.004012999";"win32";"4.71.210.210";"bittorrent";1340038032;54642.932833;-1.000000;"4841c017-4566-4afc-a805-ba458ccb2be1";1785;"NY";"Fairport";16;6;2012;0;18;"20120618"
"24.2.64.100";"US";-112.008200;40.477400;"AS7922 Comcast Cable Communications, Inc.";"mlab1-mia01";0.082275;819302.060412;"0.004012999";"win32";"4.71.210.210";"speedtest";1340038982;138266.480167;0.083350;"9a8766b6-803d-48fa-b02a-2091ff6f496e";7922;"UT";"Riverton";17;6;2012;0;18;"20120618"
"66.66.21.182";"US";-77.602400;43.185800;"AS11351 Time Warner Cable Internet LLC";"mlab1-mia01";0.057083;1856123.754714;"0.004012999";"win32";"4.71.210.210";"bittorrent";1340039100;600364.845553;-1.000000;"b4fb3816-21d6-43b3-91fc-aabe40980e90";11351;"NY";"Rochester";17;6;2012;0;18;"20120618"
"50.83.240.108";"US";-95.977900;45.232200;"AS30036 Mediacom Communications Corp";"mlab1-mia01";0.061424;1362330.545735;"0.004012999";"darwin";"4.71.210.210";"bittorrent";1340039127;326004.205041;-1.000000;"43af2f72-3dc4-4824-9ff7-faa06a3cb206";30036;"MN";"Appleton";17;6;2012;0;18;"20120618"
"128.61.31.248";"US";-84.388000;33.749000;"AS2637 Georgia Institute of Technology";"mlab1-mia01";0.051515;1680966.338561;"0.004012999";"darwin";"4.71.210.210";"bittorrent";1340039185;2050341.147325;-1.000000;"d1d9cf28-81d6-46b4-ba42-6b229fc338d8";2637;"GA";"Atlanta";17;6;2012;0;18;"20120618"
"70.113.90.176";"US";-97.722700;30.310600;"AS11427 Time Warner Cable Internet LLC";"mlab1-mia01";0.042875;1423596.546366;"0.004012999";"win32";"4.71.210.210";"bittorrent";1340039677;224151.053009;-1.000000;"f957f544-b6fe-4e0c-b05d-e4a409241054";11427;"TX";"Austin";17;6;2012;0;18;"20120618"
"132.161.219.98";"US";-92.717600;41.721700;"AS22949 Grinnell College";"mlab1-mia01";0.052074;2723654.352490;"0.004012999";"win32";"4.71.210.210";"speedtest";1340039973;521678.987677;0.053460;"de23301c-c09c-4e47-aa2b-90a625720856";22949;"IA";"Grinnell";17;6;2012;0;18;"20120618"
"50.193.198.140";"US";-122.213500;47.463700;"AS7922 Comcast Cable Communications, Inc.";"mlab1-mia01";0.082929;517440.357830;"0.004011999";"win32";"4.71.210.210";"speedtest";1340040274;184325.904919;0.085436;"2b37de0c-5f49-4446-8b8f-3b2dad14fb61";7922;"WA";"Renton";17;6;2012;0;18;"20120618"
"99.130.96.199";"US";-117.490800;33.932900;"AS7018 AT&T Services, Inc.";"mlab1-mia01";0.094285;1134957.477340;"0.004012999";"linux2";"4.71.210.210";"speedtest";1340040292;172936.634275;0.095720;"0a3b2944-23c0-4116-a068-0d5627c0dec9";7018;"CA";"Riverside";17;6;2012;0;18;"20120618"
"68.40.185.45";"US";-83.740900;42.277600;"AS7922 Comcast Cable Communications, Inc.";"mlab1-mia01";0.066764;728281.263694;"0.004012999";"darwin";"4.71.210.210";"speedtest";1340040834;745918.571184;0.068613;"f77a7853-1ba8-4219-aa2c-2157b5e89023";7922;"MI";"Ann Arbor";17;6;2012;0;18;"20120618"
"108.0.16.252";"US";-118.142300;33.771100;"AS701 MCI Communications Services, Inc. d/b/a Verizon Business";"mlab1-mia01";0.091726;1560454.761540;"0.004012999";"darwin";"4.71.210.210";"speedtest";1340040880;644132.553893;0.087269;"b13eed9c-7499-4364-89ba-e85068191268";701;"CA";"Long Beach";17;6;2012;0;18;"20120618"
"72.81.232.139";"US";-76.837500;39.174900;"AS701 MCI Communications Services, Inc. d/b/a Verizon Business";"mlab1-mia01";0.065400;1293940.871620;"0.004012999";"darwin";"4.71.210.210";"speedtest";1340040939;230635.273113;0.113728;"5d2377cf-2e67-40be-b1dc-e439a545da6f";701;"MD";"Columbia";17;6;2012;0;18;"20120618"
"68.58.125.60";"US";-86.158000;39.768400;"AS7922 Comcast Cable Communications, Inc.";"mlab1-mia01";0.058854;1571689.819760;"0.004012999";"darwin";"4.71.210.210";"speedtest";1340041000;507197.975432;0.064136;"9ad7184c-eb25-4754-a40f-91e4262a9d35";7922;"IN";"Indianapolis";17;6;2012;0;18;"20120618"
"75.140.153.254";"US";-121.654400;37.130500;"AS20115 Charter Communications";"mlab1-mia01";0.096658;4805664.523568;"0.004012999";"darwin";"4.71.210.210";"bittorrent";1340041260;507348.882171;-1.000000;"a039434c-d8c0-4f4d-8050-4153de22c986";20115;"CA";"Morgan Hill";17;6;2012;0;18;"20120618"
"72.181.251.247";"US";-96.771500;32.833900;"AS11427 Time Warner Cable Internet LLC";"mlab1-mia01";0.045603;2082418.374450;"0.004012999";"darwin";"4.71.210.210";"speedtest";1340041267;218243.610073;0.053084;"ec56ca67-ca5b-4ee7-a615-8743ebac3e8a";11427;"TX";"Dallas";17;6;2012;0;18;"20120618"
"208.52.154.53";"US";-84.443200;33.793000;"AS13703 BroadRiver Communication Corp.";"mlab1-mia01";0.014908;4197199.567290;"0.004010999";"win32";"4.71.210.210";"speedtest";1340041467;908867.071807;0.016826;"5a94fb06-4ffc-4b82-bc99-552f47212e96";13703;"GA";"Atlanta";17;6;2012;0;18;"20120618"
"98.124.100.208";"US";-80.038400;33.118000;"AS16863 Home Telephone Company, Inc.";"mlab1-mia01";0.060457;1084586.281210;"0.004012999";"linux2";"4.71.210.210";"speedtest";1340041607;215374.310956;0.044219;"adcd5d0f-b5f4-47e4-9505-249669f515a0";16863;"SC";"Moncks Corner";17;6;2012;0;18;"20120618"
"99.99.213.185";"US";-85.882800;42.855500;"AS7018 AT&T Services, Inc.";"mlab1-mia01";0.072773;1409420.920733;"0.004012999";"linux2";"4.71.210.210";"bittorrent";1340041859;175339.869948;-1.000000;"22998df3-a92a-4573-b9f5-476782c2c770";7018;"MI";"Hudsonville";17;6;2012;0;18;"20120618"
"64.20.193.162";"US";-85.110800;42.297900;"AS19653 CTS Communications Corp";"mlab1-mia01";0.038984;677991.927790;"0.004012999";"darwin";"4.71.210.210";"speedtest";1340041976;996914.700632;0.041244;"5acea4ff-2ab8-4f30-a616-293a7915e0b1";19653;"MI";"Battle Creek";17;6;2012;0;18;"20120618"
"98.222.147.136";"US";-85.681400;40.411900;"AS7922 Comcast Cable Communications, Inc.";"mlab1-mia01";0.092626;2712101.674860;"0.004012999";"linux2";"4.71.210.210";"speedtest";1340042549;174163.080949;0.085469;"247a4b73-0dbb-440a-a85f-68d042f5a3a2";7922;"IN";"Fairmount";18;6;2012;0;18;"20120618"
"99.104.57.129";"US";-87.701600;41.975900;"AS7018 AT&T Services, Inc.";"mlab1-mia01";0.051813;311789.520076;"0.004012999";"darwin";"4.71.210.210";"bittorrent";1340043192;52431.378409;-1.000000;"d6f10baf-3b6d-47fb-999c-6d4188d2d4b2";7018;"IL";"Chicago";18;6;2012;0;18;"20120618"
"24.46.196.47";"US";-73.686200;40.793900;"AS6128 Cablevision Systems Corp.";"mlab1-mia01";0.040866;2388963.231466;"0.004012999";"win32";"4.71.210.210";"bittorrent";1340043256;260415.597539;-1.000000;"103cc2f1-ddd5-4016-83cc-cdd357e7a81a";6128;"NY";"Manhasset";18;6;2012;0;18;"20120618"
"24.111.85.175";"US";-97.440500;42.935900;"AS11232 Midcontinent Media, Inc.";"mlab1-mia01";0.059997;239838.502159;"0.004011999";"win32";"4.71.210.210";"speedtest";1340044347;536870.725489;0.062154;"d8e6a54b-6231-4d06-a9c1-bf3a10f484b1";11232;"SD";"Yankton";18;6;2012;0;18;"20120618"
"174.31.152.186";"US";-97.000000;38.000000;"AS209 NOVARTIS-DMZ-US";"mlab1-mia01";0.098424;2069193.898330;"0.004012999";"darwin";"4.71.210.210";"speedtest";1340044662;540752.096356;0.099091;"9da9dff5-de02-49ae-a084-b2164425feeb";209;"";"";18;6;2012;0;18;"20120618"
"108.58.78.250";"US";-73.587600;40.755700;"AS6128 Cablevision Systems Corp.";"mlab1-mia01";0.043673;1969250.042511;"0.004011999";"win32";"4.71.210.210";"bittorrent";1340045019;608305.221554;-1.000000;"63a2819d-1e01-4d29-9601-39befed63efa";6128;"NY";"Westbury";18;6;2012;0;18;"20120618"
"71.187.199.3";"US";-74.216400;40.816200;"AS701 MCI Communications Services, Inc. d/b/a Verizon Business";"mlab1-mia01";0.052148;1398401.619000;"0.004011999";"win32";"4.71.210.210";"speedtest";1340045262;1065590.027260;0.044599;"a9bde20f-2872-443c-8e9b-a2f6f162c91d";701;"NJ";"Montclair";18;6;2012;0;18;"20120618"
"96.2.48.78";"US";-96.983300;42.836900;"AS11232 Midcontinent Media, Inc.";"mlab1-mia01";0.063102;3994714.911663;"0.004012999";"win32";"4.71.210.210";"bittorrent";1340045265;629206.872886;-1.000000;"5445103e-8ecb-4c12-b5f3-066ee6208757";11232;"SD";"Vermillion";18;6;2012;0;18;"20120618"
"71.237.28.39";"US";-104.984700;39.739200;"AS7922 Comcast Cable Communications, Inc.";"mlab1-mia01";0.069035;935546.772975;"0.004012999";"darwin";"4.71.210.210";"bittorrent";1340045568;472275.241285;-1.000000;"95e96326-78fe-4507-8b06-f60611a1b7ad";7922;"CO";"Denver";18;6;2012;0;18;"20120618"
"24.46.196.47";"US";-73.686200;40.793900;"AS6128 Cablevision Systems Corp.";"mlab1-mia01";0.042342;2258365.306101;"0.004012999";"win32";"4.71.210.210";"bittorrent";1340046137;261227.629370;-1.000000;"103cc2f1-ddd5-4016-83cc-cdd357e7a81a";6128;"NY";"Manhasset";19;6;2012;0;18;"20120618"
"97.65.115.51";"US";-122.393300;37.769700;"AS4323 tw telecom holdings, inc.";"mlab1-mia01";0.076698;801738.988879;"0.004012999";"win32";"4.71.210.210";"bittorrent";1340046358;543822.731321;-1.000000;"e54bd867-c3d4-475c-aa3f-d513bac1c0f1";4323;"CA";"San Francisco";19;6;2012;0;18;"20120618"
"67.168.59.54";"US";-122.668000;48.185500;"AS7922 Comcast Cable Communications, Inc.";"mlab1-mia01";0.079553;1617485.089391;"0.004012999";"win32";"4.71.210.210";"bittorrent";1340046491;705515.316867;-1.000000;"ea22d474-846e-407d-9ebe-cd03ff0d64f4";7922;"WA";"Coupeville";19;6;2012;0;18;"20120618"
"71.89.124.38";"US";-88.736400;44.638200;"AS20115 Charter Communications";"mlab1-mia01";0.065880;3549720.131313;"0.004012999";"win32";"4.71.210.210";"bittorrent";1340046566;400802.157387;-1.000000;"0730ff7f-47eb-4e84-99b1-016150556fb6";20115;"WI";"Clintonville";19;6;2012;0;18;"20120618"
"128.61.31.248";"US";-84.388000;33.749000;"AS2637 Georgia Institute of Technology";"mlab1-mia01";0.052485;1883229.046940;"0.004012999";"darwin";"4.71.210.210";"speedtest";1340047143;2359561.966260;0.054916;"d1d9cf28-81d6-46b4-ba42-6b229fc338d8";2637;"GA";"Atlanta";19;6;2012;0;18;"20120618"
"74.103.162.36";"US";-75.114700;40.427800;"AS701 MCI Communications Services, Inc. d/b/a Verizon Business";"mlab1-mia01";0.040956;1822670.770240;"0.004012999";"darwin";"4.71.210.210";"bittorrent";1340047271;667281.101865;-1.000000;"4eec0d76-fa70-4b4c-91f9-8cb1b74b0682";701;"PA";"Pipersville";19;6;2012;0;18;"20120618"
"208.52.154.53";"US";-84.443200;33.793000;"AS13703 BroadRiver Communication Corp.";"mlab1-mia01";0.015509;8617521.668200;"0.004010999";"win32";"4.71.210.210";"speedtest";1340047848;937691.575215;0.016796;"5a94fb06-4ffc-4b82-bc99-552f47212e96";13703;"GA";"Atlanta";19;6;2012;0;18;"20120618"
"205.178.18.107";"US";-87.623800;41.884900;"AS6079 RCN";"mlab1-mia01";0.047830;2366173.347428;"0.004011999";"win32";"4.71.210.210";"bittorrent";1340048145;228273.977526;-1.000000;"e98788b3-c49f-4266-b003-f95ea1c0e2a0";6079;"IL";"Chicago";19;6;2012;0;18;"20120618"
"75.132.191.176";"US";-89.899800;38.512100;"AS20115 Charter Communications";"mlab1-mia01";0.055119;1972604.226450;"0.004012999";"win32";"4.71.210.210";"speedtest";1340048156;390224.406925;0.053600;"c08311ac-7edd-4390-b447-4ca484b5dacc";20115;"IL";"Belleville";19;6;2012;0;18;"20120618"
"76.168.80.127";"US";-118.243700;34.052200;"AS20001 Time Warner Cable Internet LLC";"mlab1-mia01";0.082383;1786105.026794;"0.004012999";"darwin";"4.71.210.210";"bittorrent";1340048363;119218.741455;-1.000000;"90d62fdd-a880-469e-bb3b-4bf575cfed10";20001;"CA";"Los Angeles";19;6;2012;0;18;"20120618"
"98.251.77.68";"US";-83.949600;33.512000;"AS7922 Comcast Cable Communications, Inc.";"mlab1-mia01";0.547596;865543.579266;"0.004011999";"win32";"4.71.210.210";"bittorrent";1340048827;248780.021388;-1.000000;"cbfab653-aed3-47c3-b7d0-e4159cab6582";7922;"GA";"Covington";19;6;2012;0;18;"20120618"
"69.249.238.83";"US";-75.163800;39.952300;"AS7922 Comcast Cable Communications, Inc.";"mlab1-mia01";0.123075;1307858.880610;"0.004012999";"win32";"4.71.210.210";"bittorrent";1340049158;183599.451378;-1.000000;"a49b9e19-6f47-4dc7-8196-0fc4dbc9e641";7922;"PA";"Philadelphia";19;6;2012;0;18;"20120618"
"71.58.226.44";"US";-75.961500;41.249000;"AS7922 Comcast Cable Communications, Inc.";"mlab1-mia01";0.059188;3100800.146370;"0.004012999";"win32";"4.71.210.210";"speedtest";1340050528;699565.545971;0.059037;"fb6cc5ca-37c3-44c5-8176-4a40a17f217a";7922;"PA";"Plymouth";20;6;2012;0;18;"20120618"
"207.231.92.41";"US";-121.370600;38.784300;"AS14051 Roseville Telephone Company";"mlab1-mia01";0.081178;2710869.640920;"0.004012999";"win32";"4.71.210.210";"speedtest";1340050444;3193675.954480;0.081272;"cb121e1a-4701-4c5a-91b5-29c9df2b10c0";14051;"CA";"Roseville";20;6;2012;0;18;"20120618"
"75.132.191.176";"US";-89.899800;38.512100;"AS20115 Charter Communications";"mlab1-mia01";0.048328;2172500.118170;"0.004012999";"win32";"4.71.210.210";"speedtest";1340051101;392321.111315;0.053008;"c08311ac-7edd-4390-b447-4ca484b5dacc";20115;"IL";"Belleville";20;6;2012;0;18;"20120618"
"24.111.85.175";"US";-97.440500;42.935900;"AS11232 Midcontinent Media, Inc.";"mlab1-mia01";0.059280;284005.404251;"0.004011999";"win32";"4.71.210.210";"bittorrent";1340051204;498199.105458;-1.000000;"d8e6a54b-6231-4d06-a9c1-bf3a10f484b1";11232;"SD";"Yankton";20;6;2012;0;18;"20120618"
"208.57.38.36";"US";-117.164900;32.807200;"AS14265 Telepacific Communications";"mlab1-mia01";0.087021;181227.620979;"0.004011999";"linux2";"4.71.210.210";"bittorrent";1340051477;175366.018641;-1.000000;"71bb2b47-414f-414d-b8ff-f1237c21f432";14265;"CA";"San Diego";20;6;2012;0;18;"20120618"
"71.190.171.206";"US";-73.525400;40.767000;"AS701 MCI Communications Services, Inc. d/b/a Verizon Business";"mlab1-mia01";0.040112;3813660.877019;"0.004012999";"linux2";"4.71.210.210";"bittorrent";1340052907;2206391.608085;-1.000000;"dfd87da2-1968-48ac-9bd2-5469644e29e4";701;"NY";"Hicksville";20;6;2012;0;18;"20120618"
"205.178.18.107";"US";-87.623800;41.884900;"AS6079 RCN";"mlab1-mia01";0.038510;2178605.438820;"0.004011999";"win32";"4.71.210.210";"speedtest";1340052915;231288.646055;0.042489;"e98788b3-c49f-4266-b003-f95ea1c0e2a0";6079;"IL";"Chicago";20;6;2012;0;18;"20120618"
"66.66.21.182";"US";-77.602400;43.185800;"AS11351 Time Warner Cable Internet LLC";"mlab1-mia01";0.058961;3649988.582370;"0.004012999";"win32";"4.71.210.210";"speedtest";1340053758;555910.948693;0.062926;"b4fb3816-21d6-43b3-91fc-aabe40980e90";11351;"NY";"Rochester";21;6;2012;0;18;"20120618"
"71.58.226.44";"US";-75.961500;41.249000;"AS7922 Comcast Cable Communications, Inc.";"mlab1-mia01";0.056493;3312239.437843;"0.004012999";"win32";"4.71.210.210";"bittorrent";1340054742;613134.645900;-1.000000;"fb6cc5ca-37c3-44c5-8176-4a40a17f217a";7922;"PA";"Plymouth";21;6;2012;0;18;"20120618"
"67.168.59.54";"US";-122.668000;48.185500;"AS7922 Comcast Cable Communications, Inc.";"mlab1-mia01";0.080217;2413315.459424;"0.004012999";"win32";"4.71.210.210";"bittorrent";1340055519;669319.833612;-1.000000;"ea22d474-846e-407d-9ebe-cd03ff0d64f4";7922;"WA";"Coupeville";21;6;2012;0;18;"20120618"
"24.130.152.60";"US";-122.088500;37.709000;"AS7922 Comcast Cable Communications, Inc.";"mlab1-mia01";0.088143;2153867.471780;"0.004012999";"darwin";"4.71.210.210";"speedtest";1340055522;723827.722838;0.096266;"92ef1dc6-e5b9-40c8-800b-cc909779319d";7922;"CA";"Castro Valley";21;6;2012;0;18;"20120618"
"98.203.140.223";"US";-122.304300;47.610200;"AS7922 Comcast Cable Communications, Inc.";"mlab1-mia01";0.080291;1749573.079130;"0.004012999";"linux2";"4.71.210.210";"speedtest";1340055202;390653.663986;0.088742;"4bf1068a-cabe-4254-a52f-c2914db03ade";7922;"WA";"Seattle";21;6;2012;0;18;"20120618"
"72.181.251.247";"US";-96.771500;32.833900;"AS11427 Time Warner Cable Internet LLC";"mlab1-mia01";0.045938;2474589.815625;"0.004012999";"darwin";"4.71.210.210";"bittorrent";1340055872;224221.468355;-1.000000;"ec56ca67-ca5b-4ee7-a615-8743ebac3e8a";11427;"TX";"Dallas";21;6;2012;0;18;"20120618"
"24.2.64.100";"US";-112.008200;40.477400;"AS7922 Comcast Cable Communications, Inc.";"mlab1-mia01";0.081759;819767.522788;"0.004012999";"win32";"4.71.210.210";"speedtest";1340056084;137543.460251;0.082204;"9a8766b6-803d-48fa-b02a-2091ff6f496e";7922;"UT";"Riverton";21;6;2012;0;18;"20120618"
"99.21.145.140";"US";-121.382800;38.626300;"AS7132 AS for SBIS-AS";"mlab1-mia01";0.109426;831435.727061;"0.004012999";"win32";"4.71.210.210";"speedtest";1340056449;111240.276029;0.112761;"ebeab1c8-defc-4fef-8be3-daa7088a0954";7132;"CA";"Sacramento";21;6;2012;0;18;"20120618"
"174.130.159.236";"US";-84.120400;32.341000;"AS7029 Windstream Communications Inc";"mlab1-mia01";0.121608;31839.083194;"0.004011999";"win32";"4.71.210.210";"bittorrent";1340057260;53927.335247;-1.000000;"de6fbf44-b9c6-4959-9089-5bd76562acd2";7029;"GA";"Oglethorpe";22;6;2012;0;18;"20120618"
"208.57.38.36";"US";-117.164900;32.807200;"AS14265 Telepacific Communications";"mlab1-mia01";0.087979;178222.971374;"0.004011999";"linux2";"4.71.210.210";"bittorrent";1340057531;178262.232132;-1.000000;"71bb2b47-414f-414d-b8ff-f1237c21f432";14265;"CA";"San Diego";22;6;2012;0;18;"20120618"
"96.236.133.97";"US";-79.995900;40.440600;"AS701 MCI Communications Services, Inc. d/b/a Verizon Business";"mlab1-mia01";0.043711;655425.274667;"0.004012999";"linux2";"4.71.210.210";"bittorrent";1340057571;376930.715446;-1.000000;"002bd52f-5f9d-42eb-9ce6-e310c9db525a";701;"PA";"Pittsburgh";22;6;2012;0;18;"20120618"
"209.155.86.74";"US";-77.426000;43.100500;"AS1785 PaeTec Communications, Inc.";"mlab1-mia01";0.051210;232703.303410;"0.004012999";"win32";"4.71.210.210";"bittorrent";1340057576;56187.837097;-1.000000;"4841c017-4566-4afc-a805-ba458ccb2be1";1785;"NY";"Fairport";22;6;2012;0;18;"20120618"
"75.145.125.61";"US";-104.984700;39.739200;"AS7922 Comcast Cable Communications, Inc.";"mlab1-mia01";0.059839;2732320.542560;"0.004012999";"linux2";"4.71.210.210";"speedtest";1340058333;1067936.896120;0.058138;"d3080793-9920-4346-9c49-3a102587393e";7922;"CO";"Denver";22;6;2012;0;18;"20120618"
"69.144.10.64";"US";-108.454100;43.769800;"AS33588 Bresnan Communications, LLC.";"mlab1-mia01";0.065122;1853442.913811;"0.004012999";"win32";"4.71.210.210";"bittorrent";1340058413;224883.892629;-1.000000;"eacc891a-5915-4c63-a32a-7240664eaf5a";33588;"WY";"Thermopolis";22;6;2012;0;18;"20120618"
"64.13.104.81";"US";-77.026100;38.990700;"AS16586 CLEARWIRE - CLEAR WIRELESS LLC";"mlab1-mia01";0.087887;71737.129595;"0.004012999";"darwin";"4.71.210.210";"bittorrent";1340058837;131463.474418;-1.000000;"8a5f995c-e96b-4ee9-8332-ee1284a6fd58";16586;"MD";"Silver Spring";22;6;2012;0;18;"20120618"
"208.57.38.36";"US";-117.164900;32.807200;"AS14265 Telepacific Communications";"mlab1-mia01";0.084852;161740.157253;"0.004011999";"linux2";"4.71.210.210";"speedtest";1340059039;175852.482819;0.089990;"71bb2b47-414f-414d-b8ff-f1237c21f432";14265;"CA";"San Diego";22;6;2012;0;18;"20120618"
"97.65.115.51";"US";-122.393300;37.769700;"AS4323 tw telecom holdings, inc.";"mlab1-mia01";0.076144;579168.498449;"0.004012999";"win32";"4.71.210.210";"bittorrent";1340059166;498162.611117;-1.000000;"e54bd867-c3d4-475c-aa3f-d513bac1c0f1";4323;"CA";"San Francisco";22;6;2012;0;18;"20120618"
"174.31.152.186";"US";-97.000000;38.000000;"AS209 NOVARTIS-DMZ-US";"mlab1-mia01";0.096892;1976825.831942;"0.004012999";"darwin";"4.71.210.210";"bittorrent";1340059327;592603.344076;-1.000000;"9da9dff5-de02-49ae-a084-b2164425feeb";209;"";"";22;6;2012;0;18;"20120618"
"98.206.101.228";"US";-87.655100;41.937300;"AS7922 Comcast Cable Communications, Inc.";"mlab1-mia01";0.044977;2754740.996320;"0.004012999";"win32";"4.71.210.210";"speedtest";1340059661;508867.276593;0.046864;"1b8a7968-95b4-4827-8260-84d7e02b3d53";7922;"IL";"Chicago";22;6;2012;0;18;"20120618"
"75.132.191.176";"US";-89.899800;38.512100;"AS20115 Charter Communications";"mlab1-mia01";0.054593;1556391.190800;"0.004012999";"win32";"4.71.210.210";"speedtest";1340059925;391696.278567;0.054550;"c08311ac-7edd-4390-b447-4ca484b5dacc";20115;"IL";"Belleville";22;6;2012;0;18;"20120618"
"67.172.130.152";"US";-104.821400;38.833900;"AS7922 Comcast Cable Communications, Inc.";"mlab1-mia01";0.055123;3108464.242400;"0.004012999";"darwin";"4.71.210.210";"speedtest";1340061207;521165.804876;0.059775;"e83583f7-4c54-4291-a929-2fd12fd286f5";7922;"CO";"Colorado Springs";23;6;2012;0;18;"20120618"
"98.124.100.208";"US";-80.038400;33.118000;"AS16863 Home Telephone Company, Inc.";"mlab1-mia01";0.062916;1175509.498777;"0.004012999";"linux2";"4.71.210.210";"bittorrent";1340061652;220249.955710;-1.000000;"adcd5d0f-b5f4-47e4-9505-249669f515a0";16863;"SC";"Moncks Corner";23;6;2012;0;18;"20120618"
"99.99.213.185";"US";-85.882800;42.855500;"AS7018 AT&T Services, Inc.";"mlab1-mia01";0.068785;1300943.352160;"0.004012999";"linux2";"4.71.210.210";"speedtest";1340061703;178693.527144;0.070830;"22998df3-a92a-4573-b9f5-476782c2c770";7018;"MI";"Hudsonville";23;6;2012;0;18;"20120618"
"71.190.171.206";"US";-73.525400;40.767000;"AS701 MCI Communications Services, Inc. d/b/a Verizon Business";"mlab1-mia01";0.042856;3805283.640539;"0.004012999";"linux2";"4.71.210.210";"bittorrent";1340061965;2359016.640864;-1.000000;"dfd87da2-1968-48ac-9bd2-5469644e29e4";701;"NY";"Hicksville";23;6;2012;0;18;"20120618"
"67.80.190.212";"US";-73.623200;40.874200;"AS6128 Cablevision Systems Corp.";"mlab1-mia01";0.041244;2086297.544270;"0.004012999";"win32";"4.71.210.210";"speedtest";1340062090;261145.848670;0.044757;"103cc2f1-ddd5-4016-83cc-cdd357e7a81a";6128;"NY";"Glen Cove";23;6;2012;0;18;"20120618"
"99.130.96.199";"US";-117.490800;33.932900;"AS7018 AT&T Services, Inc.";"mlab1-mia01";0.117625;1058379.755811;"0.004012999";"linux2";"4.71.210.210";"bittorrent";1340062581;183992.584641;-1.000000;"0a3b2944-23c0-4116-a068-0d5627c0dec9";7018;"CA";"Riverside";23;6;2012;0;18;"20120618"
"99.104.57.129";"US";-87.701600;41.975900;"AS7018 AT&T Services, Inc.";"mlab1-mia01";0.472227;114016.246083;"0.004012999";"darwin";"4.71.210.210";"speedtest";1340062852;25989.418929;0.405828;"d6f10baf-3b6d-47fb-999c-6d4188d2d4b2";7018;"IL";"Chicago";23;6;2012;0;18;"20120618"
"71.192.154.157";"US";-71.051200;42.406300;"AS7922 Comcast Cable Communications, Inc.";"mlab1-mia01";0.049945;237932.396750;"0.004012999";"darwin";"4.71.210.210";"speedtest";1340063011;430445.471794;0.052274;"65fb0ed5-8aab-4ca3-973b-6f6abd2e24d4";7922;"MA";"Everett";23;6;2012;0;18;"20120618"
"69.249.238.83";"US";-75.163800;39.952300;"AS7922 Comcast Cable Communications, Inc.";"mlab1-mia01";0.044884;1170255.931420;"0.004012999";"win32";"4.71.210.210";"speedtest";1340063109;116373.310338;0.053919;"a49b9e19-6f47-4dc7-8196-0fc4dbc9e641";7922;"PA";"Philadelphia";23;6;2012;0;18;"20120618"
"98.243.192.146";"US";-84.594100;42.860200;"AS7922 Comcast Cable Communications, Inc.";"mlab1-mia01";0.058205;1005392.037920;"0.004012999";"darwin";"4.71.210.210";"speedtest";1340063362;457812.687419;0.059923;"69a61dac-c7ac-4b16-b86b-4bd2f3990f62";7922;"MI";"Dewitt";23;6;2012;0;18;"20120618"
"174.130.159.236";"US";-84.120400;32.341000;"AS7029 Windstream Communications Inc";"mlab1-mia01";0.044229;38955.691316;"0.004011999";"win32";"4.71.210.210";"bittorrent";1340063423;77901.952545;-1.000000;"de6fbf44-b9c6-4959-9089-5bd76562acd2";7029;"GA";"Oglethorpe";23;6;2012;0;18;"20120618"
"99.99.213.185";"US";-85.882800;42.855500;"AS7018 AT&T Services, Inc.";"mlab3-dfw01";0.060520;1195846.109339;"0.004012999";"linux2";"38.107.216.41";"bittorrent";1339977634;184145.175360;-1.000000;"22998df3-a92a-4573-b9f5-476782c2c770";7018;"MI";"Hudsonville";0;6;2012;0;18;"20120618"
"67.168.66.115";"US";-122.630500;48.321800;"AS7922 Comcast Cable Communications, Inc.";"mlab3-dfw01";0.057804;3615153.208154;"0.004012999";"win32";"38.107.216.41";"bittorrent";1339977978;710797.452995;-1.000000;"3ee99b5a-2c05-4823-a555-34b90b697de5";7922;"WA";"Oak Harbor";0;6;2012;0;18;"20120618"
"99.104.57.129";"US";-87.701600;41.975900;"AS7018 AT&T Services, Inc.";"mlab3-dfw01";0.738736;114824.556922;"0.004012999";"darwin";"38.107.216.41";"bittorrent";1339979642;10135.007363;-1.000000;"d6f10baf-3b6d-47fb-999c-6d4188d2d4b2";7018;"IL";"Chicago";0;6;2012;0;18;"20120618"
"132.161.219.98";"US";-92.717600;41.721700;"AS22949 Grinnell College";"mlab3-dfw01";0.053265;2784864.677610;"0.004012999";"win32";"38.107.216.41";"speedtest";1339980261;547024.384429;0.054487;"de23301c-c09c-4e47-aa2b-90a625720856";22949;"IA";"Grinnell";0;6;2012;0;18;"20120618"
"74.163.8.166";"US";-86.875000;30.446700;"AS6389 BellSouth.net Inc.";"mlab3-dfw01";0.061621;317616.936544;"0.004012999";"win32";"38.107.216.41";"speedtest";1339980611;39987.684715;0.070971;"4565989b-987f-4c3c-aa75-a740afde3068";6389;"FL";"Navarre";0;6;2012;0;18;"20120618"
"98.157.202.20";"US";-87.413900;39.466700;"AS10796 Time Warner Cable Internet LLC";"mlab3-dfw01";0.089020;1825038.526280;"0.004011999";"win32";"38.107.216.41";"speedtest";1339981141;73755.613367;0.068290;"9c0fa0e1-b625-407b-8e5d-f979a63c0e77";10796;"IN";"Terre Haute";0;6;2012;0;18;"20120618"
"98.124.100.208";"US";-80.038400;33.118000;"AS16863 Home Telephone Company, Inc.";"mlab3-dfw01";0.062473;1168763.106342;"0.004012999";"linux2";"38.107.216.41";"bittorrent";1339981935;223981.915584;-1.000000;"adcd5d0f-b5f4-47e4-9505-249669f515a0";16863;"SC";"Moncks Corner";1;6;2012;0;18;"20120618"
"98.157.202.20";"US";-87.413900;39.466700;"AS10796 Time Warner Cable Internet LLC";"mlab3-dfw01";0.074658;390930.159940;"0.004011999";"win32";"38.107.216.41";"bittorrent";1339982549;40658.250659;-1.000000;"9c0fa0e1-b625-407b-8e5d-f979a63c0e77";10796;"IN";"Terre Haute";1;6;2012;0;18;"20120618"
"74.93.119.149";"US";-77.460300;37.553800;"AS7922 Comcast Cable Communications, Inc.";"mlab3-dfw01";0.054352;3213885.500063;"0.004012999";"win32";"38.107.216.41";"bittorrent";1339982747;606101.252314;-1.000000;"89137afb-b348-4f18-88b5-80cee829292f";7922;"VA";"Richmond";1;6;2012;0;18;"20120618"
"98.207.87.80";"US";-122.299100;37.409600;"AS7922 Comcast Cable Communications, Inc.";"mlab3-dfw01";0.060522;736940.814048;"0.004012999";"darwin";"38.107.216.41";"bittorrent";1339982805;254957.410644;-1.000000;"0f7d671c-779f-4f63-8f54-ca28fcc35fd6";7922;"CA";"Redwood City";1;6;2012;0;18;"20120618"
"75.75.156.100";"US";-77.229100;39.841800;"AS7922 Comcast Cable Communications, Inc.";"mlab3-dfw01";0.609981;515889.890904;"0.004012999";"win32";"38.107.216.41";"speedtest";1339983358;89064.210094;0.067962;"74807f51-f20f-4c2b-8aa7-32eb64040c5e";7922;"PA";"Gettysburg";1;6;2012;0;18;"20120618"
"24.2.64.100";"US";-112.008200;40.477400;"AS7922 Comcast Cable Communications, Inc.";"mlab3-dfw01";0.041209;921762.588105;"0.004012999";"win32";"38.107.216.41";"bittorrent";1339983918;138915.763172;-1.000000;"9a8766b6-803d-48fa-b02a-2091ff6f496e";7922;"UT";"Riverton";1;6;2012;0;18;"20120618"
"99.92.88.210";"US";-122.030700;37.353700;"AS7018 AT&T Services, Inc.";"mlab3-dfw01";0.077726;1287219.651450;"0.004012999";"darwin";"38.107.216.41";"speedtest";1339984392;177120.038007;0.077730;"13cf72ab-670c-4dc7-8fad-aa9a41f4355d";7018;"CA";"Sunnyvale";1;6;2012;0;18;"20120618"
"68.40.185.45";"US";-83.740900;42.277600;"AS7922 Comcast Cable Communications, Inc.";"mlab3-dfw01";0.055734;1300574.169370;"0.004012999";"darwin";"38.107.216.41";"speedtest";1339984434;736457.401153;0.062035;"f77a7853-1ba8-4219-aa2c-2157b5e89023";7922;"MI";"Ann Arbor";1;6;2012;0;18;"20120618"
"76.112.203.189";"US";-83.144600;42.489500;"AS7922 Comcast Cable Communications, Inc.";"mlab3-dfw01";0.058756;826635.441609;"0.004012999";"win32";"38.107.216.41";"bittorrent";1339984901;786467.900418;-1.000000;"5cb4931f-bf67-49bf-a4ec-d36d7495a682";7922;"MI";"Royal Oak";2;6;2012;0;18;"20120618"
"75.140.153.254";"US";-121.654400;37.130500;"AS20115 Charter Communications";"mlab3-dfw01";0.072747;2421581.275900;"0.004012999";"darwin";"38.107.216.41";"speedtest";1339985322;615276.878030;0.073887;"a039434c-d8c0-4f4d-8050-4153de22c986";20115;"CA";"Morgan Hill";2;6;2012;0;18;"20120618"
"99.21.145.140";"US";-121.382800;38.626300;"AS7132 AS for SBIS-AS";"mlab3-dfw01";0.076066;803318.000464;"0.004012999";"win32";"38.107.216.41";"speedtest";1339985686;117758.023618;0.075863;"ebeab1c8-defc-4fef-8be3-daa7088a0954";7132;"CA";"Sacramento";2;6;2012;0;18;"20120618"
"99.92.88.210";"US";-122.030700;37.353700;"AS7018 AT&T Services, Inc.";"mlab3-dfw01";0.074307;1253997.539018;"0.004012999";"darwin";"38.107.216.41";"bittorrent";1339985860;180424.019501;-1.000000;"13cf72ab-670c-4dc7-8fad-aa9a41f4355d";7018;"CA";"Sunnyvale";2;6;2012;0;18;"20120618"
"99.99.213.185";"US";-85.882800;42.855500;"AS7018 AT&T Services, Inc.";"mlab3-dfw01";0.060122;1030949.907510;"0.004012999";"linux2";"38.107.216.41";"speedtest";1339986780;205208.599328;0.062660;"22998df3-a92a-4573-b9f5-476782c2c770";7018;"MI";"Hudsonville";2;6;2012;0;18;"20120618"
"64.13.104.81";"US";-77.026100;38.990700;"AS16586 CLEARWIRE - CLEAR WIRELESS LLC";"mlab3-dfw01";0.191378;166222.444990;"0.004012999";"darwin";"38.107.216.41";"speedtest";1339986846;124807.580397;0.280155;"8a5f995c-e96b-4ee9-8332-ee1284a6fd58";16586;"MD";"Silver Spring";2;6;2012;0;18;"20120618"
"98.207.87.80";"US";-122.299100;37.409600;"AS7922 Comcast Cable Communications, Inc.";"mlab3-dfw01";0.061167;807059.627891;"0.004012999";"darwin";"38.107.216.41";"speedtest";1339987409;241577.922122;0.066503;"0f7d671c-779f-4f63-8f54-ca28fcc35fd6";7922;"CA";"Redwood City";2;6;2012;0;18;"20120618"
"98.243.192.146";"US";-84.594100;42.860200;"AS7922 Comcast Cable Communications, Inc.";"mlab3-dfw01";0.063516;877101.832257;"0.004012999";"darwin";"38.107.216.41";"speedtest";1339987577;468047.325050;0.074356;"69a61dac-c7ac-4b16-b86b-4bd2f3990f62";7922;"MI";"Dewitt";2;6;2012;0;18;"20120618"
"64.13.104.81";"US";-77.026100;38.990700;"AS16586 CLEARWIRE - CLEAR WIRELESS LLC";"mlab3-dfw01";0.131016;243932.459574;"0.004012999";"darwin";"38.107.216.41";"bittorrent";1339988245;142891.854810;-1.000000;"8a5f995c-e96b-4ee9-8332-ee1284a6fd58";16586;"MD";"Silver Spring";2;6;2012;0;18;"20120618"
"71.187.199.3";"US";-74.216400;40.816200;"AS701 MCI Communications Services, Inc. d/b/a Verizon Business";"mlab3-dfw01";0.056614;1072506.055630;"0.004011999";"win32";"38.107.216.41";"speedtest";1339988429;827045.081326;0.058551;"a9bde20f-2872-443c-8e9b-a2f6f162c91d";701;"NJ";"Montclair";3;6;2012;0;18;"20120618"
"68.58.125.60";"US";-86.158000;39.768400;"AS7922 Comcast Cable Communications, Inc.";"mlab3-dfw01";0.057975;1108575.861260;"0.004012999";"darwin";"38.107.216.41";"speedtest";1339988615;503568.251088;0.086128;"9ad7184c-eb25-4754-a40f-91e4262a9d35";7922;"IN";"Indianapolis";3;6;2012;0;18;"20120618"
"98.206.101.228";"US";-87.655100;41.937300;"AS7922 Comcast Cable Communications, Inc.";"mlab3-dfw01";0.043704;2710985.010660;"0.004012999";"win32";"38.107.216.41";"speedtest";1339988627;513353.100436;0.044681;"1b8a7968-95b4-4827-8260-84d7e02b3d53";7922;"IL";"Chicago";3;6;2012;0;18;"20120618"
"70.122.243.11";"US";-97.015000;32.954600;"AS11427 Time Warner Cable Internet LLC";"mlab3-dfw01";0.132514;2064499.613968;"0.004012999";"win32";"38.107.216.41";"bittorrent";1339989001;194684.947341;-1.000000;"bab8f612-1f34-46c2-a83e-fbaa7a2f8fa7";11427;"TX";"Coppell";3;6;2012;0;18;"20120618"
"50.12.211.162";"US";-93.263800;44.980000;"AS16586 CLEARWIRE - CLEAR WIRELESS LLC";"mlab3-dfw01";0.099160;577959.716210;"0.004012999";"darwin";"38.107.216.41";"bittorrent";1339989838;139193.427033;-1.000000;"3955a411-3e83-4a8e-aa8e-165233e306e9";16586;"MN";"Minneapolis";3;6;2012;0;18;"20120618"
"98.22.138.166";"US";-95.790800;36.052600;"AS7029 Windstream Communications Inc";"mlab3-dfw01";0.061395;379684.626479;"0.004012999";"win32";"38.107.216.41";"bittorrent";1339990371;75813.017425;-1.000000;"eb27082c-e25b-4239-869e-8ba23d438a17";7029;"OK";"Broken Arrow";3;6;2012;0;18;"20120618"
"24.46.196.47";"US";-73.686200;40.793900;"AS6128 Cablevision Systems Corp.";"mlab3-dfw01";0.045862;1972418.265664;"0.004012999";"win32";"38.107.216.41";"bittorrent";1339991335;259394.887897;-1.000000;"103cc2f1-ddd5-4016-83cc-cdd357e7a81a";6128;"NY";"Manhasset";3;6;2012;0;18;"20120618"
"24.24.223.229";"US";-118.404100;33.916400;"AS20001 Time Warner Cable Internet LLC";"mlab3-dfw01";0.101710;66400.129612;"0.004012999";"linux2";"38.107.216.41";"bittorrent";1339992641;23982.795142;-1.000000;"36cfd7f8-0f92-42e9-be32-71c3f4d2fe09";20001;"CA";"El Segundo";4;6;2012;0;18;"20120618"
"206.255.246.41";"US";-94.740500;32.500700;"AS53508 Cablelynx";"mlab3-dfw01";0.016317;1207299.138889;"0.004012999";"win32";"38.107.216.41";"bittorrent";1339992934;183577.218666;-1.000000;"3a5b4ca4-0887-432d-a115-9f646a867cdb";53508;"TX";"Longview";4;6;2012;0;18;"20120618"
"74.103.162.36";"US";-75.114700;40.427800;"AS701 MCI Communications Services, Inc. d/b/a Verizon Business";"mlab3-dfw01";0.051727;1291990.354523;"0.004012999";"darwin";"38.107.216.41";"bittorrent";1339995696;666437.486031;-1.000000;"4eec0d76-fa70-4b4c-91f9-8cb1b74b0682";701;"PA";"Pipersville";5;6;2012;0;18;"20120618"
"72.181.251.247";"US";-96.771500;32.833900;"AS11427 Time Warner Cable Internet LLC";"mlab3-dfw01";0.021178;2425125.724440;"0.004012999";"darwin";"38.107.216.41";"speedtest";1339995875;220688.889887;0.026287;"ec56ca67-ca5b-4ee7-a615-8743ebac3e8a";11427;"TX";"Dallas";5;6;2012;0;18;"20120618"
"209.155.86.74";"US";-77.426000;43.100500;"AS1785 PaeTec Communications, Inc.";"mlab3-dfw01";0.109113;201998.998684;"0.004012999";"win32";"38.107.216.41";"bittorrent";1339996193;57746.753371;-1.000000;"4841c017-4566-4afc-a805-ba458ccb2be1";1785;"NY";"Fairport";5;6;2012;0;18;"20120618"
"68.48.221.17";"US";-76.837500;39.174900;"AS7922 Comcast Cable Communications, Inc.";"mlab3-dfw01";0.044868;1210902.803530;"0.004012999";"darwin";"38.107.216.41";"speedtest";1339996332;640924.206562;0.168359;"4162ce8a-78ab-4a68-9407-13618360662f";7922;"MD";"Columbia";5;6;2012;0;18;"20120618"
"24.2.64.100";"US";-112.008200;40.477400;"AS7922 Comcast Cable Communications, Inc.";"mlab3-dfw01";0.047525;843235.331635;"0.004012999";"win32";"38.107.216.41";"speedtest";1339996632;138909.317911;0.045643;"9a8766b6-803d-48fa-b02a-2091ff6f496e";7922;"UT";"Riverton";5;6;2012;0;18;"20120618"
"173.246.102.187";"US";-76.612200;39.290400;"AS29169 Gandi SAS";"mlab3-dfw01";0.033683;2495210.812934;"0.004011999";"linux2";"38.107.216.41";"bittorrent";1339997309;662244.775863;-1.000000;"a57cd6aa-6b9a-40e3-ae4c-0685546dd104";29169;"MD";"Baltimore";5;6;2012;0;18;"20120618"
"98.203.140.223";"US";-122.304300;47.610200;"AS7922 Comcast Cable Communications, Inc.";"mlab3-dfw01";0.059862;2423111.314990;"0.004012999";"linux2";"38.107.216.41";"speedtest";1339997235;430996.943727;0.065892;"4bf1068a-cabe-4254-a52f-c2914db03ade";7922;"WA";"Seattle";5;6;2012;0;18;"20120618"
"65.32.77.45";"US";-97.000000;38.000000;"AS33363 BRIGHT HOUSE NETWORKS, LLC";"mlab3-dfw01";0.035577;2204947.834687;"0.004012999";"win32";"38.107.216.41";"bittorrent";1339998000;229675.244667;-1.000000;"29daca95-9628-479f-b4be-ee35e322c612";33363;"";"";5;6;2012;0;18;"20120618"
"71.237.28.39";"US";-104.984700;39.739200;"AS7922 Comcast Cable Communications, Inc.";"mlab3-dfw01";0.030137;2169321.432941;"0.004012999";"darwin";"38.107.216.41";"bittorrent";1339998030;471413.731679;-1.000000;"95e96326-78fe-4507-8b06-f60611a1b7ad";7922;"CO";"Denver";5;6;2012;0;18;"20120618"
"66.188.113.29";"US";-97.000000;38.000000;"AS20115 Charter Communications";"mlab3-dfw01";0.047760;1932009.256213;"0.004012999";"darwin";"38.107.216.41";"bittorrent";1339998144;387705.836949;-1.000000;"3f295a53-7a79-47cb-bd75-f79b53a6ae22";20115;"";"";5;6;2012;0;18;"20120618"
"98.206.101.228";"US";-87.655100;41.937300;"AS7922 Comcast Cable Communications, Inc.";"mlab3-dfw01";0.043394;2825289.711950;"0.004012999";"win32";"38.107.216.41";"speedtest";1339998197;433538.942806;0.044721;"1b8a7968-95b4-4827-8260-84d7e02b3d53";7922;"IL";"Chicago";5;6;2012;0;18;"20120618"
"72.81.232.139";"US";-76.837500;39.174900;"AS701 MCI Communications Services, Inc. d/b/a Verizon Business";"mlab3-dfw01";0.054838;1340665.167330;"0.004012999";"darwin";"38.107.216.41";"speedtest";1339998722;239484.416223;0.085719;"5d2377cf-2e67-40be-b1dc-e439a545da6f";701;"MD";"Columbia";5;6;2012;0;18;"20120618"
"71.204.91.144";"US";-84.447700;34.119000;"AS7922 Comcast Cable Communications, Inc.";"mlab3-dfw01";0.033932;569198.399710;"0.004012999";"darwin";"38.107.216.41";"speedtest";1339999163;504244.023956;0.060590;"4b4fa0bc-987b-4105-9a0b-83e736a6503c";7922;"GA";"Woodstock";5;6;2012;0;18;"20120618"
"74.93.119.149";"US";-77.460300;37.553800;"AS7922 Comcast Cable Communications, Inc.";"mlab3-dfw01";0.050611;3770861.752548;"0.004012999";"win32";"38.107.216.41";"bittorrent";1340000445;606967.202956;-1.000000;"89137afb-b348-4f18-88b5-80cee829292f";7922;"VA";"Richmond";6;6;2012;0;18;"20120618"
"71.237.28.39";"US";-104.984700;39.739200;"AS7922 Comcast Cable Communications, Inc.";"mlab3-dfw01";0.029646;2194316.315638;"0.004012999";"darwin";"38.107.216.41";"bittorrent";1340000821;438145.557792;-1.000000;"95e96326-78fe-4507-8b06-f60611a1b7ad";7922;"CO";"Denver";6;6;2012;0;18;"20120618"
"74.93.119.149";"US";-77.460300;37.553800;"AS7922 Comcast Cable Communications, Inc.";"mlab3-dfw01";0.051868;4043646.541470;"0.004012999";"win32";"38.107.216.41";"speedtest";1340001711;580006.201976;0.055800;"89137afb-b348-4f18-88b5-80cee829292f";7922;"VA";"Richmond";6;6;2012;0;18;"20120618"
"98.157.202.20";"US";-87.413900;39.466700;"AS10796 Time Warner Cable Internet LLC";"mlab3-dfw01";0.042610;2023993.180948;"0.004011999";"win32";"38.107.216.41";"bittorrent";1340002478;108761.549019;-1.000000;"9c0fa0e1-b625-407b-8e5d-f979a63c0e77";10796;"IN";"Terre Haute";6;6;2012;0;18;"20120618"
"74.60.227.223";"US";-84.561300;39.399500;"AS16586 CLEARWIRE - CLEAR WIRELESS LLC";"mlab3-dfw01";0.094185;237988.396158;"0.004012999";"win32";"38.107.216.41";"bittorrent";1340004038;54160.298194;-1.000000;"59bc30c0-4f87-4fbd-8bb7-35768315d718";16586;"OH";"Hamilton";7;6;2012;0;18;"20120618"
"24.61.63.89";"US";-71.031600;42.399700;"AS7922 Comcast Cable Communications, Inc.";"mlab3-dfw01";0.071836;874046.430647;"0.004012999";"win32";"38.107.216.41";"speedtest";1340004488;499031.847138;0.070315;"641fcec9-64c6-4ec1-a213-90d958a6f9a1";7922;"MA";"Chelsea";7;6;2012;0;18;"20120618"
"207.231.92.41";"US";-121.370600;38.784300;"AS14051 Roseville Telephone Company";"mlab3-dfw01";0.050077;3311123.427580;"0.004012999";"win32";"38.107.216.41";"speedtest";1340004352;2762385.186230;0.054038;"cb121e1a-4701-4c5a-91b5-29c9df2b10c0";14051;"CA";"Roseville";7;6;2012;0;18;"20120618"
"74.163.8.166";"US";-86.875000;30.446700;"AS6389 BellSouth.net Inc.";"mlab3-dfw01";0.062339;351607.780410;"0.004012999";"win32";"38.107.216.41";"bittorrent";1340005002;33771.665777;-1.000000;"4565989b-987f-4c3c-aa75-a740afde3068";6389;"FL";"Navarre";7;6;2012;0;18;"20120618"
"69.251.194.209";"US";-77.177000;39.175200;"AS7922 Comcast Cable Communications, Inc.";"mlab3-dfw01";0.047831;2932547.162031;"0.004011999";"win32";"38.107.216.41";"bittorrent";1340006448;498762.900299;-1.000000;"5ab805cf-b023-4309-9496-d8b22873a074";7922;"MD";"Montgomery Village";8;6;2012;0;18;"20120618"
"71.204.91.144";"US";-84.447700;34.119000;"AS7922 Comcast Cable Communications, Inc.";"mlab3-dfw01";0.034471;1810026.556067;"0.004012999";"darwin";"38.107.216.41";"bittorrent";1340006609;511855.925835;-1.000000;"4b4fa0bc-987b-4105-9a0b-83e736a6503c";7922;"GA";"Woodstock";8;6;2012;0;18;"20120618"
"75.127.236.122";"US";-97.000000;38.000000;"AS6128 Cablevision Systems Corp.";"mlab3-dfw01";0.051359;1126224.110790;"0.004012999";"win32";"38.107.216.41";"speedtest";1340007364;587787.999052;0.051037;"560c097a-1dfa-4e05-9893-bdc56e35afc3";6128;"";"";8;6;2012;0;18;"20120618"
"71.187.199.3";"US";-74.216400;40.816200;"AS701 MCI Communications Services, Inc. d/b/a Verizon Business";"mlab3-dfw01";0.066751;1135337.700557;"0.004011999";"win32";"38.107.216.41";"bittorrent";1340007919;698591.409365;-1.000000;"a9bde20f-2872-443c-8e9b-a2f6f162c91d";701;"NJ";"Montclair";8;6;2012;0;18;"20120618"
"74.103.162.36";"US";-75.114700;40.427800;"AS701 MCI Communications Services, Inc. d/b/a Verizon Business";"mlab3-dfw01";0.049176;1911777.074294;"0.004012999";"darwin";"38.107.216.41";"bittorrent";1340008590;664977.331182;-1.000000;"4eec0d76-fa70-4b4c-91f9-8cb1b74b0682";701;"PA";"Pipersville";8;6;2012;0;18;"20120618"
"132.161.219.98";"US";-92.717600;41.721700;"AS22949 Grinnell College";"mlab3-dfw01";0.052775;312509.807842;"0.004012999";"win32";"38.107.216.41";"speedtest";1340008735;723099.218512;0.054060;"de23301c-c09c-4e47-aa2b-90a625720856";22949;"IA";"Grinnell";8;6;2012;0;18;"20120618"
"75.127.236.122";"US";-97.000000;38.000000;"AS6128 Cablevision Systems Corp.";"mlab3-dfw01";0.048561;1258757.673965;"0.004012999";"win32";"38.107.216.41";"bittorrent";1340008758;545366.150063;-1.000000;"560c097a-1dfa-4e05-9893-bdc56e35afc3";6128;"";"";8;6;2012;0;18;"20120618"
"50.12.211.162";"US";-93.263800;44.980000;"AS16586 CLEARWIRE - CLEAR WIRELESS LLC";"mlab3-dfw01";0.102660;317757.770631;"0.004012999";"darwin";"38.107.216.41";"speedtest";1340009581;142500.024272;0.105090;"3955a411-3e83-4a8e-aa8e-165233e306e9";16586;"MN";"Minneapolis";8;6;2012;0;18;"20120618"
"68.40.185.45";"US";-83.740900;42.277600;"AS7922 Comcast Cable Communications, Inc.";"mlab3-dfw01";0.055929;1139930.153470;"0.004012999";"darwin";"38.107.216.41";"speedtest";1340009795;721196.451844;0.060272;"f77a7853-1ba8-4219-aa2c-2157b5e89023";7922;"MI";"Ann Arbor";8;6;2012;0;18;"20120618"
"209.155.86.74";"US";-77.426000;43.100500;"AS1785 PaeTec Communications, Inc.";"mlab3-dfw01";0.049593;324087.275027;"0.004012999";"win32";"38.107.216.41";"speedtest";1340011531;59618.663714;0.052126;"4841c017-4566-4afc-a805-ba458ccb2be1";1785;"NY";"Fairport";9;6;2012;0;18;"20120618"
"68.58.125.60";"US";-86.158000;39.768400;"AS7922 Comcast Cable Communications, Inc.";"mlab3-dfw01";0.054079;1449527.278820;"0.004012999";"darwin";"38.107.216.41";"speedtest";1340011578;498595.243992;0.058441;"9ad7184c-eb25-4754-a40f-91e4262a9d35";7922;"IN";"Indianapolis";9;6;2012;0;18;"20120618"
"68.48.221.17";"US";-76.837500;39.174900;"AS7922 Comcast Cable Communications, Inc.";"mlab3-dfw01";0.046491;1351489.237031;"0.004012999";"darwin";"38.107.216.41";"bittorrent";1340011964;702310.547004;-1.000000;"4162ce8a-78ab-4a68-9407-13618360662f";7922;"MD";"Columbia";9;6;2012;0;18;"20120618"
"71.190.171.206";"US";-73.525400;40.767000;"AS701 MCI Communications Services, Inc. d/b/a Verizon Business";"mlab3-dfw01";0.054960;3323044.560436;"0.004012999";"linux2";"38.107.216.41";"bittorrent";1340013882;1986404.470333;-1.000000;"dfd87da2-1968-48ac-9bd2-5469644e29e4";701;"NY";"Hicksville";10;6;2012;0;18;"20120618"
"24.130.152.60";"US";-122.088500;37.709000;"AS7922 Comcast Cable Communications, Inc.";"mlab3-dfw01";0.061373;3295791.139320;"0.004012999";"darwin";"38.107.216.41";"speedtest";1340014152;715561.815569;0.062444;"92ef1dc6-e5b9-40c8-800b-cc909779319d";7922;"CA";"Castro Valley";10;6;2012;0;18;"20120618"
"96.236.133.97";"US";-79.995900;40.440600;"AS701 MCI Communications Services, Inc. d/b/a Verizon Business";"mlab3-dfw01";0.058361;283043.376747;"0.004012999";"linux2";"38.107.216.41";"bittorrent";1340014506;176735.248720;-1.000000;"002bd52f-5f9d-42eb-9ce6-e310c9db525a";701;"PA";"Pittsburgh";10;6;2012;0;18;"20120618"
"206.255.246.41";"US";-94.740500;32.500700;"AS53508 Cablelynx";"mlab3-dfw01";0.015272;1449347.683680;"0.004012999";"win32";"38.107.216.41";"bittorrent";1340014539;183603.613065;-1.000000;"3a5b4ca4-0887-432d-a115-9f646a867cdb";53508;"TX";"Longview";10;6;2012;0;18;"20120618"
"96.2.48.78";"US";-96.983300;42.836900;"AS11232 Midcontinent Media, Inc.";"mlab3-dfw01";0.251971;991988.693986;"0.004011999";"win32";"38.107.216.41";"bittorrent";1340017617;496713.955432;-1.000000;"a7ed429a-44c3-4195-a0e5-7eac41680125";11232;"SD";"Vermillion";11;6;2012;0;18;"20120618"
"206.255.246.41";"US";-94.740500;32.500700;"AS53508 Cablelynx";"mlab3-dfw01";0.017037;1452645.325671;"0.004012999";"win32";"38.107.216.41";"bittorrent";1340017623;183377.171680;-1.000000;"3a5b4ca4-0887-432d-a115-9f646a867cdb";53508;"TX";"Longview";11;6;2012;0;18;"20120618"
"173.246.102.187";"US";-76.612200;39.290400;"AS29169 Gandi SAS";"mlab3-dfw01";0.034557;2699379.774370;"0.004011999";"linux2";"38.107.216.41";"speedtest";1340017646;654850.922501;0.035789;"a57cd6aa-6b9a-40e3-ae4c-0685546dd104";29169;"MD";"Baltimore";11;6;2012;0;18;"20120618"
"74.2.122.133";"US";-97.000000;38.000000;"AS18566 MegaPath Corporation";"mlab3-dfw01";0.042314;242242.674920;"0.004010999";"win32";"38.107.216.41";"bittorrent";1340018437;185188.697876;-1.000000;"f4acb085-b5ee-429a-a232-3ae956a10cf5";18566;"";"";11;6;2012;0;18;"20120618"
"71.204.165.181";"US";-122.036300;37.368800;"AS7922 Comcast Cable Communications, Inc.";"mlab3-dfw01";0.058918;2750619.758900;"0.004012999";"darwin";"38.107.216.41";"speedtest";1340018528;507913.894471;0.062937;"1ce7a86b-b408-4815-ae8b-bf0652a278f3";7922;"CA";"Sunnyvale";11;6;2012;0;18;"20120618"
"98.243.192.146";"US";-84.594100;42.860200;"AS7922 Comcast Cable Communications, Inc.";"mlab3-dfw01";0.066454;887480.515831;"0.004012999";"darwin";"38.107.216.41";"speedtest";1340018856;454854.583331;0.069681;"69a61dac-c7ac-4b16-b86b-4bd2f3990f62";7922;"MI";"Dewitt";11;6;2012;0;18;"20120618"
"70.122.243.11";"US";-97.015000;32.954600;"AS11427 Time Warner Cable Internet LLC";"mlab3-dfw01";0.016444;3870116.571511;"0.004012999";"win32";"38.107.216.41";"bittorrent";1340019329;552972.102784;-1.000000;"bab8f612-1f34-46c2-a83e-fbaa7a2f8fa7";11427;"TX";"Coppell";11;6;2012;0;18;"20120618"
"173.160.133.65";"US";-122.449200;47.151100;"AS7922 Comcast Cable Communications, Inc.";"mlab3-dfw01";0.062428;525241.772141;"0.004012999";"win32";"38.107.216.41";"bittorrent";1340022183;423909.897102;-1.000000;"cd29f4ce-ebe9-47c8-8b18-9406a9618ac1";7922;"WA";"Tacoma";12;6;2012;0;18;"20120618"
"173.20.36.131";"US";-91.455800;40.452000;"AS30036 Mediacom Communications Corp";"mlab3-dfw01";0.057496;656885.070368;"0.004012999";"win32";"38.107.216.41";"bittorrent";1340022725;111631.205739;-1.000000;"6b87ac46-1206-4d9c-afa5-d5cab4a872d6";30036;"IA";"Keokuk";12;6;2012;0;18;"20120618"
"68.40.185.45";"US";-83.740900;42.277600;"AS7922 Comcast Cable Communications, Inc.";"mlab3-dfw01";0.056338;2120864.202129;"0.004012999";"darwin";"38.107.216.41";"bittorrent";1340025312;774833.220654;-1.000000;"f77a7853-1ba8-4219-aa2c-2157b5e89023";7922;"MI";"Ann Arbor";13;6;2012;0;18;"20120618"
"173.20.36.131";"US";-91.455800;40.452000;"AS30036 Mediacom Communications Corp";"mlab3-dfw01";0.057853;734909.543563;"0.004012999";"win32";"38.107.216.41";"bittorrent";1340026349;173861.863276;-1.000000;"6b87ac46-1206-4d9c-afa5-d5cab4a872d6";30036;"IA";"Keokuk";13;6;2012;0;18;"20120618"
"173.160.133.65";"US";-122.449200;47.151100;"AS7922 Comcast Cable Communications, Inc.";"mlab3-dfw01";0.064445;469310.617216;"0.004012999";"win32";"38.107.216.41";"speedtest";1340026598;498508.005447;0.062985;"cd29f4ce-ebe9-47c8-8b18-9406a9618ac1";7922;"WA";"Tacoma";13;6;2012;0;18;"20120618"
"24.130.152.60";"US";-122.088500;37.709000;"AS7922 Comcast Cable Communications, Inc.";"mlab3-dfw01";0.058571;3377796.950480;"0.004012999";"darwin";"38.107.216.41";"speedtest";1340026823;746515.374406;0.061227;"92ef1dc6-e5b9-40c8-800b-cc909779319d";7922;"CA";"Castro Valley";13;6;2012;0;18;"20120618"
"71.187.199.3";"US";-74.216400;40.816200;"AS701 MCI Communications Services, Inc. d/b/a Verizon Business";"mlab3-dfw01";0.066631;1102538.245290;"0.004011999";"win32";"38.107.216.41";"speedtest";1340027179;670758.511846;0.058658;"a9bde20f-2872-443c-8e9b-a2f6f162c91d";701;"NJ";"Montclair";13;6;2012;0;18;"20120618"
"98.222.147.136";"US";-85.681400;40.411900;"AS7922 Comcast Cable Communications, Inc.";"mlab3-dfw01";0.055569;2751516.062220;"0.004012999";"linux2";"38.107.216.41";"speedtest";1340027325;262234.996026;0.069911;"247a4b73-0dbb-440a-a85f-68d042f5a3a2";7922;"IN";"Fairmount";13;6;2012;0;18;"20120618"
"68.48.221.17";"US";-76.837500;39.174900;"AS7922 Comcast Cable Communications, Inc.";"mlab3-dfw01";0.437949;1473203.894100;"0.004012999";"darwin";"38.107.216.41";"speedtest";1340027647;697371.560663;0.222913;"4162ce8a-78ab-4a68-9407-13618360662f";7922;"MD";"Columbia";13;6;2012;0;18;"20120618"
"24.22.135.177";"US";-122.332100;47.606200;"AS7922 Comcast Cable Communications, Inc.";"mlab3-dfw01";0.055988;2991459.790025;"0.004012999";"linux2";"38.107.216.41";"bittorrent";1340028188;447501.172429;-1.000000;"04cea472-6610-42db-acd2-c644a3d4447f";7922;"WA";"Seattle";14;6;2012;0;18;"20120618"
"98.157.202.20";"US";-87.413900;39.466700;"AS10796 Time Warner Cable Internet LLC";"mlab3-dfw01";0.045750;1807906.237754;"0.004011999";"win32";"38.107.216.41";"bittorrent";1340028324;83218.194028;-1.000000;"9c0fa0e1-b625-407b-8e5d-f979a63c0e77";10796;"IN";"Terre Haute";14;6;2012;0;18;"20120618"
"69.143.19.17";"US";-77.104300;38.881000;"AS7922 Comcast Cable Communications, Inc.";"mlab3-dfw01";0.047518;2870315.697460;"0.004012999";"darwin";"38.107.216.41";"speedtest";1340028755;492457.526773;0.051398;"9b4267aa-e8b7-40bb-a139-5ad1187a6f5d";7922;"VA";"Arlington";14;6;2012;0;18;"20120618"
"98.222.147.136";"US";-85.681400;40.411900;"AS7922 Comcast Cable Communications, Inc.";"mlab3-dfw01";0.056640;2354476.614497;"0.004012999";"linux2";"38.107.216.41";"bittorrent";1340028870;211652.065795;-1.000000;"247a4b73-0dbb-440a-a85f-68d042f5a3a2";7922;"IN";"Fairmount";14;6;2012;0;18;"20120618"
"70.114.2.130";"US";-98.399400;29.583400;"AS11427 Time Warner Cable Internet LLC";"mlab3-dfw01";0.021538;3341700.241230;"0.004012999";"linux2";"38.107.216.41";"speedtest";1340028878;242858.628908;0.021621;"eef1d069-de63-4f80-84c8-860f065b1f10";11427;"TX";"San Antonio";14;6;2012;0;18;"20120618"
"75.132.191.176";"US";-89.899800;38.512100;"AS20115 Charter Communications";"mlab3-dfw01";0.040106;2787951.227058;"0.004012999";"win32";"38.107.216.41";"bittorrent";1340029030;388045.942476;-1.000000;"c08311ac-7edd-4390-b447-4ca484b5dacc";20115;"IL";"Belleville";14;6;2012;0;18;"20120618"
"68.58.125.60";"US";-86.158000;39.768400;"AS7922 Comcast Cable Communications, Inc.";"mlab3-dfw01";0.054658;1726992.788011;"0.004012999";"darwin";"38.107.216.41";"bittorrent";1340029523;520530.122448;-1.000000;"9ad7184c-eb25-4754-a40f-91e4262a9d35";7922;"IN";"Indianapolis";14;6;2012;0;18;"20120618"
"208.57.38.36";"US";-117.164900;32.807200;"AS14265 Telepacific Communications";"mlab3-dfw01";0.058826;181248.603479;"0.004011999";"linux2";"38.107.216.41";"bittorrent";1340030348;181390.927595;-1.000000;"71bb2b47-414f-414d-b8ff-f1237c21f432";14265;"CA";"San Diego";14;6;2012;0;18;"20120618"
"108.6.12.54";"US";-73.936100;40.740000;"AS701 MCI Communications Services, Inc. d/b/a Verizon Business";"mlab3-dfw01";0.053044;2692059.283500;"0.004011999";"darwin";"38.107.216.41";"speedtest";1340031178;740173.927754;0.059495;"2e291570-e5e9-434c-8fc4-9496c5d43b52";701;"NY";"Long Island City";14;6;2012;0;18;"20120618"
"68.58.165.186";"US";-80.107000;32.841300;"AS7922 Comcast Cable Communications, Inc.";"mlab3-dfw01";0.055577;1750858.841800;"0.004012999";"linux2";"38.107.216.41";"speedtest";1340032521;796931.151705;0.056717;"564f666b-3c55-40d4-a5f8-92064e970a5f";7922;"SC";"Charleston";15;6;2012;0;18;"20120618"
"24.22.135.177";"US";-122.332100;47.606200;"AS7922 Comcast Cable Communications, Inc.";"mlab3-dfw01";0.054828;1214458.889990;"0.004012999";"linux2";"38.107.216.41";"bittorrent";1340033990;449330.008013;-1.000000;"04cea472-6610-42db-acd2-c644a3d4447f";7922;"WA";"Seattle";15;6;2012;0;18;"20120618"
"67.168.59.54";"US";-122.668000;48.185500;"AS7922 Comcast Cable Communications, Inc.";"mlab3-dfw01";0.059698;2779004.567268;"0.004012999";"win32";"38.107.216.41";"bittorrent";1340034427;697444.164126;-1.000000;"ea22d474-846e-407d-9ebe-cd03ff0d64f4";7922;"WA";"Coupeville";15;6;2012;0;18;"20120618"
"75.140.153.254";"US";-121.654400;37.130500;"AS20115 Charter Communications";"mlab3-dfw01";0.064377;6977545.802100;"0.004012999";"darwin";"38.107.216.41";"bittorrent";1340034916;608722.575850;-1.000000;"a039434c-d8c0-4f4d-8050-4153de22c986";20115;"CA";"Morgan Hill";15;6;2012;0;18;"20120618"
"76.112.161.232";"US";-83.077200;42.375500;"AS7922 Comcast Cable Communications, Inc.";"mlab3-dfw01";0.059365;524891.892412;"0.004012999";"win32";"38.107.216.41";"speedtest";1340035429;86884.607701;0.065029;"5cb4931f-bf67-49bf-a4ec-d36d7495a682";7922;"MI";"Detroit";16;6;2012;0;18;"20120618"
"173.20.36.131";"US";-91.455800;40.452000;"AS30036 Mediacom Communications Corp";"mlab3-dfw01";0.064906;227734.190632;"0.004012999";"win32";"38.107.216.41";"speedtest";1340035433;168695.614298;0.062564;"6b87ac46-1206-4d9c-afa5-d5cab4a872d6";30036;"IA";"Keokuk";16;6;2012;0;18;"20120618"
"76.24.39.72";"US";-71.691300;42.413600;"AS7922 Comcast Cable Communications, Inc.";"mlab3-dfw01";0.067447;1185068.561530;"0.004012999";"win32";"38.107.216.41";"speedtest";1340035699;433416.595033;0.073629;"d7fbbeb1-8f79-4feb-9ab1-01beb7b970aa";7922;"MA";"Clinton";16;6;2012;0;18;"20120618"
"173.160.133.65";"US";-122.449200;47.151100;"AS7922 Comcast Cable Communications, Inc.";"mlab3-dfw01";0.064291;475732.889069;"0.004012999";"win32";"38.107.216.41";"speedtest";1340035763;420950.832150;0.063026;"cd29f4ce-ebe9-47c8-8b18-9406a9618ac1";7922;"WA";"Tacoma";16;6;2012;0;18;"20120618"
"71.204.165.181";"US";-122.036300;37.368800;"AS7922 Comcast Cable Communications, Inc.";"mlab3-dfw01";0.059326;1037346.883830;"0.004012999";"darwin";"38.107.216.41";"speedtest";1340035793;520655.467339;0.060792;"1ce7a86b-b408-4815-ae8b-bf0652a278f3";7922;"CA";"Sunnyvale";16;6;2012;0;18;"20120618"
"24.111.85.175";"US";-97.440500;42.935900;"AS11232 Midcontinent Media, Inc.";"mlab3-dfw01";0.067191;202209.827704;"0.004011999";"win32";"38.107.216.41";"speedtest";1340036018;532840.372330;0.093498;"d8e6a54b-6231-4d06-a9c1-bf3a10f484b1";11232;"SD";"Yankton";16;6;2012;0;18;"20120618"
"96.2.48.78";"US";-96.983300;42.836900;"AS11232 Midcontinent Media, Inc.";"mlab3-dfw01";0.059124;4011102.743864;"0.004012999";"win32";"38.107.216.41";"bittorrent";1340036054;627542.009225;-1.000000;"d4959228-fa29-4292-8c76-7ca9985284c9";11232;"SD";"Vermillion";16;6;2012;0;18;"20120618"
"71.187.199.3";"US";-74.216400;40.816200;"AS701 MCI Communications Services, Inc. d/b/a Verizon Business";"mlab3-dfw01";0.066961;946699.550427;"0.004011999";"win32";"38.107.216.41";"speedtest";1340036104;835232.906012;0.058826;"a9bde20f-2872-443c-8e9b-a2f6f162c91d";701;"NJ";"Montclair";16;6;2012;0;18;"20120618"
"98.22.138.166";"US";-95.790800;36.052600;"AS7029 Windstream Communications Inc";"mlab3-dfw01";0.039026;308960.421655;"0.004012999";"win32";"38.107.216.41";"speedtest";1340036659;79378.516251;0.027642;"eb27082c-e25b-4239-869e-8ba23d438a17";7029;"OK";"Broken Arrow";16;6;2012;0;18;"20120618"
"208.52.154.53";"US";-84.443200;33.793000;"AS13703 BroadRiver Communication Corp.";"mlab3-dfw01";0.021230;9441188.241417;"0.004010999";"win32";"38.107.216.41";"bittorrent";1340036675;904562.597105;-1.000000;"5a94fb06-4ffc-4b82-bc99-552f47212e96";13703;"GA";"Atlanta";16;6;2012;0;18;"20120618"
"24.111.85.175";"US";-97.440500;42.935900;"AS11232 Midcontinent Media, Inc.";"mlab3-dfw01";0.066878;176639.042724;"0.004011999";"win32";"38.107.216.41";"bittorrent";1340037272;486822.607132;-1.000000;"d8e6a54b-6231-4d06-a9c1-bf3a10f484b1";11232;"SD";"Yankton";16;6;2012;0;18;"20120618"
"50.83.240.108";"US";-95.977900;45.232200;"AS30036 Mediacom Communications Corp";"mlab3-dfw01";0.045285;1423894.095300;"0.004012999";"darwin";"38.107.216.41";"speedtest";1340037502;315430.829854;0.045815;"43af2f72-3dc4-4824-9ff7-faa06a3cb206";30036;"MN";"Appleton";16;6;2012;0;18;"20120618"
"71.187.199.3";"US";-74.216400;40.816200;"AS701 MCI Communications Services, Inc. d/b/a Verizon Business";"mlab3-dfw01";0.067456;1117112.587697;"0.004011999";"win32";"38.107.216.41";"bittorrent";1340037579;699235.104885;-1.000000;"a9bde20f-2872-443c-8e9b-a2f6f162c91d";701;"NJ";"Montclair";16;6;2012;0;18;"20120618"
"206.255.246.41";"US";-94.740500;32.500700;"AS53508 Cablelynx";"mlab3-dfw01";0.015582;1421810.930050;"0.004012999";"win32";"38.107.216.41";"speedtest";1340037725;182451.173164;0.018465;"3a5b4ca4-0887-432d-a115-9f646a867cdb";53508;"TX";"Longview";16;6;2012;0;18;"20120618"
"76.112.161.232";"US";-83.077200;42.375500;"AS7922 Comcast Cable Communications, Inc.";"mlab3-dfw01";0.062049;496725.979566;"0.004012999";"win32";"38.107.216.41";"speedtest";1340038555;90198.030087;0.063318;"5cb4931f-bf67-49bf-a4ec-d36d7495a682";7922;"MI";"Detroit";16;6;2012;0;18;"20120618"
"199.254.238.206";"US";-97.000000;38.000000;"AS16652 Riseup Networks";"mlab3-dfw01";0.197478;79104.481288;"0.004012999";"linux2";"38.107.216.41";"speedtest";1340039702;31058.445944;0.281652;"e2181bc2-ad47-4da8-9301-b0a516313463";16652;"";"";17;6;2012;0;18;"20120618"
"96.236.133.97";"US";-79.995900;40.440600;"AS701 MCI Communications Services, Inc. d/b/a Verizon Business";"mlab3-dfw01";0.153692;150085.383320;"0.004012999";"linux2";"38.107.216.41";"bittorrent";1340040375;102136.111486;-1.000000;"002bd52f-5f9d-42eb-9ce6-e310c9db525a";701;"PA";"Pittsburgh";17;6;2012;0;18;"20120618"
"70.114.2.130";"US";-98.399400;29.583400;"AS11427 Time Warner Cable Internet LLC";"mlab3-dfw01";0.020727;2821621.301170;"0.004012999";"linux2";"38.107.216.41";"speedtest";1340040403;242522.160314;0.021125;"eef1d069-de63-4f80-84c8-860f065b1f10";11427;"TX";"San Antonio";17;6;2012;0;18;"20120618"
"96.2.48.78";"US";-96.983300;42.836900;"AS11232 Midcontinent Media, Inc.";"mlab3-dfw01";0.053846;3602740.676640;"0.004012999";"win32";"38.107.216.41";"speedtest";1340040531;607219.187065;0.056487;"5445103e-8ecb-4c12-b5f3-066ee6208757";11232;"SD";"Vermillion";17;6;2012;0;18;"20120618"
"96.2.48.78";"US";-96.983300;42.836900;"AS11232 Midcontinent Media, Inc.";"mlab3-dfw01";0.059547;3324775.301160;"0.004012999";"win32";"38.107.216.41";"speedtest";1340040706;483890.912837;0.064497;"d4959228-fa29-4292-8c76-7ca9985284c9";11232;"SD";"Vermillion";17;6;2012;0;18;"20120618"
"71.192.154.157";"US";-71.051200;42.406300;"AS7922 Comcast Cable Communications, Inc.";"mlab3-dfw01";0.159121;182904.971069;"0.004012999";"darwin";"38.107.216.41";"speedtest";1340041712;130471.835692;0.184640;"65fb0ed5-8aab-4ca3-973b-6f6abd2e24d4";7922;"MA";"Everett";17;6;2012;0;18;"20120618"
"71.187.199.3";"US";-74.216400;40.816200;"AS701 MCI Communications Services, Inc. d/b/a Verizon Business";"mlab3-dfw01";0.068166;1039068.980420;"0.004011999";"win32";"38.107.216.41";"speedtest";1340042306;826265.649121;0.057982;"a9bde20f-2872-443c-8e9b-a2f6f162c91d";701;"NJ";"Montclair";17;6;2012;0;18;"20120618"
"71.237.28.39";"US";-104.984700;39.739200;"AS7922 Comcast Cable Communications, Inc.";"mlab3-dfw01";0.027740;644849.909453;"0.004012999";"darwin";"38.107.216.41";"bittorrent";1340042699;441740.803878;-1.000000;"95e96326-78fe-4507-8b06-f60611a1b7ad";7922;"CO";"Denver";18;6;2012;0;18;"20120618"
"132.161.219.98";"US";-92.717600;41.721700;"AS22949 Grinnell College";"mlab3-dfw01";0.054144;673888.119481;"0.004012999";"win32";"38.107.216.41";"speedtest";1340042823;570847.456310;0.054585;"de23301c-c09c-4e47-aa2b-90a625720856";22949;"IA";"Grinnell";18;6;2012;0;18;"20120618"
"173.160.133.65";"US";-122.449200;47.151100;"AS7922 Comcast Cable Communications, Inc.";"mlab3-dfw01";0.060502;505490.517730;"0.004012999";"win32";"38.107.216.41";"bittorrent";1340043132;434559.043232;-1.000000;"cd29f4ce-ebe9-47c8-8b18-9406a9618ac1";7922;"WA";"Tacoma";18;6;2012;0;18;"20120618"
"108.0.16.252";"US";-118.142300;33.771100;"AS701 MCI Communications Services, Inc. d/b/a Verizon Business";"mlab3-dfw01";0.046707;1209493.139810;"0.004012999";"darwin";"38.107.216.41";"speedtest";1340043871;653996.043227;0.052133;"b13eed9c-7499-4364-89ba-e85068191268";701;"CA";"Long Beach";18;6;2012;0;18;"20120618"
"98.222.147.136";"US";-85.681400;40.411900;"AS7922 Comcast Cable Communications, Inc.";"mlab3-dfw01";0.056702;2767389.271509;"0.004012999";"linux2";"38.107.216.41";"bittorrent";1340044053;516879.593318;-1.000000;"247a4b73-0dbb-440a-a85f-68d042f5a3a2";7922;"IN";"Fairmount";18;6;2012;0;18;"20120618"
"72.181.251.247";"US";-96.771500;32.833900;"AS11427 Time Warner Cable Internet LLC";"mlab3-dfw01";0.019760;2431174.886740;"0.004012999";"darwin";"38.107.216.41";"speedtest";1340044508;220242.068668;0.026860;"ec56ca67-ca5b-4ee7-a615-8743ebac3e8a";11427;"TX";"Dallas";18;6;2012;0;18;"20120618"
"69.251.194.209";"US";-77.177000;39.175200;"AS7922 Comcast Cable Communications, Inc.";"mlab3-dfw01";0.053364;997124.352079;"0.004011999";"win32";"38.107.216.41";"speedtest";1340044732;479511.966305;0.056028;"5ab805cf-b023-4309-9496-d8b22873a074";7922;"MD";"Montgomery Village";18;6;2012;0;18;"20120618"
"99.92.88.210";"US";-122.030700;37.353700;"AS7018 AT&T Services, Inc.";"mlab3-dfw01";0.074504;1080038.108190;"0.004012999";"darwin";"38.107.216.41";"speedtest";1340045485;177193.008232;0.076218;"13cf72ab-670c-4dc7-8fad-aa9a41f4355d";7018;"CA";"Sunnyvale";18;6;2012;0;18;"20120618"
"76.24.39.72";"US";-71.691300;42.413600;"AS7922 Comcast Cable Communications, Inc.";"mlab3-dfw01";0.067882;500403.723943;"0.004012999";"win32";"38.107.216.41";"bittorrent";1340045623;433396.747472;-1.000000;"d7fbbeb1-8f79-4feb-9ab1-01beb7b970aa";7922;"MA";"Clinton";18;6;2012;0;18;"20120618"
"74.103.162.36";"US";-75.114700;40.427800;"AS701 MCI Communications Services, Inc. d/b/a Verizon Business";"mlab3-dfw01";0.049189;1669581.716160;"0.004012999";"darwin";"38.107.216.41";"speedtest";1340045659;635156.251537;0.057761;"4eec0d76-fa70-4b4c-91f9-8cb1b74b0682";701;"PA";"Pipersville";18;6;2012;0;18;"20120618"
"98.207.87.80";"US";-122.299100;37.409600;"AS7922 Comcast Cable Communications, Inc.";"mlab3-dfw01";0.092499;2348619.240377;"0.004012999";"darwin";"38.107.216.41";"bittorrent";1340046484;252409.290131;-1.000000;"0f7d671c-779f-4f63-8f54-ca28fcc35fd6";7922;"CA";"Redwood City";19;6;2012;0;18;"20120618"
"66.235.50.69";"US";-122.029600;47.586900;"AS23292 Broadstripe";"mlab3-dfw01";0.074652;316755.012037;"0.004012999";"darwin";"38.107.216.41";"bittorrent";1340046745;281725.795384;-1.000000;"619f12e6-7e7a-4475-96aa-abb7e35e6c27";23292;"WA";"Sammamish";19;6;2012;0;18;"20120618"
"69.143.19.17";"US";-77.104300;38.881000;"AS7922 Comcast Cable Communications, Inc.";"mlab3-dfw01";0.114323;2846878.593096;"0.004012999";"darwin";"38.107.216.41";"bittorrent";1340046864;534999.618816;-1.000000;"9b4267aa-e8b7-40bb-a139-5ad1187a6f5d";7922;"VA";"Arlington";19;6;2012;0;18;"20120618"
"76.24.39.72";"US";-71.691300;42.413600;"AS7922 Comcast Cable Communications, Inc.";"mlab3-dfw01";0.077403;790175.918344;"0.004012999";"win32";"38.107.216.41";"speedtest";1340047039;339237.330016;0.074068;"d7fbbeb1-8f79-4feb-9ab1-01beb7b970aa";7922;"MA";"Clinton";19;6;2012;0;18;"20120618"
"66.66.21.182";"US";-77.602400;43.185800;"AS11351 Time Warner Cable Internet LLC";"mlab3-dfw01";0.069161;1606453.555750;"0.004012999";"win32";"38.107.216.41";"speedtest";1340047249;592221.734477;0.070689;"b4fb3816-21d6-43b3-91fc-aabe40980e90";11351;"NY";"Rochester";19;6;2012;0;18;"20120618"
"96.236.133.97";"US";-79.995900;40.440600;"AS701 MCI Communications Services, Inc. d/b/a Verizon Business";"mlab3-dfw01";0.100309;286508.471442;"0.004012999";"linux2";"38.107.216.41";"speedtest";1340047534;114046.650468;0.142925;"002bd52f-5f9d-42eb-9ce6-e310c9db525a";701;"PA";"Pittsburgh";19;6;2012;0;18;"20120618"
"99.104.57.129";"US";-87.701600;41.975900;"AS7018 AT&T Services, Inc.";"mlab3-dfw01";0.035030;305747.211055;"0.004012999";"darwin";"38.107.216.41";"speedtest";1340047845;52855.296825;0.040580;"d6f10baf-3b6d-47fb-999c-6d4188d2d4b2";7018;"IL";"Chicago";19;6;2012;0;18;"20120618"
"72.81.232.139";"US";-76.837500;39.174900;"AS701 MCI Communications Services, Inc. d/b/a Verizon Business";"mlab3-dfw01";0.076445;1653246.228651;"0.004012999";"darwin";"38.107.216.41";"bittorrent";1340047926;255786.976613;-1.000000;"5d2377cf-2e67-40be-b1dc-e439a545da6f";701;"MD";"Columbia";19;6;2012;0;18;"20120618"
"98.22.138.166";"US";-95.790800;36.052600;"AS7029 Windstream Communications Inc";"mlab3-dfw01";0.027658;108491.732684;"0.004012999";"win32";"38.107.216.41";"speedtest";1340048610;79494.816592;0.044250;"eb27082c-e25b-4239-869e-8ba23d438a17";7029;"OK";"Broken Arrow";19;6;2012;0;18;"20120618"
"71.192.154.157";"US";-71.051200;42.406300;"AS7922 Comcast Cable Communications, Inc.";"mlab3-dfw01";0.067866;712859.528061;"0.004012999";"darwin";"38.107.216.41";"bittorrent";1340049294;449227.175403;-1.000000;"65fb0ed5-8aab-4ca3-973b-6f6abd2e24d4";7922;"MA";"Everett";19;6;2012;0;18;"20120618"
"173.246.102.187";"US";-76.612200;39.290400;"AS29169 Gandi SAS";"mlab3-dfw01";0.033841;2312380.745370;"0.004011999";"linux2";"38.107.216.41";"speedtest";1340049521;682812.095473;0.035800;"a57cd6aa-6b9a-40e3-ae4c-0685546dd104";29169;"MD";"Baltimore";19;6;2012;0;18;"20120618"
"97.65.115.51";"US";-122.393300;37.769700;"AS4323 tw telecom holdings, inc.";"mlab3-dfw01";0.048798;947040.162726;"0.004012999";"win32";"38.107.216.41";"bittorrent";1340049556;661924.178349;-1.000000;"e54bd867-c3d4-475c-aa3f-d513bac1c0f1";4323;"CA";"San Francisco";19;6;2012;0;18;"20120618"
"70.122.243.11";"US";-97.015000;32.954600;"AS11427 Time Warner Cable Internet LLC";"mlab3-dfw01";0.019167;3752090.629837;"0.004012999";"win32";"38.107.216.41";"bittorrent";1340049649;571577.364789;-1.000000;"bab8f612-1f34-46c2-a83e-fbaa7a2f8fa7";11427;"TX";"Coppell";20;6;2012;0;18;"20120618"
"108.58.78.250";"US";-73.587600;40.755700;"AS6128 Cablevision Systems Corp.";"mlab3-dfw01";0.056976;3328321.496480;"0.004011999";"win32";"38.107.216.41";"speedtest";1340049658;583879.856359;0.053889;"63a2819d-1e01-4d29-9601-39befed63efa";6128;"NY";"Westbury";20;6;2012;0;18;"20120618"
"50.78.87.177";"US";-106.097500;39.574400;"AS7922 Comcast Cable Communications, Inc.";"mlab3-dfw01";0.039071;1517537.130000;"0.004012999";"win32";"38.107.216.41";"speedtest";1340049648;1290185.539250;0.036982;"c4393561-5207-49e8-879a-bbb805c9188f";7922;"CO";"Frisco";20;6;2012;0;18;"20120618"
"71.204.91.144";"US";-84.447700;34.119000;"AS7922 Comcast Cable Communications, Inc.";"mlab3-dfw01";0.032999;960794.565070;"0.004012999";"darwin";"38.107.216.41";"speedtest";1340049835;514284.764387;0.036055;"4b4fa0bc-987b-4105-9a0b-83e736a6503c";7922;"GA";"Woodstock";20;6;2012;0;18;"20120618"
"66.142.7.6";"US";-101.831300;35.222000;"AS2386 AT&T Data Communications Services";"mlab3-dfw01";0.111153;18620.307502;"0.004012999";"linux2";"38.107.216.41";"bittorrent";1340049866;11174.105866;-1.000000;"e629a5ed-292e-4c20-860f-40ebe4624851";2386;"TX";"Amarillo";20;6;2012;0;18;"20120618"
"24.22.135.177";"US";-122.332100;47.606200;"AS7922 Comcast Cable Communications, Inc.";"mlab3-dfw01";0.058098;1567587.505910;"0.004012999";"linux2";"38.107.216.41";"speedtest";1340050189;451476.115956;0.059030;"04cea472-6610-42db-acd2-c644a3d4447f";7922;"WA";"Seattle";20;6;2012;0;18;"20120618"
"98.251.77.68";"US";-83.949600;33.512000;"AS7922 Comcast Cable Communications, Inc.";"mlab3-dfw01";0.034920;2792718.957470;"0.004011999";"win32";"38.107.216.41";"speedtest";1340050340;468379.453837;0.038146;"cbfab653-aed3-47c3-b7d0-e4159cab6582";7922;"GA";"Covington";20;6;2012;0;18;"20120618"
"174.130.159.236";"US";-84.120400;32.341000;"AS7029 Windstream Communications Inc";"mlab3-dfw01";0.082836;64566.196110;"0.004011999";"win32";"38.107.216.41";"bittorrent";1340050494;61579.181834;-1.000000;"de6fbf44-b9c6-4959-9089-5bd76562acd2";7029;"GA";"Oglethorpe";20;6;2012;0;18;"20120618"
"173.160.133.65";"US";-122.449200;47.151100;"AS7922 Comcast Cable Communications, Inc.";"mlab3-dfw01";0.062534;459149.697970;"0.004012999";"win32";"38.107.216.41";"speedtest";1340050500;263154.045841;0.063184;"cd29f4ce-ebe9-47c8-8b18-9406a9618ac1";7922;"WA";"Tacoma";20;6;2012;0;18;"20120618"
"68.40.185.45";"US";-83.740900;42.277600;"AS7922 Comcast Cable Communications, Inc.";"mlab3-dfw01";0.057553;1225373.055551;"0.004012999";"darwin";"38.107.216.41";"bittorrent";1340050710;776465.681681;-1.000000;"f77a7853-1ba8-4219-aa2c-2157b5e89023";7922;"MI";"Ann Arbor";20;6;2012;0;18;"20120618"
"24.130.152.60";"US";-122.088500;37.709000;"AS7922 Comcast Cable Communications, Inc.";"mlab3-dfw01";0.059243;2668554.880477;"0.004012999";"darwin";"38.107.216.41";"bittorrent";1340050770;776743.591981;-1.000000;"92ef1dc6-e5b9-40c8-800b-cc909779319d";7922;"CA";"Castro Valley";20;6;2012;0;18;"20120618"
"98.206.101.228";"US";-87.655100;41.937300;"AS7922 Comcast Cable Communications, Inc.";"mlab3-dfw01";0.042131;2909608.888323;"0.004012999";"win32";"38.107.216.41";"bittorrent";1340050793;519596.678669;-1.000000;"1b8a7968-95b4-4827-8260-84d7e02b3d53";7922;"IL";"Chicago";20;6;2012;0;18;"20120618"
"209.155.86.74";"US";-77.426000;43.100500;"AS1785 PaeTec Communications, Inc.";"mlab3-dfw01";0.053495;251996.132097;"0.004012999";"win32";"38.107.216.41";"bittorrent";1340051993;54158.803050;-1.000000;"4841c017-4566-4afc-a805-ba458ccb2be1";1785;"NY";"Fairport";20;6;2012;0;18;"20120618"
"99.21.145.140";"US";-121.382800;38.626300;"AS7132 AS for SBIS-AS";"mlab3-dfw01";0.075262;1231156.597493;"0.004012999";"win32";"38.107.216.41";"bittorrent";1340052251;170972.800375;-1.000000;"ebeab1c8-defc-4fef-8be3-daa7088a0954";7132;"CA";"Sacramento";20;6;2012;0;18;"20120618"
"67.61.252.127";"US";-116.391500;43.612100;"AS11492 CABLE ONE, INC.";"mlab3-dfw01";0.078164;526092.779934;"0.004012999";"win32";"38.107.216.41";"speedtest";1340052501;68214.954642;0.088839;"076c32c5-13b7-4305-a338-c545b0b2a500";11492;"ID";"Meridian";20;6;2012;0;18;"20120618"
"67.168.59.54";"US";-122.668000;48.185500;"AS7922 Comcast Cable Communications, Inc.";"mlab3-dfw01";0.057909;2475384.914072;"0.004012999";"win32";"38.107.216.41";"bittorrent";1340052512;640833.809997;-1.000000;"ea22d474-846e-407d-9ebe-cd03ff0d64f4";7922;"WA";"Coupeville";20;6;2012;0;18;"20120618"
"76.169.71.176";"US";-118.273400;33.963800;"AS20001 Time Warner Cable Internet LLC";"mlab3-dfw01";0.083114;1154893.367598;"0.004011999";"win32";"38.107.216.41";"bittorrent";1340053385;122011.456555;-1.000000;"2f0c137b-7982-4d9c-b50a-c362f2d810e0";20001;"CA";"Los Angeles";21;6;2012;0;18;"20120618"
"50.12.211.162";"US";-93.263800;44.980000;"AS16586 CLEARWIRE - CLEAR WIRELESS LLC";"mlab3-dfw01";0.103775;245985.571683;"0.004012999";"darwin";"38.107.216.41";"bittorrent";1340053639;120271.384727;-1.000000;"3955a411-3e83-4a8e-aa8e-165233e306e9";16586;"MN";"Minneapolis";21;6;2012;0;18;"20120618"
"67.168.59.54";"US";-122.668000;48.185500;"AS7922 Comcast Cable Communications, Inc.";"mlab3-dfw01";0.058966;1996424.788770;"0.004012999";"win32";"38.107.216.41";"speedtest";1340054013;637244.105951;0.061669;"ea22d474-846e-407d-9ebe-cd03ff0d64f4";7922;"WA";"Coupeville";21;6;2012;0;18;"20120618"
"75.132.191.176";"US";-89.899800;38.512100;"AS20115 Charter Communications";"mlab3-dfw01";0.038059;2292731.639590;"0.004012999";"win32";"38.107.216.41";"speedtest";1340054041;398677.555299;0.040650;"c08311ac-7edd-4390-b447-4ca484b5dacc";20115;"IL";"Belleville";21;6;2012;0;18;"20120618"
"98.203.140.223";"US";-122.304300;47.610200;"AS7922 Comcast Cable Communications, Inc.";"mlab3-dfw01";0.061126;829509.589374;"0.004012999";"linux2";"38.107.216.41";"bittorrent";1340054082;447545.848704;-1.000000;"4bf1068a-cabe-4254-a52f-c2914db03ade";7922;"WA";"Seattle";21;6;2012;0;18;"20120618"
"76.112.203.189";"US";-83.144600;42.489500;"AS7922 Comcast Cable Communications, Inc.";"mlab3-dfw01";0.054917;1698143.748496;"0.004012999";"win32";"38.107.216.41";"bittorrent";1340054128;786579.955330;-1.000000;"5cb4931f-bf67-49bf-a4ec-d36d7495a682";7922;"MI";"Royal Oak";21;6;2012;0;18;"20120618"
"75.127.236.122";"US";-97.000000;38.000000;"AS6128 Cablevision Systems Corp.";"mlab3-dfw01";0.050556;1226548.818456;"0.004012999";"win32";"38.107.216.41";"bittorrent";1340054324;521968.245234;-1.000000;"560c097a-1dfa-4e05-9893-bdc56e35afc3";6128;"";"";21;6;2012;0;18;"20120618"
"71.187.199.3";"US";-74.216400;40.816200;"AS701 MCI Communications Services, Inc. d/b/a Verizon Business";"mlab3-dfw01";0.067613;1108901.691030;"0.004011999";"win32";"38.107.216.41";"speedtest";1340054455;824923.861261;0.058377;"a9bde20f-2872-443c-8e9b-a2f6f162c91d";701;"NJ";"Montclair";21;6;2012;0;18;"20120618"
"68.48.221.17";"US";-76.837500;39.174900;"AS7922 Comcast Cable Communications, Inc.";"mlab3-dfw01";0.046737;1301989.777713;"0.004012999";"darwin";"38.107.216.41";"bittorrent";1340054632;643385.917395;-1.000000;"4162ce8a-78ab-4a68-9407-13618360662f";7922;"MD";"Columbia";21;6;2012;0;18;"20120618"
"97.126.49.211";"US";-122.217100;47.482900;"AS209 NOVARTIS-DMZ-US";"mlab3-dfw01";0.166381;175524.365708;"0.004012999";"darwin";"38.107.216.41";"bittorrent";1340054852;55223.277686;-1.000000;"8e65a2a9-47d4-4adc-a937-76425a1f5bfe";209;"WA";"Renton";21;6;2012;0;18;"20120618"
"76.10.12.242";"US";-88.242600;40.112500;"AS46925 PAVLOV MEDIA INC";"mlab3-dfw01";0.040309;1503823.953160;"0.004012999";"win32";"38.107.216.41";"speedtest";1340055460;1356030.103280;0.038874;"b2c93218-2fa2-4a04-be8b-f4553cb22e1a";46925;"IL";"Champaign";21;6;2012;0;18;"20120618"
"76.168.80.127";"US";-118.243700;34.052200;"AS20001 Time Warner Cable Internet LLC";"mlab3-dfw01";0.054306;2445132.473500;"0.004012999";"darwin";"38.107.216.41";"speedtest";1340056255;120211.819388;0.055950;"90d62fdd-a880-469e-bb3b-4bf575cfed10";20001;"CA";"Los Angeles";21;6;2012;0;18;"20120618"
"24.22.135.177";"US";-122.332100;47.606200;"AS7922 Comcast Cable Communications, Inc.";"mlab3-dfw01";0.066911;2728717.291410;"0.004012999";"linux2";"38.107.216.41";"speedtest";1340056246;418547.582906;0.057740;"04cea472-6610-42db-acd2-c644a3d4447f";7922;"WA";"Seattle";21;6;2012;0;18;"20120618"
"68.40.185.45";"US";-83.740900;42.277600;"AS7922 Comcast Cable Communications, Inc.";"mlab3-dfw01";0.055707;1512298.809134;"0.004012999";"darwin";"38.107.216.41";"bittorrent";1340056422;688160.796765;-1.000000;"f77a7853-1ba8-4219-aa2c-2157b5e89023";7922;"MI";"Ann Arbor";21;6;2012;0;18;"20120618"
"72.181.251.247";"US";-96.771500;32.833900;"AS11427 Time Warner Cable Internet LLC";"mlab3-dfw01";0.023547;2443441.249050;"0.004012999";"darwin";"38.107.216.41";"speedtest";1340057491;221338.661855;0.026623;"ec56ca67-ca5b-4ee7-a615-8743ebac3e8a";11427;"TX";"Dallas";22;6;2012;0;18;"20120618"
"184.177.72.227";"US";-97.000000;38.000000;"AS22773 Cox Communications Inc.";"mlab3-dfw01";0.071981;606200.357000;"0.004012999";"win32";"38.107.216.41";"bittorrent";1340058765;772291.333213;-1.000000;"e9aa2936-1c50-4b9d-89e4-2daad232b753";22773;"";"";22;6;2012;0;18;"20120618"
"71.187.199.3";"US";-74.216400;40.816200;"AS701 MCI Communications Services, Inc. d/b/a Verizon Business";"mlab3-dfw01";0.056224;1117673.915103;"0.004011999";"win32";"38.107.216.41";"bittorrent";1340059099;551850.559077;-1.000000;"a9bde20f-2872-443c-8e9b-a2f6f162c91d";701;"NJ";"Montclair";22;6;2012;0;18;"20120618"
"98.203.140.223";"US";-122.304300;47.610200;"AS7922 Comcast Cable Communications, Inc.";"mlab3-dfw01";0.057286;2515733.748479;"0.004012999";"linux2";"38.107.216.41";"bittorrent";1340059880;441169.804834;-1.000000;"4bf1068a-cabe-4254-a52f-c2914db03ade";7922;"WA";"Seattle";22;6;2012;0;18;"20120618"
"24.130.152.60";"US";-122.088500;37.709000;"AS7922 Comcast Cable Communications, Inc.";"mlab3-dfw01";0.058100;3762945.174607;"0.004012999";"darwin";"38.107.216.41";"bittorrent";1340060277;782948.098816;-1.000000;"92ef1dc6-e5b9-40c8-800b-cc909779319d";7922;"CA";"Castro Valley";22;6;2012;0;18;"20120618"
"71.58.226.44";"US";-75.961500;41.249000;"AS7922 Comcast Cable Communications, Inc.";"mlab3-dfw01";0.067372;3204595.149223;"0.004012999";"win32";"38.107.216.41";"bittorrent";1340060354;573565.714392;-1.000000;"fb6cc5ca-37c3-44c5-8176-4a40a17f217a";7922;"PA";"Plymouth";22;6;2012;0;18;"20120618"
"216.196.141.118";"US";-97.000000;38.000000;"AS6181 Cincinnati Bell Telephone";"mlab3-dfw01";0.044171;35705.524558;"0.004012999";"win32";"38.107.216.41";"bittorrent";1340060566;61572.611834;-1.000000;"59bc30c0-4f87-4fbd-8bb7-35768315d718";6181;"";"";23;6;2012;0;18;"20120618"
"96.2.48.78";"US";-96.983300;42.836900;"AS11232 Midcontinent Media, Inc.";"mlab3-dfw01";0.062315;3949856.536495;"0.004012999";"win32";"38.107.216.41";"bittorrent";1340060806;629546.307995;-1.000000;"d4959228-fa29-4292-8c76-7ca9985284c9";11232;"SD";"Vermillion";23;6;2012;0;18;"20120618"
"69.249.238.83";"US";-75.163800;39.952300;"AS7922 Comcast Cable Communications, Inc.";"mlab3-dfw01";0.138011;1141616.129745;"0.004012999";"win32";"38.107.216.41";"bittorrent";1340061567;161744.789948;-1.000000;"a49b9e19-6f47-4dc7-8196-0fc4dbc9e641";7922;"PA";"Philadelphia";23;6;2012;0;18;"20120618"
"65.77.65.251";"US";-97.794700;35.261200;"AS22898 ATLINK SERVICES, LLC";"mlab3-dfw01";0.014320;230264.684828;"0.004012999";"win32";"38.107.216.41";"speedtest";1340062582;49705.158367;0.014926;"e4a04559-218e-49d2-bbc0-71b979b87fa0";22898;"OK";"Tuttle";23;6;2012;0;18;"20120618"
"50.78.87.177";"US";-106.097500;39.574400;"AS7922 Comcast Cable Communications, Inc.";"mlab3-dfw01";0.037391;1619407.175410;"0.004012999";"win32";"38.107.216.41";"speedtest";1340062644;1256021.507790;0.038187;"c4393561-5207-49e8-879a-bbb805c9188f";7922;"CO";"Frisco";23;6;2012;0;18;"20120618"
"68.41.24.217";"US";-83.036000;42.724500;"AS7922 Comcast Cable Communications, Inc.";"mlab3-dfw01";0.057074;1778656.890430;"0.004012999";"win32";"38.107.216.41";"speedtest";1340062705;392411.153185;0.058299;"7acc5903-5884-4564-add3-0be49e9fa576";7922;"MI";"Washington";23;6;2012;0;18;"20120618"
"64.13.104.81";"US";-77.026100;38.990700;"AS16586 CLEARWIRE - CLEAR WIRELESS LLC";"mlab3-dfw01";1.289839;57845.274124;"0.004012999";"darwin";"38.107.216.41";"speedtest";1340063056;107971.765282;0.296886;"8a5f995c-e96b-4ee9-8332-ee1284a6fd58";16586;"MD";"Silver Spring";23;6;2012;0;18;"20120618"
"98.124.100.208";"US";-80.038400;33.118000;"AS16863 Home Telephone Company, Inc.";"mlab3-dfw01";0.063328;1071433.051220;"0.004012999";"linux2";"38.107.216.41";"speedtest";1340063174;221394.534340;0.068274;"adcd5d0f-b5f4-47e4-9505-249669f515a0";16863;"SC";"Moncks Corner";23;6;2012;0;18;"20120618"
"67.130.216.230";"US";-105.937800;35.687000;"AS209 NOVARTIS-DMZ-US";"mlab3-dfw01";0.098696;195863.599351;"0.004012999";"win32";"38.107.216.41";"bittorrent";1340063655;83045.654541;-1.000000;"ee8fe911-f84d-4ab8-b486-dda4c138f932";209;"NM";"Santa Fe";23;6;2012;0;18;"20120618"
"71.237.28.39";"US";-104.984700;39.739200;"AS7922 Comcast Cable Communications, Inc.";"mlab3-dfw01";0.028856;1718487.246470;"0.004012999";"darwin";"38.107.216.41";"speedtest";1340063713;454072.290719;0.211142;"95e96326-78fe-4507-8b06-f60611a1b7ad";7922;"CO";"Denver";23;6;2012;0;18;"20120618"
"82.171.145.6";"NL";5.750000;52.500000;"AS5615 Koninklijke KPN N.V.";"mlab3-ams02";0.097675;682165.759534;"0.004012999";"darwin";"72.26.217.109";"bittorrent";1339978240;115879.592202;-1.000000;"c890f61d-5863-4538-b423-e697d00771f8";5615;"";"";2;6;2012;0;18;"20120618"
"83.160.172.95";"NL";4.707000;52.022600;"AS3265 XS4ALL Internet BV";"mlab3-ams02";0.036654;259216.951392;"0.004012999";"win32";"72.26.217.109";"speedtest";1339978843;18568.943896;0.112511;"e078e51a-f032-4f30-83ee-a782f83c2cc3";3265;"11";"Gouda";2;6;2012;0;18;"20120618"
"82.139.117.216";"NL";5.750000;52.500000;"AS41887 Prolocation AS";"mlab3-ams02";0.004579;4045692.602249;"0.004012999";"darwin";"72.26.217.109";"bittorrent";1339979555;5762707.161398;-1.000000;"44eae906-042b-4aa3-b1a8-1c349c1ff293";41887;"";"";2;6;2012;0;18;"20120618"
"83.160.172.95";"NL";4.707000;52.022600;"AS3265 XS4ALL Internet BV";"mlab3-ams02";0.106179;375829.733238;"0.004012999";"win32";"72.26.217.109";"bittorrent";1339980401;41987.697488;-1.000000;"e078e51a-f032-4f30-83ee-a782f83c2cc3";3265;"11";"Gouda";2;6;2012;0;18;"20120618"
"82.72.97.219";"NL";5.750000;52.500000;"AS9143 Ziggo B.V.";"mlab3-ams02";0.015884;4039415.125400;"0.004012999";"darwin";"72.26.217.109";"speedtest";1339982793;1012336.966980;0.017865;"c33b4d6e-bcfc-499d-91e0-0ce4ccfa16cd";9143;"";"";3;6;2012;0;18;"20120618"
"82.171.145.6";"NL";5.750000;52.500000;"AS5615 Koninklijke KPN N.V.";"mlab3-ams02";0.098413;595011.058603;"0.004012999";"darwin";"72.26.217.109";"speedtest";1339982797;104533.143214;0.099030;"c890f61d-5863-4538-b423-e697d00771f8";5615;"";"";3;6;2012;0;18;"20120618"
"83.143.188.187";"NL";5.750000;52.500000;"AS31673 Uniserver Internet B.V.";"mlab3-ams02";0.017783;1729040.326150;"0.004012999";"win32";"72.26.217.109";"speedtest";1339993583;883475.523128;0.016052;"997a283e-d807-4fe9-922a-5a17954a752b";31673;"";"";6;6;2012;0;18;"20120618"
"83.160.172.95";"NL";4.707000;52.022600;"AS3265 XS4ALL Internet BV";"mlab3-ams02";0.050732;272915.017569;"0.004012999";"win32";"72.26.217.109";"bittorrent";1339992876;33744.320989;-1.000000;"e078e51a-f032-4f30-83ee-a782f83c2cc3";3265;"11";"Gouda";6;6;2012;0;18;"20120618"
"83.143.188.187";"NL";5.750000;52.500000;"AS31673 Uniserver Internet B.V.";"mlab3-ams02";0.017203;2057037.899300;"0.004012999";"win32";"72.26.217.109";"speedtest";1339996478;887203.422497;0.015658;"997a283e-d807-4fe9-922a-5a17954a752b";31673;"";"";7;6;2012;0;18;"20120618"
"82.139.117.216";"NL";5.750000;52.500000;"AS41887 Prolocation AS";"mlab3-ams02";0.004402;4581283.799148;"0.004012999";"darwin";"72.26.217.109";"bittorrent";1339997510;3872758.431396;-1.000000;"44eae906-042b-4aa3-b1a8-1c349c1ff293";41887;"";"";7;6;2012;0;18;"20120618"
"82.72.97.219";"NL";5.750000;52.500000;"AS9143 Ziggo B.V.";"mlab3-ams02";0.021303;3469708.096750;"0.004012999";"darwin";"72.26.217.109";"speedtest";1340000664;687546.743477;0.020192;"c33b4d6e-bcfc-499d-91e0-0ce4ccfa16cd";9143;"";"";8;6;2012;0;18;"20120618"
"83.143.188.187";"NL";5.750000;52.500000;"AS31673 Uniserver Internet B.V.";"mlab3-ams02";0.031179;1933010.694720;"0.004012999";"win32";"72.26.217.109";"speedtest";1340002274;891155.639778;0.015282;"997a283e-d807-4fe9-922a-5a17954a752b";31673;"";"";8;6;2012;0;18;"20120618"
"82.139.117.216";"NL";5.750000;52.500000;"AS41887 Prolocation AS";"mlab3-ams02";0.005632;4108657.916190;"0.004012999";"darwin";"72.26.217.109";"bittorrent";1340003487;5760572.424491;-1.000000;"44eae906-042b-4aa3-b1a8-1c349c1ff293";41887;"";"";9;6;2012;0;18;"20120618"
"83.160.172.95";"NL";4.707000;52.022600;"AS3265 XS4ALL Internet BV";"mlab3-ams02";0.275028;92158.378183;"0.004012999";"win32";"72.26.217.109";"speedtest";1340003841;9387.467627;0.221803;"e078e51a-f032-4f30-83ee-a782f83c2cc3";3265;"11";"Gouda";9;6;2012;0;18;"20120618"
"80.101.233.154";"NL";4.916700;52.350000;"AS3265 XS4ALL Internet BV";"mlab3-ams02";0.006695;1901173.347253;"0.004012999";"darwin";"72.26.217.109";"bittorrent";1340003853;2690647.241974;-1.000000;"02960c2f-7906-4ccf-b06b-04f9cd4b368b";3265;"07";"Amsterdam";9;6;2012;0;18;"20120618"
"188.121.234.93";"FR";2.333300;48.866700;"AS44530 Ajova Network";"mlab3-ams02";0.050249;177033.608878;"0.004012999";"darwin";"72.26.217.109";"bittorrent";1340005892;231314.152385;-1.000000;"affdd276-d617-457c-bd9f-185d039ca24f";44530;"A8";"Paris";9;6;2012;0;18;"20120618"
"80.101.233.154";"NL";4.916700;52.350000;"AS3265 XS4ALL Internet BV";"mlab3-ams02";0.005103;1991809.473111;"0.004012999";"darwin";"72.26.217.109";"bittorrent";1340006958;2678926.053488;-1.000000;"02960c2f-7906-4ccf-b06b-04f9cd4b368b";3265;"07";"Amsterdam";10;6;2012;0;18;"20120618"
"83.160.172.95";"NL";4.707000;52.022600;"AS3265 XS4ALL Internet BV";"mlab3-ams02";0.752082;49333.914156;"0.004012999";"win32";"72.26.217.109";"speedtest";1340006973;4654.159525;0.277406;"e078e51a-f032-4f30-83ee-a782f83c2cc3";3265;"11";"Gouda";10;6;2012;0;18;"20120618"
"82.139.117.216";"NL";5.750000;52.500000;"AS41887 Prolocation AS";"mlab3-ams02";0.004752;2896116.418155;"0.004012999";"darwin";"72.26.217.109";"bittorrent";1340009472;5768739.848104;-1.000000;"44eae906-042b-4aa3-b1a8-1c349c1ff293";41887;"";"";10;6;2012;0;18;"20120618"
"83.160.172.95";"NL";4.707000;52.022600;"AS3265 XS4ALL Internet BV";"mlab3-ams02";0.030274;436585.324969;"0.004012999";"win32";"72.26.217.109";"speedtest";1340010080;103339.366225;0.023393;"e078e51a-f032-4f30-83ee-a782f83c2cc3";3265;"11";"Gouda";11;6;2012;0;18;"20120618"
"82.139.117.216";"NL";5.750000;52.500000;"AS41887 Prolocation AS";"mlab3-ams02";0.013091;4836958.541780;"0.004012999";"darwin";"72.26.217.109";"speedtest";1340010968;5748873.299340;0.005331;"44eae906-042b-4aa3-b1a8-1c349c1ff293";41887;"";"";11;6;2012;0;18;"20120618"
"62.69.181.5";"NL";5.750000;52.500000;"AS23148 Terremark";"mlab3-ams02";0.106610;86924.117626;"0.004012999";"darwin";"72.26.217.109";"bittorrent";1340011640;381438.177356;-1.000000;"c890f61d-5863-4538-b423-e697d00771f8";23148;"";"";11;6;2012;0;18;"20120618"
"188.121.234.93";"FR";2.333300;48.866700;"AS44530 Ajova Network";"mlab3-ams02";1.013239;512536.583898;"0.004012999";"darwin";"72.26.217.109";"speedtest";1340013959;226792.329438;0.049460;"affdd276-d617-457c-bd9f-185d039ca24f";44530;"A8";"Paris";12;6;2012;0;18;"20120618"
"82.72.97.219";"NL";5.750000;52.500000;"AS9143 Ziggo B.V.";"mlab3-ams02";0.021386;4188397.399335;"0.004012999";"darwin";"72.26.217.109";"bittorrent";1340017058;928896.491856;-1.000000;"c33b4d6e-bcfc-499d-91e0-0ce4ccfa16cd";9143;"";"";12;6;2012;0;18;"20120618"
"83.143.188.187";"NL";5.750000;52.500000;"AS31673 Uniserver Internet B.V.";"mlab3-ams02";0.014561;1902607.243340;"0.004012999";"win32";"72.26.217.109";"speedtest";1340019658;892793.158304;0.016386;"997a283e-d807-4fe9-922a-5a17954a752b";31673;"";"";13;6;2012;0;18;"20120618"
"188.121.234.93";"FR";2.333300;48.866700;"AS44530 Ajova Network";"mlab3-ams02";1.048614;533121.773646;"0.004012999";"darwin";"72.26.217.109";"speedtest";1340020427;224398.664073;0.050240;"affdd276-d617-457c-bd9f-185d039ca24f";44530;"A8";"Paris";13;6;2012;0;18;"20120618"
"83.143.188.187";"NL";5.750000;52.500000;"AS31673 Uniserver Internet B.V.";"mlab3-ams02";0.011198;1343842.370170;"0.004012999";"win32";"72.26.217.109";"speedtest";1340025455;857172.617923;0.017475;"997a283e-d807-4fe9-922a-5a17954a752b";31673;"";"";15;6;2012;0;18;"20120618"
"82.72.97.219";"NL";5.750000;52.500000;"AS9143 Ziggo B.V.";"mlab3-ams02";0.016770;3208119.910370;"0.004012999";"darwin";"72.26.217.109";"speedtest";1340024508;887573.024979;0.022913;"c33b4d6e-bcfc-499d-91e0-0ce4ccfa16cd";9143;"";"";15;6;2012;0;18;"20120618"
"82.72.97.219";"NL";5.750000;52.500000;"AS9143 Ziggo B.V.";"mlab3-ams02";0.014008;4473642.247913;"0.004012999";"darwin";"72.26.217.109";"bittorrent";1340025999;768899.949869;-1.000000;"c33b4d6e-bcfc-499d-91e0-0ce4ccfa16cd";9143;"";"";15;6;2012;0;18;"20120618"
"83.143.188.187";"NL";5.750000;52.500000;"AS31673 Uniserver Internet B.V.";"mlab3-ams02";0.020101;1411897.785450;"0.004012999";"win32";"72.26.217.109";"speedtest";1340028352;831005.283610;0.016097;"997a283e-d807-4fe9-922a-5a17954a752b";31673;"";"";16;6;2012;0;18;"20120618"
"82.139.117.216";"NL";5.750000;52.500000;"AS41887 Prolocation AS";"mlab3-ams02";0.136348;3755680.601023;"0.004012999";"darwin";"72.26.217.109";"bittorrent";1340027425;5752632.335256;-1.000000;"44eae906-042b-4aa3-b1a8-1c349c1ff293";41887;"";"";15;6;2012;0;18;"20120618"
"188.121.234.93";"FR";2.333300;48.866700;"AS44530 Ajova Network";"mlab3-ams02";1.011468;327176.408228;"0.004012999";"darwin";"72.26.217.109";"speedtest";1340030138;188197.698257;0.050732;"affdd276-d617-457c-bd9f-185d039ca24f";44530;"A8";"Paris";16;6;2012;0;18;"20120618"
"83.160.172.95";"NL";4.707000;52.022600;"AS3265 XS4ALL Internet BV";"mlab3-ams02";0.434246;115343.811548;"0.004012999";"win32";"72.26.217.109";"bittorrent";1340030367;44003.600420;-1.000000;"e078e51a-f032-4f30-83ee-a782f83c2cc3";3265;"11";"Gouda";16;6;2012;0;18;"20120618"
"188.121.234.93";"FR";2.333300;48.866700;"AS44530 Ajova Network";"mlab3-ams02";0.048302;270536.054517;"0.004012999";"darwin";"72.26.217.109";"bittorrent";1340031753;245052.438466;-1.000000;"affdd276-d617-457c-bd9f-185d039ca24f";44530;"A8";"Paris";17;6;2012;0;18;"20120618"
"82.139.117.216";"NL";5.750000;52.500000;"AS41887 Prolocation AS";"mlab3-ams02";0.014180;4733283.073200;"0.004012999";"darwin";"72.26.217.109";"speedtest";1340031910;5744176.619290;0.005587;"44eae906-042b-4aa3-b1a8-1c349c1ff293";41887;"";"";17;6;2012;0;18;"20120618"
"82.139.117.216";"NL";5.750000;52.500000;"AS41887 Prolocation AS";"mlab3-ams02";0.014351;4543865.780680;"0.004012999";"darwin";"72.26.217.109";"speedtest";1340034905;5750221.160690;0.005588;"44eae906-042b-4aa3-b1a8-1c349c1ff293";41887;"";"";17;6;2012;0;18;"20120618"
"82.72.97.219";"NL";5.750000;52.500000;"AS9143 Ziggo B.V.";"mlab3-ams02";0.046461;3354209.602381;"0.004012999";"darwin";"72.26.217.109";"bittorrent";1340034944;606737.892318;-1.000000;"c33b4d6e-bcfc-499d-91e0-0ce4ccfa16cd";9143;"";"";17;6;2012;0;18;"20120618"
"83.160.172.95";"NL";4.707000;52.022600;"AS3265 XS4ALL Internet BV";"mlab3-ams02";0.513272;64004.344311;"0.004012999";"win32";"72.26.217.109";"speedtest";1340035041;20652.424154;0.431363;"e078e51a-f032-4f30-83ee-a782f83c2cc3";3265;"11";"Gouda";17;6;2012;0;18;"20120618"
"188.121.234.93";"FR";2.333300;48.866700;"AS44530 Ajova Network";"mlab3-ams02";1.038766;179615.998329;"0.004012999";"darwin";"72.26.217.109";"speedtest";1340036689;20864.889806;0.051394;"affdd276-d617-457c-bd9f-185d039ca24f";44530;"A8";"Paris";18;6;2012;0;18;"20120618"
"83.160.172.95";"NL";4.707000;52.022600;"AS3265 XS4ALL Internet BV";"mlab3-ams02";0.431772;112610.070177;"0.004012999";"win32";"72.26.217.109";"bittorrent";1340039736;26598.802448;-1.000000;"e078e51a-f032-4f30-83ee-a782f83c2cc3";3265;"11";"Gouda";19;6;2012;0;18;"20120618"
"82.139.117.216";"NL";5.750000;52.500000;"AS41887 Prolocation AS";"mlab3-ams02";0.004956;1884916.632110;"0.004012999";"darwin";"72.26.217.109";"speedtest";1340040895;4648811.956480;0.005590;"44eae906-042b-4aa3-b1a8-1c349c1ff293";41887;"";"";19;6;2012;0;18;"20120618"
"82.72.97.219";"NL";5.750000;52.500000;"AS9143 Ziggo B.V.";"mlab3-ams02";0.033918;3149263.086251;"0.004012999";"darwin";"72.26.217.109";"bittorrent";1340040909;656194.383065;-1.000000;"c33b4d6e-bcfc-499d-91e0-0ce4ccfa16cd";9143;"";"";19;6;2012;0;18;"20120618"
"83.143.188.187";"NL";5.750000;52.500000;"AS31673 Uniserver Internet B.V.";"mlab3-ams02";0.012897;1946134.055330;"0.004012999";"win32";"72.26.217.109";"speedtest";1340050749;854561.983736;0.018854;"997a283e-d807-4fe9-922a-5a17954a752b";31673;"";"";22;6;2012;0;18;"20120618"
"82.139.117.216";"NL";5.750000;52.500000;"AS41887 Prolocation AS";"mlab3-ams02";0.107570;3290262.397110;"0.004012999";"darwin";"72.26.217.109";"bittorrent";1340051370;3406904.352355;-1.000000;"44eae906-042b-4aa3-b1a8-1c349c1ff293";41887;"";"";22;6;2012;0;18;"20120618"
"95.97.136.81";"NL";4.916700;52.350000;"AS6830 Liberty Global Operations B.V.";"mlab3-ams02";0.017084;7149865.557870;"0.004012999";"darwin";"72.26.217.109";"speedtest";1340053799;336960.239629;0.027017;"93c1e509-d968-431a-a16e-f1f8386faaf0";6830;"07";"Amsterdam";23;6;2012;0;18;"20120618"
"83.143.188.187";"NL";5.750000;52.500000;"AS31673 Uniserver Internet B.V.";"mlab3-ams02";0.021455;2666937.948762;"0.004012999";"win32";"72.26.217.109";"bittorrent";1340054325;876951.985477;-1.000000;"997a283e-d807-4fe9-922a-5a17954a752b";31673;"";"";23;6;2012;0;18;"20120618"
"82.72.97.219";"NL";5.750000;52.500000;"AS9143 Ziggo B.V.";"mlab3-ams02";0.017532;3336366.451200;"0.004012999";"darwin";"72.26.217.109";"speedtest";1340060831;837945.861137;0.020387;"c33b4d6e-bcfc-499d-91e0-0ce4ccfa16cd";9143;"";"";1;6;2012;1;19;"20120618"
"82.139.117.216";"NL";5.750000;52.500000;"AS41887 Prolocation AS";"mlab3-ams02";0.004595;4414914.281551;"0.004012999";"darwin";"72.26.217.109";"bittorrent";1340063352;5729890.690275;-1.000000;"44eae906-042b-4aa3-b1a8-1c349c1ff293";41887;"";"";1;6;2012;1;19;"20120618"
"79.136.69.32";"SE";17.900000;59.466700;"AS8473 Bahnhof Internet AB";"mlab2-arn01";0.012769;668320.273305;"0.004011999";"win32";"213.248.112.96";"bittorrent";1339978265;846910.478169;-1.000000;"b7de6f4d-9ad7-464c-96b5-64465905279b";8473;"26";"Sollentuna";2;6;2012;0;18;"20120618"
"194.218.98.60";"SE";15.000000;62.000000;"AS3301 TeliaSonera AB";"mlab2-arn01";0.004854;490060.634303;"0.004012999";"darwin";"213.248.112.96";"speedtest";1339979172;486795.417698;0.005246;"745b2352-01d8-47d8-abd3-d8157a1f2054";3301;"";"";2;6;2012;0;18;"20120618"
"93.182.184.180";"SE";13.183300;55.700000;"AS47155 ViaEuropa Sweden";"mlab2-arn01";0.089007;33562.468727;"0.004012999";"darwin";"213.248.112.96";"speedtest";1339979899;99817.069327;0.093793;"f964310a-e0bf-411c-899d-e43d00356428";47155;"27";"Lund";2;6;2012;0;18;"20120618"
"194.218.98.60";"SE";15.000000;62.000000;"AS3301 TeliaSonera AB";"mlab2-arn01";0.004712;491166.305998;"0.004012999";"darwin";"213.248.112.96";"bittorrent";1339980800;488357.895048;-1.000000;"745b2352-01d8-47d8-abd3-d8157a1f2054";3301;"";"";2;6;2012;0;18;"20120618"
"79.136.69.32";"SE";17.900000;59.466700;"AS8473 Bahnhof Internet AB";"mlab2-arn01";0.011130;576352.330808;"0.004011999";"win32";"213.248.112.96";"speedtest";1339983147;1178703.429090;0.013841;"b7de6f4d-9ad7-464c-96b5-64465905279b";8473;"26";"Sollentuna";3;6;2012;0;18;"20120618"
"194.218.98.60";"SE";15.000000;62.000000;"AS3301 TeliaSonera AB";"mlab2-arn01";0.004783;488702.802713;"0.004012999";"darwin";"213.248.112.96";"bittorrent";1339984054;489736.456534;-1.000000;"745b2352-01d8-47d8-abd3-d8157a1f2054";3301;"";"";3;6;2012;0;18;"20120618"
"79.136.69.32";"SE";17.900000;59.466700;"AS8473 Bahnhof Internet AB";"mlab2-arn01";0.012626;1168711.593422;"0.004011999";"win32";"213.248.112.96";"bittorrent";1339984776;1191239.991836;-1.000000;"b7de6f4d-9ad7-464c-96b5-64465905279b";8473;"26";"Sollentuna";3;6;2012;0;18;"20120618"
"109.104.13.165";"SE";18.050000;59.333300;"AS33885 Ownit Broadband AB";"mlab2-arn01";0.021756;7950770.408979;"0.004008999";"linux2";"213.248.112.96";"bittorrent";1339985030;11589542.021984;-1.000000;"1958e4d5-a376-4c96-bc09-d6da7799bc60";33885;"26";"Stockholm";4;6;2012;0;18;"20120618"
"194.218.98.60";"SE";15.000000;62.000000;"AS3301 TeliaSonera AB";"mlab2-arn01";0.004799;490696.259769;"0.004012999";"darwin";"213.248.112.96";"bittorrent";1339987308;489131.087095;-1.000000;"745b2352-01d8-47d8-abd3-d8157a1f2054";3301;"";"";4;6;2012;0;18;"20120618"
"109.104.13.165";"SE";18.050000;59.333300;"AS33885 Ownit Broadband AB";"mlab2-arn01";0.022268;9138243.960468;"0.004008999";"linux2";"213.248.112.96";"bittorrent";1339988160;11382655.587215;-1.000000;"1958e4d5-a376-4c96-bc09-d6da7799bc60";33885;"26";"Stockholm";4;6;2012;0;18;"20120618"
"109.104.13.165";"SE";18.050000;59.333300;"AS33885 Ownit Broadband AB";"mlab2-arn01";0.021762;6852556.151530;"0.004008999";"linux2";"213.248.112.96";"speedtest";1339989726;11306050.843600;0.022824;"1958e4d5-a376-4c96-bc09-d6da7799bc60";33885;"26";"Stockholm";5;6;2012;0;18;"20120618"
"79.136.69.32";"SE";17.900000;59.466700;"AS8473 Bahnhof Internet AB";"mlab2-arn01";0.020422;1129854.187065;"0.004011999";"win32";"213.248.112.96";"bittorrent";1339991292;1186422.922299;-1.000000;"b7de6f4d-9ad7-464c-96b5-64465905279b";8473;"26";"Sollentuna";5;6;2012;0;18;"20120618"
"79.136.69.32";"SE";17.900000;59.466700;"AS8473 Bahnhof Internet AB";"mlab2-arn01";0.011563;1144266.819030;"0.004011999";"win32";"213.248.112.96";"speedtest";1339996178;1179442.447390;0.013919;"b7de6f4d-9ad7-464c-96b5-64465905279b";8473;"26";"Sollentuna";7;6;2012;0;18;"20120618"
"109.104.13.165";"SE";18.050000;59.333300;"AS33885 Ownit Broadband AB";"mlab2-arn01";0.022286;9521393.814006;"0.004008999";"linux2";"213.248.112.96";"bittorrent";1339997554;11486908.469897;-1.000000;"1958e4d5-a376-4c96-bc09-d6da7799bc60";33885;"26";"Stockholm";7;6;2012;0;18;"20120618"
"194.218.98.60";"SE";15.000000;62.000000;"AS3301 TeliaSonera AB";"mlab2-arn01";0.004599;467126.993043;"0.004012999";"darwin";"213.248.112.96";"bittorrent";1340000335;488434.687815;-1.000000;"745b2352-01d8-47d8-abd3-d8157a1f2054";3301;"";"";8;6;2012;0;18;"20120618"
"109.104.13.165";"SE";18.050000;59.333300;"AS33885 Ownit Broadband AB";"mlab2-arn01";0.021668;8322180.035535;"0.004008999";"linux2";"213.248.112.96";"bittorrent";1340006948;11454970.777843;-1.000000;"1958e4d5-a376-4c96-bc09-d6da7799bc60";33885;"26";"Stockholm";10;6;2012;0;18;"20120618"
"194.218.98.60";"SE";15.000000;62.000000;"AS3301 TeliaSonera AB";"mlab2-arn01";0.004794;457625.492269;"0.004012999";"darwin";"213.248.112.96";"bittorrent";1340010123;485213.095206;-1.000000;"745b2352-01d8-47d8-abd3-d8157a1f2054";3301;"";"";11;6;2012;0;18;"20120618"
"109.104.13.165";"SE";18.050000;59.333300;"AS33885 Ownit Broadband AB";"mlab2-arn01";0.023719;7691431.793836;"0.004008999";"linux2";"213.248.112.96";"bittorrent";1340013210;11530116.860676;-1.000000;"1958e4d5-a376-4c96-bc09-d6da7799bc60";33885;"26";"Stockholm";11;6;2012;0;18;"20120618"
"194.218.98.60";"SE";15.000000;62.000000;"AS3301 TeliaSonera AB";"mlab2-arn01";0.004886;465790.709378;"0.004012999";"darwin";"213.248.112.96";"bittorrent";1340013378;486233.582456;-1.000000;"745b2352-01d8-47d8-abd3-d8157a1f2054";3301;"";"";11;6;2012;0;18;"20120618"
"194.218.98.60";"SE";15.000000;62.000000;"AS3301 TeliaSonera AB";"mlab2-arn01";0.004978;474792.829151;"0.004012999";"darwin";"213.248.112.96";"speedtest";1340015004;482853.946024;0.009323;"745b2352-01d8-47d8-abd3-d8157a1f2054";3301;"";"";12;6;2012;0;18;"20120618"
"194.218.98.60";"SE";15.000000;62.000000;"AS3301 TeliaSonera AB";"mlab2-arn01";0.004762;451767.258991;"0.004012999";"darwin";"213.248.112.96";"speedtest";1340018259;481982.910282;0.005210;"745b2352-01d8-47d8-abd3-d8157a1f2054";3301;"";"";13;6;2012;0;18;"20120618"
"194.218.98.60";"SE";15.000000;62.000000;"AS3301 TeliaSonera AB";"mlab2-arn01";0.004743;455316.161174;"0.004012999";"darwin";"213.248.112.96";"speedtest";1340021513;457488.957880;0.005340;"745b2352-01d8-47d8-abd3-d8157a1f2054";3301;"";"";14;6;2012;0;18;"20120618"
"109.104.13.165";"SE";18.050000;59.333300;"AS33885 Ownit Broadband AB";"mlab2-arn01";0.025519;6419173.259580;"0.004008999";"linux2";"213.248.112.96";"speedtest";1340024169;11211025.639800;0.026551;"1958e4d5-a376-4c96-bc09-d6da7799bc60";33885;"26";"Stockholm";14;6;2012;0;18;"20120618"
"194.218.98.60";"SE";15.000000;62.000000;"AS3301 TeliaSonera AB";"mlab2-arn01";0.004801;473085.467068;"0.004012999";"darwin";"213.248.112.96";"speedtest";1340024768;477518.733025;0.005274;"745b2352-01d8-47d8-abd3-d8157a1f2054";3301;"";"";15;6;2012;0;18;"20120618"
"109.104.13.165";"SE";18.050000;59.333300;"AS33885 Ownit Broadband AB";"mlab2-arn01";0.021856;9119587.024690;"0.004008999";"linux2";"213.248.112.96";"speedtest";1340027298;11351008.721100;0.022952;"1958e4d5-a376-4c96-bc09-d6da7799bc60";33885;"26";"Stockholm";15;6;2012;0;18;"20120618"
"109.104.13.165";"SE";18.050000;59.333300;"AS33885 Ownit Broadband AB";"mlab2-arn01";0.021623;10190932.457794;"0.004008999";"linux2";"213.248.112.96";"bittorrent";1340028864;11464330.300014;-1.000000;"1958e4d5-a376-4c96-bc09-d6da7799bc60";33885;"26";"Stockholm";16;6;2012;0;18;"20120618"
"79.136.69.32";"SE";17.900000;59.466700;"AS8473 Bahnhof Internet AB";"mlab2-arn01";0.019676;977105.174855;"0.004011999";"win32";"213.248.112.96";"speedtest";1340030139;1175407.047960;0.039536;"b7de6f4d-9ad7-464c-96b5-64465905279b";8473;"26";"Sollentuna";16;6;2012;0;18;"20120618"
"79.136.69.32";"SE";17.900000;59.466700;"AS8473 Bahnhof Internet AB";"mlab2-arn01";0.023716;1089587.801106;"0.004011999";"win32";"213.248.112.96";"bittorrent";1340031770;924808.693723;-1.000000;"b7de6f4d-9ad7-464c-96b5-64465905279b";8473;"26";"Sollentuna";17;6;2012;0;18;"20120618"
"194.218.98.60";"SE";15.000000;62.000000;"AS3301 TeliaSonera AB";"mlab2-arn01";0.004977;490621.673559;"0.004012999";"darwin";"213.248.112.96";"bittorrent";1340032906;488549.348025;-1.000000;"745b2352-01d8-47d8-abd3-d8157a1f2054";3301;"";"";17;6;2012;0;18;"20120618"
"109.104.13.165";"SE";18.050000;59.333300;"AS33885 Ownit Broadband AB";"mlab2-arn01";0.023704;9077477.177980;"0.004008999";"linux2";"213.248.112.96";"speedtest";1340033560;11276955.827300;0.024857;"1958e4d5-a376-4c96-bc09-d6da7799bc60";33885;"26";"Stockholm";17;6;2012;0;18;"20120618"
"79.136.69.32";"SE";17.900000;59.466700;"AS8473 Bahnhof Internet AB";"mlab2-arn01";0.013378;1166277.647380;"0.004012999";"win32";"213.248.112.96";"speedtest";1340033636;1161561.324950;0.016761;"b7de6f4d-9ad7-464c-96b5-64465905279b";8473;"26";"Sollentuna";17;6;2012;0;18;"20120618"
"109.104.13.165";"SE";18.050000;59.333300;"AS33885 Ownit Broadband AB";"mlab2-arn01";0.025452;7376120.556210;"0.004008999";"linux2";"213.248.112.96";"speedtest";1340036854;664569.646471;0.026579;"1958e4d5-a376-4c96-bc09-d6da7799bc60";33885;"26";"Stockholm";18;6;2012;0;18;"20120618"
"79.102.219.64";"SE";18.300000;59.483300;"AS2119 Telenor Norge AS";"mlab2-arn01";0.037292;1011247.390803;"0.004012999";"win32";"213.248.112.96";"bittorrent";1340037931;360819.940958;-1.000000;"b7de6f4d-9ad7-464c-96b5-64465905279b";2119;"26";"Åkersberga";18;6;2012;0;18;"20120618"
"109.104.13.165";"SE";18.050000;59.333300;"AS33885 Ownit Broadband AB";"mlab2-arn01";0.021878;6395140.736830;"0.004008999";"linux2";"213.248.112.96";"speedtest";1340039985;661385.416588;0.022884;"1958e4d5-a376-4c96-bc09-d6da7799bc60";33885;"26";"Stockholm";19;6;2012;0;18;"20120618"
"194.218.98.60";"SE";15.000000;62.000000;"AS3301 TeliaSonera AB";"mlab2-arn01";0.004783;490949.098998;"0.004012999";"darwin";"213.248.112.96";"speedtest";1340041041;490168.697999;0.005305;"745b2352-01d8-47d8-abd3-d8157a1f2054";3301;"";"";19;6;2012;0;18;"20120618"
"194.218.98.60";"SE";15.000000;62.000000;"AS3301 TeliaSonera AB";"mlab2-arn01";0.004675;488797.310043;"0.004012999";"darwin";"213.248.112.96";"bittorrent";1340042668;490492.645032;-1.000000;"745b2352-01d8-47d8-abd3-d8157a1f2054";3301;"";"";20;6;2012;0;18;"20120618"
"93.182.180.71";"SE";13.183300;55.700000;"AS47155 ViaEuropa Sweden";"mlab2-arn01";0.145553;22486.843685;"0.004012999";"darwin";"213.248.112.96";"speedtest";1340044305;74181.578177;0.128442;"f964310a-e0bf-411c-899d-e43d00356428";47155;"27";"Lund";20;6;2012;0;18;"20120618"
"93.182.180.71";"SE";13.183300;55.700000;"AS47155 ViaEuropa Sweden";"mlab2-arn01";0.118630;8723.290677;"0.004012999";"darwin";"213.248.112.96";"bittorrent";1340045861;33399.348746;-1.000000;"f964310a-e0bf-411c-899d-e43d00356428";47155;"27";"Lund";20;6;2012;0;18;"20120618"
"194.218.98.60";"SE";15.000000;62.000000;"AS3301 TeliaSonera AB";"mlab2-arn01";0.004843;491012.522658;"0.004012999";"darwin";"213.248.112.96";"speedtest";1340047550;488977.707796;0.005310;"745b2352-01d8-47d8-abd3-d8157a1f2054";3301;"";"";21;6;2012;0;18;"20120618"
"194.218.98.60";"SE";15.000000;62.000000;"AS3301 TeliaSonera AB";"mlab2-arn01";0.004682;491592.427399;"0.004012999";"darwin";"213.248.112.96";"bittorrent";1340049177;490352.102637;-1.000000;"745b2352-01d8-47d8-abd3-d8157a1f2054";3301;"";"";21;6;2012;0;18;"20120618"
"109.104.13.165";"SE";18.050000;59.333300;"AS33885 Ownit Broadband AB";"mlab2-arn01";0.025435;5453707.695290;"0.004008999";"linux2";"213.248.112.96";"speedtest";1340055641;660468.518754;0.026581;"1958e4d5-a376-4c96-bc09-d6da7799bc60";33885;"26";"Stockholm";23;6;2012;0;18;"20120618"
"194.218.98.60";"SE";15.000000;62.000000;"AS3301 TeliaSonera AB";"mlab2-arn01";0.017191;491165.285744;"0.004012999";"darwin";"213.248.112.96";"bittorrent";1340055686;490124.253254;-1.000000;"745b2352-01d8-47d8-abd3-d8157a1f2054";3301;"";"";23;6;2012;0;18;"20120618"
"93.182.180.71";"SE";13.183300;55.700000;"AS47155 ViaEuropa Sweden";"mlab2-arn01";0.088940;26982.347591;"0.004012999";"darwin";"213.248.112.96";"speedtest";1340056501;98584.370848;0.093517;"f964310a-e0bf-411c-899d-e43d00356428";47155;"27";"Lund";23;6;2012;0;18;"20120618"
"194.218.98.60";"SE";15.000000;62.000000;"AS3301 TeliaSonera AB";"mlab2-arn01";0.004834;475007.416376;"0.004012999";"darwin";"213.248.112.96";"speedtest";1340057312;484211.232368;0.005302;"745b2352-01d8-47d8-abd3-d8157a1f2054";3301;"";"";0;6;2012;1;19;"20120618"
"93.182.180.71";"SE";13.183300;55.700000;"AS47155 ViaEuropa Sweden";"mlab2-arn01";0.086773;28028.922829;"0.004012999";"darwin";"213.248.112.96";"bittorrent";1340058015;94533.388629;-1.000000;"f964310a-e0bf-411c-899d-e43d00356428";47155;"27";"Lund";0;6;2012;1;19;"20120618"
"194.218.98.60";"SE";15.000000;62.000000;"AS3301 TeliaSonera AB";"mlab2-arn01";0.004699;490999.373821;"0.004012999";"darwin";"213.248.112.96";"speedtest";1340060566;487524.129362;0.005279;"745b2352-01d8-47d8-abd3-d8157a1f2054";3301;"";"";1;6;2012;1;19;"20120618"
"93.182.180.71";"SE";13.183300;55.700000;"AS47155 ViaEuropa Sweden";"mlab2-arn01";0.088226;28097.762556;"0.004012999";"darwin";"213.248.112.96";"bittorrent";1340061034;92083.559023;-1.000000;"f964310a-e0bf-411c-899d-e43d00356428";47155;"27";"Lund";1;6;2012;1;19;"20120618"
"79.136.64.144";"SE";17.900000;59.466700;"AS8473 Bahnhof Internet AB";"mlab2-arn01";0.012368;1162129.514590;"0.004012999";"win32";"213.248.112.96";"speedtest";1340061504;1175041.136970;0.014801;"b7de6f4d-9ad7-464c-96b5-64465905279b";8473;"26";"Sollentuna";1;6;2012;1;19;"20120618"
"194.218.98.60";"SE";15.000000;62.000000;"AS3301 TeliaSonera AB";"mlab2-arn01";0.004853;492298.751573;"0.004012999";"darwin";"213.248.112.96";"bittorrent";1340062194;490746.772648;-1.000000;"745b2352-01d8-47d8-abd3-d8157a1f2054";3301;"";"";1;6;2012;1;19;"20120618"
"79.136.64.144";"SE";17.900000;59.466700;"AS8473 Bahnhof Internet AB";"mlab2-arn01";0.012728;1134592.171403;"0.004012999";"win32";"213.248.112.96";"bittorrent";1340062945;266506.792089;-1.000000;"b7de6f4d-9ad7-464c-96b5-64465905279b";8473;"26";"Sollentuna";1;6;2012;1;19;"20120618"
"109.104.13.165";"SE";18.050000;59.333300;"AS33885 Ownit Broadband AB";"mlab2-arn01";0.022266;8950085.330679;"0.004008999";"linux2";"213.248.112.96";"bittorrent";1340063470;664943.469922;-1.000000;"1958e4d5-a376-4c96-bc09-d6da7799bc60";33885;"26";"Stockholm";1;6;2012;1;19;"20120618"
"194.218.98.60";"SE";15.000000;62.000000;"AS3301 TeliaSonera AB";"mlab2-arn01";0.004810;490231.968404;"0.004012999";"darwin";"213.248.112.96";"speedtest";1340063820;489064.065245;0.005308;"745b2352-01d8-47d8-abd3-d8157a1f2054";3301;"";"";1;6;2012;1;19;"20120618"
"130.43.73.127";"GR";23.733300;37.983300;"AS1241 Forthnet";"mlab1-ath01";0.043633;795485.302925;"0.004012999";"win32";"83.212.4.19";"bittorrent";1339978832;107780.988196;-1.000000;"062ac9cd-ccd3-4d13-9905-fe4beb7155a0";1241;"35";"Athens";3;6;2012;0;18;"20120618"
"130.43.73.127";"GR";23.733300;37.983300;"AS1241 Forthnet";"mlab1-ath01";0.043220;794803.760364;"0.004012999";"win32";"83.212.4.19";"bittorrent";1339981626;108071.429550;-1.000000;"062ac9cd-ccd3-4d13-9905-fe4beb7155a0";1241;"35";"Athens";4;6;2012;0;18;"20120618"
"130.43.73.127";"GR";23.733300;37.983300;"AS1241 Forthnet";"mlab1-ath01";0.043191;841522.029943;"0.004012999";"win32";"83.212.4.19";"bittorrent";1339995604;109113.807685;-1.000000;"062ac9cd-ccd3-4d13-9905-fe4beb7155a0";1241;"35";"Athens";8;6;2012;0;18;"20120618"
"130.43.73.127";"GR";23.733300;37.983300;"AS1241 Forthnet";"mlab1-ath01";0.044335;905897.538629;"0.004012999";"win32";"83.212.4.19";"bittorrent";1340009614;109096.888630;-1.000000;"062ac9cd-ccd3-4d13-9905-fe4beb7155a0";1241;"35";"Athens";11;6;2012;0;18;"20120618"
"212.251.115.121";"GR";23.733300;37.983300;"AS1241 Forthnet";"mlab1-ath01";0.052888;682661.957408;"0.004012999";"win32";"83.212.4.19";"speedtest";1340022199;76693.009543;0.028025;"062ac9cd-ccd3-4d13-9905-fe4beb7155a0";1241;"35";"Athens";15;6;2012;0;18;"20120618"
"212.251.115.121";"GR";23.733300;37.983300;"AS1241 Forthnet";"mlab1-ath01";0.045353;77067.578434;"0.004012999";"win32";"83.212.4.19";"speedtest";1340024997;83115.987599;0.027524;"062ac9cd-ccd3-4d13-9905-fe4beb7155a0";1241;"35";"Athens";16;6;2012;0;18;"20120618"
"212.251.115.121";"GR";23.733300;37.983300;"AS1241 Forthnet";"mlab1-ath01";0.043648;105119.964384;"0.004012999";"win32";"83.212.4.19";"bittorrent";1340025076;107453.799852;-1.000000;"062ac9cd-ccd3-4d13-9905-fe4beb7155a0";1241;"35";"Athens";16;6;2012;0;18;"20120618"
"212.251.115.121";"GR";23.733300;37.983300;"AS1241 Forthnet";"mlab1-ath01";0.043615;676198.677302;"0.004012999";"win32";"83.212.4.19";"speedtest";1340030585;102686.427893;0.031218;"062ac9cd-ccd3-4d13-9905-fe4beb7155a0";1241;"35";"Athens";17;6;2012;0;18;"20120618"
"212.251.115.121";"GR";23.733300;37.983300;"AS1241 Forthnet";"mlab1-ath01";0.044146;752084.491319;"0.004012999";"win32";"83.212.4.19";"speedtest";1340044587;74029.530375;0.027433;"062ac9cd-ccd3-4d13-9905-fe4beb7155a0";1241;"35";"Athens";21;6;2012;0;18;"20120618"
"212.251.115.121";"GR";23.733300;37.983300;"AS1241 Forthnet";"mlab1-ath01";0.044242;532020.566159;"0.004012999";"win32";"83.212.4.19";"bittorrent";1340048782;102971.523076;-1.000000;"062ac9cd-ccd3-4d13-9905-fe4beb7155a0";1241;"35";"Athens";22;6;2012;0;18;"20120618"
"188.4.186.201";"GR";23.733300;37.983300;"AS1241 Forthnet";"mlab1-ath01";0.043771;881394.173325;"0.004012999";"win32";"83.212.4.19";"speedtest";1340055772;78352.843278;0.028477;"062ac9cd-ccd3-4d13-9905-fe4beb7155a0";1241;"35";"Athens";0;6;2012;1;19;"20120618"
"188.4.186.201";"GR";23.733300;37.983300;"AS1241 Forthnet";"mlab1-ath01";0.043944;907043.668019;"0.004012999";"win32";"83.212.4.19";"bittorrent";1340059959;108772.704607;-1.000000;"062ac9cd-ccd3-4d13-9905-fe4beb7155a0";1241;"35";"Athens";1;6;2012;1;19;"20120618"
"188.4.186.201";"GR";23.733300;37.983300;"AS1241 Forthnet";"mlab1-ath01";0.176020;146144.806702;"0.004012999";"win32";"83.212.4.19";"speedtest";1340061365;69852.211595;0.176752;"062ac9cd-ccd3-4d13-9905-fe4beb7155a0";1241;"35";"Athens";2;6;2012;1;19;"20120618"
"188.4.186.201";"GR";23.733300;37.983300;"AS1241 Forthnet";"mlab1-ath01";0.043614;907157.055938;"0.004012999";"win32";"83.212.4.19";"bittorrent";1340061497;108947.823826;-1.000000;"062ac9cd-ccd3-4d13-9905-fe4beb7155a0";1241;"35";"Athens";2;6;2012;1;19;"20120618"
"93.182.184.180";"SE";13.183300;55.700000;"AS47155 ViaEuropa Sweden";"mlab1-arn01";1.166613;52090.774001;"0.004012999";"darwin";"213.248.112.83";"bittorrent";1339978497;98006.237910;-1.000000;"f964310a-e0bf-411c-899d-e43d00356428";47155;"27";"Lund";2;6;2012;0;18;"20120618"
"109.104.13.165";"SE";18.050000;59.333300;"AS33885 Ownit Broadband AB";"mlab1-arn01";0.023787;9111465.029875;"0.004008999";"linux2";"213.248.112.83";"bittorrent";1339978769;11565219.482379;-1.000000;"1958e4d5-a376-4c96-bc09-d6da7799bc60";33885;"26";"Stockholm";2;6;2012;0;18;"20120618"
"79.136.69.32";"SE";17.900000;59.466700;"AS8473 Bahnhof Internet AB";"mlab1-arn01";0.012431;695894.894235;"0.004011999";"win32";"213.248.112.83";"speedtest";1339979891;1177606.134170;0.014440;"b7de6f4d-9ad7-464c-96b5-64465905279b";8473;"26";"Sollentuna";2;6;2012;0;18;"20120618"
"109.104.13.165";"SE";18.050000;59.333300;"AS33885 Ownit Broadband AB";"mlab1-arn01";0.025388;7956654.866240;"0.004008999";"linux2";"213.248.112.83";"speedtest";1339980332;11151087.996300;0.026592;"1958e4d5-a376-4c96-bc09-d6da7799bc60";33885;"26";"Stockholm";2;6;2012;0;18;"20120618"
"93.182.184.180";"SE";13.183300;55.700000;"AS47155 ViaEuropa Sweden";"mlab1-arn01";0.086912;54336.444121;"0.004012999";"darwin";"213.248.112.83";"bittorrent";1339981306;97553.264865;-1.000000;"f964310a-e0bf-411c-899d-e43d00356428";47155;"27";"Lund";3;6;2012;0;18;"20120618"
"79.136.69.32";"SE";17.900000;59.466700;"AS8473 Bahnhof Internet AB";"mlab1-arn01";0.013088;1031706.082028;"0.004011999";"win32";"213.248.112.83";"bittorrent";1339981518;1096175.167222;-1.000000;"b7de6f4d-9ad7-464c-96b5-64465905279b";8473;"26";"Sollentuna";3;6;2012;0;18;"20120618"
"109.104.13.165";"SE";18.050000;59.333300;"AS33885 Ownit Broadband AB";"mlab1-arn01";0.023876;7969433.022727;"0.004008999";"linux2";"213.248.112.83";"bittorrent";1339981899;11527380.021386;-1.000000;"1958e4d5-a376-4c96-bc09-d6da7799bc60";33885;"26";"Stockholm";3;6;2012;0;18;"20120618"
"93.182.184.180";"SE";13.183300;55.700000;"AS47155 ViaEuropa Sweden";"mlab1-arn01";0.090129;49390.126691;"0.004012999";"darwin";"213.248.112.83";"speedtest";1339982707;99870.131642;0.094344;"f964310a-e0bf-411c-899d-e43d00356428";47155;"27";"Lund";3;6;2012;0;18;"20120618"
"109.104.13.165";"SE";18.050000;59.333300;"AS33885 Ownit Broadband AB";"mlab1-arn01";0.025511;7510682.277150;"0.004008999";"linux2";"213.248.112.83";"speedtest";1339983465;11254058.927200;0.026573;"1958e4d5-a376-4c96-bc09-d6da7799bc60";33885;"26";"Stockholm";3;6;2012;0;18;"20120618"
"194.218.98.60";"SE";15.000000;62.000000;"AS3301 TeliaSonera AB";"mlab1-arn01";0.004851;490932.808751;"0.004012999";"darwin";"213.248.112.83";"speedtest";1339985681;462395.459447;0.005400;"745b2352-01d8-47d8-abd3-d8157a1f2054";3301;"";"";4;6;2012;0;18;"20120618"
"109.104.13.165";"SE";18.050000;59.333300;"AS33885 Ownit Broadband AB";"mlab1-arn01";0.021816;8173120.186270;"0.004008999";"linux2";"213.248.112.83";"speedtest";1339986595;11324902.763900;0.022907;"1958e4d5-a376-4c96-bc09-d6da7799bc60";33885;"26";"Stockholm";4;6;2012;0;18;"20120618"
"79.136.69.32";"SE";17.900000;59.466700;"AS8473 Bahnhof Internet AB";"mlab1-arn01";0.012395;1112987.020336;"0.004011999";"win32";"213.248.112.83";"bittorrent";1339988035;1187213.213539;-1.000000;"b7de6f4d-9ad7-464c-96b5-64465905279b";8473;"26";"Sollentuna";4;6;2012;0;18;"20120618"
"194.218.98.60";"SE";15.000000;62.000000;"AS3301 TeliaSonera AB";"mlab1-arn01";0.004885;479198.943612;"0.004012999";"darwin";"213.248.112.83";"speedtest";1339988934;489155.474008;0.006415;"745b2352-01d8-47d8-abd3-d8157a1f2054";3301;"";"";5;6;2012;0;18;"20120618"
"79.136.69.32";"SE";17.900000;59.466700;"AS8473 Bahnhof Internet AB";"mlab1-arn01";0.011367;1159577.994460;"0.004011999";"win32";"213.248.112.83";"speedtest";1339989662;1178458.870400;0.014357;"b7de6f4d-9ad7-464c-96b5-64465905279b";8473;"26";"Sollentuna";5;6;2012;0;18;"20120618"
"109.104.13.165";"SE";18.050000;59.333300;"AS33885 Ownit Broadband AB";"mlab1-arn01";0.023316;8319681.212431;"0.004008999";"linux2";"213.248.112.83";"bittorrent";1339991292;11571468.215646;-1.000000;"1958e4d5-a376-4c96-bc09-d6da7799bc60";33885;"26";"Stockholm";5;6;2012;0;18;"20120618"
"109.104.13.165";"SE";18.050000;59.333300;"AS33885 Ownit Broadband AB";"mlab1-arn01";0.023426;5938726.180700;"0.004008999";"linux2";"213.248.112.83";"speedtest";1339992858;11294067.677200;0.024471;"1958e4d5-a376-4c96-bc09-d6da7799bc60";33885;"26";"Stockholm";6;6;2012;0;18;"20120618"
"194.218.98.60";"SE";15.000000;62.000000;"AS3301 TeliaSonera AB";"mlab1-arn01";0.004818;487236.269375;"0.004012999";"darwin";"213.248.112.83";"bittorrent";1339993816;489011.142611;-1.000000;"745b2352-01d8-47d8-abd3-d8157a1f2054";3301;"";"";6;6;2012;0;18;"20120618"
"109.104.13.165";"SE";18.050000;59.333300;"AS33885 Ownit Broadband AB";"mlab1-arn01";0.023653;9712035.339347;"0.004008999";"linux2";"213.248.112.83";"bittorrent";1339994424;11585882.725786;-1.000000;"1958e4d5-a376-4c96-bc09-d6da7799bc60";33885;"26";"Stockholm";6;6;2012;0;18;"20120618"
"79.136.69.32";"SE";17.900000;59.466700;"AS8473 Bahnhof Internet AB";"mlab1-arn01";0.013028;1102764.892918;"0.004011999";"win32";"213.248.112.83";"bittorrent";1339994551;1183605.679076;-1.000000;"b7de6f4d-9ad7-464c-96b5-64465905279b";8473;"26";"Sollentuna";6;6;2012;0;18;"20120618"
"109.104.13.165";"SE";18.050000;59.333300;"AS33885 Ownit Broadband AB";"mlab1-arn01";0.021830;7617604.450230;"0.004008999";"linux2";"213.248.112.83";"speedtest";1339995988;11318547.985500;0.022891;"1958e4d5-a376-4c96-bc09-d6da7799bc60";33885;"26";"Stockholm";7;6;2012;0;18;"20120618"
"194.218.98.60";"SE";15.000000;62.000000;"AS3301 TeliaSonera AB";"mlab1-arn01";0.229832;248504.268088;"0.004012999";"darwin";"213.248.112.83";"speedtest";1339998707;486242.080293;0.375870;"745b2352-01d8-47d8-abd3-d8157a1f2054";3301;"";"";7;6;2012;0;18;"20120618"
"79.136.69.32";"SE";17.900000;59.466700;"AS8473 Bahnhof Internet AB";"mlab1-arn01";0.021979;909537.560692;"0.004011999";"win32";"213.248.112.83";"speedtest";1339999436;1177502.820620;0.030109;"b7de6f4d-9ad7-464c-96b5-64465905279b";8473;"26";"Sollentuna";8;6;2012;0;18;"20120618"
"109.104.13.165";"SE";18.050000;59.333300;"AS33885 Ownit Broadband AB";"mlab1-arn01";0.022219;9517506.498117;"0.004008999";"linux2";"213.248.112.83";"bittorrent";1340000684;11555460.507378;-1.000000;"1958e4d5-a376-4c96-bc09-d6da7799bc60";33885;"26";"Stockholm";8;6;2012;0;18;"20120618"
"109.104.13.165";"SE";18.050000;59.333300;"AS33885 Ownit Broadband AB";"mlab1-arn01";0.021851;8477481.435590;"0.004008999";"linux2";"213.248.112.83";"speedtest";1340002249;11349819.206000;0.022929;"1958e4d5-a376-4c96-bc09-d6da7799bc60";33885;"26";"Stockholm";8;6;2012;0;18;"20120618"
"194.218.98.60";"SE";15.000000;62.000000;"AS3301 TeliaSonera AB";"mlab1-arn01";0.004875;463935.879720;"0.004012999";"darwin";"213.248.112.83";"bittorrent";1340003608;488769.548703;-1.000000;"745b2352-01d8-47d8-abd3-d8157a1f2054";3301;"";"";9;6;2012;0;18;"20120618"
"109.104.13.165";"SE";18.050000;59.333300;"AS33885 Ownit Broadband AB";"mlab1-arn01";0.022212;9676850.650742;"0.004008999";"linux2";"213.248.112.83";"bittorrent";1340003815;11482156.591900;-1.000000;"1958e4d5-a376-4c96-bc09-d6da7799bc60";33885;"26";"Stockholm";9;6;2012;0;18;"20120618"
"109.104.13.165";"SE";18.050000;59.333300;"AS33885 Ownit Broadband AB";"mlab1-arn01";0.021807;6683690.174400;"0.004008999";"linux2";"213.248.112.83";"speedtest";1340005381;11346805.107900;0.022894;"1958e4d5-a376-4c96-bc09-d6da7799bc60";33885;"26";"Stockholm";9;6;2012;0;18;"20120618"
"109.104.13.165";"SE";18.050000;59.333300;"AS33885 Ownit Broadband AB";"mlab1-arn01";0.023981;7250885.260339;"0.004008999";"linux2";"213.248.112.83";"bittorrent";1340010079;11426790.706580;-1.000000;"1958e4d5-a376-4c96-bc09-d6da7799bc60";33885;"26";"Stockholm";11;6;2012;0;18;"20120618"
"194.218.98.60";"SE";15.000000;62.000000;"AS3301 TeliaSonera AB";"mlab1-arn01";0.004976;449827.341354;"0.004012999";"darwin";"213.248.112.83";"speedtest";1340011750;467205.821377;0.005398;"745b2352-01d8-47d8-abd3-d8157a1f2054";3301;"";"";11;6;2012;0;18;"20120618"
"109.104.13.165";"SE";18.050000;59.333300;"AS33885 Ownit Broadband AB";"mlab1-arn01";0.023158;8584430.370160;"0.004008999";"linux2";"213.248.112.83";"speedtest";1340017906;11293660.350500;0.024332;"1958e4d5-a376-4c96-bc09-d6da7799bc60";33885;"26";"Stockholm";13;6;2012;0;18;"20120618"
"79.136.69.32";"SE";17.900000;59.466700;"AS8473 Bahnhof Internet AB";"mlab1-arn01";0.014251;796585.734810;"0.004011999";"win32";"213.248.112.83";"bittorrent";1340021997;1034298.639588;-1.000000;"b7de6f4d-9ad7-464c-96b5-64465905279b";8473;"26";"Sollentuna";14;6;2012;0;18;"20120618"
"109.104.13.165";"SE";18.050000;59.333300;"AS33885 Ownit Broadband AB";"mlab1-arn01";0.021887;9889365.734938;"0.004008999";"linux2";"213.248.112.83";"bittorrent";1340022602;10978427.789207;-1.000000;"1958e4d5-a376-4c96-bc09-d6da7799bc60";33885;"26";"Stockholm";14;6;2012;0;18;"20120618"
"79.136.69.32";"SE";17.900000;59.466700;"AS8473 Bahnhof Internet AB";"mlab1-arn01";0.024705;946666.280474;"0.004011999";"win32";"213.248.112.83";"speedtest";1340023627;1029788.686090;0.083180;"b7de6f4d-9ad7-464c-96b5-64465905279b";8473;"26";"Sollentuna";14;6;2012;0;18;"20120618"
"109.104.13.165";"SE";18.050000;59.333300;"AS33885 Ownit Broadband AB";"mlab1-arn01";0.023109;10039065.992837;"0.004008999";"linux2";"213.248.112.83";"bittorrent";1340025735;10827489.274101;-1.000000;"1958e4d5-a376-4c96-bc09-d6da7799bc60";33885;"26";"Stockholm";15;6;2012;0;18;"20120618"
"194.218.98.60";"SE";15.000000;62.000000;"AS3301 TeliaSonera AB";"mlab1-arn01";0.005138;456552.989745;"0.004012999";"darwin";"213.248.112.83";"bittorrent";1340026398;466271.525644;-1.000000;"745b2352-01d8-47d8-abd3-d8157a1f2054";3301;"";"";15;6;2012;0;18;"20120618"
"194.218.98.60";"SE";15.000000;62.000000;"AS3301 TeliaSonera AB";"mlab1-arn01";0.004889;477420.994706;"0.004012999";"darwin";"213.248.112.83";"speedtest";1340028025;451807.947294;0.013001;"745b2352-01d8-47d8-abd3-d8157a1f2054";3301;"";"";16;6;2012;0;18;"20120618"
"194.218.98.60";"SE";15.000000;62.000000;"AS3301 TeliaSonera AB";"mlab1-arn01";0.004974;487785.858740;"0.004012999";"darwin";"213.248.112.83";"speedtest";1340031278;479150.143179;0.005349;"745b2352-01d8-47d8-abd3-d8157a1f2054";3301;"";"";16;6;2012;0;18;"20120618"
"79.136.69.32";"SE";17.900000;59.466700;"AS8473 Bahnhof Internet AB";"mlab1-arn01";0.019607;1082230.237697;"0.004012999";"win32";"213.248.112.83";"bittorrent";1340035062;1003377.692690;-1.000000;"b7de6f4d-9ad7-464c-96b5-64465905279b";8473;"26";"Sollentuna";17;6;2012;0;18;"20120618"
"109.104.13.165";"SE";18.050000;59.333300;"AS33885 Ownit Broadband AB";"mlab1-arn01";0.021837;8090173.351039;"0.004008999";"linux2";"213.248.112.83";"bittorrent";1340035207;665222.822847;-1.000000;"1958e4d5-a376-4c96-bc09-d6da7799bc60";33885;"26";"Stockholm";18;6;2012;0;18;"20120618"
"79.136.69.32";"SE";17.900000;59.466700;"AS8473 Bahnhof Internet AB";"mlab1-arn01";0.016091;1157970.340260;"0.004012999";"win32";"213.248.112.83";"speedtest";1340036490;1171577.046100;0.016145;"b7de6f4d-9ad7-464c-96b5-64465905279b";8473;"26";"Sollentuna";18;6;2012;0;18;"20120618"
"194.218.98.60";"SE";15.000000;62.000000;"AS3301 TeliaSonera AB";"mlab1-arn01";0.008695;490233.514852;"0.004012999";"darwin";"213.248.112.83";"speedtest";1340037787;486922.326149;0.009789;"745b2352-01d8-47d8-abd3-d8157a1f2054";3301;"";"";18;6;2012;0;18;"20120618"
"93.182.180.71";"SE";13.183300;55.700000;"AS47155 ViaEuropa Sweden";"mlab1-arn01";0.093310;32475.840319;"0.004012999";"darwin";"213.248.112.83";"bittorrent";1340039772;100408.024485;-1.000000;"f964310a-e0bf-411c-899d-e43d00356428";47155;"27";"Lund";19;6;2012;0;18;"20120618"
"109.104.13.165";"SE";18.050000;59.333300;"AS33885 Ownit Broadband AB";"mlab1-arn01";0.021625;9801789.231723;"0.004008999";"linux2";"213.248.112.83";"bittorrent";1340041550;665426.062158;-1.000000;"1958e4d5-a376-4c96-bc09-d6da7799bc60";33885;"26";"Stockholm";19;6;2012;0;18;"20120618"
"93.182.180.71";"SE";13.183300;55.700000;"AS47155 ViaEuropa Sweden";"mlab1-arn01";0.112351;12602.624496;"0.004012999";"darwin";"213.248.112.83";"bittorrent";1340042798;95326.084308;-1.000000;"f964310a-e0bf-411c-899d-e43d00356428";47155;"27";"Lund";20;6;2012;0;18;"20120618"
"109.104.13.165";"SE";18.050000;59.333300;"AS33885 Ownit Broadband AB";"mlab1-arn01";0.027078;6418414.003833;"0.004008999";"linux2";"213.248.112.83";"bittorrent";1340044685;665385.720114;-1.000000;"1958e4d5-a376-4c96-bc09-d6da7799bc60";33885;"26";"Stockholm";20;6;2012;0;18;"20120618"
"109.104.13.165";"SE";18.050000;59.333300;"AS33885 Ownit Broadband AB";"mlab1-arn01";0.023901;8021325.743150;"0.004008999";"linux2";"213.248.112.83";"speedtest";1340049379;659083.509478;0.025034;"1958e4d5-a376-4c96-bc09-d6da7799bc60";33885;"26";"Stockholm";21;6;2012;0;18;"20120618"
"194.218.98.60";"SE";15.000000;62.000000;"AS3301 TeliaSonera AB";"mlab1-arn01";0.005148;490992.967734;"0.004012999";"darwin";"213.248.112.83";"speedtest";1340050804;487248.654809;0.005361;"745b2352-01d8-47d8-abd3-d8157a1f2054";3301;"";"";22;6;2012;0;18;"20120618"
"109.104.13.165";"SE";18.050000;59.333300;"AS33885 Ownit Broadband AB";"mlab1-arn01";0.025469;6989154.089786;"0.004008999";"linux2";"213.248.112.83";"bittorrent";1340050945;662230.104306;-1.000000;"1958e4d5-a376-4c96-bc09-d6da7799bc60";33885;"26";"Stockholm";22;6;2012;0;18;"20120618"
"194.218.98.60";"SE";15.000000;62.000000;"AS3301 TeliaSonera AB";"mlab1-arn01";0.004913;491702.474705;"0.004012999";"darwin";"213.248.112.83";"bittorrent";1340052432;490298.594905;-1.000000;"745b2352-01d8-47d8-abd3-d8157a1f2054";3301;"";"";22;6;2012;0;18;"20120618"
"109.104.13.165";"SE";18.050000;59.333300;"AS33885 Ownit Broadband AB";"mlab1-arn01";0.023229;7438837.704300;"0.004008999";"linux2";"213.248.112.83";"speedtest";1340052510;661440.706675;0.024286;"1958e4d5-a376-4c96-bc09-d6da7799bc60";33885;"26";"Stockholm";22;6;2012;0;18;"20120618"
"79.136.64.144";"SE";17.900000;59.466700;"AS8473 Bahnhof Internet AB";"mlab1-arn01";0.011935;1159792.131800;"0.004012999";"win32";"213.248.112.83";"speedtest";1340052930;1173675.125290;0.015685;"b7de6f4d-9ad7-464c-96b5-64465905279b";8473;"26";"Sollentuna";22;6;2012;0;18;"20120618"
"93.182.180.71";"SE";13.183300;55.700000;"AS47155 ViaEuropa Sweden";"mlab1-arn01";0.091975;21244.760530;"0.004012999";"darwin";"213.248.112.83";"speedtest";1340053469;93191.699348;0.099957;"f964310a-e0bf-411c-899d-e43d00356428";47155;"27";"Lund";23;6;2012;0;18;"20120618"
"194.218.98.60";"SE";15.000000;62.000000;"AS3301 TeliaSonera AB";"mlab1-arn01";0.004877;491027.769833;"0.004012999";"darwin";"213.248.112.83";"speedtest";1340054058;488417.586840;0.012706;"745b2352-01d8-47d8-abd3-d8157a1f2054";3301;"";"";23;6;2012;0;18;"20120618"
"79.136.64.144";"SE";17.900000;59.466700;"AS8473 Bahnhof Internet AB";"mlab1-arn01";0.011564;1158978.490520;"0.004012999";"win32";"213.248.112.83";"speedtest";1340055789;1173573.191750;0.015335;"b7de6f4d-9ad7-464c-96b5-64465905279b";8473;"26";"Sollentuna";23;6;2012;0;18;"20120618"
"109.104.13.165";"SE";18.050000;59.333300;"AS33885 Ownit Broadband AB";"mlab1-arn01";0.022887;9125255.982242;"0.004008999";"linux2";"213.248.112.83";"bittorrent";1340057208;665454.850154;-1.000000;"1958e4d5-a376-4c96-bc09-d6da7799bc60";33885;"26";"Stockholm";0;6;2012;1;19;"20120618"
"79.136.64.144";"SE";17.900000;59.466700;"AS8473 Bahnhof Internet AB";"mlab1-arn01";0.011450;1184013.443991;"0.004012999";"win32";"213.248.112.83";"bittorrent";1340057218;1008409.543086;-1.000000;"b7de6f4d-9ad7-464c-96b5-64465905279b";8473;"26";"Sollentuna";0;6;2012;1;19;"20120618"
"79.136.64.144";"SE";17.900000;59.466700;"AS8473 Bahnhof Internet AB";"mlab1-arn01";0.012747;1184369.316294;"0.004012999";"win32";"213.248.112.83";"bittorrent";1340060076;861942.806962;-1.000000;"b7de6f4d-9ad7-464c-96b5-64465905279b";8473;"26";"Sollentuna";0;6;2012;1;19;"20120618"
"109.104.13.165";"SE";18.050000;59.333300;"AS33885 Ownit Broadband AB";"mlab1-arn01";0.026926;6258595.504960;"0.004008999";"linux2";"213.248.112.83";"speedtest";1340061904;658638.948527;0.027986;"1958e4d5-a376-4c96-bc09-d6da7799bc60";33885;"26";"Stockholm";1;6;2012;1;19;"20120618"
"88.138.200.84";"FR";0.267600;47.945100;"AS8228 Societe Francaise du Radiotelephone S.A";"mlab1-par01";0.044920;552889.097388;"0.004012999";"win32";"80.239.168.212";"bittorrent";1339977664;35296.474850;-1.000000;"bafa252c-d1f6-41dd-8f48-e12a439c2fd8";8228;"B5";"Ruaudin";2;6;2012;0;18;"20120618"
"82.230.48.190";"FR";2.550000;48.683300;"AS12322 Free SAS";"mlab1-par01";0.028172;1506002.019830;"0.004012999";"win32";"80.239.168.212";"speedtest";1339977909;98965.681997;0.033101;"65b87c14-956e-45a4-a5ea-66bb1634a955";12322;"A8";"Quincy-sous-sénart";2;6;2012;0;18;"20120618"
"80.69.223.58";"FR";2.350000;48.860000;"AS34306 MOBIUS TECHNOLOGY AS";"mlab1-par01";0.217561;522403.212685;"0.004012999";"darwin";"80.239.168.212";"speedtest";1339977830;40809.036091;0.224663;"5f363a24-1358-4434-a0ba-362ce129c4e0";34306;"";"";2;6;2012;0;18;"20120618"
"90.36.146.197";"FR";6.315400;45.653600;"AS3215 Orange S.A.";"mlab1-par01";0.028267;2023271.028769;"0.004012999";"linux2";"80.239.168.212";"bittorrent";1339978231;85980.753995;-1.000000;"b45f9dca-a436-4ba0-8cd1-b3e3e8b029fa";3215;"B9";"Verrens-arvey";2;6;2012;0;18;"20120618"
"80.13.36.112";"FR";2.350000;48.860000;"AS3215 Orange S.A.";"mlab1-par01";0.045618;900477.484922;"0.004012999";"linux2";"80.239.168.212";"speedtest";1339978680;107035.355038;0.048267;"116f2467-f6e2-42bd-ad41-1fd5165c463d";3215;"";"";2;6;2012;0;18;"20120618"
"95.142.175.137";"FR";2.350000;48.860000;"AS29169 Gandi SAS";"mlab1-par01";0.000894;35854510.797700;"0.004012999";"linux2";"80.239.168.212";"speedtest";1339978811;555176.318568;0.002184;"85561482-4e0b-4d8c-9974-2bc332d2a179";29169;"";"";2;6;2012;0;18;"20120618"
"89.92.65.188";"FR";2.350000;48.860000;"AS5410 Bouygues Telecom S.A.";"mlab1-par01";0.021817;3116918.081200;"0.004012999";"linux2";"80.239.168.212";"speedtest";1339978952;112478.051130;0.023948;"d2d42b59-7420-4851-8bd2-9aa524882d2e";5410;"";"";2;6;2012;0;18;"20120618"
"88.138.200.84";"FR";0.267600;47.945100;"AS8228 Societe Francaise du Radiotelephone S.A";"mlab1-par01";0.046800;383406.443892;"0.004012999";"win32";"80.239.168.212";"speedtest";1339979169;23139.748188;0.142153;"bafa252c-d1f6-41dd-8f48-e12a439c2fd8";8228;"B5";"Ruaudin";2;6;2012;0;18;"20120618"
"80.13.36.112";"FR";2.350000;48.860000;"AS3215 Orange S.A.";"mlab1-par01";0.044549;945993.244068;"0.004012999";"linux2";"80.239.168.212";"bittorrent";1339980166;108805.954023;-1.000000;"116f2467-f6e2-42bd-ad41-1fd5165c463d";3215;"";"";2;6;2012;0;18;"20120618"
"87.98.156.205";"FR";2.350000;48.860000;"AS16276 OVH Systems";"mlab1-par01";0.047020;2169248.441748;"0.004012999";"linux2";"80.239.168.212";"bittorrent";1339980631;781754.406435;-1.000000;"3e12869b-1e3b-4407-b99f-ae8dd7cc5345";16276;"";"";2;6;2012;0;18;"20120618"
"82.230.48.190";"FR";2.550000;48.683300;"AS12322 Free SAS";"mlab1-par01";0.029097;1515714.646980;"0.004012999";"win32";"80.239.168.212";"speedtest";1339980974;98442.992355;0.033175;"65b87c14-956e-45a4-a5ea-66bb1634a955";12322;"A8";"Quincy-sous-sénart";2;6;2012;0;18;"20120618"
"90.36.146.197";"FR";6.315400;45.653600;"AS3215 Orange S.A.";"mlab1-par01";0.027278;1958712.913932;"0.004012999";"linux2";"80.239.168.212";"bittorrent";1339981055;83860.241218;-1.000000;"b45f9dca-a436-4ba0-8cd1-b3e3e8b029fa";3215;"B9";"Verrens-arvey";2;6;2012;0;18;"20120618"
"80.13.36.112";"FR";2.350000;48.860000;"AS3215 Orange S.A.";"mlab1-par01";0.044745;905943.913277;"0.004012999";"linux2";"80.239.168.212";"speedtest";1339981707;106975.681555;0.047835;"116f2467-f6e2-42bd-ad41-1fd5165c463d";3215;"";"";3;6;2012;0;18;"20120618"
"89.92.65.188";"FR";2.350000;48.860000;"AS5410 Bouygues Telecom S.A.";"mlab1-par01";0.018698;3285917.540650;"0.004012999";"linux2";"80.239.168.212";"speedtest";1339981847;114063.604780;0.022708;"d2d42b59-7420-4851-8bd2-9aa524882d2e";5410;"";"";3;6;2012;0;18;"20120618"
"87.98.156.205";"FR";2.350000;48.860000;"AS16276 OVH Systems";"mlab1-par01";0.046542;774167.710253;"0.004012999";"linux2";"80.239.168.212";"speedtest";1339982142;93128.781206;0.051466;"3e12869b-1e3b-4407-b99f-ae8dd7cc5345";16276;"";"";3;6;2012;0;18;"20120618"
"90.36.146.197";"FR";6.315400;45.653600;"AS3215 Orange S.A.";"mlab1-par01";0.044068;1940464.365770;"0.004012999";"linux2";"80.239.168.212";"speedtest";1339982465;84496.653413;0.031201;"b45f9dca-a436-4ba0-8cd1-b3e3e8b029fa";3215;"B9";"Verrens-arvey";3;6;2012;0;18;"20120618"
"82.66.154.18";"FR";5.516700;43.516700;"AS12322 Free SAS";"mlab1-par01";0.035421;1136317.672360;"0.004012999";"darwin";"80.239.168.212";"speedtest";1339983168;107526.822751;0.039112;"c9fa46ae-cc27-4475-9dfe-3efe7ff34887";12322;"B8";"Aix-en-provence";3;6;2012;0;18;"20120618"
"80.13.36.112";"FR";2.350000;48.860000;"AS3215 Orange S.A.";"mlab1-par01";0.044348;951327.500872;"0.004012999";"linux2";"80.239.168.212";"bittorrent";1339983192;108847.026172;-1.000000;"116f2467-f6e2-42bd-ad41-1fd5165c463d";3215;"";"";3;6;2012;0;18;"20120618"
"89.92.65.188";"FR";2.350000;48.860000;"AS5410 Bouygues Telecom S.A.";"mlab1-par01";0.024886;3203103.934084;"0.004012999";"linux2";"80.239.168.212";"bittorrent";1339983297;113256.432520;-1.000000;"d2d42b59-7420-4851-8bd2-9aa524882d2e";5410;"";"";3;6;2012;0;18;"20120618"
"78.225.128.39";"FR";4.943000;45.631000;"AS12322 Free SAS";"mlab1-par01";0.031721;670505.368546;"0.004012999";"freebsd9";"80.239.168.212";"speedtest";1339983441;38593.660992;0.040995;"8c6a9f5d-2965-4c21-8131-62e9171c6b28";12322;"B9";"Chaponnay";3;6;2012;0;18;"20120618"
"82.230.48.190";"FR";2.550000;48.683300;"AS12322 Free SAS";"mlab1-par01";0.028374;1511915.600370;"0.004012999";"win32";"80.239.168.212";"speedtest";1339984039;97284.137134;0.033306;"65b87c14-956e-45a4-a5ea-66bb1634a955";12322;"A8";"Quincy-sous-sénart";3;6;2012;0;18;"20120618"
"83.141.181.157";"FR";7.686000;48.582300;"AS21502 NUMERICABLE is a cable network operator in France, offering TV,VOICE and Internet services";"mlab1-par01";0.029657;3194802.818630;"0.004012999";"linux2";"80.239.168.212";"speedtest";1339984310;122454.287813;0.031507;"1390ea6f-3caa-43e1-bb68-8d9c6465099f";21502;"C1";"Eckbolsheim";3;6;2012;0;18;"20120618"
"89.92.65.188";"FR";2.350000;48.860000;"AS5410 Bouygues Telecom S.A.";"mlab1-par01";0.019469;3298532.677420;"0.004012999";"linux2";"80.239.168.212";"speedtest";1339984743;110661.741035;0.025637;"d2d42b59-7420-4851-8bd2-9aa524882d2e";5410;"";"";3;6;2012;0;18;"20120618"
"88.138.200.84";"FR";0.267600;47.945100;"AS8228 Societe Francaise du Radiotelephone S.A";"mlab1-par01";3.050015;511854.612992;"0.004012999";"win32";"80.239.168.212";"speedtest";1339985213;51231.379938;0.058519;"bafa252c-d1f6-41dd-8f48-e12a439c2fd8";8228;"B5";"Ruaudin";4;6;2012;0;18;"20120618"
"95.142.175.137";"FR";2.350000;48.860000;"AS29169 Gandi SAS";"mlab1-par01";0.000849;33784129.694000;"0.004012999";"linux2";"80.239.168.212";"speedtest";1339985321;631530.044868;0.002225;"85561482-4e0b-4d8c-9974-2bc332d2a179";29169;"";"";4;6;2012;0;18;"20120618"
"82.230.48.190";"FR";2.550000;48.683300;"AS12322 Free SAS";"mlab1-par01";0.027817;1580592.294928;"0.004012999";"win32";"80.239.168.212";"bittorrent";1339985373;99778.285054;-1.000000;"65b87c14-956e-45a4-a5ea-66bb1634a955";12322;"A8";"Quincy-sous-sénart";4;6;2012;0;18;"20120618"
"82.65.195.222";"FR";2.350000;48.860000;"AS12322 Free SAS";"mlab1-par01";0.047079;1412207.767729;"0.004012999";"win32";"80.239.168.212";"bittorrent";1339985801;106377.150664;-1.000000;"5e5c2c6d-bdcf-4803-972a-b0b153a5bb5b";12322;"";"";4;6;2012;0;18;"20120618"
"80.69.223.58";"FR";2.350000;48.860000;"AS34306 MOBIUS TECHNOLOGY AS";"mlab1-par01";0.216197;490857.995254;"0.004012999";"darwin";"80.239.168.212";"bittorrent";1339985915;39243.511719;-1.000000;"5f363a24-1358-4434-a0ba-362ce129c4e0";34306;"";"";4;6;2012;0;18;"20120618"
"80.13.36.112";"FR";2.350000;48.860000;"AS3215 Orange S.A.";"mlab1-par01";0.044232;954939.769292;"0.004012999";"linux2";"80.239.168.212";"bittorrent";1339986219;109087.808422;-1.000000;"116f2467-f6e2-42bd-ad41-1fd5165c463d";3215;"";"";4;6;2012;0;18;"20120618"
"80.69.223.58";"FR";2.350000;48.860000;"AS34306 MOBIUS TECHNOLOGY AS";"mlab1-par01";0.216038;354404.235356;"0.004012999";"darwin";"80.239.168.212";"speedtest";1339987537;17899.950304;0.219881;"5f363a24-1358-4434-a0ba-362ce129c4e0";34306;"";"";4;6;2012;0;18;"20120618"
"89.92.65.188";"FR";2.350000;48.860000;"AS5410 Bouygues Telecom S.A.";"mlab1-par01";0.019632;1673274.776090;"0.004012999";"linux2";"80.239.168.212";"speedtest";1339987643;107361.983708;0.023192;"d2d42b59-7420-4851-8bd2-9aa524882d2e";5410;"";"";4;6;2012;0;18;"20120618"
"90.36.146.197";"FR";6.315400;45.653600;"AS3215 Orange S.A.";"mlab1-par01";0.027547;1854549.548980;"0.004012999";"linux2";"80.239.168.212";"speedtest";1339988112;79598.043618;0.033353;"b45f9dca-a436-4ba0-8cd1-b3e3e8b029fa";3215;"B9";"Verrens-arvey";4;6;2012;0;18;"20120618"
"88.138.200.84";"FR";0.267600;47.945100;"AS8228 Societe Francaise du Radiotelephone S.A";"mlab1-par01";0.060437;516148.018855;"0.004012999";"win32";"80.239.168.212";"speedtest";1339988230;58060.879071;0.079168;"bafa252c-d1f6-41dd-8f48-e12a439c2fd8";8228;"B5";"Ruaudin";4;6;2012;0;18;"20120618"
"83.141.181.157";"FR";7.686000;48.582300;"AS21502 NUMERICABLE is a cable network operator in France, offering TV,VOICE and Internet services";"mlab1-par01";0.029165;3339591.424627;"0.004012999";"linux2";"80.239.168.212";"bittorrent";1339989099;121789.534721;-1.000000;"1390ea6f-3caa-43e1-bb68-8d9c6465099f";21502;"C1";"Eckbolsheim";5;6;2012;0;18;"20120618"
"89.92.65.188";"FR";2.350000;48.860000;"AS5410 Bouygues Telecom S.A.";"mlab1-par01";0.018286;1503217.794610;"0.004012999";"linux2";"80.239.168.212";"bittorrent";1339989100;111907.544590;-1.000000;"d2d42b59-7420-4851-8bd2-9aa524882d2e";5410;"";"";5;6;2012;0;18;"20120618"
"88.138.200.84";"FR";0.267600;47.945100;"AS8228 Societe Francaise du Radiotelephone S.A";"mlab1-par01";3.060927;539754.129840;"0.004012999";"win32";"80.239.168.212";"bittorrent";1339989745;53461.545967;-1.000000;"bafa252c-d1f6-41dd-8f48-e12a439c2fd8";8228;"B5";"Ruaudin";5;6;2012;0;18;"20120618"
"82.65.195.222";"FR";2.350000;48.860000;"AS12322 Free SAS";"mlab1-par01";0.046688;880100.965367;"0.004012999";"win32";"80.239.168.212";"speedtest";1339990391;98982.923029;0.049581;"5e5c2c6d-bdcf-4803-972a-b0b153a5bb5b";12322;"";"";5;6;2012;0;18;"20120618"
"89.92.65.188";"FR";2.350000;48.860000;"AS5410 Bouygues Telecom S.A.";"mlab1-par01";0.035605;3545291.312980;"0.004012999";"linux2";"80.239.168.212";"speedtest";1339990548;109084.690959;0.023884;"d2d42b59-7420-4851-8bd2-9aa524882d2e";5410;"";"";5;6;2012;0;18;"20120618"
"87.98.156.205";"FR";2.350000;48.860000;"AS16276 OVH Systems";"mlab1-par01";0.045682;797017.932990;"0.004012999";"linux2";"80.239.168.212";"speedtest";1339991263;93063.375253;0.050480;"3e12869b-1e3b-4407-b99f-ae8dd7cc5345";16276;"";"";5;6;2012;0;18;"20120618"
"88.166.7.10";"FR";2.250000;48.833300;"AS12322 Free SAS";"mlab1-par01";0.022623;1594286.420690;"0.004012999";"darwin";"80.239.168.212";"speedtest";1339991394;108263.592864;0.026222;"2620e803-fed0-4700-97da-47b56e60c909";12322;"A8";"Boulogne-billancourt";5;6;2012;0;18;"20120618"
"82.66.154.18";"FR";5.516700;43.516700;"AS12322 Free SAS";"mlab1-par01";0.034952;1131184.770688;"0.004012999";"darwin";"80.239.168.212";"bittorrent";1339991868;108830.815695;-1.000000;"c9fa46ae-cc27-4475-9dfe-3efe7ff34887";12322;"B8";"Aix-en-provence";5;6;2012;0;18;"20120618"
"80.13.36.112";"FR";2.350000;48.860000;"AS3215 Orange S.A.";"mlab1-par01";0.044731;950306.145178;"0.004012999";"linux2";"80.239.168.212";"bittorrent";1339992277;108931.124832;-1.000000;"116f2467-f6e2-42bd-ad41-1fd5165c463d";3215;"";"";6;6;2012;0;18;"20120618"
"88.138.200.84";"FR";0.267600;47.945100;"AS8228 Societe Francaise du Radiotelephone S.A";"mlab1-par01";0.061180;276850.536125;"0.004012999";"win32";"80.239.168.212";"bittorrent";1339992769;39197.477665;-1.000000;"bafa252c-d1f6-41dd-8f48-e12a439c2fd8";8228;"B5";"Ruaudin";6;6;2012;0;18;"20120618"
"88.171.21.219";"FR";2.550000;48.833300;"AS12322 Free SAS";"mlab1-par01";0.008041;258025.118616;"0.004012999";"win32";"80.239.168.212";"speedtest";1339993076;87583.340631;0.016723;"e2957641-0324-42fe-a33c-189a4aa04991";12322;"A8";"Villiers-sur-marne";6;6;2012;0;18;"20120618"
"82.65.195.222";"FR";2.350000;48.860000;"AS12322 Free SAS";"mlab1-par01";0.046942;1143200.032490;"0.004012999";"win32";"80.239.168.212";"speedtest";1339993477;102331.398477;0.077690;"5e5c2c6d-bdcf-4803-972a-b0b153a5bb5b";12322;"";"";6;6;2012;0;18;"20120618"
"80.13.36.112";"FR";2.350000;48.860000;"AS3215 Orange S.A.";"mlab1-par01";0.044763;905249.298250;"0.004012999";"linux2";"80.239.168.212";"speedtest";1339993821;106905.046866;0.048043;"116f2467-f6e2-42bd-ad41-1fd5165c463d";3215;"";"";6;6;2012;0;18;"20120618"
"82.230.48.190";"FR";2.550000;48.683300;"AS12322 Free SAS";"mlab1-par01";0.029701;1087221.711518;"0.004012999";"win32";"80.239.168.212";"bittorrent";1339994558;99798.826797;-1.000000;"65b87c14-956e-45a4-a5ea-66bb1634a955";12322;"A8";"Quincy-sous-sénart";6;6;2012;0;18;"20120618"
"82.66.154.18";"FR";5.516700;43.516700;"AS12322 Free SAS";"mlab1-par01";0.033812;1147521.614126;"0.004012999";"darwin";"80.239.168.212";"bittorrent";1339995115;110951.297719;-1.000000;"c9fa46ae-cc27-4475-9dfe-3efe7ff34887";12322;"B8";"Aix-en-provence";6;6;2012;0;18;"20120618"
"80.13.36.112";"FR";2.350000;48.860000;"AS3215 Orange S.A.";"mlab1-par01";0.046793;950125.442632;"0.004012999";"linux2";"80.239.168.212";"bittorrent";1339995303;109088.028966;-1.000000;"116f2467-f6e2-42bd-ad41-1fd5165c463d";3215;"";"";6;6;2012;0;18;"20120618"
"83.141.181.157";"FR";7.686000;48.582300;"AS21502 NUMERICABLE is a cable network operator in France, offering TV,VOICE and Internet services";"mlab1-par01";0.030248;3267844.306682;"0.004012999";"linux2";"80.239.168.212";"bittorrent";1339995482;121791.289426;-1.000000;"1390ea6f-3caa-43e1-bb68-8d9c6465099f";21502;"C1";"Eckbolsheim";6;6;2012;0;18;"20120618"
"82.251.89.71";"FR";2.350000;48.860000;"AS12322 Free SAS";"mlab1-par01";0.038248;175430.389146;"0.004012999";"win32";"80.239.168.212";"bittorrent";1339995601;100286.835429;-1.000000;"e95464e9-9e36-42b0-a312-b8ee305f9357";12322;"";"";7;6;2012;0;18;"20120618"
"80.69.223.58";"FR";2.350000;48.860000;"AS34306 MOBIUS TECHNOLOGY AS";"mlab1-par01";0.215675;572305.451389;"0.004012999";"darwin";"80.239.168.212";"bittorrent";1339995623;72246.733240;-1.000000;"5f363a24-1358-4434-a0ba-362ce129c4e0";34306;"";"";7;6;2012;0;18;"20120618"
"88.166.7.10";"FR";2.250000;48.833300;"AS12322 Free SAS";"mlab1-par01";0.022613;1642511.928834;"0.004012999";"darwin";"80.239.168.212";"bittorrent";1339995657;108603.395726;-1.000000;"2620e803-fed0-4700-97da-47b56e60c909";12322;"A8";"Boulogne-billancourt";7;6;2012;0;18;"20120618"
"87.98.156.205";"FR";2.350000;48.860000;"AS16276 OVH Systems";"mlab1-par01";0.046536;1989574.206711;"0.004012999";"linux2";"80.239.168.212";"bittorrent";1339995838;97205.723216;-1.000000;"3e12869b-1e3b-4407-b99f-ae8dd7cc5345";16276;"";"";7;6;2012;0;18;"20120618"
"83.141.181.157";"FR";7.686000;48.582300;"AS21502 NUMERICABLE is a cable network operator in France, offering TV,VOICE and Internet services";"mlab1-par01";0.029476;3128322.463490;"0.004012999";"linux2";"80.239.168.212";"speedtest";1339997076;122398.204830;0.033131;"1390ea6f-3caa-43e1-bb68-8d9c6465099f";21502;"C1";"Eckbolsheim";7;6;2012;0;18;"20120618"
"86.192.87.33";"FR";4.085200;48.300700;"AS3215 Orange S.A.";"mlab1-par01";0.049628;143701.419662;"0.004012999";"win32";"80.239.168.212";"bittorrent";1339997082;21771.386015;-1.000000;"f28a749d-6d99-4b7e-9bf6-71470652bdef";3215;"A4";"Troyes";7;6;2012;0;18;"20120618"
"80.69.223.58";"FR";2.350000;48.860000;"AS34306 MOBIUS TECHNOLOGY AS";"mlab1-par01";0.216075;25329.170601;"0.004012999";"darwin";"80.239.168.212";"speedtest";1339997311;24090.528049;0.219643;"5f363a24-1358-4434-a0ba-362ce129c4e0";34306;"";"";7;6;2012;0;18;"20120618"
"89.227.218.129";"FR";2.350000;48.860000;"AS12670 COMPLETEL SAS France";"mlab1-par01";0.079030;16971.240081;"0.004012999";"win32";"80.239.168.212";"speedtest";1339997314;87283.097107;0.209289;"51b4f771-cd96-4baa-8c1a-eb22da4502c3";12670;"";"";7;6;2012;0;18;"20120618"
"82.230.48.190";"FR";2.550000;48.683300;"AS12322 Free SAS";"mlab1-par01";0.032756;865524.146007;"0.004012999";"win32";"80.239.168.212";"bittorrent";1339997623;92125.369003;-1.000000;"65b87c14-956e-45a4-a5ea-66bb1634a955";12322;"A8";"Quincy-sous-sénart";7;6;2012;0;18;"20120618"
"78.226.182.89";"FR";5.892900;48.674600;"AS12322 Free SAS";"mlab1-par01";0.377865;38100.709077;"0.004012999";"darwin";"80.239.168.212";"bittorrent";1339997707;47061.870608;-1.000000;"32c2b496-078e-4069-a497-68fcc724600b";12322;"B2";"Toul";7;6;2012;0;18;"20120618"
"82.65.195.222";"FR";2.350000;48.860000;"AS12322 Free SAS";"mlab1-par01";0.047400;1489884.194460;"0.004012999";"win32";"80.239.168.212";"bittorrent";1339998146;106949.039005;-1.000000;"5e5c2c6d-bdcf-4803-972a-b0b153a5bb5b";12322;"";"";7;6;2012;0;18;"20120618"
"88.166.7.10";"FR";2.250000;48.833300;"AS12322 Free SAS";"mlab1-par01";0.021758;1647015.555771;"0.004012999";"darwin";"80.239.168.212";"bittorrent";1339998497;108488.311983;-1.000000;"2620e803-fed0-4700-97da-47b56e60c909";12322;"A8";"Boulogne-billancourt";7;6;2012;0;18;"20120618"
"83.141.181.157";"FR";7.686000;48.582300;"AS21502 NUMERICABLE is a cable network operator in France, offering TV,VOICE and Internet services";"mlab1-par01";0.028698;3309017.759373;"0.004012999";"linux2";"80.239.168.212";"bittorrent";1339998674;121758.645527;-1.000000;"1390ea6f-3caa-43e1-bb68-8d9c6465099f";21502;"C1";"Eckbolsheim";7;6;2012;0;18;"20120618"
"88.187.32.19";"FR";7.016700;43.550000;"AS12322 Free SAS";"mlab1-par01";0.037122;1416411.389930;"0.004012999";"linux2";"80.239.168.212";"speedtest";1339998849;108081.027788;0.042518;"82e74acd-b259-45e3-abad-b198e19b0a45";12322;"B8";"Cannes";7;6;2012;0;18;"20120618"
"89.92.65.188";"FR";2.350000;48.860000;"AS5410 Bouygues Telecom S.A.";"mlab1-par01";0.018355;3303721.213980;"0.004012999";"linux2";"80.239.168.212";"speedtest";1339999239;107675.258537;0.024517;"d2d42b59-7420-4851-8bd2-9aa524882d2e";5410;"";"";8;6;2012;0;18;"20120618"
"82.66.154.18";"FR";5.516700;43.516700;"AS12322 Free SAS";"mlab1-par01";0.034824;1133929.229450;"0.004012999";"darwin";"80.239.168.212";"speedtest";1339999990;106200.079480;0.039167;"c9fa46ae-cc27-4475-9dfe-3efe7ff34887";12322;"B8";"Aix-en-provence";8;6;2012;0;18;"20120618"
"78.225.128.39";"FR";4.943000;45.631000;"AS12322 Free SAS";"mlab1-par01";0.032251;696900.746680;"0.004012999";"freebsd9";"80.239.168.212";"bittorrent";1340000412;36366.223886;-1.000000;"8c6a9f5d-2965-4c21-8131-62e9171c6b28";12322;"B9";"Chaponnay";8;6;2012;0;18;"20120618"
"82.230.48.190";"FR";2.550000;48.683300;"AS12322 Free SAS";"mlab1-par01";0.030395;1085954.208196;"0.004012999";"win32";"80.239.168.212";"bittorrent";1340000684;88110.747151;-1.000000;"65b87c14-956e-45a4-a5ea-66bb1634a955";12322;"A8";"Quincy-sous-sénart";8;6;2012;0;18;"20120618"
"82.65.195.222";"FR";2.350000;48.860000;"AS12322 Free SAS";"mlab1-par01";0.047571;1470788.086219;"0.004012999";"win32";"80.239.168.212";"bittorrent";1340001231;106929.613068;-1.000000;"5e5c2c6d-bdcf-4803-972a-b0b153a5bb5b";12322;"";"";8;6;2012;0;18;"20120618"
"82.66.154.18";"FR";5.516700;43.516700;"AS12322 Free SAS";"mlab1-par01";0.038023;1163922.965590;"0.004012999";"darwin";"80.239.168.212";"bittorrent";1340001621;99490.987243;-1.000000;"c9fa46ae-cc27-4475-9dfe-3efe7ff34887";12322;"B8";"Aix-en-provence";8;6;2012;0;18;"20120618"
"82.225.237.33";"FR";2.398400;48.864600;"AS12322 Free SAS";"mlab1-par01";0.024129;1116097.288065;"0.004006999";"darwin";"80.239.168.212";"bittorrent";1340002142;94453.060253;-1.000000;"61f5beae-bc9b-4920-86a2-ee50c3cd3801";12322;"A8";"Paris";8;6;2012;0;18;"20120618"
"80.69.223.58";"FR";2.350000;48.860000;"AS34306 MOBIUS TECHNOLOGY AS";"mlab1-par01";0.216130;566306.212673;"0.004012999";"darwin";"80.239.168.212";"bittorrent";1340002152;60349.052178;-1.000000;"5f363a24-1358-4434-a0ba-362ce129c4e0";34306;"";"";8;6;2012;0;18;"20120618"
"89.93.40.53";"FR";2.387600;48.841200;"AS5410 Bouygues Telecom S.A.";"mlab1-par01";0.007929;5720720.135910;"0.004012999";"win32";"80.239.168.212";"bittorrent";1340002341;308314.473479;-1.000000;"a6cb37e5-7073-4af7-9089-90dd38467e4e";5410;"A8";"Paris";8;6;2012;0;18;"20120618"
"78.226.182.89";"FR";5.892900;48.674600;"AS12322 Free SAS";"mlab1-par01";0.035121;98379.376856;"0.004012999";"darwin";"80.239.168.212";"speedtest";1340002553;57300.333564;0.042969;"32c2b496-078e-4069-a497-68fcc724600b";12322;"B2";"Toul";8;6;2012;0;18;"20120618"
"88.168.65.84";"FR";7.266100;43.703100;"AS12322 Free SAS";"mlab1-par01";0.036228;1288199.040030;"0.004009999";"linux2";"80.239.168.212";"speedtest";1340002803;108145.823848;0.038353;"771546d1-f829-46d4-8f2b-25988a7406d8";12322;"B8";"Nice";9;6;2012;0;18;"20120618"
"82.66.154.18";"FR";5.516700;43.516700;"AS12322 Free SAS";"mlab1-par01";0.033960;1135349.773140;"0.004012999";"darwin";"80.239.168.212";"speedtest";1340003244;104147.962508;0.038795;"c9fa46ae-cc27-4475-9dfe-3efe7ff34887";12322;"B8";"Aix-en-provence";9;6;2012;0;18;"20120618"
"78.225.128.39";"FR";4.943000;45.631000;"AS12322 Free SAS";"mlab1-par01";0.033824;700300.256434;"0.004012999";"freebsd9";"80.239.168.212";"bittorrent";1340003497;36864.147671;-1.000000;"8c6a9f5d-2965-4c21-8131-62e9171c6b28";12322;"B9";"Chaponnay";9;6;2012;0;18;"20120618"
"82.230.48.190";"FR";2.550000;48.683300;"AS12322 Free SAS";"mlab1-par01";0.030642;1045464.560154;"0.004012999";"win32";"80.239.168.212";"bittorrent";1340003746;60729.236711;-1.000000;"65b87c14-956e-45a4-a5ea-66bb1634a955";12322;"A8";"Quincy-sous-sénart";9;6;2012;0;18;"20120618"
"89.227.218.129";"FR";2.350000;48.860000;"AS12670 COMPLETEL SAS France";"mlab1-par01";0.047234;438049.844634;"0.004012999";"win32";"80.239.168.212";"speedtest";1340004058;98861.395373;0.054257;"51b4f771-cd96-4baa-8c1a-eb22da4502c3";12670;"";"";9;6;2012;0;18;"20120618"
"80.14.131.169";"FR";2.350000;48.860000;"AS3215 Orange S.A.";"mlab1-par01";0.218838;315029.322335;"0.004012999";"win32";"80.239.168.212";"speedtest";1340004298;23023.469216;0.094454;"bafa252c-d1f6-41dd-8f48-e12a439c2fd8";3215;"";"";9;6;2012;0;18;"20120618"
"88.168.65.84";"FR";7.266100;43.703100;"AS12322 Free SAS";"mlab1-par01";0.035291;1349411.523016;"0.004009999";"linux2";"80.239.168.212";"bittorrent";1340004332;108917.382253;-1.000000;"771546d1-f829-46d4-8f2b-25988a7406d8";12322;"B8";"Nice";9;6;2012;0;18;"20120618"
"89.226.177.172";"FR";2.382200;48.881700;"AS12670 COMPLETEL SAS France";"mlab1-par01";0.031999;579746.512596;"0.004012999";"darwin";"80.239.168.212";"bittorrent";1340004732;88527.841515;-1.000000;"935e26dc-fbd9-41ac-89fa-d9c155d4ca6e";12670;"A8";"Paris";9;6;2012;0;18;"20120618"
"82.230.48.190";"FR";2.550000;48.683300;"AS12322 Free SAS";"mlab1-par01";0.033128;919772.765945;"0.004012999";"win32";"80.239.168.212";"speedtest";1340005477;87285.506473;0.038898;"65b87c14-956e-45a4-a5ea-66bb1634a955";12322;"A8";"Quincy-sous-sénart";9;6;2012;0;18;"20120618"
"88.166.7.10";"FR";2.250000;48.833300;"AS12322 Free SAS";"mlab1-par01";0.021829;1600929.434220;"0.004012999";"darwin";"80.239.168.212";"speedtest";1340005597;108217.606876;0.042052;"2620e803-fed0-4700-97da-47b56e60c909";12322;"A8";"Boulogne-billancourt";9;6;2012;0;18;"20120618"
"89.227.218.129";"FR";2.350000;48.860000;"AS12670 COMPLETEL SAS France";"mlab1-par01";0.047757;709132.893492;"0.004012999";"win32";"80.239.168.212";"bittorrent";1340005600;99358.763135;-1.000000;"51b4f771-cd96-4baa-8c1a-eb22da4502c3";12670;"";"";9;6;2012;0;18;"20120618"
"88.168.65.84";"FR";7.266100;43.703100;"AS12322 Free SAS";"mlab1-par01";0.034227;1282006.059280;"0.004009999";"linux2";"80.239.168.212";"speedtest";1340005858;108128.176952;0.038238;"771546d1-f829-46d4-8f2b-25988a7406d8";12322;"B8";"Nice";9;6;2012;0;18;"20120618"
"89.87.19.107";"FR";4.837300;45.897600;"AS5410 Bouygues Telecom S.A.";"mlab1-par01";0.046656;428438.639940;"0.004012999";"win32";"80.239.168.212";"speedtest";1340006066;48973.474681;0.049535;"3ebb79be-0ab8-4492-bc1a-29b2c1d18f63";5410;"B9";"Genay";9;6;2012;0;18;"20120618"
"89.226.177.172";"FR";2.382200;48.881700;"AS12670 COMPLETEL SAS France";"mlab1-par01";0.029602;310806.040768;"0.004012999";"darwin";"80.239.168.212";"speedtest";1340006147;88051.168015;0.033981;"935e26dc-fbd9-41ac-89fa-d9c155d4ca6e";12670;"A8";"Paris";9;6;2012;0;18;"20120618"
"87.98.156.205";"FR";2.350000;48.860000;"AS16276 OVH Systems";"mlab1-par01";0.047578;1016373.057160;"0.004012999";"linux2";"80.239.168.212";"speedtest";1340006422;91071.460970;0.050713;"3e12869b-1e3b-4407-b99f-ae8dd7cc5345";16276;"";"";10;6;2012;0;18;"20120618"
"89.92.65.188";"FR";2.350000;48.860000;"AS5410 Bouygues Telecom S.A.";"mlab1-par01";0.019736;3411217.930408;"0.004012999";"linux2";"80.239.168.212";"bittorrent";1340006483;111987.334976;-1.000000;"d2d42b59-7420-4851-8bd2-9aa524882d2e";5410;"";"";10;6;2012;0;18;"20120618"
"82.66.154.18";"FR";5.516700;43.516700;"AS12322 Free SAS";"mlab1-par01";0.034634;1136063.729360;"0.004012999";"darwin";"80.239.168.212";"speedtest";1340006494;107738.428427;0.039220;"c9fa46ae-cc27-4475-9dfe-3efe7ff34887";12322;"B8";"Aix-en-provence";10;6;2012;0;18;"20120618"
"83.141.181.157";"FR";7.686000;48.582300;"AS21502 NUMERICABLE is a cable network operator in France, offering TV,VOICE and Internet services";"mlab1-par01";0.029814;3182011.019960;"0.004012999";"linux2";"80.239.168.212";"speedtest";1340006650;122533.010746;0.030757;"1390ea6f-3caa-43e1-bb68-8d9c6465099f";21502;"C1";"Eckbolsheim";10;6;2012;0;18;"20120618"
"82.230.48.190";"FR";2.550000;48.683300;"AS12322 Free SAS";"mlab1-par01";0.041951;1016321.425021;"0.004012999";"win32";"80.239.168.212";"bittorrent";1340006816;98121.706661;-1.000000;"65b87c14-956e-45a4-a5ea-66bb1634a955";12322;"A8";"Quincy-sous-sénart";10;6;2012;0;18;"20120618"
"89.227.218.129";"FR";2.350000;48.860000;"AS12670 COMPLETEL SAS France";"mlab1-par01";0.048302;612360.384928;"0.004012999";"win32";"80.239.168.212";"speedtest";1340007137;96658.533367;0.053019;"51b4f771-cd96-4baa-8c1a-eb22da4502c3";12670;"";"";10;6;2012;0;18;"20120618"
"80.14.131.169";"FR";2.350000;48.860000;"AS3215 Orange S.A.";"mlab1-par01";0.413388;171480.421965;"0.004012999";"win32";"80.239.168.212";"speedtest";1340007185;13181.967129;0.457248;"bafa252c-d1f6-41dd-8f48-e12a439c2fd8";3215;"";"";10;6;2012;0;18;"20120618"
"89.85.122.40";"FR";2.356100;48.832200;"AS5410 Bouygues Telecom S.A.";"mlab1-par01";0.039917;1055451.464825;"0.004012999";"darwin";"80.239.168.212";"bittorrent";1340007976;63389.203916;-1.000000;"2da800c1-1a94-4ccc-896c-bd22a96ff2e6";5410;"A8";"Paris";10;6;2012;0;18;"20120618"
"95.142.175.137";"FR";2.350000;48.860000;"AS29169 Gandi SAS";"mlab1-par01";0.000918;30554020.810700;"0.004012999";"linux2";"80.239.168.212";"speedtest";1340008110;622323.818283;0.002361;"85561482-4e0b-4d8c-9974-2bc332d2a179";29169;"";"";10;6;2012;0;18;"20120618"
"88.189.232.213";"FR";2.333300;48.866700;"AS12322 Free SAS";"mlab1-par01";0.030962;1388771.512322;"0.004012999";"darwin";"80.239.168.212";"bittorrent";1340008246;80322.162040;-1.000000;"e1f3ee7e-3572-47bc-b878-cf8ea6021dec";12322;"A8";"Paris";10;6;2012;0;18;"20120618"
"89.226.177.172";"FR";2.382200;48.881700;"AS12670 COMPLETEL SAS France";"mlab1-par01";0.030062;595859.197232;"0.004012999";"darwin";"80.239.168.212";"speedtest";1340008976;83816.940144;0.033763;"935e26dc-fbd9-41ac-89fa-d9c155d4ca6e";12670;"A8";"Paris";10;6;2012;0;18;"20120618"
"89.87.19.107";"FR";4.837300;45.897600;"AS5410 Bouygues Telecom S.A.";"mlab1-par01";0.046600;426737.414311;"0.004012999";"win32";"80.239.168.212";"speedtest";1340009068;55261.415014;0.049591;"3ebb79be-0ab8-4492-bc1a-29b2c1d18f63";5410;"B9";"Genay";10;6;2012;0;18;"20120618"
"78.225.128.39";"FR";4.943000;45.631000;"AS12322 Free SAS";"mlab1-par01";0.032049;699853.341972;"0.004012999";"freebsd9";"80.239.168.212";"bittorrent";1340009666;38325.742429;-1.000000;"8c6a9f5d-2965-4c21-8131-62e9171c6b28";12322;"B9";"Chaponnay";10;6;2012;0;18;"20120618"
"95.142.175.137";"FR";2.350000;48.860000;"AS29169 Gandi SAS";"mlab1-par01";0.000808;32965422.620212;"0.004012999";"linux2";"80.239.168.212";"bittorrent";1340009739;625601.277189;-1.000000;"85561482-4e0b-4d8c-9974-2bc332d2a179";29169;"";"";10;6;2012;0;18;"20120618"
"217.128.133.72";"FR";2.350000;48.860000;"AS3215 Orange S.A.";"mlab1-par01";0.027964;384135.315133;"0.004006999";"darwin";"80.239.168.212";"speedtest";1340010011;68879.538124;0.057447;"91279bf8-2c59-4f66-ad82-3b674fd93a4f";3215;"";"";11;6;2012;0;18;"20120618"
"78.250.2.253";"FR";2.489300;48.901800;"AS12322 Free SAS";"mlab1-par01";0.025315;85624.883079;"0.004012999";"linux2";"80.239.168.212";"speedtest";1340010176;100136.533713;0.053279;"fe7dc6f3-9965-446f-8d24-3c51a9ce4eb7";12322;"A8";"Bondy";11;6;2012;0;18;"20120618"
"89.227.218.129";"FR";2.350000;48.860000;"AS12670 COMPLETEL SAS France";"mlab1-par01";0.066454;400808.048413;"0.004012999";"win32";"80.239.168.212";"speedtest";1340010221;93560.462087;0.079339;"51b4f771-cd96-4baa-8c1a-eb22da4502c3";12670;"";"";11;6;2012;0;18;"20120618"
"80.69.223.58";"FR";2.350000;48.860000;"AS34306 MOBIUS TECHNOLOGY AS";"mlab1-par01";0.306954;3692.166357;"0.004012999";"darwin";"80.239.168.212";"speedtest";1340010293;3454.400212;0.307052;"5f363a24-1358-4434-a0ba-362ce129c4e0";34306;"";"";11;6;2012;0;18;"20120618"
"82.65.195.222";"FR";2.350000;48.860000;"AS12322 Free SAS";"mlab1-par01";0.047561;1095283.412450;"0.004012999";"win32";"80.239.168.212";"bittorrent";1340010492;106966.400885;-1.000000;"5e5c2c6d-bdcf-4803-972a-b0b153a5bb5b";12322;"";"";11;6;2012;0;18;"20120618"
"89.92.65.188";"FR";2.350000;48.860000;"AS5410 Bouygues Telecom S.A.";"mlab1-par01";0.023444;3233159.508370;"0.004012999";"linux2";"80.239.168.212";"speedtest";1340010827;107213.778755;0.022857;"d2d42b59-7420-4851-8bd2-9aa524882d2e";5410;"";"";11;6;2012;0;18;"20120618"
"89.85.122.40";"FR";2.356100;48.832200;"AS5410 Bouygues Telecom S.A.";"mlab1-par01";0.035017;1158538.378333;"0.004012999";"darwin";"80.239.168.212";"bittorrent";1340010840;82129.287098;-1.000000;"2da800c1-1a94-4ccc-896c-bd22a96ff2e6";5410;"A8";"Paris";11;6;2012;0;18;"20120618"
"78.225.128.39";"FR";4.943000;45.631000;"AS12322 Free SAS";"mlab1-par01";0.034343;670557.653100;"0.004012999";"freebsd9";"80.239.168.212";"speedtest";1340011205;36566.229610;0.040009;"8c6a9f5d-2965-4c21-8131-62e9171c6b28";12322;"B9";"Chaponnay";11;6;2012;0;18;"20120618"
"95.142.175.137";"FR";2.350000;48.860000;"AS29169 Gandi SAS";"mlab1-par01";0.000821;32422087.511300;"0.004012999";"linux2";"80.239.168.212";"speedtest";1340011367;558486.037773;0.002200;"85561482-4e0b-4d8c-9974-2bc332d2a179";29169;"";"";11;6;2012;0;18;"20120618"
"82.66.154.18";"FR";5.516700;43.516700;"AS12322 Free SAS";"mlab1-par01";0.047466;583714.884975;"0.004012999";"darwin";"80.239.168.212";"bittorrent";1340011373;95929.235190;-1.000000;"c9fa46ae-cc27-4475-9dfe-3efe7ff34887";12322;"B8";"Aix-en-provence";11;6;2012;0;18;"20120618"
"83.141.181.157";"FR";7.686000;48.582300;"AS21502 NUMERICABLE is a cable network operator in France, offering TV,VOICE and Internet services";"mlab1-par01";0.040689;3326981.568406;"0.004012999";"linux2";"80.239.168.212";"bittorrent";1340011441;121730.442126;-1.000000;"1390ea6f-3caa-43e1-bb68-8d9c6465099f";21502;"C1";"Eckbolsheim";11;6;2012;0;18;"20120618"
"82.65.195.222";"FR";2.350000;48.860000;"AS12322 Free SAS";"mlab1-par01";0.047741;998492.459459;"0.004012999";"win32";"80.239.168.212";"speedtest";1340011996;97340.078502;0.049844;"5e5c2c6d-bdcf-4803-972a-b0b153a5bb5b";12322;"";"";11;6;2012;0;18;"20120618"
"88.189.232.213";"FR";2.333300;48.866700;"AS12322 Free SAS";"mlab1-par01";0.174297;176728.907019;"0.004012999";"darwin";"80.239.168.212";"speedtest";1340012917;19189.323754;0.119068;"e1f3ee7e-3572-47bc-b878-cf8ea6021dec";12322;"A8";"Paris";11;6;2012;0;18;"20120618"
"82.230.48.190";"FR";2.550000;48.683300;"AS12322 Free SAS";"mlab1-par01";0.029934;817687.639256;"0.004012999";"win32";"80.239.168.212";"bittorrent";1340012941;68803.460938;-1.000000;"65b87c14-956e-45a4-a5ea-66bb1634a955";12322;"A8";"Quincy-sous-sénart";11;6;2012;0;18;"20120618"
"82.66.154.18";"FR";5.516700;43.516700;"AS12322 Free SAS";"mlab1-par01";0.034252;1126999.722020;"0.004012999";"darwin";"80.239.168.212";"speedtest";1340013004;88814.669459;0.044707;"c9fa46ae-cc27-4475-9dfe-3efe7ff34887";12322;"B8";"Aix-en-provence";11;6;2012;0;18;"20120618"
"83.141.181.157";"FR";7.686000;48.582300;"AS21502 NUMERICABLE is a cable network operator in France, offering TV,VOICE and Internet services";"mlab1-par01";0.029241;3167625.533680;"0.004012999";"linux2";"80.239.168.212";"speedtest";1340013034;122569.593323;0.032379;"1390ea6f-3caa-43e1-bb68-8d9c6465099f";21502;"C1";"Eckbolsheim";11;6;2012;0;18;"20120618"
"89.226.177.172";"FR";2.382200;48.881700;"AS12670 COMPLETEL SAS France";"mlab1-par01";0.030162;455104.706712;"0.004012999";"darwin";"80.239.168.212";"bittorrent";1340013217;77998.421644;-1.000000;"935e26dc-fbd9-41ac-89fa-d9c155d4ca6e";12670;"A8";"Paris";11;6;2012;0;18;"20120618"
"88.168.65.84";"FR";7.266100;43.703100;"AS12322 Free SAS";"mlab1-par01";0.034609;1349090.974146;"0.004009999";"linux2";"80.239.168.212";"bittorrent";1340013496;108875.796035;-1.000000;"771546d1-f829-46d4-8f2b-25988a7406d8";12322;"B8";"Nice";11;6;2012;0;18;"20120618"
"88.166.7.10";"FR";2.250000;48.833300;"AS12322 Free SAS";"mlab1-par01";0.023334;1600405.329540;"0.004012999";"darwin";"80.239.168.212";"speedtest";1340014120;107825.154905;0.026500;"2620e803-fed0-4700-97da-47b56e60c909";12322;"A8";"Boulogne-billancourt";12;6;2012;0;18;"20120618"
"78.250.2.253";"FR";2.489300;48.901800;"AS12322 Free SAS";"mlab1-par01";0.058380;80736.650876;"0.004012999";"linux2";"80.239.168.212";"bittorrent";1340014384;102600.540407;-1.000000;"fe7dc6f3-9965-446f-8d24-3c51a9ce4eb7";12322;"A8";"Bondy";12;6;2012;0;18;"20120618"
"95.142.175.137";"FR";2.350000;48.860000;"AS29169 Gandi SAS";"mlab1-par01";0.000856;30186289.997000;"0.004012999";"linux2";"80.239.168.212";"speedtest";1340014621;710539.678081;0.002177;"85561482-4e0b-4d8c-9974-2bc332d2a179";29169;"";"";12;6;2012;0;18;"20120618"
"89.226.177.172";"FR";2.382200;48.881700;"AS12670 COMPLETEL SAS France";"mlab1-par01";0.029338;603334.069269;"0.004012999";"darwin";"80.239.168.212";"speedtest";1340014627;82112.751952;0.034955;"935e26dc-fbd9-41ac-89fa-d9c155d4ca6e";12670;"A8";"Paris";12;6;2012;0;18;"20120618"
"82.66.154.18";"FR";5.516700;43.516700;"AS12322 Free SAS";"mlab1-par01";0.034168;647091.623117;"0.004012999";"darwin";"80.239.168.212";"bittorrent";1340014722;108575.986875;-1.000000;"c9fa46ae-cc27-4475-9dfe-3efe7ff34887";12322;"B8";"Aix-en-provence";12;6;2012;0;18;"20120618"
"82.124.184.225";"FR";2.333300;48.866700;"AS3215 Orange S.A.";"mlab1-par01";0.020206;752404.567414;"0.004009999";"win32";"80.239.168.212";"speedtest";1340014733;96913.509384;0.022195;"beeda77c-f623-4881-b800-271159da9118";3215;"A8";"Paris";12;6;2012;0;18;"20120618"
"88.171.21.219";"FR";2.550000;48.833300;"AS12322 Free SAS";"mlab1-par01";0.179357;91133.312082;"0.004012999";"win32";"80.239.168.212";"bittorrent";1340015417;89225.491474;-1.000000;"e2957641-0324-42fe-a33c-189a4aa04991";12322;"A8";"Villiers-sur-marne";12;6;2012;0;18;"20120618"
"78.226.182.89";"FR";5.892900;48.674600;"AS12322 Free SAS";"mlab1-par01";0.037089;98782.966503;"0.004012999";"darwin";"80.239.168.212";"speedtest";1340015466;57304.528453;0.043534;"32c2b496-078e-4069-a497-68fcc724600b";12322;"B2";"Toul";12;6;2012;0;18;"20120618"
"87.98.156.205";"FR";2.350000;48.860000;"AS16276 OVH Systems";"mlab1-par01";0.047322;834073.214437;"0.004012999";"linux2";"80.239.168.212";"speedtest";1340015503;87751.412032;0.050031;"3e12869b-1e3b-4407-b99f-ae8dd7cc5345";16276;"";"";12;6;2012;0;18;"20120618"
"88.166.7.10";"FR";2.250000;48.833300;"AS12322 Free SAS";"mlab1-par01";0.023174;1642303.056852;"0.004012999";"darwin";"80.239.168.212";"bittorrent";1340015541;108579.356873;-1.000000;"2620e803-fed0-4700-97da-47b56e60c909";12322;"A8";"Boulogne-billancourt";12;6;2012;0;18;"20120618"
"78.225.128.39";"FR";4.943000;45.631000;"AS12322 Free SAS";"mlab1-par01";0.031854;699716.473867;"0.004012999";"freebsd9";"80.239.168.212";"bittorrent";1340015835;38322.007717;-1.000000;"8c6a9f5d-2965-4c21-8131-62e9171c6b28";12322;"B9";"Chaponnay";12;6;2012;0;18;"20120618"
"89.226.177.172";"FR";2.382200;48.881700;"AS12670 COMPLETEL SAS France";"mlab1-par01";0.029292;626984.393717;"0.004012999";"darwin";"80.239.168.212";"bittorrent";1340016038;86887.421685;-1.000000;"935e26dc-fbd9-41ac-89fa-d9c155d4ca6e";12670;"A8";"Paris";12;6;2012;0;18;"20120618"
"83.141.181.157";"FR";7.686000;48.582300;"AS21502 NUMERICABLE is a cable network operator in France, offering TV,VOICE and Internet services";"mlab1-par01";0.031699;3007915.024060;"0.004012999";"linux2";"80.239.168.212";"speedtest";1340016227;122513.196606;0.031829;"1390ea6f-3caa-43e1-bb68-8d9c6465099f";21502;"C1";"Eckbolsheim";12;6;2012;0;18;"20120618"
"95.142.175.137";"FR";2.350000;48.860000;"AS29169 Gandi SAS";"mlab1-par01";0.000801;32703128.903517;"0.004012999";"linux2";"80.239.168.212";"bittorrent";1340016249;669164.554386;-1.000000;"85561482-4e0b-4d8c-9974-2bc332d2a179";29169;"";"";12;6;2012;0;18;"20120618"
"82.124.184.225";"FR";2.333300;48.866700;"AS3215 Orange S.A.";"mlab1-par01";0.019063;763882.657788;"0.004009999";"win32";"80.239.168.212";"bittorrent";1340016308;106242.254641;-1.000000;"beeda77c-f623-4881-b800-271159da9118";3215;"A8";"Paris";12;6;2012;0;18;"20120618"
"89.227.218.129";"FR";2.350000;48.860000;"AS12670 COMPLETEL SAS France";"mlab1-par01";0.047566;534997.011560;"0.004012999";"win32";"80.239.168.212";"speedtest";1340016381;96242.506520;0.054307;"51b4f771-cd96-4baa-8c1a-eb22da4502c3";12670;"";"";12;6;2012;0;18;"20120618"
"82.65.195.222";"FR";2.350000;48.860000;"AS12322 Free SAS";"mlab1-par01";0.047759;557896.195529;"0.004012999";"win32";"80.239.168.212";"bittorrent";1340016670;106924.704583;-1.000000;"5e5c2c6d-bdcf-4803-972a-b0b153a5bb5b";12322;"";"";12;6;2012;0;18;"20120618"
"78.226.182.89";"FR";5.892900;48.674600;"AS12322 Free SAS";"mlab1-par01";0.037259;100214.339858;"0.004012999";"darwin";"80.239.168.212";"bittorrent";1340017083;56496.478395;-1.000000;"32c2b496-078e-4069-a497-68fcc724600b";12322;"B2";"Toul";12;6;2012;0;18;"20120618"
"88.187.32.19";"FR";7.016700;43.550000;"AS12322 Free SAS";"mlab1-par01";0.038316;1198968.661450;"0.004012999";"linux2";"80.239.168.212";"speedtest";1340017989;108053.062450;0.043322;"82e74acd-b259-45e3-abad-b198e19b0a45";12322;"B8";"Cannes";13;6;2012;0;18;"20120618"
"82.66.154.18";"FR";5.516700;43.516700;"AS12322 Free SAS";"mlab1-par01";0.035463;705487.664769;"0.004012999";"darwin";"80.239.168.212";"bittorrent";1340018151;107524.550369;-1.000000;"c9fa46ae-cc27-4475-9dfe-3efe7ff34887";12322;"B8";"Aix-en-provence";13;6;2012;0;18;"20120618"
"82.65.195.222";"FR";2.350000;48.860000;"AS12322 Free SAS";"mlab1-par01";0.047278;1319623.881730;"0.004012999";"win32";"80.239.168.212";"speedtest";1340018172;100341.385328;0.050285;"5e5c2c6d-bdcf-4803-972a-b0b153a5bb5b";12322;"";"";13;6;2012;0;18;"20120618"
"82.251.89.71";"FR";2.350000;48.860000;"AS12322 Free SAS";"mlab1-par01";0.039000;114528.333392;"0.004012999";"win32";"80.239.168.212";"bittorrent";1340018256;96900.587682;-1.000000;"e95464e9-9e36-42b0-a312-b8ee305f9357";12322;"";"";13;6;2012;0;18;"20120618"
"88.166.7.10";"FR";2.250000;48.833300;"AS12322 Free SAS";"mlab1-par01";0.022315;1646935.666474;"0.004012999";"darwin";"80.239.168.212";"bittorrent";1340018382;108536.368590;-1.000000;"2620e803-fed0-4700-97da-47b56e60c909";12322;"A8";"Boulogne-billancourt";13;6;2012;0;18;"20120618"
"89.226.177.172";"FR";2.382200;48.881700;"AS12670 COMPLETEL SAS France";"mlab1-par01";0.029690;616545.376709;"0.004012999";"darwin";"80.239.168.212";"bittorrent";1340018862;87667.087604;-1.000000;"935e26dc-fbd9-41ac-89fa-d9c155d4ca6e";12670;"A8";"Paris";13;6;2012;0;18;"20120618"
"82.251.89.71";"FR";2.350000;48.860000;"AS12322 Free SAS";"mlab1-par01";0.038547;167364.236468;"0.004012999";"win32";"80.239.168.212";"speedtest";1340019688;90241.958256;0.044690;"e95464e9-9e36-42b0-a312-b8ee305f9357";12322;"";"";13;6;2012;0;18;"20120618"
"217.128.133.72";"FR";2.350000;48.860000;"AS3215 Orange S.A.";"mlab1-par01";0.027528;425072.514227;"0.004006999";"darwin";"80.239.168.212";"bittorrent";1340019873;68968.501216;-1.000000;"91279bf8-2c59-4f66-ad82-3b674fd93a4f";3215;"";"";13;6;2012;0;18;"20120618"
"78.226.182.89";"FR";5.892900;48.674600;"AS12322 Free SAS";"mlab1-par01";0.036662;100216.582805;"0.004012999";"darwin";"80.239.168.212";"bittorrent";1340020312;56474.470219;-1.000000;"32c2b496-078e-4069-a497-68fcc724600b";12322;"B2";"Toul";13;6;2012;0;18;"20120618"
"88.189.232.213";"FR";2.333300;48.866700;"AS12322 Free SAS";"mlab1-par01";0.023128;1670456.518188;"0.004012999";"darwin";"80.239.168.212";"bittorrent";1340020620;102108.352157;-1.000000;"e1f3ee7e-3572-47bc-b878-cf8ea6021dec";12322;"A8";"Paris";13;6;2012;0;18;"20120618"
"109.211.225.126";"FR";-1.490200;47.298200;"AS3215 Orange S.A.";"mlab1-par01";0.076819;544949.867399;"0.004012999";"win32";"80.239.168.212";"bittorrent";1340020624;42151.735057;-1.000000;"bafa252c-d1f6-41dd-8f48-e12a439c2fd8";3215;"B5";"Carquefou";13;6;2012;0;18;"20120618"
"89.92.65.188";"FR";2.350000;48.860000;"AS5410 Bouygues Telecom S.A.";"mlab1-par01";0.027098;3294412.096582;"0.004012999";"linux2";"80.239.168.212";"bittorrent";1340020966;111655.789938;-1.000000;"d2d42b59-7420-4851-8bd2-9aa524882d2e";5410;"";"";14;6;2012;0;18;"20120618"
"88.189.232.213";"FR";2.333300;48.866700;"AS12322 Free SAS";"mlab1-par01";0.030752;1105602.754567;"0.004012999";"darwin";"80.239.168.212";"bittorrent";1340021038;101072.765066;-1.000000;"e1f3ee7e-3572-47bc-b878-cf8ea6021dec";12322;"A8";"Paris";14;6;2012;0;18;"20120618"
"88.168.65.84";"FR";7.266100;43.703100;"AS12322 Free SAS";"mlab1-par01";0.035720;1254228.766000;"0.004009999";"linux2";"80.239.168.212";"speedtest";1340021132;105971.435107;0.038498;"771546d1-f829-46d4-8f2b-25988a7406d8";12322;"B8";"Nice";14;6;2012;0;18;"20120618"
"82.65.195.222";"FR";2.350000;48.860000;"AS12322 Free SAS";"mlab1-par01";0.046487;702067.986108;"0.004012999";"win32";"80.239.168.212";"speedtest";1340021263;99094.660594;0.072277;"5e5c2c6d-bdcf-4803-972a-b0b153a5bb5b";12322;"";"";14;6;2012;0;18;"20120618"
"82.66.154.18";"FR";5.516700;43.516700;"AS12322 Free SAS";"mlab1-par01";0.034317;1172886.799095;"0.004012999";"darwin";"80.239.168.212";"bittorrent";1340021412;108489.674903;-1.000000;"c9fa46ae-cc27-4475-9dfe-3efe7ff34887";12322;"B8";"Aix-en-provence";14;6;2012;0;18;"20120618"
"87.98.156.205";"FR";2.350000;48.860000;"AS16276 OVH Systems";"mlab1-par01";0.051635;537287.956580;"0.004012999";"linux2";"80.239.168.212";"speedtest";1340021595;94375.440066;0.052400;"3e12869b-1e3b-4407-b99f-ae8dd7cc5345";16276;"";"";14;6;2012;0;18;"20120618"
"78.225.128.39";"FR";4.943000;45.631000;"AS12322 Free SAS";"mlab1-par01";0.034625;683063.883680;"0.004012999";"freebsd9";"80.239.168.212";"bittorrent";1340022004;36698.840532;-1.000000;"8c6a9f5d-2965-4c21-8131-62e9171c6b28";12322;"B9";"Chaponnay";14;6;2012;0;18;"20120618"
"89.92.65.188";"FR";2.350000;48.860000;"AS5410 Bouygues Telecom S.A.";"mlab1-par01";0.024001;3204147.223820;"0.004012999";"linux2";"80.239.168.212";"speedtest";1340022412;107183.615932;0.027980;"d2d42b59-7420-4851-8bd2-9aa524882d2e";5410;"";"";14;6;2012;0;18;"20120618"
"82.251.89.71";"FR";2.350000;48.860000;"AS12322 Free SAS";"mlab1-par01";0.040157;165508.629788;"0.004012999";"win32";"80.239.168.212";"speedtest";1340022438;91487.286216;0.046379;"e95464e9-9e36-42b0-a312-b8ee305f9357";12322;"";"";14;6;2012;0;18;"20120618"
"83.141.181.157";"FR";7.686000;48.582300;"AS21502 NUMERICABLE is a cable network operator in France, offering TV,VOICE and Internet services";"mlab1-par01";0.030268;2909593.616020;"0.004012999";"linux2";"80.239.168.212";"speedtest";1340022609;122551.768514;0.031723;"1390ea6f-3caa-43e1-bb68-8d9c6465099f";21502;"C1";"Eckbolsheim";14;6;2012;0;18;"20120618"
"82.124.184.225";"FR";2.333300;48.866700;"AS3215 Orange S.A.";"mlab1-par01";0.019851;762885.771858;"0.004009999";"win32";"80.239.168.212";"bittorrent";1340022619;105939.614953;-1.000000;"beeda77c-f623-4881-b800-271159da9118";3215;"A8";"Paris";14;6;2012;0;18;"20120618"
"89.87.19.107";"FR";4.837300;45.897600;"AS5410 Bouygues Telecom S.A.";"mlab1-par01";0.048304;398264.958035;"0.004012999";"win32";"80.239.168.212";"speedtest";1340023529;47983.431366;0.057125;"3ebb79be-0ab8-4492-bc1a-29b2c1d18f63";5410;"B9";"Genay";14;6;2012;0;18;"20120618"
"109.211.225.126";"FR";-1.490200;47.298200;"AS3215 Orange S.A.";"mlab1-par01";0.057459;630790.160420;"0.004012999";"win32";"80.239.168.212";"bittorrent";1340023780;100607.110367;-1.000000;"bafa252c-d1f6-41dd-8f48-e12a439c2fd8";3215;"B5";"Carquefou";14;6;2012;0;18;"20120618"
"88.166.7.10";"FR";2.250000;48.833300;"AS12322 Free SAS";"mlab1-par01";0.023052;1645367.133195;"0.004012999";"darwin";"80.239.168.212";"bittorrent";1340024063;108588.113027;-1.000000;"2620e803-fed0-4700-97da-47b56e60c909";12322;"A8";"Boulogne-billancourt";14;6;2012;0;18;"20120618"
"89.85.122.40";"FR";2.356100;48.832200;"AS5410 Bouygues Telecom S.A.";"mlab1-par01";0.063357;770059.960656;"0.004012999";"darwin";"80.239.168.212";"speedtest";1340024384;32165.446977;0.057437;"2da800c1-1a94-4ccc-896c-bd22a96ff2e6";5410;"A8";"Paris";14;6;2012;0;18;"20120618"
"95.142.175.137";"FR";2.350000;48.860000;"AS29169 Gandi SAS";"mlab1-par01";0.000794;32695508.903600;"0.004012999";"linux2";"80.239.168.212";"speedtest";1340024390;587216.467210;0.002150;"85561482-4e0b-4d8c-9974-2bc332d2a179";29169;"";"";14;6;2012;0;18;"20120618"
"82.230.48.190";"FR";2.550000;48.683300;"AS12322 Free SAS";"mlab1-par01";0.029157;748928.846932;"0.004012999";"win32";"80.239.168.212";"speedtest";1340024597;92652.944786;0.039957;"65b87c14-956e-45a4-a5ea-66bb1634a955";12322;"A8";"Quincy-sous-sénart";15;6;2012;0;18;"20120618"
"89.92.65.188";"FR";2.350000;48.860000;"AS5410 Bouygues Telecom S.A.";"mlab1-par01";0.021023;3187903.392030;"0.004012999";"linux2";"80.239.168.212";"speedtest";1340025308;108460.876998;0.023796;"d2d42b59-7420-4851-8bd2-9aa524882d2e";5410;"";"";15;6;2012;0;18;"20120618"
"109.211.225.126";"FR";-1.490200;47.298200;"AS3215 Orange S.A.";"mlab1-par01";0.073338;296270.342070;"0.004012999";"win32";"80.239.168.212";"speedtest";1340025357;41377.404630;0.089081;"bafa252c-d1f6-41dd-8f48-e12a439c2fd8";3215;"B5";"Carquefou";15;6;2012;0;18;"20120618"
"88.189.232.213";"FR";2.333300;48.866700;"AS12322 Free SAS";"mlab1-par01";0.031518;1174929.902120;"0.004012999";"darwin";"80.239.168.212";"speedtest";1340025466;50412.018850;0.052741;"e1f3ee7e-3572-47bc-b878-cf8ea6021dec";12322;"A8";"Paris";15;6;2012;0;18;"20120618"
"82.65.195.222";"FR";2.350000;48.860000;"AS12322 Free SAS";"mlab1-par01";0.047510;821417.724433;"0.004012999";"win32";"80.239.168.212";"bittorrent";1340025937;106948.137117;-1.000000;"5e5c2c6d-bdcf-4803-972a-b0b153a5bb5b";12322;"";"";15;6;2012;0;18;"20120618"
"89.226.177.172";"FR";2.382200;48.881700;"AS12670 COMPLETEL SAS France";"mlab1-par01";0.029851;507353.610617;"0.004012999";"darwin";"80.239.168.212";"speedtest";1340026041;77888.444296;0.068178;"935e26dc-fbd9-41ac-89fa-d9c155d4ca6e";12670;"A8";"Paris";15;6;2012;0;18;"20120618"
"82.124.184.225";"FR";2.333300;48.866700;"AS3215 Orange S.A.";"mlab1-par01";0.019653;752488.037308;"0.004009999";"win32";"80.239.168.212";"speedtest";1340027347;106522.161860;0.022372;"beeda77c-f623-4881-b800-271159da9118";3215;"A8";"Paris";15;6;2012;0;18;"20120618"
"89.226.177.172";"FR";2.382200;48.881700;"AS12670 COMPLETEL SAS France";"mlab1-par01";0.032057;623089.409346;"0.004012999";"darwin";"80.239.168.212";"bittorrent";1340027460;88619.834183;-1.000000;"935e26dc-fbd9-41ac-89fa-d9c155d4ca6e";12670;"A8";"Paris";15;6;2012;0;18;"20120618"
"82.230.48.190";"FR";2.550000;48.683300;"AS12322 Free SAS";"mlab1-par01";0.027995;1220128.438130;"0.004012999";"win32";"80.239.168.212";"speedtest";1340027684;94305.015784;0.033642;"65b87c14-956e-45a4-a5ea-66bb1634a955";12322;"A8";"Quincy-sous-sénart";15;6;2012;0;18;"20120618"
"82.65.195.222";"FR";2.350000;48.860000;"AS12322 Free SAS";"mlab1-par01";0.060646;362875.155583;"0.004012999";"win32";"80.239.168.212";"speedtest";1340027440;91491.136737;0.058324;"5e5c2c6d-bdcf-4803-972a-b0b153a5bb5b";12322;"";"";15;6;2012;0;18;"20120618"
"78.225.128.39";"FR";4.943000;45.631000;"AS12322 Free SAS";"mlab1-par01";0.032658;700090.825959;"0.004012999";"freebsd9";"80.239.168.212";"bittorrent";1340028174;38361.556387;-1.000000;"8c6a9f5d-2965-4c21-8131-62e9171c6b28";12322;"B9";"Chaponnay";16;6;2012;0;18;"20120618"
"89.92.65.188";"FR";2.350000;48.860000;"AS5410 Bouygues Telecom S.A.";"mlab1-par01";0.019244;3229489.074330;"0.004012999";"linux2";"80.239.168.212";"speedtest";1340028206;109452.525407;0.025379;"d2d42b59-7420-4851-8bd2-9aa524882d2e";5410;"";"";16;6;2012;0;18;"20120618"
"90.36.149.186";"FR";6.295900;46.350300;"AS3215 Orange S.A.";"mlab1-par01";0.028566;1784875.350680;"0.004012999";"linux2";"80.239.168.212";"speedtest";1340028252;82757.454974;0.033986;"b45f9dca-a436-4ba0-8cd1-b3e3e8b029fa";3215;"B9";"Messery";16;6;2012;0;18;"20120618"
"88.189.232.213";"FR";2.333300;48.866700;"AS12322 Free SAS";"mlab1-par01";0.040167;1604340.960650;"0.004012999";"darwin";"80.239.168.212";"speedtest";1340028424;51942.834121;0.055398;"e1f3ee7e-3572-47bc-b878-cf8ea6021dec";12322;"A8";"Paris";16;6;2012;0;18;"20120618"
"109.211.225.126";"FR";-1.490200;47.298200;"AS3215 Orange S.A.";"mlab1-par01";0.095453;210607.029850;"0.004012999";"win32";"80.239.168.212";"speedtest";1340028520;42490.951211;0.084056;"bafa252c-d1f6-41dd-8f48-e12a439c2fd8";3215;"B5";"Carquefou";16;6;2012;0;18;"20120618"
"89.85.122.40";"FR";2.356100;48.832200;"AS5410 Bouygues Telecom S.A.";"mlab1-par01";0.037718;1163782.137473;"0.004012999";"darwin";"80.239.168.212";"bittorrent";1340028690;83056.526925;-1.000000;"2da800c1-1a94-4ccc-896c-bd22a96ff2e6";5410;"A8";"Paris";16;6;2012;0;18;"20120618"
"88.189.232.213";"FR";2.333300;48.866700;"AS12322 Free SAS";"mlab1-par01";0.025153;1855408.586660;"0.004012999";"darwin";"80.239.168.212";"speedtest";1340029017;73890.696344;0.028448;"e1f3ee7e-3572-47bc-b878-cf8ea6021dec";12322;"A8";"Paris";16;6;2012;0;18;"20120618"
"83.141.181.157";"FR";7.686000;48.582300;"AS21502 NUMERICABLE is a cable network operator in France, offering TV,VOICE and Internet services";"mlab1-par01";3.033745;2699095.227420;"0.004012999";"linux2";"80.239.168.212";"speedtest";1340029124;115411.737743;0.031834;"1390ea6f-3caa-43e1-bb68-8d9c6465099f";21502;"C1";"Eckbolsheim";16;6;2012;0;18;"20120618"
"87.98.156.205";"FR";2.350000;48.860000;"AS16276 OVH Systems";"mlab1-par01";0.046567;1564263.659343;"0.004012999";"linux2";"80.239.168.212";"bittorrent";1340029185;77926.555868;-1.000000;"3e12869b-1e3b-4407-b99f-ae8dd7cc5345";16276;"";"";16;6;2012;0;18;"20120618"
"78.225.128.39";"FR";4.943000;45.631000;"AS12322 Free SAS";"mlab1-par01";0.033472;670666.268622;"0.004012999";"freebsd9";"80.239.168.212";"speedtest";1340029712;38030.650063;0.040451;"8c6a9f5d-2965-4c21-8131-62e9171c6b28";12322;"B9";"Chaponnay";16;6;2012;0;18;"20120618"
"109.211.225.126";"FR";-1.490200;47.298200;"AS3215 Orange S.A.";"mlab1-par01";0.091796;369491.457910;"0.004012999";"win32";"80.239.168.212";"bittorrent";1340030097;63259.168435;-1.000000;"bafa252c-d1f6-41dd-8f48-e12a439c2fd8";3215;"B5";"Carquefou";16;6;2012;0;18;"20120618"
"88.168.65.84";"FR";7.266100;43.703100;"AS12322 Free SAS";"mlab1-par01";0.034450;1214467.769930;"0.004009999";"linux2";"80.239.168.212";"speedtest";1340030297;108072.472063;0.038453;"771546d1-f829-46d4-8f2b-25988a7406d8";12322;"B8";"Nice";16;6;2012;0;18;"20120618"
"80.69.223.58";"FR";2.350000;48.860000;"AS34306 MOBIUS TECHNOLOGY AS";"mlab1-par01";0.216084;218803.075914;"0.004012999";"darwin";"80.239.168.212";"bittorrent";1340030305;72019.500534;-1.000000;"5f363a24-1358-4434-a0ba-362ce129c4e0";34306;"";"";16;6;2012;0;18;"20120618"
"82.230.48.190";"FR";2.550000;48.683300;"AS12322 Free SAS";"mlab1-par01";0.032014;1422074.607240;"0.004012999";"win32";"80.239.168.212";"speedtest";1340030765;94314.797551;0.033061;"65b87c14-956e-45a4-a5ea-66bb1634a955";12322;"A8";"Quincy-sous-sénart";16;6;2012;0;18;"20120618"
"95.142.175.137";"FR";2.350000;48.860000;"AS29169 Gandi SAS";"mlab1-par01";0.000792;32056737.460700;"0.004012999";"linux2";"80.239.168.212";"speedtest";1340030902;663680.174967;0.002146;"85561482-4e0b-4d8c-9974-2bc332d2a179";29169;"";"";16;6;2012;0;18;"20120618"
"109.211.225.126";"FR";-1.490200;47.298200;"AS3215 Orange S.A.";"mlab1-par01";0.082532;346367.146685;"0.004012999";"win32";"80.239.168.212";"speedtest";1340031666;46876.939942;0.092930;"bafa252c-d1f6-41dd-8f48-e12a439c2fd8";3215;"B5";"Carquefou";17;6;2012;0;18;"20120618"
"89.227.218.129";"FR";2.350000;48.860000;"AS12670 COMPLETEL SAS France";"mlab1-par01";0.048082;698515.858835;"0.004012999";"win32";"80.239.168.212";"bittorrent";1340032088;100403.829856;-1.000000;"51b4f771-cd96-4baa-8c1a-eb22da4502c3";12670;"";"";17;6;2012;0;18;"20120618"
"87.98.156.205";"FR";2.350000;48.860000;"AS16276 OVH Systems";"mlab1-par01";0.039320;640193.562502;"0.004012999";"linux2";"80.239.168.212";"bittorrent";1340032216;98198.932038;-1.000000;"3e12869b-1e3b-4407-b99f-ae8dd7cc5345";16276;"";"";17;6;2012;0;18;"20120618"
"89.92.65.188";"FR";2.350000;48.860000;"AS5410 Bouygues Telecom S.A.";"mlab1-par01";0.024325;3137782.488805;"0.004012999";"linux2";"80.239.168.212";"bittorrent";1340032553;107086.644513;-1.000000;"d2d42b59-7420-4851-8bd2-9aa524882d2e";5410;"";"";17;6;2012;0;18;"20120618"
"89.85.122.40";"FR";2.356100;48.832200;"AS5410 Bouygues Telecom S.A.";"mlab1-par01";0.139625;805482.837893;"0.004012999";"darwin";"80.239.168.212";"speedtest";1340033077;37273.681676;0.056426;"2da800c1-1a94-4ccc-896c-bd22a96ff2e6";5410;"A8";"Paris";17;6;2012;0;18;"20120618"
"109.211.225.126";"FR";-1.490200;47.298200;"AS3215 Orange S.A.";"mlab1-par01";0.085964;262909.437144;"0.004012999";"win32";"80.239.168.212";"bittorrent";1340033261;29879.981840;-1.000000;"bafa252c-d1f6-41dd-8f48-e12a439c2fd8";3215;"B5";"Carquefou";17;6;2012;0;18;"20120618"
"82.249.189.19";"FR";2.350000;48.860000;"AS12322 Free SAS";"mlab1-par01";0.047331;158003.217115;"0.004012999";"win32";"80.239.168.212";"speedtest";1340033638;98916.983523;0.050221;"5e5c2c6d-bdcf-4803-972a-b0b153a5bb5b";12322;"";"";17;6;2012;0;18;"20120618"
"88.166.7.10";"FR";2.250000;48.833300;"AS12322 Free SAS";"mlab1-par01";0.024632;1595602.050020;"0.004012999";"darwin";"80.239.168.212";"speedtest";1340034004;108255.451521;0.026330;"2620e803-fed0-4700-97da-47b56e60c909";12322;"A8";"Boulogne-billancourt";17;6;2012;0;18;"20120618"
"89.87.19.107";"FR";4.837300;45.897600;"AS5410 Bouygues Telecom S.A.";"mlab1-par01";0.046431;448434.500177;"0.004012999";"win32";"80.239.168.212";"bittorrent";1340034330;54862.288366;-1.000000;"3ebb79be-0ab8-4492-bc1a-29b2c1d18f63";5410;"B9";"Genay";17;6;2012;0;18;"20120618"
"82.66.154.18";"FR";5.516700;43.516700;"AS12322 Free SAS";"mlab1-par01";0.035125;1150084.961217;"0.004012999";"darwin";"80.239.168.212";"bittorrent";1340034406;108539.932861;-1.000000;"c9fa46ae-cc27-4475-9dfe-3efe7ff34887";12322;"B8";"Aix-en-provence";17;6;2012;0;18;"20120618"
"88.187.32.19";"FR";7.016700;43.550000;"AS12322 Free SAS";"mlab1-par01";0.048768;1537630.111143;"0.004012999";"linux2";"80.239.168.212";"bittorrent";1340034773;57442.153271;-1.000000;"82e74acd-b259-45e3-abad-b198e19b0a45";12322;"B8";"Cannes";17;6;2012;0;18;"20120618"
"82.230.48.190";"FR";2.550000;48.683300;"AS12322 Free SAS";"mlab1-par01";0.029344;1460987.607156;"0.004012999";"win32";"80.239.168.212";"bittorrent";1340035181;62227.517886;-1.000000;"65b87c14-956e-45a4-a5ea-66bb1634a955";12322;"A8";"Quincy-sous-sénart";17;6;2012;0;18;"20120618"
"82.124.184.225";"FR";2.333300;48.866700;"AS3215 Orange S.A.";"mlab1-par01";0.019953;763766.298927;"0.004009999";"win32";"80.239.168.212";"bittorrent";1340035230;96575.108849;-1.000000;"beeda77c-f623-4881-b800-271159da9118";3215;"A8";"Paris";18;6;2012;0;18;"20120618"
"89.92.65.188";"FR";2.350000;48.860000;"AS5410 Bouygues Telecom S.A.";"mlab1-par01";0.024976;3214628.176154;"0.004012999";"linux2";"80.239.168.212";"bittorrent";1340035449;99982.333826;-1.000000;"d2d42b59-7420-4851-8bd2-9aa524882d2e";5410;"";"";18;6;2012;0;18;"20120618"
"89.226.177.172";"FR";2.382200;48.881700;"AS12670 COMPLETEL SAS France";"mlab1-par01";0.030858;610056.713982;"0.004012999";"darwin";"80.239.168.212";"bittorrent";1340036001;88024.098998;-1.000000;"935e26dc-fbd9-41ac-89fa-d9c155d4ca6e";12670;"A8";"Paris";18;6;2012;0;18;"20120618"
"90.36.149.186";"FR";6.295900;46.350300;"AS3215 Orange S.A.";"mlab1-par01";0.028938;1714211.739610;"0.004012999";"linux2";"80.239.168.212";"speedtest";1340036725;78750.800313;0.031349;"b45f9dca-a436-4ba0-8cd1-b3e3e8b029fa";3215;"B9";"Messery";18;6;2012;0;18;"20120618"
"87.98.156.205";"FR";2.350000;48.860000;"AS16276 OVH Systems";"mlab1-par01";0.042695;781176.096185;"0.004012999";"linux2";"80.239.168.212";"speedtest";1340036756;98690.711137;0.048506;"3e12869b-1e3b-4407-b99f-ae8dd7cc5345";16276;"";"";18;6;2012;0;18;"20120618"
"88.166.7.10";"FR";2.250000;48.833300;"AS12322 Free SAS";"mlab1-par01";0.023762;1597724.955550;"0.004012999";"darwin";"80.239.168.212";"speedtest";1340036845;108236.004605;0.026278;"2620e803-fed0-4700-97da-47b56e60c909";12322;"A8";"Boulogne-billancourt";18;6;2012;0;18;"20120618"
"78.226.182.89";"FR";5.892900;48.674600;"AS12322 Free SAS";"mlab1-par01";0.038005;98314.054903;"0.004012999";"darwin";"80.239.168.212";"speedtest";1340037425;57302.782313;0.043085;"32c2b496-078e-4069-a497-68fcc724600b";12322;"B2";"Toul";18;6;2012;0;18;"20120618"
"82.66.154.18";"FR";5.516700;43.516700;"AS12322 Free SAS";"mlab1-par01";0.034439;1155313.436537;"0.004012999";"darwin";"80.239.168.212";"bittorrent";1340037656;108456.945854;-1.000000;"c9fa46ae-cc27-4475-9dfe-3efe7ff34887";12322;"B8";"Aix-en-provence";18;6;2012;0;18;"20120618"
"88.168.65.84";"FR";7.266100;43.703100;"AS12322 Free SAS";"mlab1-par01";0.035144;1343671.080546;"0.004009999";"linux2";"80.239.168.212";"bittorrent";1340037935;108886.875705;-1.000000;"771546d1-f829-46d4-8f2b-25988a7406d8";12322;"B8";"Nice";18;6;2012;0;18;"20120618"
"87.98.156.205";"FR";2.350000;48.860000;"AS16276 OVH Systems";"mlab1-par01";0.043684;839258.845116;"0.004012999";"linux2";"80.239.168.212";"bittorrent";1340038268;97941.760037;-1.000000;"3e12869b-1e3b-4407-b99f-ae8dd7cc5345";16276;"";"";18;6;2012;0;18;"20120618"
"82.124.184.225";"FR";2.333300;48.866700;"AS3215 Orange S.A.";"mlab1-par01";0.020227;766307.223546;"0.004009999";"win32";"80.239.168.212";"bittorrent";1340038381;86787.900102;-1.000000;"beeda77c-f623-4881-b800-271159da9118";3215;"A8";"Paris";18;6;2012;0;18;"20120618"
"89.227.218.129";"FR";2.350000;48.860000;"AS12670 COMPLETEL SAS France";"mlab1-par01";0.063762;47288.882427;"0.004012999";"win32";"80.239.168.212";"bittorrent";1340038511;88371.871165;-1.000000;"51b4f771-cd96-4baa-8c1a-eb22da4502c3";12670;"";"";18;6;2012;0;18;"20120618"
"83.141.181.157";"FR";7.686000;48.582300;"AS21502 NUMERICABLE is a cable network operator in France, offering TV,VOICE and Internet services";"mlab1-par01";0.039335;3000873.057430;"0.004012999";"linux2";"80.239.168.212";"speedtest";1340038774;122348.889841;0.033398;"1390ea6f-3caa-43e1-bb68-8d9c6465099f";21502;"C1";"Eckbolsheim";18;6;2012;0;18;"20120618"
"78.225.128.39";"FR";4.943000;45.631000;"AS12322 Free SAS";"mlab1-par01";0.033950;664420.402603;"0.004012999";"freebsd9";"80.239.168.212";"speedtest";1340038964;38590.970099;0.040386;"8c6a9f5d-2965-4c21-8131-62e9171c6b28";12322;"B9";"Chaponnay";19;6;2012;0;18;"20120618"
"78.226.182.89";"FR";5.892900;48.674600;"AS12322 Free SAS";"mlab1-par01";0.037144;100086.554804;"0.004012999";"darwin";"80.239.168.212";"bittorrent";1340039019;56682.870558;-1.000000;"32c2b496-078e-4069-a497-68fcc724600b";12322;"B2";"Toul";19;6;2012;0;18;"20120618"
"78.224.188.9";"FR";5.356100;43.568700;"AS12322 Free SAS";"mlab1-par01";0.037415;552468.887266;"0.004012999";"win32";"80.239.168.212";"bittorrent";1340039440;107265.722962;-1.000000;"796abef9-ae86-44dc-8bb6-90ce99255354";12322;"B8";"Éguilles";19;6;2012;0;18;"20120618"
"88.187.32.19";"FR";7.016700;43.550000;"AS12322 Free SAS";"mlab1-par01";0.039250;1820494.243580;"0.004012999";"linux2";"80.239.168.212";"speedtest";1340039472;105451.654976;0.042864;"82e74acd-b259-45e3-abad-b198e19b0a45";12322;"B8";"Cannes";19;6;2012;0;18;"20120618"
"78.249.58.66";"FR";5.722400;45.171500;"AS12322 Free SAS";"mlab1-par01";0.034175;508383.383127;"0.004012999";"win32";"80.239.168.212";"speedtest";1340039726;108140.363487;0.039400;"f0f26fac-afa1-4bfd-8ecf-2a8d2bcbb8e8";12322;"B9";"Grenoble";19;6;2012;0;18;"20120618"
"88.189.232.213";"FR";2.333300;48.866700;"AS12322 Free SAS";"mlab1-par01";0.029241;889570.436528;"0.004012999";"darwin";"80.239.168.212";"bittorrent";1340039741;52378.921932;-1.000000;"e1f3ee7e-3572-47bc-b878-cf8ea6021dec";12322;"A8";"Paris";19;6;2012;0;18;"20120618"
"82.251.89.71";"FR";2.350000;48.860000;"AS12322 Free SAS";"mlab1-par01";0.039679;171151.958899;"0.004012999";"win32";"80.239.168.212";"bittorrent";1340039808;96476.822593;-1.000000;"e95464e9-9e36-42b0-a312-b8ee305f9357";12322;"";"";19;6;2012;0;18;"20120618"
"82.249.189.19";"FR";2.350000;48.860000;"AS12322 Free SAS";"mlab1-par01";0.047320;251285.628714;"0.004012999";"win32";"80.239.168.212";"speedtest";1340039816;98547.994350;0.050550;"5e5c2c6d-bdcf-4803-972a-b0b153a5bb5b";12322;"";"";19;6;2012;0;18;"20120618"
"89.85.122.40";"FR";2.356100;48.832200;"AS5410 Bouygues Telecom S.A.";"mlab1-par01";0.229549;801701.102338;"0.004012999";"darwin";"80.239.168.212";"bittorrent";1340040306;27100.620328;-1.000000;"2da800c1-1a94-4ccc-896c-bd22a96ff2e6";5410;"A8";"Paris";19;6;2012;0;18;"20120618"
"95.142.175.137";"FR";2.350000;48.860000;"AS29169 Gandi SAS";"mlab1-par01";0.000988;31567594.331900;"0.004012999";"linux2";"80.239.168.212";"speedtest";1340040668;643403.211660;0.002201;"85561482-4e0b-4d8c-9974-2bc332d2a179";29169;"";"";19;6;2012;0;18;"20120618"
"88.171.21.219";"FR";2.550000;48.833300;"AS12322 Free SAS";"mlab1-par01";0.013646;255368.160994;"0.004012999";"win32";"80.239.168.212";"speedtest";1340040783;94638.568059;0.016017;"e2957641-0324-42fe-a33c-189a4aa04991";12322;"A8";"Villiers-sur-marne";19;6;2012;0;18;"20120618"
"78.249.58.66";"FR";5.722400;45.171500;"AS12322 Free SAS";"mlab1-par01";0.035528;516938.605873;"0.004012999";"win32";"80.239.168.212";"bittorrent";1340041157;109398.788365;-1.000000;"f0f26fac-afa1-4bfd-8ecf-2a8d2bcbb8e8";12322;"B9";"Grenoble";19;6;2012;0;18;"20120618"
"89.92.65.188";"FR";2.350000;48.860000;"AS5410 Bouygues Telecom S.A.";"mlab1-par01";0.028427;2723530.070618;"0.004012999";"linux2";"80.239.168.212";"bittorrent";1340041243;110085.670814;-1.000000;"d2d42b59-7420-4851-8bd2-9aa524882d2e";5410;"";"";19;6;2012;0;18;"20120618"
"78.226.182.89";"FR";5.892900;48.674600;"AS12322 Free SAS";"mlab1-par01";0.037692;99834.315154;"0.004012999";"darwin";"80.239.168.212";"bittorrent";1340042200;56369.431477;-1.000000;"32c2b496-078e-4069-a497-68fcc724600b";12322;"B2";"Toul";19;6;2012;0;18;"20120618"
"88.187.32.19";"FR";7.016700;43.550000;"AS12322 Free SAS";"mlab1-par01";0.040364;1544236.960370;"0.004012999";"linux2";"80.239.168.212";"speedtest";1340042604;105784.843983;0.043290;"82e74acd-b259-45e3-abad-b198e19b0a45";12322;"B8";"Cannes";20;6;2012;0;18;"20120618"
"87.98.156.205";"FR";2.350000;48.860000;"AS16276 OVH Systems";"mlab1-par01";0.043648;803416.757390;"0.004012999";"linux2";"80.239.168.212";"speedtest";1340042805;89873.139355;0.049768;"3e12869b-1e3b-4407-b99f-ae8dd7cc5345";16276;"";"";20;6;2012;0;18;"20120618"
"86.192.87.33";"FR";4.085200;48.300700;"AS3215 Orange S.A.";"mlab1-par01";0.044385;259106.778302;"0.004012999";"win32";"80.239.168.212";"bittorrent";1340043082;34031.523518;-1.000000;"f28a749d-6d99-4b7e-9bf6-71470652bdef";3215;"A4";"Troyes";20;6;2012;0;18;"20120618"
"82.124.184.225";"FR";2.333300;48.866700;"AS3215 Orange S.A.";"mlab1-par01";0.019863;752569.719188;"0.004009999";"win32";"80.239.168.212";"speedtest";1340043110;107864.919880;0.022216;"beeda77c-f623-4881-b800-271159da9118";3215;"A8";"Paris";20;6;2012;0;18;"20120618"
"90.36.149.186";"FR";6.295900;46.350300;"AS3215 Orange S.A.";"mlab1-par01";0.049977;1716304.456152;"0.004012999";"linux2";"80.239.168.212";"bittorrent";1340043784;79469.236196;-1.000000;"b45f9dca-a436-4ba0-8cd1-b3e3e8b029fa";3215;"B9";"Messery";20;6;2012;0;18;"20120618"
"88.171.21.219";"FR";2.550000;48.833300;"AS12322 Free SAS";"mlab1-par01";0.010328;263597.079749;"0.004012999";"win32";"80.239.168.212";"speedtest";1340043988;105237.390830;0.014703;"e2957641-0324-42fe-a33c-189a4aa04991";12322;"A8";"Villiers-sur-marne";20;6;2012;0;18;"20120618"
"82.230.48.190";"FR";2.550000;48.683300;"AS12322 Free SAS";"mlab1-par01";0.032834;700137.825209;"0.004012999";"win32";"80.239.168.212";"bittorrent";1340044430;70228.199594;-1.000000;"65b87c14-956e-45a4-a5ea-66bb1634a955";12322;"A8";"Quincy-sous-sénart";20;6;2012;0;18;"20120618"
"82.124.184.225";"FR";2.333300;48.866700;"AS3215 Orange S.A.";"mlab1-par01";0.019581;763813.666098;"0.004009999";"win32";"80.239.168.212";"bittorrent";1340044687;106113.642597;-1.000000;"beeda77c-f623-4881-b800-271159da9118";3215;"A8";"Paris";20;6;2012;0;18;"20120618"
"89.227.218.129";"FR";2.350000;48.860000;"AS12670 COMPLETEL SAS France";"mlab1-par01";0.047273;656123.706160;"0.004012999";"win32";"80.239.168.212";"bittorrent";1340044864;98128.534450;-1.000000;"51b4f771-cd96-4baa-8c1a-eb22da4502c3";12670;"";"";20;6;2012;0;18;"20120618"
"31.34.129.35";"FR";2.236700;48.939400;"AS5410 Bouygues Telecom S.A.";"mlab1-par01";0.034836;972941.404606;"0.004012999";"linux2";"80.239.168.212";"speedtest";1340044880;33845.007947;0.036862;"e2c2fec8-7257-4354-9f0c-3285266a37cd";5410;"A8";"Argenteuil";20;6;2012;0;18;"20120618"
"83.141.181.157";"FR";7.686000;48.582300;"AS21502 NUMERICABLE is a cable network operator in France, offering TV,VOICE and Internet services";"mlab1-par01";0.031613;1767447.464180;"0.004012999";"linux2";"80.239.168.212";"speedtest";1340045157;122148.216540;0.032935;"1390ea6f-3caa-43e1-bb68-8d9c6465099f";21502;"C1";"Eckbolsheim";20;6;2012;0;18;"20120618"
"78.249.58.66";"FR";5.722400;45.171500;"AS12322 Free SAS";"mlab1-par01";0.036933;368589.220164;"0.004012999";"win32";"80.239.168.212";"speedtest";1340045408;108256.220646;0.039683;"f0f26fac-afa1-4bfd-8ecf-2a8d2bcbb8e8";12322;"B9";"Grenoble";20;6;2012;0;18;"20120618"
"89.93.40.53";"FR";2.387600;48.841200;"AS5410 Bouygues Telecom S.A.";"mlab1-par01";0.007584;5296263.080410;"0.004012999";"win32";"80.239.168.212";"speedtest";1340045505;294644.533750;0.010697;"a6cb37e5-7073-4af7-9089-90dd38467e4e";5410;"A8";"Paris";20;6;2012;0;18;"20120618"
"89.87.19.107";"FR";4.837300;45.897600;"AS5410 Bouygues Telecom S.A.";"mlab1-par01";0.047632;445806.465705;"0.004012999";"win32";"80.239.168.212";"speedtest";1340045529;49116.416202;0.049418;"3ebb79be-0ab8-4492-bc1a-29b2c1d18f63";5410;"B9";"Genay";20;6;2012;0;18;"20120618"
"89.92.65.188";"FR";2.350000;48.860000;"AS5410 Bouygues Telecom S.A.";"mlab1-par01";0.026084;2807259.030580;"0.004012999";"linux2";"80.239.168.212";"speedtest";1340045585;109151.181794;0.027171;"d2d42b59-7420-4851-8bd2-9aa524882d2e";5410;"";"";20;6;2012;0;18;"20120618"
"88.171.21.219";"FR";2.550000;48.833300;"AS12322 Free SAS";"mlab1-par01";0.008459;267786.948873;"0.004012999";"win32";"80.239.168.212";"bittorrent";1340045598;72456.037770;-1.000000;"e2957641-0324-42fe-a33c-189a4aa04991";12322;"A8";"Villiers-sur-marne";20;6;2012;0;18;"20120618"
"82.66.154.18";"FR";5.516700;43.516700;"AS12322 Free SAS";"mlab1-par01";0.036254;364508.836284;"0.004012999";"darwin";"80.239.168.212";"speedtest";1340045787;107442.154007;0.039591;"c9fa46ae-cc27-4475-9dfe-3efe7ff34887";12322;"B8";"Aix-en-provence";20;6;2012;0;18;"20120618"
"87.98.156.205";"FR";2.350000;48.860000;"AS16276 OVH Systems";"mlab1-par01";0.043262;734903.250494;"0.004012999";"linux2";"80.239.168.212";"speedtest";1340045869;98621.473819;0.049305;"3e12869b-1e3b-4407-b99f-ae8dd7cc5345";16276;"";"";20;6;2012;0;18;"20120618"
"82.230.48.190";"FR";2.550000;48.683300;"AS12322 Free SAS";"mlab1-par01";0.028407;463599.156087;"0.004012999";"win32";"80.239.168.212";"speedtest";1340046175;92815.367510;0.036675;"65b87c14-956e-45a4-a5ea-66bb1634a955";12322;"A8";"Quincy-sous-sénart";21;6;2012;0;18;"20120618"
"78.249.105.6";"FR";4.350000;43.833300;"AS12322 Free SAS";"mlab1-par01";0.042344;291872.998554;"0.004012999";"linux2";"80.239.168.212";"speedtest";1340046000;108054.706592;0.063189;"c64d997c-2aa5-4cb9-9bce-43fde1ecbef5";12322;"A9";"Nîmes";21;6;2012;0;18;"20120618"
"82.249.189.19";"FR";2.350000;48.860000;"AS12322 Free SAS";"mlab1-par01";0.059860;129340.641764;"0.004012999";"win32";"80.239.168.212";"speedtest";1340046011;98065.323519;0.056912;"5e5c2c6d-bdcf-4803-972a-b0b153a5bb5b";12322;"";"";21;6;2012;0;18;"20120618"
"78.225.128.39";"FR";4.943000;45.631000;"AS12322 Free SAS";"mlab1-par01";0.031319;351699.499170;"0.004012999";"freebsd9";"80.239.168.212";"bittorrent";1340046686;38285.465221;-1.000000;"8c6a9f5d-2965-4c21-8131-62e9171c6b28";12322;"B9";"Chaponnay";21;6;2012;0;18;"20120618"
"78.249.58.66";"FR";5.722400;45.171500;"AS12322 Free SAS";"mlab1-par01";0.036687;335167.791104;"0.004012999";"win32";"80.239.168.212";"bittorrent";1340046831;109897.971541;-1.000000;"f0f26fac-afa1-4bfd-8ecf-2a8d2bcbb8e8";12322;"B9";"Grenoble";21;6;2012;0;18;"20120618"
"78.224.188.9";"FR";5.356100;43.568700;"AS12322 Free SAS";"mlab1-par01";0.050984;391861.210808;"0.004012999";"win32";"80.239.168.212";"speedtest";1340046918;103989.927602;0.040332;"796abef9-ae86-44dc-8bb6-90ce99255354";12322;"B8";"Éguilles";21;6;2012;0;18;"20120618"
"89.92.65.188";"FR";2.350000;48.860000;"AS5410 Bouygues Telecom S.A.";"mlab1-par01";0.027499;3228759.525514;"0.004012999";"linux2";"80.239.168.212";"bittorrent";1340047036;110348.551717;-1.000000;"d2d42b59-7420-4851-8bd2-9aa524882d2e";5410;"";"";21;6;2012;0;18;"20120618"
"88.168.65.84";"FR";7.266100;43.703100;"AS12322 Free SAS";"mlab1-par01";0.034065;1266587.836800;"0.004009999";"linux2";"80.239.168.212";"bittorrent";1340047101;98046.213759;-1.000000;"771546d1-f829-46d4-8f2b-25988a7406d8";12322;"B8";"Nice";21;6;2012;0;18;"20120618"
"89.93.40.53";"FR";2.387600;48.841200;"AS5410 Bouygues Telecom S.A.";"mlab1-par01";0.007501;5535974.736848;"0.004012999";"win32";"80.239.168.212";"bittorrent";1340047139;201940.059521;-1.000000;"a6cb37e5-7073-4af7-9089-90dd38467e4e";5410;"A8";"Paris";21;6;2012;0;18;"20120618"
"95.142.175.137";"FR";2.350000;48.860000;"AS29169 Gandi SAS";"mlab1-par01";0.000950;28546295.794600;"0.004012999";"linux2";"80.239.168.212";"speedtest";1340047180;671660.998365;0.002205;"85561482-4e0b-4d8c-9974-2bc332d2a179";29169;"";"";21;6;2012;0;18;"20120618"
"89.85.122.40";"FR";2.356100;48.832200;"AS5410 Bouygues Telecom S.A.";"mlab1-par01";0.306977;760426.841657;"0.004012999";"darwin";"80.239.168.212";"speedtest";1340047511;20606.390236;0.173935;"2da800c1-1a94-4ccc-896c-bd22a96ff2e6";5410;"A8";"Paris";21;6;2012;0;18;"20120618"
"78.249.105.6";"FR";4.350000;43.833300;"AS12322 Free SAS";"mlab1-par01";0.034703;275449.513120;"0.004012999";"linux2";"80.239.168.212";"bittorrent";1340047607;108879.320075;-1.000000;"c64d997c-2aa5-4cb9-9bce-43fde1ecbef5";12322;"A9";"Nîmes";21;6;2012;0;18;"20120618"
"31.34.129.35";"FR";2.236700;48.939400;"AS5410 Bouygues Telecom S.A.";"mlab1-par01";0.031935;944992.610451;"0.004012999";"linux2";"80.239.168.212";"speedtest";1340047834;60102.888318;0.037413;"e2c2fec8-7257-4354-9f0c-3285266a37cd";5410;"A8";"Argenteuil";21;6;2012;0;18;"20120618"
"86.192.87.33";"FR";4.085200;48.300700;"AS3215 Orange S.A.";"mlab1-par01";0.045674;132004.079680;"0.004012999";"win32";"80.239.168.212";"speedtest";1340047931;27672.131827;0.075717;"f28a749d-6d99-4b7e-9bf6-71470652bdef";3215;"A4";"Troyes";21;6;2012;0;18;"20120618"
"88.166.7.10";"FR";2.250000;48.833300;"AS12322 Free SAS";"mlab1-par01";0.022389;1572806.505250;"0.004012999";"darwin";"80.239.168.212";"speedtest";1340048207;108040.997613;0.026823;"2620e803-fed0-4700-97da-47b56e60c909";12322;"A8";"Boulogne-billancourt";21;6;2012;0;18;"20120618"
"83.141.181.157";"FR";7.686000;48.582300;"AS21502 NUMERICABLE is a cable network operator in France, offering TV,VOICE and Internet services";"mlab1-par01";0.038467;1618390.084760;"0.004012999";"linux2";"80.239.168.212";"speedtest";1340048349;122545.910668;0.036067;"1390ea6f-3caa-43e1-bb68-8d9c6465099f";21502;"C1";"Eckbolsheim";21;6;2012;0;18;"20120618"
"88.168.65.84";"FR";7.266100;43.703100;"AS12322 Free SAS";"mlab1-par01";0.035933;1279105.714900;"0.004009999";"linux2";"80.239.168.212";"speedtest";1340048626;107953.772591;0.038568;"771546d1-f829-46d4-8f2b-25988a7406d8";12322;"B8";"Nice";21;6;2012;0;18;"20120618"
"89.87.19.107";"FR";4.837300;45.897600;"AS5410 Bouygues Telecom S.A.";"mlab1-par01";0.046504;427648.411311;"0.004012999";"win32";"80.239.168.212";"speedtest";1340048705;67281.084436;0.049505;"3ebb79be-0ab8-4492-bc1a-29b2c1d18f63";5410;"B9";"Genay";21;6;2012;0;18;"20120618"
"88.171.21.219";"FR";2.550000;48.833300;"AS12322 Free SAS";"mlab1-par01";0.008994;270405.752083;"0.004012999";"win32";"80.239.168.212";"bittorrent";1340048802;102554.386377;-1.000000;"e2957641-0324-42fe-a33c-189a4aa04991";12322;"A8";"Villiers-sur-marne";21;6;2012;0;18;"20120618"
"95.142.175.137";"FR";2.350000;48.860000;"AS29169 Gandi SAS";"mlab1-par01";0.000790;31338075.866841;"0.004012999";"linux2";"80.239.168.212";"bittorrent";1340048808;671889.040729;-1.000000;"85561482-4e0b-4d8c-9974-2bc332d2a179";29169;"";"";21;6;2012;0;18;"20120618"
"87.98.156.205";"FR";2.350000;48.860000;"AS16276 OVH Systems";"mlab1-par01";0.043296;769577.083298;"0.004012999";"linux2";"80.239.168.212";"speedtest";1340048893;90841.393762;0.049020;"3e12869b-1e3b-4407-b99f-ae8dd7cc5345";16276;"";"";21;6;2012;0;18;"20120618"
"82.124.184.225";"FR";2.333300;48.866700;"AS3215 Orange S.A.";"mlab1-par01";0.019994;752372.106030;"0.004009999";"win32";"80.239.168.212";"speedtest";1340049414;107515.378550;0.022209;"beeda77c-f623-4881-b800-271159da9118";3215;"A8";"Paris";21;6;2012;0;18;"20120618"
"90.36.149.186";"FR";6.295900;46.350300;"AS3215 Orange S.A.";"mlab1-par01";0.028844;1680599.711132;"0.004012999";"linux2";"80.239.168.212";"bittorrent";1340049431;79163.492318;-1.000000;"b45f9dca-a436-4ba0-8cd1-b3e3e8b029fa";3215;"B9";"Messery";21;6;2012;0;18;"20120618"
"78.224.188.9";"FR";5.356100;43.568700;"AS12322 Free SAS";"mlab1-par01";0.036552;167809.522569;"0.004012999";"win32";"80.239.168.212";"speedtest";1340049912;97267.554888;0.040799;"796abef9-ae86-44dc-8bb6-90ce99255354";12322;"B8";"Éguilles";22;6;2012;0;18;"20120618"
"89.85.122.40";"FR";2.356100;48.832200;"AS5410 Bouygues Telecom S.A.";"mlab1-par01";0.248575;738198.381576;"0.004012999";"darwin";"80.239.168.212";"speedtest";1340050385;18796.877468;0.166293;"2da800c1-1a94-4ccc-896c-bd22a96ff2e6";5410;"A8";"Paris";22;6;2012;0;18;"20120618"
"82.230.48.190";"FR";2.550000;48.683300;"AS12322 Free SAS";"mlab1-par01";0.031264;295824.301443;"0.004012999";"win32";"80.239.168.212";"bittorrent";1340050601;90896.812364;-1.000000;"65b87c14-956e-45a4-a5ea-66bb1634a955";12322;"A8";"Quincy-sous-sénart";22;6;2012;0;18;"20120618"
"82.236.35.68";"FR";2.511600;48.751500;"AS12322 Free SAS";"mlab1-par01";0.010677;197215.778198;"0.004012999";"darwin";"80.239.168.212";"speedtest";1340050618;52867.028127;0.032916;"47cbaf0a-387c-4fe3-a8b5-a74776938080";12322;"A8";"Boissy-saint-léger";22;6;2012;0;18;"20120618"
"88.138.200.84";"FR";0.267600;47.945100;"AS8228 Societe Francaise du Radiotelephone S.A";"mlab1-par01";0.083847;499906.892767;"0.004012999";"win32";"80.239.168.212";"speedtest";1340050714;79766.167050;0.064238;"bafa252c-d1f6-41dd-8f48-e12a439c2fd8";8228;"B5";"Ruaudin";22;6;2012;0;18;"20120618"
"31.34.129.35";"FR";2.236700;48.939400;"AS5410 Bouygues Telecom S.A.";"mlab1-par01";0.032756;943423.929877;"0.004012999";"linux2";"80.239.168.212";"speedtest";1340050770;60575.313241;0.037359;"e2c2fec8-7257-4354-9f0c-3285266a37cd";5410;"A8";"Argenteuil";22;6;2012;0;18;"20120618"
"86.192.87.33";"FR";4.085200;48.300700;"AS3215 Orange S.A.";"mlab1-par01";0.123998;126378.878731;"0.004012999";"win32";"80.239.168.212";"speedtest";1340051169;16455.557135;0.143089;"f28a749d-6d99-4b7e-9bf6-71470652bdef";3215;"A4";"Troyes";22;6;2012;0;18;"20120618"
"88.168.65.84";"FR";7.266100;43.703100;"AS12322 Free SAS";"mlab1-par01";0.034955;1224668.961890;"0.004009999";"linux2";"80.239.168.212";"speedtest";1340051682;105377.501989;0.038393;"771546d1-f829-46d4-8f2b-25988a7406d8";12322;"B8";"Nice";22;6;2012;0;18;"20120618"
"89.85.122.40";"FR";2.356100;48.832200;"AS5410 Bouygues Telecom S.A.";"mlab1-par01";0.210260;772686.983072;"0.004012999";"darwin";"80.239.168.212";"bittorrent";1340051850;6695.624240;-1.000000;"2da800c1-1a94-4ccc-896c-bd22a96ff2e6";5410;"A8";"Paris";22;6;2012;0;18;"20120618"
"88.138.200.84";"FR";0.267600;47.945100;"AS8228 Societe Francaise du Radiotelephone S.A";"mlab1-par01";0.050688;560622.558613;"0.004012999";"win32";"80.239.168.212";"bittorrent";1340052119;50948.756643;-1.000000;"bafa252c-d1f6-41dd-8f48-e12a439c2fd8";8228;"B5";"Ruaudin";22;6;2012;0;18;"20120618"
"82.66.154.18";"FR";5.516700;43.516700;"AS12322 Free SAS";"mlab1-par01";0.035658;299596.485245;"0.004012999";"darwin";"80.239.168.212";"speedtest";1340052303;107309.721110;0.038786;"c9fa46ae-cc27-4475-9dfe-3efe7ff34887";12322;"B8";"Aix-en-provence";22;6;2012;0;18;"20120618"
"109.190.8.119";"FR";2.350000;48.860000;"AS35540 OVH Telecom";"mlab1-par01";0.060757;214652.457840;"0.004012999";"darwin";"80.239.168.212";"bittorrent";1340052680;25711.199674;-1.000000;"7e9ca863-f30c-4d77-a3eb-fa4e81933022";35540;"";"";22;6;2012;0;18;"20120618"
"88.168.65.84";"FR";7.266100;43.703100;"AS12322 Free SAS";"mlab1-par01";0.034842;1346237.122779;"0.004009999";"linux2";"80.239.168.212";"bittorrent";1340053211;108874.981454;-1.000000;"771546d1-f829-46d4-8f2b-25988a7406d8";12322;"B8";"Nice";23;6;2012;0;18;"20120618"
"90.36.149.186";"FR";6.295900;46.350300;"AS3215 Orange S.A.";"mlab1-par01";0.028913;1716821.630440;"0.004012999";"linux2";"80.239.168.212";"speedtest";1340053664;76288.429602;0.032468;"b45f9dca-a436-4ba0-8cd1-b3e3e8b029fa";3215;"B9";"Messery";23;6;2012;0;18;"20120618"
"82.251.89.71";"FR";2.350000;48.860000;"AS12322 Free SAS";"mlab1-par01";0.037355;173271.397354;"0.004012999";"win32";"80.239.168.212";"bittorrent";1340054274;90595.908658;-1.000000;"e95464e9-9e36-42b0-a312-b8ee305f9357";12322;"";"";23;6;2012;0;18;"20120618"
"78.225.128.39";"FR";4.943000;45.631000;"AS12322 Free SAS";"mlab1-par01";0.032419;411626.826964;"0.004012999";"freebsd9";"80.239.168.212";"speedtest";1340054410;36619.380103;0.040276;"8c6a9f5d-2965-4c21-8131-62e9171c6b28";12322;"B9";"Chaponnay";23;6;2012;0;18;"20120618"
"83.141.181.157";"FR";7.686000;48.582300;"AS21502 NUMERICABLE is a cable network operator in France, offering TV,VOICE and Internet services";"mlab1-par01";0.032085;572609.163602;"0.004012999";"linux2";"80.239.168.212";"speedtest";1340054750;122185.139717;0.034221;"1390ea6f-3caa-43e1-bb68-8d9c6465099f";21502;"C1";"Eckbolsheim";23;6;2012;0;18;"20120618"
"31.34.129.35";"FR";2.236700;48.939400;"AS5410 Bouygues Telecom S.A.";"mlab1-par01";0.031833;981057.973179;"0.004012999";"linux2";"80.239.168.212";"bittorrent";1340055180;66294.170576;-1.000000;"e2c2fec8-7257-4354-9f0c-3285266a37cd";5410;"A8";"Argenteuil";23;6;2012;0;18;"20120618"
"95.142.175.137";"FR";2.350000;48.860000;"AS29169 Gandi SAS";"mlab1-par01";0.000777;30581733.039516;"0.004012999";"linux2";"80.239.168.212";"bittorrent";1340055320;671136.961035;-1.000000;"85561482-4e0b-4d8c-9974-2bc332d2a179";29169;"";"";23;6;2012;0;18;"20120618"
"78.224.112.128";"FR";2.487600;48.606000;"AS12322 Free SAS";"mlab1-par01";0.024767;1651594.708516;"0.004011999";"win32";"80.239.168.212";"bittorrent";1340055551;109858.116555;-1.000000;"0e059743-0f93-48fa-9132-a4c66e8522a7";12322;"A8";"Corbeil-essonnes";23;6;2012;0;18;"20120618"
"78.225.128.39";"FR";4.943000;45.631000;"AS12322 Free SAS";"mlab1-par01";0.034654;697013.217743;"0.004012999";"freebsd9";"80.239.168.212";"bittorrent";1340055954;38082.364361;-1.000000;"8c6a9f5d-2965-4c21-8131-62e9171c6b28";12322;"B9";"Chaponnay";23;6;2012;0;18;"20120618"
"83.141.181.157";"FR";7.686000;48.582300;"AS21502 NUMERICABLE is a cable network operator in France, offering TV,VOICE and Internet services";"mlab1-par01";0.032304;2207123.819955;"0.004012999";"linux2";"80.239.168.212";"bittorrent";1340056349;121164.054737;-1.000000;"1390ea6f-3caa-43e1-bb68-8d9c6465099f";21502;"C1";"Eckbolsheim";23;6;2012;0;18;"20120618"
"82.230.48.190";"FR";2.550000;48.683300;"AS12322 Free SAS";"mlab1-par01";0.029280;1144878.084903;"0.004012999";"win32";"80.239.168.212";"bittorrent";1340056768;68852.535288;-1.000000;"65b87c14-956e-45a4-a5ea-66bb1634a955";12322;"A8";"Quincy-sous-sénart";23;6;2012;0;18;"20120618"
"82.249.189.19";"FR";2.350000;48.860000;"AS12322 Free SAS";"mlab1-par01";0.047988;242223.346201;"0.004012999";"win32";"80.239.168.212";"bittorrent";1340056870;106963.747823;-1.000000;"5e5c2c6d-bdcf-4803-972a-b0b153a5bb5b";12322;"";"";0;6;2012;1;19;"20120618"
"89.87.19.107";"FR";4.837300;45.897600;"AS5410 Bouygues Telecom S.A.";"mlab1-par01";0.134425;333692.844527;"0.004012999";"win32";"80.239.168.212";"bittorrent";1340056943;47095.981383;-1.000000;"3ebb79be-0ab8-4492-bc1a-29b2c1d18f63";5410;"B9";"Genay";0;6;2012;1;19;"20120618"
"95.142.175.137";"FR";2.350000;48.860000;"AS29169 Gandi SAS";"mlab1-par01";0.000825;35246320.759600;"0.004012999";"linux2";"80.239.168.212";"speedtest";1340056947;644842.105394;0.002160;"85561482-4e0b-4d8c-9974-2bc332d2a179";29169;"";"";0;6;2012;1;19;"20120618"
"89.85.122.40";"FR";2.356100;48.832200;"AS5410 Bouygues Telecom S.A.";"mlab1-par01";0.085620;1177263.463711;"0.004012999";"darwin";"80.239.168.212";"bittorrent";1340057585;38825.438965;-1.000000;"2da800c1-1a94-4ccc-896c-bd22a96ff2e6";5410;"A8";"Paris";0;6;2012;1;19;"20120618"
"88.138.200.84";"FR";0.267600;47.945100;"AS8228 Societe Francaise du Radiotelephone S.A";"mlab1-par01";0.089986;471666.456277;"0.004012999";"win32";"80.239.168.212";"bittorrent";1340057747;46553.298072;-1.000000;"bafa252c-d1f6-41dd-8f48-e12a439c2fd8";8228;"B5";"Ruaudin";0;6;2012;1;19;"20120618"
"82.66.154.18";"FR";5.516700;43.516700;"AS12322 Free SAS";"mlab1-par01";0.035269;1130777.137810;"0.004012999";"darwin";"80.239.168.212";"bittorrent";1340057774;108242.870633;-1.000000;"c9fa46ae-cc27-4475-9dfe-3efe7ff34887";12322;"B8";"Aix-en-provence";0;6;2012;1;19;"20120618"
"90.36.149.186";"FR";6.295900;46.350300;"AS3215 Orange S.A.";"mlab1-par01";0.028737;1693214.392955;"0.004012999";"linux2";"80.239.168.212";"bittorrent";1340057900;69398.526540;-1.000000;"b45f9dca-a436-4ba0-8cd1-b3e3e8b029fa";3215;"B9";"Messery";0;6;2012;1;19;"20120618"
"82.230.48.190";"FR";2.550000;48.683300;"AS12322 Free SAS";"mlab1-par01";0.034407;1164402.881250;"0.004012999";"win32";"80.239.168.212";"speedtest";1340058511;93062.997530;0.035204;"65b87c14-956e-45a4-a5ea-66bb1634a955";12322;"A8";"Quincy-sous-sénart";0;6;2012;1;19;"20120618"
"87.98.156.205";"FR";2.350000;48.860000;"AS16276 OVH Systems";"mlab1-par01";0.044107;873384.379365;"0.004012999";"linux2";"80.239.168.212";"bittorrent";1340059515;81279.140814;-1.000000;"3e12869b-1e3b-4407-b99f-ae8dd7cc5345";16276;"";"";0;6;2012;1;19;"20120618"
"88.166.7.10";"FR";2.250000;48.833300;"AS12322 Free SAS";"mlab1-par01";0.022488;1599537.638610;"0.004012999";"darwin";"80.239.168.212";"speedtest";1340059570;107632.550155;0.026230;"2620e803-fed0-4700-97da-47b56e60c909";12322;"A8";"Boulogne-billancourt";0;6;2012;1;19;"20120618"
"82.249.189.19";"FR";2.350000;48.860000;"AS12322 Free SAS";"mlab1-par01";0.046608;421820.175898;"0.004012999";"win32";"80.239.168.212";"bittorrent";1340059966;106965.648362;-1.000000;"5e5c2c6d-bdcf-4803-972a-b0b153a5bb5b";12322;"";"";0;6;2012;1;19;"20120618"
"78.224.112.128";"FR";2.487600;48.606000;"AS12322 Free SAS";"mlab1-par01";0.024806;2016842.379570;"0.004011999";"win32";"80.239.168.212";"bittorrent";1340061347;75314.013185;-1.000000;"0e059743-0f93-48fa-9132-a4c66e8522a7";12322;"A8";"Corbeil-essonnes";1;6;2012;1;19;"20120618"
"95.142.175.137";"FR";2.350000;48.860000;"AS29169 Gandi SAS";"mlab1-par01";0.000845;35041125.523959;"0.004012999";"linux2";"80.239.168.212";"bittorrent";1340061830;747928.722705;-1.000000;"85561482-4e0b-4d8c-9974-2bc332d2a179";29169;"";"";1;6;2012;1;19;"20120618"
"89.85.122.40";"FR";2.356100;48.832200;"AS5410 Bouygues Telecom S.A.";"mlab1-par01";0.463426;211681.976708;"0.004012999";"darwin";"80.239.168.212";"speedtest";1340061934;31818.735945;0.353686;"2da800c1-1a94-4ccc-896c-bd22a96ff2e6";5410;"A8";"Paris";1;6;2012;1;19;"20120618"
"88.168.65.84";"FR";7.266100;43.703100;"AS12322 Free SAS";"mlab1-par01";0.035000;1347314.773908;"0.004009999";"linux2";"80.239.168.212";"bittorrent";1340062374;108863.646872;-1.000000;"771546d1-f829-46d4-8f2b-25988a7406d8";12322;"B8";"Nice";1;6;2012;1;19;"20120618"
"31.34.129.35";"FR";2.236700;48.939400;"AS5410 Bouygues Telecom S.A.";"mlab1-par01";0.032963;943371.819212;"0.004012999";"linux2";"80.239.168.212";"speedtest";1340062519;60629.625155;0.037271;"e2c2fec8-7257-4354-9f0c-3285266a37cd";5410;"A8";"Argenteuil";1;6;2012;1;19;"20120618"
"78.224.112.128";"FR";2.487600;48.606000;"AS12322 Free SAS";"mlab1-par01";0.024897;1918475.313640;"0.004011999";"win32";"80.239.168.212";"speedtest";1340062796;109233.386298;0.028074;"0e059743-0f93-48fa-9132-a4c66e8522a7";12322;"A8";"Corbeil-essonnes";1;6;2012;1;19;"20120618"
"82.230.48.190";"FR";2.550000;48.683300;"AS12322 Free SAS";"mlab1-par01";0.033541;1166473.958750;"0.004012999";"win32";"80.239.168.212";"bittorrent";1340062934;87364.281376;-1.000000;"65b87c14-956e-45a4-a5ea-66bb1634a955";12322;"A8";"Quincy-sous-sénart";1;6;2012;1;19;"20120618"
"89.92.65.188";"FR";2.350000;48.860000;"AS5410 Bouygues Telecom S.A.";"mlab1-par01";0.026532;3099909.014290;"0.004012999";"linux2";"80.239.168.212";"speedtest";1340062995;109295.147498;0.026848;"d2d42b59-7420-4851-8bd2-9aa524882d2e";5410;"";"";1;6;2012;1;19;"20120618"
"89.85.122.40";"FR";2.356100;48.832200;"AS5410 Bouygues Telecom S.A.";"mlab1-par01";0.128671;57785.695337;"0.004012999";"darwin";"80.239.168.212";"bittorrent";1340063491;15404.118193;-1.000000;"2da800c1-1a94-4ccc-896c-bd22a96ff2e6";5410;"A8";"Paris";1;6;2012;1;19;"20120618"
"90.36.149.186";"FR";6.295900;46.350300;"AS3215 Orange S.A.";"mlab1-par01";0.028816;1631772.458710;"0.004012999";"linux2";"80.239.168.212";"bittorrent";1340063548;63786.206498;-1.000000;"b45f9dca-a436-4ba0-8cd1-b3e3e8b029fa";3215;"B9";"Messery";1;6;2012;1;19;"20120618"
"82.66.154.18";"FR";5.516700;43.516700;"AS12322 Free SAS";"mlab1-par01";0.034283;1158071.896790;"0.004012999";"darwin";"80.239.168.212";"bittorrent";1340063929;120022.877563;-1.000000;"c9fa46ae-cc27-4475-9dfe-3efe7ff34887";12322;"B8";"Aix-en-provence";1;6;2012;1;19;"20120618"
"83.110.89.48";"AE";54.366700;24.466700;"AS5384 Emirates Telecommunications Corporation";"mlab3-hnd01";0.387862;69574.483359;"0.004010999";"win32";"203.178.130.237";"speedtest";1340063983;464023.770601;0.389742;"a9d479f2-532c-4e69-90a3-ba73b79126a7";5384;"01";"Abu Dhabi";3;6;2012;1;19;"20120618"
"112.137.128.107";"VN";106.000000;16.000000;"AS45542 VietNam National University Ha Noi";"mlab3-hnd01";0.103738;1122008.937684;"0.004010999";"win32";"203.178.130.237";"bittorrent";1340063997;2073033.099088;-1.000000;"f4ddd379-1aa0-41bd-b82b-08a5b67d8601";45542;"";"";6;6;2012;1;19;"20120618"
"78.146.233.72";"GB";-0.093100;51.514200;"AS13285 TalkTalk Communications Limited";"mlab3-lhr01";0.033602;717427.714434;"0.004012999";"win32";"217.163.1.110";"speedtest";1339977866;97621.413838;0.033667;"407ac3cb-a4ae-41d8-9c4c-0971091666da";13285;"H9";"London";1;6;2012;0;18;"20120618"
"212.159.44.194";"GB";-0.130000;51.500000;"AS6871 PlusNet PLC";"mlab3-lhr01";0.047852;663884.029269;"0.004010999";"win32";"217.163.1.110";"speedtest";1339977885;37705.824764;0.046619;"32ca6102-f7ea-47cc-9110-145befadba5a";6871;"";"";1;6;2012;0;18;"20120618"
"94.175.11.250";"GB";-0.093100;51.514200;"AS5089 Virgin Media Limited";"mlab3-lhr01";0.041868;6847258.640631;"0.004012999";"darwin";"217.163.1.110";"bittorrent";1339977919;359190.889772;-1.000000;"31fd9ef2-28eb-4f11-ab98-d75d22e70cd7";5089;"H9";"London";1;6;2012;0;18;"20120618"
"134.151.0.67";"GB";-1.916700;52.466700;"AS786 The JNT Association";"mlab3-lhr01";0.015411;1674468.832630;"0.004011999";"linux2";"217.163.1.110";"speedtest";1339977952;1641007.382030;0.016373;"20cb2125-2367-46ae-8343-0682023aab13";786;"A7";"Birmingham";1;6;2012;0;18;"20120618"
"212.139.246.127";"GB";-0.130000;51.500000;"AS9105 Tiscali UK";"mlab3-lhr01";0.016302;421256.917785;"0.004012999";"darwin";"217.163.1.110";"bittorrent";1339978077;79999.392430;-1.000000;"17522bf2-605a-483d-b0d7-36583414f00c";9105;"";"";1;6;2012;0;18;"20120618"
"92.23.170.255";"GB";-3.050000;53.816700;"AS13285 TalkTalk Communications Limited";"mlab3-lhr01";0.032510;216628.201184;"0.004012999";"darwin";"217.163.1.110";"bittorrent";1339978331;58703.700700;-1.000000;"b7d03dcd-7026-4d92-8600-3f5f13ebd736";13285;"A9";"Blackpool";1;6;2012;0;18;"20120618"
"82.16.158.94";"GB";-0.093100;51.514200;"AS5089 Virgin Media Limited";"mlab3-lhr01";0.021199;5845694.986005;"0.004012999";"win32";"217.163.1.110";"bittorrent";1339978507;373709.495264;-1.000000;"9726bbb2-cde6-4c53-9b05-82c3b868ab5f";5089;"H9";"London";1;6;2012;0;18;"20120618"
"134.151.0.62";"GB";-1.916700;52.466700;"AS786 The JNT Association";"mlab3-lhr01";0.015202;1674383.076270;"0.004011999";"linux2";"217.163.1.110";"speedtest";1339979368;1636968.144620;0.016876;"fd8de4c7-c3b6-4aa3-8e16-e3400ab7a911";786;"A7";"Birmingham";1;6;2012;0;18;"20120618"
"87.194.32.93";"GB";-0.233300;51.500000;"AS35228 Telefonica UK Limited";"mlab3-lhr01";0.014558;1001084.975334;"0.004012999";"linux2";"217.163.1.110";"bittorrent";1339979429;113287.278854;-1.000000;"fa75ae33-87ca-4c4a-8aeb-0a3a19684949";35228;"F1";"Hammersmith";1;6;2012;0;18;"20120618"
"212.139.246.127";"GB";-0.130000;51.500000;"AS9105 Tiscali UK";"mlab3-lhr01";0.016588;468892.885482;"0.004012999";"darwin";"217.163.1.110";"speedtest";1339979475;79884.030521;0.020288;"17522bf2-605a-483d-b0d7-36583414f00c";9105;"";"";1;6;2012;0;18;"20120618"
"77.98.68.89";"GB";-1.939900;52.310500;"AS5089 Virgin Media Limited";"mlab3-lhr01";0.101939;1128679.076190;"0.004012999";"linux2";"217.163.1.110";"speedtest";1339979512;85630.071731;0.022277;"ee5bc8c0-ae84-4f54-b716-63ba15e38795";5089;"Q4";"Redditch";1;6;2012;0;18;"20120618"
"194.164.232.154";"GB";-0.130000;51.500000;"AS8897 KCOM Group PLC";"mlab3-lhr01";0.035950;232715.538890;"0.004011999";"win32";"217.163.1.110";"speedtest";1339980024;58313.671624;0.041462;"d71ed525-d91d-4946-ab33-3e2483201805";8897;"";"";1;6;2012;0;18;"20120618"
"84.233.227.240";"GB";-0.093100;51.514200;"AS8928 Interoute Communications Limited";"mlab3-lhr01";0.019579;40874.766511;"0.004012999";"darwin";"217.163.1.110";"speedtest";1339980101;31405.171895;0.023147;"15eb85bd-e3cb-4d25-862c-2c4eba8ab47b";8928;"H9";"London";1;6;2012;0;18;"20120618"
"82.31.117.136";"GB";0.157500;51.474400;"AS5089 Virgin Media Limited";"mlab3-lhr01";0.019930;2398422.841104;"0.004012999";"linux2";"217.163.1.110";"bittorrent";1339980685;1214551.081966;-1.000000;"4734c249-c01f-4aa9-a857-643af3bbcee2";5089;"A6";"Erith";1;6;2012;0;18;"20120618"
"212.139.246.127";"GB";-0.130000;51.500000;"AS9105 Tiscali UK";"mlab3-lhr01";0.022025;473394.820593;"0.004012999";"darwin";"217.163.1.110";"bittorrent";1339980877;79577.479107;-1.000000;"17522bf2-605a-483d-b0d7-36583414f00c";9105;"";"";1;6;2012;0;18;"20120618"
"94.175.11.250";"GB";-0.093100;51.514200;"AS5089 Virgin Media Limited";"mlab3-lhr01";0.028260;2217219.107183;"0.004012999";"darwin";"217.163.1.110";"bittorrent";1339980925;149954.003384;-1.000000;"31fd9ef2-28eb-4f11-ab98-d75d22e70cd7";5089;"H9";"London";1;6;2012;0;18;"20120618"
"134.151.33.84";"GB";-1.916700;52.466700;"AS786 The JNT Association";"mlab3-lhr01";0.015355;2017678.792640;"0.004011999";"linux2";"217.163.1.110";"speedtest";1339981113;10213735.056700;0.015999;"34987743-340f-404c-bbab-25f3ba5726fb";786;"A7";"Birmingham";1;6;2012;0;18;"20120618"
"62.173.117.2";"GB";-4.557800;51.986400;"AS6656 Star Technology Services Limited";"mlab3-lhr01";0.007315;5910898.597446;"0.004010999";"linux2";"217.163.1.110";"bittorrent";1339981518;5918158.229090;-1.000000;"f05e11ce-f17a-4492-af90-1a5c53e38d5d";6656;"Y7";"Star";2;6;2012;0;18;"20120618"
"194.164.232.154";"GB";-0.130000;51.500000;"AS8897 KCOM Group PLC";"mlab3-lhr01";0.037903;243062.109839;"0.004011999";"win32";"217.163.1.110";"bittorrent";1339981638;86490.282188;-1.000000;"d71ed525-d91d-4946-ab33-3e2483201805";8897;"";"";2;6;2012;0;18;"20120618"
"82.31.117.136";"GB";0.157500;51.474400;"AS5089 Virgin Media Limited";"mlab3-lhr01";0.011528;3178611.172100;"0.004012999";"linux2";"217.163.1.110";"speedtest";1339982272;1202688.551530;0.019404;"4734c249-c01f-4aa9-a857-643af3bbcee2";5089;"A6";"Erith";2;6;2012;0;18;"20120618"
"109.153.120.105";"GB";-0.093100;51.514200;"AS2856 BTnet UK Regional network";"mlab3-lhr01";0.023903;1069665.881443;"0.004012999";"darwin";"217.163.1.110";"bittorrent";1339982892;122846.916193;-1.000000;"591848d7-684a-46db-a17c-1bb1ef97f6c4";2856;"H9";"London";2;6;2012;0;18;"20120618"
"62.173.117.2";"GB";-4.557800;51.986400;"AS6656 Star Technology Services Limited";"mlab3-lhr01";0.007193;5853152.040160;"0.004010999";"linux2";"217.163.1.110";"speedtest";1339983013;5532616.858990;0.008256;"f05e11ce-f17a-4492-af90-1a5c53e38d5d";6656;"Y7";"Star";2;6;2012;0;18;"20120618"
"194.164.232.154";"GB";-0.130000;51.500000;"AS8897 KCOM Group PLC";"mlab3-lhr01";0.037332;235455.723795;"0.004011999";"win32";"217.163.1.110";"speedtest";1339983249;60817.978909;0.040846;"d71ed525-d91d-4946-ab33-3e2483201805";8897;"";"";2;6;2012;0;18;"20120618"
"92.24.88.222";"GB";-0.093100;51.514200;"AS13285 TalkTalk Communications Limited";"mlab3-lhr01";0.029985;688160.107615;"0.004012999";"win32";"217.163.1.110";"speedtest";1339983620;91953.406614;0.034688;"407ac3cb-a4ae-41d8-9c4c-0971091666da";13285;"H9";"London";2;6;2012;0;18;"20120618"
"212.139.246.127";"GB";-0.130000;51.500000;"AS9105 Tiscali UK";"mlab3-lhr01";0.016069;474463.843548;"0.004012999";"darwin";"217.163.1.110";"bittorrent";1339983676;80348.194183;-1.000000;"17522bf2-605a-483d-b0d7-36583414f00c";9105;"";"";2;6;2012;0;18;"20120618"
"82.31.117.136";"GB";0.157500;51.474400;"AS5089 Virgin Media Limited";"mlab3-lhr01";0.011569;3730771.195450;"0.004012999";"linux2";"217.163.1.110";"bittorrent";1339983925;1212231.424096;-1.000000;"4734c249-c01f-4aa9-a857-643af3bbcee2";5089;"A6";"Erith";2;6;2012;0;18;"20120618"
"109.153.120.105";"GB";-0.093100;51.514200;"AS2856 BTnet UK Regional network";"mlab3-lhr01";0.023781;1078471.366610;"0.004012999";"darwin";"217.163.1.110";"speedtest";1339984508;122429.365967;0.028003;"591848d7-684a-46db-a17c-1bb1ef97f6c4";2856;"H9";"London";2;6;2012;0;18;"20120618"
"134.151.33.84";"GB";-1.916700;52.466700;"AS786 The JNT Association";"mlab3-lhr01";0.015162;2522127.798420;"0.004011999";"linux2";"217.163.1.110";"speedtest";1339984386;8848684.094390;0.016048;"34987743-340f-404c-bbab-25f3ba5726fb";786;"A7";"Birmingham";2;6;2012;0;18;"20120618"
"212.139.246.127";"GB";-0.130000;51.500000;"AS9105 Tiscali UK";"mlab3-lhr01";0.016713;468692.236402;"0.004012999";"darwin";"217.163.1.110";"speedtest";1339985074;79768.335832;0.020260;"17522bf2-605a-483d-b0d7-36583414f00c";9105;"";"";3;6;2012;0;18;"20120618"
"82.16.158.94";"GB";-0.093100;51.514200;"AS5089 Virgin Media Limited";"mlab3-lhr01";0.011232;5889687.684160;"0.004012999";"win32";"217.163.1.110";"speedtest";1339985498;524300.800385;0.024340;"9726bbb2-cde6-4c53-9b05-82c3b868ab5f";5089;"H9";"London";3;6;2012;0;18;"20120618"
"84.233.227.240";"GB";-0.093100;51.514200;"AS8928 Interoute Communications Limited";"mlab3-lhr01";0.020268;48915.289121;"0.004012999";"darwin";"217.163.1.110";"speedtest";1339986131;28454.507561;0.026535;"15eb85bd-e3cb-4d25-862c-2c4eba8ab47b";8928;"H9";"London";3;6;2012;0;18;"20120618"
"134.151.33.84";"GB";-1.916700;52.466700;"AS786 The JNT Association";"mlab3-lhr01";0.015075;3179824.081006;"0.004011999";"linux2";"217.163.1.110";"bittorrent";1339986207;7791643.185339;-1.000000;"34987743-340f-404c-bbab-25f3ba5726fb";786;"A7";"Birmingham";3;6;2012;0;18;"20120618"
"92.24.88.222";"GB";-0.093100;51.514200;"AS13285 TalkTalk Communications Limited";"mlab3-lhr01";0.030750;277209.358578;"0.004012999";"win32";"217.163.1.110";"speedtest";1339986487;89501.331510;0.034677;"407ac3cb-a4ae-41d8-9c4c-0971091666da";13285;"H9";"London";3;6;2012;0;18;"20120618"
"194.164.232.154";"GB";-0.130000;51.500000;"AS8897 KCOM Group PLC";"mlab3-lhr01";3.114100;231550.127738;"0.004011999";"win32";"217.163.1.110";"speedtest";1339986474;85824.990585;0.040600;"d71ed525-d91d-4946-ab33-3e2483201805";8897;"";"";3;6;2012;0;18;"20120618"
"82.16.158.94";"GB";-0.093100;51.514200;"AS5089 Virgin Media Limited";"mlab3-lhr01";0.015525;6011568.106605;"0.004012999";"win32";"217.163.1.110";"bittorrent";1339986898;468642.930603;-1.000000;"9726bbb2-cde6-4c53-9b05-82c3b868ab5f";5089;"H9";"London";3;6;2012;0;18;"20120618"
"87.194.32.93";"GB";-0.233300;51.500000;"AS35228 Telefonica UK Limited";"mlab3-lhr01";0.014747;955893.832630;"0.004012999";"linux2";"217.163.1.110";"speedtest";1339987087;107764.010727;0.018995;"fa75ae33-87ca-4c4a-8aeb-0a3a19684949";35228;"F1";"Hammersmith";3;6;2012;0;18;"20120618"
"109.153.120.105";"GB";-0.093100;51.514200;"AS2856 BTnet UK Regional network";"mlab3-lhr01";0.023869;1078180.512870;"0.004012999";"darwin";"217.163.1.110";"speedtest";1339987743;122435.769468;0.028812;"591848d7-684a-46db-a17c-1bb1ef97f6c4";2856;"H9";"London";3;6;2012;0;18;"20120618"
"134.151.33.84";"GB";-1.916700;52.466700;"AS786 The JNT Association";"mlab3-lhr01";0.015047;2425006.034570;"0.004011999";"linux2";"217.163.1.110";"speedtest";1339987648;7041615.674520;0.016124;"34987743-340f-404c-bbab-25f3ba5726fb";786;"A7";"Birmingham";3;6;2012;0;18;"20120618"
"87.194.32.93";"GB";-0.233300;51.500000;"AS35228 Telefonica UK Limited";"mlab3-lhr01";0.014348;908009.650879;"0.004012999";"linux2";"217.163.1.110";"bittorrent";1339988622;85380.491508;-1.000000;"fa75ae33-87ca-4c4a-8aeb-0a3a19684949";35228;"F1";"Hammersmith";4;6;2012;0;18;"20120618"
"134.151.0.67";"GB";-1.916700;52.466700;"AS786 The JNT Association";"mlab3-lhr01";0.015010;1650313.054310;"0.004011999";"linux2";"217.163.1.110";"speedtest";1339988936;1601605.074520;0.016338;"20cb2125-2367-46ae-8343-0682023aab13";786;"A7";"Birmingham";4;6;2012;0;18;"20120618"
"84.233.227.240";"GB";-0.093100;51.514200;"AS8928 Interoute Communications Limited";"mlab3-lhr01";0.025407;72599.364716;"0.004012999";"darwin";"217.163.1.110";"speedtest";1339989152;31166.007931;0.022958;"15eb85bd-e3cb-4d25-862c-2c4eba8ab47b";8928;"H9";"London";4;6;2012;0;18;"20120618"
"212.139.246.127";"GB";-0.130000;51.500000;"AS9105 Tiscali UK";"mlab3-lhr01";0.017520;474577.712575;"0.004012999";"darwin";"217.163.1.110";"bittorrent";1339989275;80354.186587;-1.000000;"17522bf2-605a-483d-b0d7-36583414f00c";9105;"";"";4;6;2012;0;18;"20120618"
"194.164.232.154";"GB";-0.130000;51.500000;"AS8897 KCOM Group PLC";"mlab3-lhr01";0.034669;236732.380573;"0.004011999";"win32";"217.163.1.110";"speedtest";1339989696;88681.951425;0.037807;"d71ed525-d91d-4946-ab33-3e2483201805";8897;"";"";4;6;2012;0;18;"20120618"
"82.31.117.136";"GB";0.157500;51.474400;"AS5089 Virgin Media Limited";"mlab3-lhr01";0.011020;3490787.927527;"0.004012999";"linux2";"217.163.1.110";"bittorrent";1339990405;1197392.846867;-1.000000;"4734c249-c01f-4aa9-a857-643af3bbcee2";5089;"A6";"Erith";4;6;2012;0;18;"20120618"
"212.139.246.127";"GB";-0.130000;51.500000;"AS9105 Tiscali UK";"mlab3-lhr01";0.017789;468886.382297;"0.004012999";"darwin";"217.163.1.110";"speedtest";1339990673;79770.272270;0.020294;"17522bf2-605a-483d-b0d7-36583414f00c";9105;"";"";4;6;2012;0;18;"20120618"
"77.98.68.89";"GB";-1.939900;52.310500;"AS5089 Virgin Media Limited";"mlab3-lhr01";0.073309;1030697.086150;"0.004012999";"linux2";"217.163.1.110";"speedtest";1339991906;85102.473393;0.047552;"ee5bc8c0-ae84-4f54-b716-63ba15e38795";5089;"Q4";"Redditch";4;6;2012;0;18;"20120618"
"62.173.117.2";"GB";-4.557800;51.986400;"AS6656 Star Technology Services Limited";"mlab3-lhr01";0.007150;5871262.951040;"0.004010999";"linux2";"217.163.1.110";"speedtest";1339992021;5486905.561200;0.008243;"f05e11ce-f17a-4492-af90-1a5c53e38d5d";6656;"Y7";"Star";5;6;2012;0;18;"20120618"
"84.233.227.240";"GB";-0.093100;51.514200;"AS8928 Interoute Communications Limited";"mlab3-lhr01";0.026490;38197.325395;"0.004012999";"darwin";"217.163.1.110";"speedtest";1339992164;31291.389485;0.023408;"15eb85bd-e3cb-4d25-862c-2c4eba8ab47b";8928;"H9";"London";5;6;2012;0;18;"20120618"
"92.24.88.222";"GB";-0.093100;51.514200;"AS13285 TalkTalk Communications Limited";"mlab3-lhr01";0.044923;107050.794045;"0.004012999";"win32";"217.163.1.110";"speedtest";1339992229;88619.458129;0.034633;"407ac3cb-a4ae-41d8-9c4c-0971091666da";13285;"H9";"London";5;6;2012;0;18;"20120618"
"134.151.0.62";"GB";-1.916700;52.466700;"AS786 The JNT Association";"mlab3-lhr01";0.015226;15125.783584;"0.004011999";"linux2";"217.163.1.110";"bittorrent";1339992259;15077.438565;-1.000000;"fd8de4c7-c3b6-4aa3-8e16-e3400ab7a911";786;"A7";"Birmingham";5;6;2012;0;18;"20120618"
"134.151.0.67";"GB";-1.916700;52.466700;"AS786 The JNT Association";"mlab3-lhr01";0.014874;1662592.220640;"0.004011999";"linux2";"217.163.1.110";"speedtest";1339992587;1593663.791830;0.016868;"20cb2125-2367-46ae-8343-0682023aab13";786;"A7";"Birmingham";5;6;2012;0;18;"20120618"
"109.153.120.105";"GB";-0.093100;51.514200;"AS2856 BTnet UK Regional network";"mlab3-lhr01";0.186014;1065163.651723;"0.004012999";"darwin";"217.163.1.110";"bittorrent";1339992599;122980.143322;-1.000000;"591848d7-684a-46db-a17c-1bb1ef97f6c4";2856;"H9";"London";5;6;2012;0;18;"20120618"
"77.98.68.89";"GB";-1.939900;52.310500;"AS5089 Virgin Media Limited";"mlab3-lhr01";0.019823;1155909.738812;"0.004012999";"linux2";"217.163.1.110";"bittorrent";1339993450;101456.226081;-1.000000;"ee5bc8c0-ae84-4f54-b716-63ba15e38795";5089;"Q4";"Redditch";5;6;2012;0;18;"20120618"
"212.139.246.127";"GB";-0.130000;51.500000;"AS9105 Tiscali UK";"mlab3-lhr01";0.016651;468895.969525;"0.004012999";"darwin";"217.163.1.110";"speedtest";1339993472;79787.589042;0.020323;"17522bf2-605a-483d-b0d7-36583414f00c";9105;"";"";5;6;2012;0;18;"20120618"
"82.31.117.136";"GB";0.157500;51.474400;"AS5089 Virgin Media Limited";"mlab3-lhr01";0.011564;5263328.012469;"0.004012999";"linux2";"217.163.1.110";"bittorrent";1339993642;1215187.477429;-1.000000;"4734c249-c01f-4aa9-a857-643af3bbcee2";5089;"A6";"Erith";5;6;2012;0;18;"20120618"
"194.164.232.154";"GB";-0.130000;51.500000;"AS8897 KCOM Group PLC";"mlab3-lhr01";0.034755;242349.973276;"0.004011999";"win32";"217.163.1.110";"bittorrent";1339994533;88917.170383;-1.000000;"d71ed525-d91d-4946-ab33-3e2483201805";8897;"";"";5;6;2012;0;18;"20120618"
"62.173.117.2";"GB";-4.557800;51.986400;"AS6656 Star Technology Services Limited";"mlab3-lhr01";0.007322;5847746.635580;"0.004010999";"linux2";"217.163.1.110";"speedtest";1339995023;5489044.199650;0.008321;"f05e11ce-f17a-4492-af90-1a5c53e38d5d";6656;"Y7";"Star";5;6;2012;0;18;"20120618"
"92.24.88.222";"GB";-0.093100;51.514200;"AS13285 TalkTalk Communications Limited";"mlab3-lhr01";0.033198;720133.084050;"0.004012999";"win32";"217.163.1.110";"speedtest";1339995096;85535.749419;0.028040;"407ac3cb-a4ae-41d8-9c4c-0971091666da";13285;"H9";"London";5;6;2012;0;18;"20120618"
"81.106.144.233";"GB";-0.183300;50.833300;"AS5089 Virgin Media Limited";"mlab3-lhr01";0.019888;1186369.748760;"0.004012999";"darwin";"217.163.1.110";"speedtest";1339995114;126769.516071;0.023122;"1fb825b9-bc1f-4f83-85de-6307dd06a1a1";5089;"B6";"Hove";5;6;2012;0;18;"20120618"
"87.194.32.93";"GB";-0.233300;51.500000;"AS35228 Telefonica UK Limited";"mlab3-lhr01";0.014728;899897.347357;"0.004012999";"linux2";"217.163.1.110";"speedtest";1339996278;107968.210639;0.019109;"fa75ae33-87ca-4c4a-8aeb-0a3a19684949";35228;"F1";"Hammersmith";6;6;2012;0;18;"20120618"
"92.24.88.222";"GB";-0.093100;51.514200;"AS13285 TalkTalk Communications Limited";"mlab3-lhr01";0.030179;501734.707120;"0.004012999";"win32";"217.163.1.110";"bittorrent";1339996505;98307.450126;-1.000000;"407ac3cb-a4ae-41d8-9c4c-0971091666da";13285;"H9";"London";6;6;2012;0;18;"20120618"
"82.16.158.94";"GB";-0.093100;51.514200;"AS5089 Virgin Media Limited";"mlab3-lhr01";0.019280;5771624.025360;"0.004012999";"win32";"217.163.1.110";"speedtest";1339996683;562190.441661;0.021239;"9726bbb2-cde6-4c53-9b05-82c3b868ab5f";5089;"H9";"London";6;6;2012;0;18;"20120618"
"82.31.117.136";"GB";0.157500;51.474400;"AS5089 Virgin Media Limited";"mlab3-lhr01";0.011020;3558641.699756;"0.004012999";"linux2";"217.163.1.110";"bittorrent";1339996884;1212751.191971;-1.000000;"4734c249-c01f-4aa9-a857-643af3bbcee2";5089;"A6";"Erith";6;6;2012;0;18;"20120618"
"84.233.227.240";"GB";-0.093100;51.514200;"AS8928 Interoute Communications Limited";"mlab3-lhr01";0.019704;23407.376843;"0.004012999";"darwin";"217.163.1.110";"bittorrent";1339996945;30607.252525;-1.000000;"15eb85bd-e3cb-4d25-862c-2c4eba8ab47b";8928;"H9";"London";6;6;2012;0;18;"20120618"
"109.153.120.105";"GB";-0.093100;51.514200;"AS2856 BTnet UK Regional network";"mlab3-lhr01";0.023914;1071118.800290;"0.004012999";"darwin";"217.163.1.110";"speedtest";1339997448;122187.536586;0.028330;"591848d7-684a-46db-a17c-1bb1ef97f6c4";2856;"H9";"London";6;6;2012;0;18;"20120618"
"87.194.32.93";"GB";-0.233300;51.500000;"AS35228 Telefonica UK Limited";"mlab3-lhr01";0.014986;933229.728047;"0.004012999";"linux2";"217.163.1.110";"bittorrent";1339997811;116397.876588;-1.000000;"fa75ae33-87ca-4c4a-8aeb-0a3a19684949";35228;"F1";"Hammersmith";6;6;2012;0;18;"20120618"
"62.173.117.2";"GB";-4.557800;51.986400;"AS6656 Star Technology Services Limited";"mlab3-lhr01";0.007174;5851058.532520;"0.004010999";"linux2";"217.163.1.110";"speedtest";1339998025;5492595.463820;0.008307;"f05e11ce-f17a-4492-af90-1a5c53e38d5d";6656;"Y7";"Star";6;6;2012;0;18;"20120618"
"84.233.227.240";"GB";-0.093100;51.514200;"AS8928 Interoute Communications Limited";"mlab3-lhr01";0.020826;44329.647833;"0.004012999";"darwin";"217.163.1.110";"speedtest";1339998428;31315.212295;0.024660;"15eb85bd-e3cb-4d25-862c-2c4eba8ab47b";8928;"H9";"London";6;6;2012;0;18;"20120618"
"82.31.117.136";"GB";0.157500;51.474400;"AS5089 Virgin Media Limited";"mlab3-lhr01";0.030802;3231186.748620;"0.004012999";"linux2";"217.163.1.110";"speedtest";1339998470;1204000.622280;0.019385;"4734c249-c01f-4aa9-a857-643af3bbcee2";5089;"A6";"Erith";6;6;2012;0;18;"20120618"
"109.153.120.105";"GB";-0.093100;51.514200;"AS2856 BTnet UK Regional network";"mlab3-lhr01";0.025393;1109527.501513;"0.004012999";"darwin";"217.163.1.110";"bittorrent";1339999068;122306.474451;-1.000000;"591848d7-684a-46db-a17c-1bb1ef97f6c4";2856;"H9";"London";6;6;2012;0;18;"20120618"
"212.139.246.127";"GB";-0.130000;51.500000;"AS9105 Tiscali UK";"mlab3-lhr01";0.016054;468929.073652;"0.004012999";"darwin";"217.163.1.110";"speedtest";1339999072;80020.433029;0.020818;"17522bf2-605a-483d-b0d7-36583414f00c";9105;"";"";6;6;2012;0;18;"20120618"
"134.151.33.84";"GB";-1.916700;52.466700;"AS786 The JNT Association";"mlab3-lhr01";0.014973;4328230.303391;"0.004011999";"linux2";"217.163.1.110";"bittorrent";1339999256;6662842.042097;-1.000000;"34987743-340f-404c-bbab-25f3ba5726fb";786;"A7";"Birmingham";7;6;2012;0;18;"20120618"
"82.16.158.94";"GB";-0.093100;51.514200;"AS5089 Virgin Media Limited";"mlab3-lhr01";0.013520;5863705.102690;"0.004012999";"win32";"217.163.1.110";"speedtest";1339999480;584422.568617;0.030742;"9726bbb2-cde6-4c53-9b05-82c3b868ab5f";5089;"H9";"London";7;6;2012;0;18;"20120618"
"134.151.0.62";"GB";-1.916700;52.466700;"AS786 The JNT Association";"mlab3-lhr01";0.015079;15107.448795;"0.004011999";"linux2";"217.163.1.110";"bittorrent";1339999586;15165.594197;-1.000000;"fd8de4c7-c3b6-4aa3-8e16-e3400ab7a911";786;"A7";"Birmingham";7;6;2012;0;18;"20120618"
"109.153.120.105";"GB";-0.093100;51.514200;"AS2856 BTnet UK Regional network";"mlab3-lhr01";0.028823;842312.635786;"0.004012999";"darwin";"217.163.1.110";"speedtest";1340000685;122120.918775;0.029073;"591848d7-684a-46db-a17c-1bb1ef97f6c4";2856;"H9";"London";7;6;2012;0;18;"20120618"
"82.16.158.94";"GB";-0.093100;51.514200;"AS5089 Virgin Media Limited";"mlab3-lhr01";0.015046;6017483.466040;"0.004012999";"win32";"217.163.1.110";"bittorrent";1340000879;565168.781158;-1.000000;"9726bbb2-cde6-4c53-9b05-82c3b868ab5f";5089;"H9";"London";7;6;2012;0;18;"20120618"
"77.98.68.89";"GB";-1.939900;52.310500;"AS5089 Virgin Media Limited";"mlab3-lhr01";0.021163;1130200.331120;"0.004012999";"linux2";"217.163.1.110";"speedtest";1340001196;89865.254434;0.030717;"ee5bc8c0-ae84-4f54-b716-63ba15e38795";5089;"Q4";"Redditch";7;6;2012;0;18;"20120618"
"84.233.227.240";"GB";-0.093100;51.514200;"AS8928 Interoute Communications Limited";"mlab3-lhr01";0.054829;47407.032176;"0.004012999";"darwin";"217.163.1.110";"speedtest";1340001401;31233.367657;0.038066;"15eb85bd-e3cb-4d25-862c-2c4eba8ab47b";8928;"H9";"London";7;6;2012;0;18;"20120618"
"134.151.0.67";"GB";-1.916700;52.466700;"AS786 The JNT Association";"mlab3-lhr01";0.014935;15145.516805;"0.004011999";"linux2";"217.163.1.110";"bittorrent";1340001773;15143.714168;-1.000000;"20cb2125-2367-46ae-8343-0682023aab13";786;"A7";"Birmingham";7;6;2012;0;18;"20120618"
"134.151.33.84";"GB";-1.916700;52.466700;"AS786 The JNT Association";"mlab3-lhr01";0.015105;3666490.315014;"0.004011999";"linux2";"217.163.1.110";"bittorrent";1340002506;7906598.119687;-1.000000;"34987743-340f-404c-bbab-25f3ba5726fb";786;"A7";"Birmingham";7;6;2012;0;18;"20120618"
"82.31.117.136";"GB";0.157500;51.474400;"AS5089 Virgin Media Limited";"mlab3-lhr01";0.039607;1435708.841832;"0.004012999";"linux2";"217.163.1.110";"bittorrent";1340003372;1199319.317186;-1.000000;"4734c249-c01f-4aa9-a857-643af3bbcee2";5089;"A6";"Erith";8;6;2012;0;18;"20120618"
"134.151.0.67";"GB";-1.916700;52.466700;"AS786 The JNT Association";"mlab3-lhr01";0.014943;1583174.673210;"0.004011999";"linux2";"217.163.1.110";"speedtest";1340003584;1631340.182780;0.016240;"20cb2125-2367-46ae-8343-0682023aab13";786;"A7";"Birmingham";8;6;2012;0;18;"20120618"
"82.16.158.94";"GB";-0.093100;51.514200;"AS5089 Virgin Media Limited";"mlab3-lhr01";0.017460;5494388.178684;"0.004012999";"win32";"217.163.1.110";"bittorrent";1340003677;537746.451714;-1.000000;"9726bbb2-cde6-4c53-9b05-82c3b868ab5f";5089;"H9";"London";8;6;2012;0;18;"20120618"
"62.173.117.2";"GB";-4.557800;51.986400;"AS6656 Star Technology Services Limited";"mlab3-lhr01";0.007323;5849293.934070;"0.004010999";"linux2";"217.163.1.110";"speedtest";1340004030;5507118.463810;0.008328;"f05e11ce-f17a-4492-af90-1a5c53e38d5d";6656;"Y7";"Star";8;6;2012;0;18;"20120618"
"2.102.246.122";"GB";-0.130000;51.500000;"AS13285 TalkTalk Communications Limited";"mlab3-lhr01";0.035878;1185688.908210;"0.004012999";"darwin";"217.163.1.110";"speedtest";1340004994;79647.585930;0.038981;"030aa0df-ee3f-4a0a-9067-2a0a6890ef21";13285;"";"";8;6;2012;0;18;"20120618"
"82.16.158.94";"GB";-0.093100;51.514200;"AS5089 Virgin Media Limited";"mlab3-lhr01";0.011848;5562969.669240;"0.004012999";"win32";"217.163.1.110";"speedtest";1340005075;511072.592729;0.018089;"9726bbb2-cde6-4c53-9b05-82c3b868ab5f";5089;"H9";"London";8;6;2012;0;18;"20120618"
"134.151.0.62";"GB";-1.916700;52.466700;"AS786 The JNT Association";"mlab3-lhr01";0.015248;1672472.828830;"0.004011999";"linux2";"217.163.1.110";"speedtest";1340005076;1636030.096880;0.016938;"fd8de4c7-c3b6-4aa3-8e16-e3400ab7a911";786;"A7";"Birmingham";8;6;2012;0;18;"20120618"
"217.42.142.130";"GB";-0.700000;52.300000;"AS2856 BTnet UK Regional network";"mlab3-lhr01";0.021964;860940.264089;"0.004010999";"win32";"217.163.1.110";"speedtest";1340005166;47322.403876;0.027584;"ce72110c-12d3-473e-b32a-d3b0309312b8";2856;"J1";"Wellingborough";8;6;2012;0;18;"20120618"
"62.173.117.2";"GB";-4.557800;51.986400;"AS6656 Star Technology Services Limited";"mlab3-lhr01";0.007207;5912080.206657;"0.004010999";"linux2";"217.163.1.110";"bittorrent";1340005537;5898083.099831;-1.000000;"f05e11ce-f17a-4492-af90-1a5c53e38d5d";6656;"Y7";"Star";8;6;2012;0;18;"20120618"
"82.45.214.67";"GB";-0.093100;51.514200;"AS5089 Virgin Media Limited";"mlab3-lhr01";0.017676;3368324.928110;"0.004012999";"darwin";"217.163.1.110";"speedtest";1340005956;482153.556927;0.019291;"21525883-9d15-4b10-89d0-4184ed22aac4";5089;"H9";"London";8;6;2012;0;18;"20120618"
"84.233.227.240";"GB";-0.093100;51.514200;"AS8928 Interoute Communications Limited";"mlab3-lhr01";0.023498;12557.286806;"0.004012999";"darwin";"217.163.1.110";"bittorrent";1340005982;25355.108271;-1.000000;"15eb85bd-e3cb-4d25-862c-2c4eba8ab47b";8928;"H9";"London";8;6;2012;0;18;"20120618"
"212.139.246.127";"GB";-0.130000;51.500000;"AS9105 Tiscali UK";"mlab3-lhr01";0.016431;474648.335080;"0.004012999";"darwin";"217.163.1.110";"bittorrent";1340006073;79627.445501;-1.000000;"17522bf2-605a-483d-b0d7-36583414f00c";9105;"";"";8;6;2012;0;18;"20120618"
"217.42.142.130";"GB";-0.700000;52.300000;"AS2856 BTnet UK Regional network";"mlab3-lhr01";0.022000;867124.393411;"0.004010999";"win32";"217.163.1.110";"bittorrent";1340006693;47719.671342;-1.000000;"ce72110c-12d3-473e-b32a-d3b0309312b8";2856;"J1";"Wellingborough";9;6;2012;0;18;"20120618"
"109.153.120.105";"GB";-0.093100;51.514200;"AS2856 BTnet UK Regional network";"mlab3-lhr01";0.024276;926572.690612;"0.004012999";"darwin";"217.163.1.110";"speedtest";1340007156;104722.227969;0.051488;"591848d7-684a-46db-a17c-1bb1ef97f6c4";2856;"H9";"London";9;6;2012;0;18;"20120618"
"81.106.144.233";"GB";-0.183300;50.833300;"AS5089 Virgin Media Limited";"mlab3-lhr01";0.019712;1148029.571590;"0.004012999";"darwin";"217.163.1.110";"speedtest";1340007237;121448.743917;0.028456;"1fb825b9-bc1f-4f83-85de-6307dd06a1a1";5089;"B6";"Hove";9;6;2012;0;18;"20120618"
"134.151.0.67";"GB";-1.916700;52.466700;"AS786 The JNT Association";"mlab3-lhr01";0.015622;1670752.581000;"0.004011999";"linux2";"217.163.1.110";"speedtest";1340007244;1332296.152110;0.016902;"20cb2125-2367-46ae-8343-0682023aab13";786;"A7";"Birmingham";9;6;2012;0;18;"20120618"
"77.98.68.89";"GB";-1.939900;52.310500;"AS5089 Virgin Media Limited";"mlab3-lhr01";0.018887;1176322.138250;"0.004012999";"linux2";"217.163.1.110";"speedtest";1340007393;91237.711686;0.020593;"ee5bc8c0-ae84-4f54-b716-63ba15e38795";5089;"Q4";"Redditch";9;6;2012;0;18;"20120618"
"84.233.227.240";"GB";-0.093100;51.514200;"AS8928 Interoute Communications Limited";"mlab3-lhr01";0.019257;26501.489186;"0.004012999";"darwin";"217.163.1.110";"speedtest";1340007470;31368.429663;0.022551;"15eb85bd-e3cb-4d25-862c-2c4eba8ab47b";8928;"H9";"London";9;6;2012;0;18;"20120618"
"212.139.246.127";"GB";-0.130000;51.500000;"AS9105 Tiscali UK";"mlab3-lhr01";0.016772;468834.800087;"0.004012999";"darwin";"217.163.1.110";"speedtest";1340007471;79856.022215;0.020211;"17522bf2-605a-483d-b0d7-36583414f00c";9105;"";"";9;6;2012;0;18;"20120618"
"212.139.246.127";"GB";-0.130000;51.500000;"AS9105 Tiscali UK";"mlab3-lhr01";0.021147;474642.874181;"0.004012999";"darwin";"217.163.1.110";"bittorrent";1340008873;80056.545386;-1.000000;"17522bf2-605a-483d-b0d7-36583414f00c";9105;"";"";9;6;2012;0;18;"20120618"
"87.194.32.93";"GB";-0.233300;51.500000;"AS35228 Telefonica UK Limited";"mlab3-lhr01";0.014543;940084.881718;"0.004012999";"linux2";"217.163.1.110";"bittorrent";1340010093;108786.088955;-1.000000;"fa75ae33-87ca-4c4a-8aeb-0a3a19684949";35228;"F1";"Hammersmith";10;6;2012;0;18;"20120618"
"81.106.144.233";"GB";-0.183300;50.833300;"AS5089 Virgin Media Limited";"mlab3-lhr01";0.016674;1134168.261450;"0.004012999";"darwin";"217.163.1.110";"speedtest";1340010266;107182.293768;0.065709;"1fb825b9-bc1f-4f83-85de-6307dd06a1a1";5089;"B6";"Hove";10;6;2012;0;18;"20120618"
"212.139.246.127";"GB";-0.130000;51.500000;"AS9105 Tiscali UK";"mlab3-lhr01";0.016581;462636.013524;"0.004012999";"darwin";"217.163.1.110";"speedtest";1340010270;79888.737886;0.020615;"17522bf2-605a-483d-b0d7-36583414f00c";9105;"";"";10;6;2012;0;18;"20120618"
"134.151.0.67";"GB";-1.916700;52.466700;"AS786 The JNT Association";"mlab3-lhr01";0.014846;1319099.623210;"0.004011999";"linux2";"217.163.1.110";"speedtest";1340010920;1586747.248210;0.017158;"20cb2125-2367-46ae-8343-0682023aab13";786;"A7";"Birmingham";10;6;2012;0;18;"20120618"
"212.139.246.127";"GB";-0.130000;51.500000;"AS9105 Tiscali UK";"mlab3-lhr01";0.018447;474518.376398;"0.004012999";"darwin";"217.163.1.110";"bittorrent";1340011672;80080.179178;-1.000000;"17522bf2-605a-483d-b0d7-36583414f00c";9105;"";"";10;6;2012;0;18;"20120618"
"109.153.120.105";"GB";-0.093100;51.514200;"AS2856 BTnet UK Regional network";"mlab3-lhr01";0.027608;1109846.325547;"0.004012999";"darwin";"217.163.1.110";"bittorrent";1340012008;122350.842767;-1.000000;"591848d7-684a-46db-a17c-1bb1ef97f6c4";2856;"H9";"London";10;6;2012;0;18;"20120618"
"134.151.0.62";"GB";-1.916700;52.466700;"AS786 The JNT Association";"mlab3-lhr01";0.015919;1674587.219480;"0.004011999";"linux2";"217.163.1.110";"speedtest";1340012443;1645466.317370;0.016694;"fd8de4c7-c3b6-4aa3-8e16-e3400ab7a911";786;"A7";"Birmingham";10;6;2012;0;18;"20120618"
"62.173.117.2";"GB";-4.557800;51.986400;"AS6656 Star Technology Services Limited";"mlab3-lhr01";0.007153;5564357.173360;"0.004010999";"linux2";"217.163.1.110";"speedtest";1340013036;5460661.232210;0.008390;"f05e11ce-f17a-4492-af90-1a5c53e38d5d";6656;"Y7";"Star";10;6;2012;0;18;"20120618"
"82.31.117.136";"GB";0.157500;51.474400;"AS5089 Virgin Media Limited";"mlab3-lhr01";0.010574;1889446.252817;"0.004012999";"linux2";"217.163.1.110";"bittorrent";1340013103;1205922.467283;-1.000000;"4734c249-c01f-4aa9-a857-643af3bbcee2";5089;"A6";"Erith";10;6;2012;0;18;"20120618"
"81.106.144.233";"GB";-0.183300;50.833300;"AS5089 Virgin Media Limited";"mlab3-lhr01";0.039602;1138761.707060;"0.004012999";"darwin";"217.163.1.110";"speedtest";1340013305;76494.107855;0.052214;"1fb825b9-bc1f-4f83-85de-6307dd06a1a1";5089;"B6";"Hove";10;6;2012;0;18;"20120618"
"134.151.0.62";"GB";-1.916700;52.466700;"AS786 The JNT Association";"mlab3-lhr01";0.015224;15034.427839;"0.004011999";"linux2";"217.163.1.110";"bittorrent";1340014289;15127.728550;-1.000000;"fd8de4c7-c3b6-4aa3-8e16-e3400ab7a911";786;"A7";"Birmingham";11;6;2012;0;18;"20120618"
"62.173.117.2";"GB";-4.557800;51.986400;"AS6656 Star Technology Services Limited";"mlab3-lhr01";0.007215;5907585.975904;"0.004010999";"linux2";"217.163.1.110";"bittorrent";1340014544;5917310.244298;-1.000000;"f05e11ce-f17a-4492-af90-1a5c53e38d5d";6656;"Y7";"Star";11;6;2012;0;18;"20120618"
"92.23.170.255";"GB";-3.050000;53.816700;"AS13285 TalkTalk Communications Limited";"mlab3-lhr01";0.033352;232306.060459;"0.004012999";"darwin";"217.163.1.110";"bittorrent";1340014767;72399.236151;-1.000000;"b7d03dcd-7026-4d92-8600-3f5f13ebd736";13285;"A9";"Blackpool";11;6;2012;0;18;"20120618"
"87.236.135.204";"GB";-0.093100;51.514200;"AS8530 Excell Group PLC";"mlab3-lhr01";0.006807;938208.687496;"0.004012999";"darwin";"217.163.1.110";"bittorrent";1340015309;1370388.082814;-1.000000;"a8f930ed-e628-4688-83ed-7f9d2ef2fc9e";8530;"H9";"London";11;6;2012;0;18;"20120618"
"212.139.246.127";"GB";-0.130000;51.500000;"AS9105 Tiscali UK";"mlab3-lhr01";0.016731;468992.153807;"0.004012999";"darwin";"217.163.1.110";"speedtest";1340015869;79852.590808;0.020132;"17522bf2-605a-483d-b0d7-36583414f00c";9105;"";"";11;6;2012;0;18;"20120618"
"134.151.0.62";"GB";-1.916700;52.466700;"AS786 The JNT Association";"mlab3-lhr01";0.015191;1585073.020370;"0.004011999";"linux2";"217.163.1.110";"speedtest";1340016099;1664816.516820;0.016642;"fd8de4c7-c3b6-4aa3-8e16-e3400ab7a911";786;"A7";"Birmingham";11;6;2012;0;18;"20120618"
"87.236.135.204";"GB";-0.093100;51.514200;"AS8530 Excell Group PLC";"mlab3-lhr01";0.002023;4086248.212130;"0.004012999";"darwin";"217.163.1.110";"speedtest";1340017179;3770964.005740;0.003263;"21525883-9d15-4b10-89d0-4184ed22aac4";8530;"H9";"London";11;6;2012;0;18;"20120618"
"62.173.117.2";"GB";-4.557800;51.986400;"AS6656 Star Technology Services Limited";"mlab3-lhr01";0.007433;5884851.472848;"0.004010999";"linux2";"217.163.1.110";"bittorrent";1340017546;5902167.380146;-1.000000;"f05e11ce-f17a-4492-af90-1a5c53e38d5d";6656;"Y7";"Star";12;6;2012;0;18;"20120618"
"81.106.144.233";"GB";-0.183300;50.833300;"AS5089 Virgin Media Limited";"mlab3-lhr01";0.028167;1164737.898003;"0.004012999";"darwin";"217.163.1.110";"bittorrent";1340017875;125525.830780;-1.000000;"1fb825b9-bc1f-4f83-85de-6307dd06a1a1";5089;"B6";"Hove";12;6;2012;0;18;"20120618"
"134.151.0.62";"GB";-1.916700;52.466700;"AS786 The JNT Association";"mlab3-lhr01";0.015390;15141.194587;"0.004011999";"linux2";"217.163.1.110";"bittorrent";1340017941;16586.959952;-1.000000;"fd8de4c7-c3b6-4aa3-8e16-e3400ab7a911";786;"A7";"Birmingham";12;6;2012;0;18;"20120618"
"77.98.68.89";"GB";-1.939900;52.310500;"AS5089 Virgin Media Limited";"mlab3-lhr01";0.021071;1199524.884386;"0.004012999";"linux2";"217.163.1.110";"bittorrent";1340018236;111229.776443;-1.000000;"ee5bc8c0-ae84-4f54-b716-63ba15e38795";5089;"Q4";"Redditch";12;6;2012;0;18;"20120618"
"109.153.120.105";"GB";-0.093100;51.514200;"AS2856 BTnet UK Regional network";"mlab3-lhr01";0.242305;634059.279566;"0.004012999";"darwin";"217.163.1.110";"bittorrent";1340018483;115866.110157;-1.000000;"591848d7-684a-46db-a17c-1bb1ef97f6c4";2856;"H9";"London";12;6;2012;0;18;"20120618"
"212.139.246.127";"GB";-0.130000;51.500000;"AS9105 Tiscali UK";"mlab3-lhr01";0.016460;468550.830038;"0.004012999";"darwin";"217.163.1.110";"speedtest";1340018669;79787.805338;0.020067;"17522bf2-605a-483d-b0d7-36583414f00c";9105;"";"";12;6;2012;0;18;"20120618"
"152.78.161.108";"GB";-1.400000;50.900000;"AS786 The JNT Association";"mlab3-lhr01";0.005160;5728157.523340;"0.004012999";"darwin";"217.163.1.110";"speedtest";1340018897;569394.766423;0.007584;"030aa0df-ee3f-4a0a-9067-2a0a6890ef21";786;"M4";"Southampton";12;6;2012;0;18;"20120618"
"81.106.144.233";"GB";-0.183300;50.833300;"AS5089 Virgin Media Limited";"mlab3-lhr01";0.044798;1158349.671890;"0.004012999";"darwin";"217.163.1.110";"speedtest";1340019387;115097.359630;0.027567;"1fb825b9-bc1f-4f83-85de-6307dd06a1a1";5089;"B6";"Hove";12;6;2012;0;18;"20120618"
"134.151.0.62";"GB";-1.916700;52.466700;"AS786 The JNT Association";"mlab3-lhr01";0.015479;1673246.293790;"0.004011999";"linux2";"217.163.1.110";"speedtest";1340019751;1634863.373300;0.017027;"fd8de4c7-c3b6-4aa3-8e16-e3400ab7a911";786;"A7";"Birmingham";12;6;2012;0;18;"20120618"
"212.139.246.127";"GB";-0.130000;51.500000;"AS9105 Tiscali UK";"mlab3-lhr01";0.018259;474506.473682;"0.004012999";"darwin";"217.163.1.110";"bittorrent";1340020071;80420.641549;-1.000000;"17522bf2-605a-483d-b0d7-36583414f00c";9105;"";"";12;6;2012;0;18;"20120618"
"134.151.0.67";"GB";-1.916700;52.466700;"AS786 The JNT Association";"mlab3-lhr01";0.015374;15176.571447;"0.004011999";"linux2";"217.163.1.110";"bittorrent";1340020099;15189.936666;-1.000000;"20cb2125-2367-46ae-8343-0682023aab13";786;"A7";"Birmingham";12;6;2012;0;18;"20120618"
"87.236.135.204";"GB";-0.093100;51.514200;"AS8530 Excell Group PLC";"mlab3-lhr01";0.002044;4499113.389220;"0.004012999";"darwin";"217.163.1.110";"speedtest";1340020375;4297297.598090;0.003221;"21525883-9d15-4b10-89d0-4184ed22aac4";8530;"H9";"London";12;6;2012;0;18;"20120618"
"62.173.117.2";"GB";-4.557800;51.986400;"AS6656 Star Technology Services Limited";"mlab3-lhr01";0.007430;5543555.288936;"0.004010999";"linux2";"217.163.1.110";"bittorrent";1340020548;5893393.667072;-1.000000;"f05e11ce-f17a-4492-af90-1a5c53e38d5d";6656;"Y7";"Star";12;6;2012;0;18;"20120618"
"81.106.144.233";"GB";-0.183300;50.833300;"AS5089 Virgin Media Limited";"mlab3-lhr01";0.157165;1148955.606478;"0.004012999";"darwin";"217.163.1.110";"bittorrent";1340020906;83217.061985;-1.000000;"1fb825b9-bc1f-4f83-85de-6307dd06a1a1";5089;"B6";"Hove";13;6;2012;0;18;"20120618"
"77.98.68.89";"GB";-1.939900;52.310500;"AS5089 Virgin Media Limited";"mlab3-lhr01";0.076576;1107653.932653;"0.004012999";"linux2";"217.163.1.110";"bittorrent";1340021333;103038.492166;-1.000000;"ee5bc8c0-ae84-4f54-b716-63ba15e38795";5089;"Q4";"Redditch";13;6;2012;0;18;"20120618"
"134.151.33.84";"GB";-1.916700;52.466700;"AS786 The JNT Association";"mlab3-lhr01";0.015089;2825267.635042;"0.004011999";"linux2";"217.163.1.110";"bittorrent";1340022159;8817007.200584;-1.000000;"34987743-340f-404c-bbab-25f3ba5726fb";786;"A7";"Birmingham";13;6;2012;0;18;"20120618"
"92.23.170.255";"GB";-3.050000;53.816700;"AS13285 TalkTalk Communications Limited";"mlab3-lhr01";0.033743;217208.618366;"0.004012999";"darwin";"217.163.1.110";"speedtest";1340022162;73066.492770;0.039182;"b7d03dcd-7026-4d92-8600-3f5f13ebd736";13285;"A9";"Blackpool";13;6;2012;0;18;"20120618"
"87.194.32.93";"GB";-0.233300;51.500000;"AS35228 Telefonica UK Limited";"mlab3-lhr01";0.014458;939543.503134;"0.004012999";"linux2";"217.163.1.110";"bittorrent";1340022348;112599.951628;-1.000000;"fa75ae33-87ca-4c4a-8aeb-0a3a19684949";35228;"F1";"Hammersmith";13;6;2012;0;18;"20120618"
"81.106.144.233";"GB";-0.183300;50.833300;"AS5089 Virgin Media Limited";"mlab3-lhr01";0.019296;1150386.834150;"0.004012999";"darwin";"217.163.1.110";"speedtest";1340022417;127602.348446;0.028367;"1fb825b9-bc1f-4f83-85de-6307dd06a1a1";5089;"B6";"Hove";13;6;2012;0;18;"20120618"
"87.236.135.204";"GB";-0.093100;51.514200;"AS8530 Excell Group PLC";"mlab3-lhr01";0.088107;294793.692873;"0.004012999";"darwin";"217.163.1.110";"speedtest";1340022750;506255.898639;0.034816;"a8f930ed-e628-4688-83ed-7f9d2ef2fc9e";8530;"H9";"London";13;6;2012;0;18;"20120618"
"82.31.117.136";"GB";0.157500;51.474400;"AS5089 Virgin Media Limited";"mlab3-lhr01";0.012410;1245364.632570;"0.004012999";"linux2";"217.163.1.110";"bittorrent";1340022837;1172641.868904;-1.000000;"4734c249-c01f-4aa9-a857-643af3bbcee2";5089;"A6";"Erith";13;6;2012;0;18;"20120618"
"176.253.167.56";"GB";-3.000000;53.416700;"AS5607 British Sky Broadcasting Limited";"mlab3-lhr01";0.036160;275733.394033;"0.004010999";"win32";"217.163.1.110";"speedtest";1340023080;81917.718181;0.040744;"3b91ee22-7771-44e4-9417-2f816adf6b1c";5607;"H8";"Liverpool";13;6;2012;0;18;"20120618"
"134.151.0.62";"GB";-1.916700;52.466700;"AS786 The JNT Association";"mlab3-lhr01";0.015320;1644378.864640;"0.004011999";"linux2";"217.163.1.110";"speedtest";1340023438;1637959.617770;0.016877;"fd8de4c7-c3b6-4aa3-8e16-e3400ab7a911";786;"A7";"Birmingham";13;6;2012;0;18;"20120618"
"87.236.135.204";"GB";-0.093100;51.514200;"AS8530 Excell Group PLC";"mlab3-lhr01";0.002934;3609084.907170;"0.004012999";"darwin";"217.163.1.110";"speedtest";1340023575;4020388.743310;0.004015;"21525883-9d15-4b10-89d0-4184ed22aac4";8530;"H9";"London";13;6;2012;0;18;"20120618"
"92.23.170.255";"GB";-3.050000;53.816700;"AS13285 TalkTalk Communications Limited";"mlab3-lhr01";0.032481;232605.675897;"0.004012999";"darwin";"217.163.1.110";"bittorrent";1340023636;72187.631535;-1.000000;"b7d03dcd-7026-4d92-8600-3f5f13ebd736";13285;"A9";"Blackpool";13;6;2012;0;18;"20120618"
"82.31.117.136";"GB";0.157500;51.474400;"AS5089 Virgin Media Limited";"mlab3-lhr01";0.016254;314499.808418;"0.004012999";"linux2";"217.163.1.110";"speedtest";1340024436;1166440.022530;0.046612;"4734c249-c01f-4aa9-a857-643af3bbcee2";5089;"A6";"Erith";14;6;2012;0;18;"20120618"
"62.173.117.2";"GB";-4.557800;51.986400;"AS6656 Star Technology Services Limited";"mlab3-lhr01";0.007402;5700176.738220;"0.004010999";"linux2";"217.163.1.110";"speedtest";1340025045;5487245.622100;0.008533;"f05e11ce-f17a-4492-af90-1a5c53e38d5d";6656;"Y7";"Star";14;6;2012;0;18;"20120618"
"92.23.170.255";"GB";-3.050000;53.816700;"AS13285 TalkTalk Communications Limited";"mlab3-lhr01";0.034044;216821.183000;"0.004012999";"darwin";"217.163.1.110";"speedtest";1340025107;73386.878024;0.038560;"b7d03dcd-7026-4d92-8600-3f5f13ebd736";13285;"A9";"Blackpool";14;6;2012;0;18;"20120618"
"134.151.0.62";"GB";-1.916700;52.466700;"AS786 The JNT Association";"mlab3-lhr01";0.015691;15127.863730;"0.004011999";"linux2";"217.163.1.110";"bittorrent";1340025296;15185.470883;-1.000000;"fd8de4c7-c3b6-4aa3-8e16-e3400ab7a911";786;"A7";"Birmingham";14;6;2012;0;18;"20120618"
"212.139.246.127";"GB";-0.130000;51.500000;"AS9105 Tiscali UK";"mlab3-lhr01";0.019485;474631.159531;"0.004012999";"darwin";"217.163.1.110";"bittorrent";1340025671;79619.483561;-1.000000;"17522bf2-605a-483d-b0d7-36583414f00c";9105;"";"";14;6;2012;0;18;"20120618"
"87.236.135.204";"GB";-0.093100;51.514200;"AS8530 Excell Group PLC";"mlab3-lhr01";0.003215;719446.563927;"0.004012999";"darwin";"217.163.1.110";"speedtest";1340025733;1112119.623740;0.005518;"a8f930ed-e628-4688-83ed-7f9d2ef2fc9e";8530;"H9";"London";14;6;2012;0;18;"20120618"
"62.173.117.2";"GB";-4.557800;51.986400;"AS6656 Star Technology Services Limited";"mlab3-lhr01";0.007242;5871104.401147;"0.004010999";"linux2";"217.163.1.110";"bittorrent";1340026553;5917471.909622;-1.000000;"f05e11ce-f17a-4492-af90-1a5c53e38d5d";6656;"Y7";"Star";14;6;2012;0;18;"20120618"
"92.23.170.255";"GB";-3.050000;53.816700;"AS13285 TalkTalk Communications Limited";"mlab3-lhr01";0.034193;231954.898500;"0.004012999";"darwin";"217.163.1.110";"bittorrent";1340026583;63133.357591;-1.000000;"b7d03dcd-7026-4d92-8600-3f5f13ebd736";13285;"A9";"Blackpool";14;6;2012;0;18;"20120618"
"87.236.135.204";"GB";-0.093100;51.514200;"AS8530 Excell Group PLC";"mlab3-lhr01";0.002699;1358135.631623;"0.004012999";"darwin";"217.163.1.110";"bittorrent";1340027220;2026279.921159;-1.000000;"a8f930ed-e628-4688-83ed-7f9d2ef2fc9e";8530;"H9";"London";14;6;2012;0;18;"20120618"
"134.151.0.67";"GB";-1.916700;52.466700;"AS786 The JNT Association";"mlab3-lhr01";0.015270;15209.692584;"0.004011999";"linux2";"217.163.1.110";"bittorrent";1340027468;15103.316492;-1.000000;"20cb2125-2367-46ae-8343-0682023aab13";786;"A7";"Birmingham";14;6;2012;0;18;"20120618"
"87.236.135.204";"GB";-0.093100;51.514200;"AS8530 Excell Group PLC";"mlab3-lhr01";0.005320;1196125.554470;"0.004012999";"darwin";"217.163.1.110";"speedtest";1340028709;1096976.747300;0.009990;"a8f930ed-e628-4688-83ed-7f9d2ef2fc9e";8530;"H9";"London";15;6;2012;0;18;"20120618"
"134.151.0.62";"GB";-1.916700;52.466700;"AS786 The JNT Association";"mlab3-lhr01";0.016617;15001.311447;"0.004011999";"linux2";"217.163.1.110";"bittorrent";1340028961;14664.335271;-1.000000;"fd8de4c7-c3b6-4aa3-8e16-e3400ab7a911";786;"A7";"Birmingham";15;6;2012;0;18;"20120618"
"134.151.0.67";"GB";-1.916700;52.466700;"AS786 The JNT Association";"mlab3-lhr01";0.014967;1645962.853930;"0.004011999";"linux2";"217.163.1.110";"speedtest";1340029279;1670755.043560;0.016661;"20cb2125-2367-46ae-8343-0682023aab13";786;"A7";"Birmingham";15;6;2012;0;18;"20120618"
"62.173.117.2";"GB";-4.557800;51.986400;"AS6656 Star Technology Services Limited";"mlab3-lhr01";0.007282;5896303.484053;"0.004010999";"linux2";"217.163.1.110";"bittorrent";1340029555;5918977.633195;-1.000000;"f05e11ce-f17a-4492-af90-1a5c53e38d5d";6656;"Y7";"Star";15;6;2012;0;18;"20120618"
"87.194.32.93";"GB";-0.233300;51.500000;"AS35228 Telefonica UK Limited";"mlab3-lhr01";0.018879;862346.579858;"0.004012999";"linux2";"217.163.1.110";"speedtest";1340030007;113794.429810;0.020853;"fa75ae33-87ca-4c4a-8aeb-0a3a19684949";35228;"F1";"Hammersmith";15;6;2012;0;18;"20120618"
"176.253.167.56";"GB";-3.000000;53.416700;"AS5607 British Sky Broadcasting Limited";"mlab3-lhr01";0.036239;284668.458541;"0.004010999";"win32";"217.163.1.110";"bittorrent";1340030762;84390.149539;-1.000000;"3b91ee22-7771-44e4-9417-2f816adf6b1c";5607;"H8";"Liverpool";15;6;2012;0;18;"20120618"
"134.151.0.67";"GB";-1.916700;52.466700;"AS786 The JNT Association";"mlab3-lhr01";0.015857;15209.934194;"0.004011999";"linux2";"217.163.1.110";"bittorrent";1340031129;14460.600064;-1.000000;"20cb2125-2367-46ae-8343-0682023aab13";786;"A7";"Birmingham";15;6;2012;0;18;"20120618"
"81.106.144.233";"GB";-0.183300;50.833300;"AS5089 Virgin Media Limited";"mlab3-lhr01";0.042592;1095683.849810;"0.004012999";"darwin";"217.163.1.110";"speedtest";1340031502;85904.779144;0.037780;"1fb825b9-bc1f-4f83-85de-6307dd06a1a1";5089;"B6";"Hove";15;6;2012;0;18;"20120618"
"87.194.32.93";"GB";-0.233300;51.500000;"AS35228 Telefonica UK Limited";"mlab3-lhr01";0.016417;938363.037000;"0.004012999";"linux2";"217.163.1.110";"bittorrent";1340031539;110015.115997;-1.000000;"fa75ae33-87ca-4c4a-8aeb-0a3a19684949";35228;"F1";"Hammersmith";15;6;2012;0;18;"20120618"
"77.98.68.89";"GB";-1.939900;52.310500;"AS5089 Virgin Media Limited";"mlab3-lhr01";0.020408;1176621.754670;"0.004012999";"linux2";"217.163.1.110";"speedtest";1340032177;120746.135851;0.025351;"ee5bc8c0-ae84-4f54-b716-63ba15e38795";5089;"Q4";"Redditch";16;6;2012;0;18;"20120618"
"62.173.117.2";"GB";-4.557800;51.986400;"AS6656 Star Technology Services Limited";"mlab3-lhr01";0.007363;5657214.448991;"0.004010999";"linux2";"217.163.1.110";"bittorrent";1340032558;5891483.494312;-1.000000;"f05e11ce-f17a-4492-af90-1a5c53e38d5d";6656;"Y7";"Star";16;6;2012;0;18;"20120618"
"134.151.0.62";"GB";-1.916700;52.466700;"AS786 The JNT Association";"mlab3-lhr01";0.015928;13953.925351;"0.004011999";"linux2";"217.163.1.110";"bittorrent";1340032621;15132.770368;-1.000000;"fd8de4c7-c3b6-4aa3-8e16-e3400ab7a911";786;"A7";"Birmingham";16;6;2012;0;18;"20120618"
"195.137.56.210";"GB";-0.130000;51.500000;"AS9105 Tiscali UK";"mlab3-lhr01";0.374406;40259.942836;"0.004010999";"win32";"217.163.1.110";"speedtest";1340032925;58367.890453;0.064440;"21b8434f-b3f5-4129-a93e-e6fc50ac35c3";9105;"";"";16;6;2012;0;18;"20120618"
"81.106.144.233";"GB";-0.183300;50.833300;"AS5089 Virgin Media Limited";"mlab3-lhr01";0.034314;1166048.010386;"0.004012999";"darwin";"217.163.1.110";"bittorrent";1340033017;125220.998955;-1.000000;"1fb825b9-bc1f-4f83-85de-6307dd06a1a1";5089;"B6";"Hove";16;6;2012;0;18;"20120618"
"87.194.32.93";"GB";-0.233300;51.500000;"AS35228 Telefonica UK Limited";"mlab3-lhr01";0.015363;982576.365266;"0.004012999";"linux2";"217.163.1.110";"speedtest";1340033068;113638.634676;0.018859;"fa75ae33-87ca-4c4a-8aeb-0a3a19684949";35228;"F1";"Hammersmith";16;6;2012;0;18;"20120618"
"87.236.135.204";"GB";-0.093100;51.514200;"AS8530 Excell Group PLC";"mlab3-lhr01";0.002072;3774621.109880;"0.004012999";"darwin";"217.163.1.110";"speedtest";1340033164;4336711.795400;0.003290;"21525883-9d15-4b10-89d0-4184ed22aac4";8530;"H9";"London";16;6;2012;0;18;"20120618"
"82.31.117.136";"GB";0.157500;51.474400;"AS5089 Virgin Media Limited";"mlab3-lhr01";0.011671;483297.604125;"0.004012999";"linux2";"217.163.1.110";"speedtest";1340034175;1188852.141590;0.041299;"4734c249-c01f-4aa9-a857-643af3bbcee2";5089;"A6";"Erith";16;6;2012;0;18;"20120618"
"134.151.0.62";"GB";-1.916700;52.466700;"AS786 The JNT Association";"mlab3-lhr01";0.015400;1602661.328560;"0.004011999";"linux2";"217.163.1.110";"speedtest";1340034431;1670412.777780;0.016853;"fd8de4c7-c3b6-4aa3-8e16-e3400ab7a911";786;"A7";"Birmingham";16;6;2012;0;18;"20120618"
"87.194.32.93";"GB";-0.233300;51.500000;"AS35228 Telefonica UK Limited";"mlab3-lhr01";0.020474;978092.405686;"0.004012999";"linux2";"217.163.1.110";"bittorrent";1340034602;93308.904128;-1.000000;"fa75ae33-87ca-4c4a-8aeb-0a3a19684949";35228;"F1";"Hammersmith";16;6;2012;0;18;"20120618"
"86.139.224.232";"GB";-0.416700;51.566700;"AS2856 BTnet UK Regional network";"mlab3-lhr01";0.036782;561242.172412;"0.004011999";"win32";"217.163.1.110";"speedtest";1340034614;55351.497719;0.116389;"c95ca892-6b28-418f-91c6-6cfc6f61b19c";2856;"F9";"Ruislip";16;6;2012;0;18;"20120618"
"109.153.120.105";"GB";-0.093100;51.514200;"AS2856 BTnet UK Regional network";"mlab3-lhr01";0.023524;1021411.387246;"0.004012999";"darwin";"217.163.1.110";"bittorrent";1340034665;101845.827520;-1.000000;"591848d7-684a-46db-a17c-1bb1ef97f6c4";2856;"H9";"London";16;6;2012;0;18;"20120618"
"92.23.170.255";"GB";-3.050000;53.816700;"AS13285 TalkTalk Communications Limited";"mlab3-lhr01";0.033475;231901.269295;"0.004012999";"darwin";"217.163.1.110";"bittorrent";1340035417;72167.826219;-1.000000;"b7d03dcd-7026-4d92-8600-3f5f13ebd736";13285;"A9";"Blackpool";17;6;2012;0;18;"20120618"
"212.139.246.127";"GB";-0.130000;51.500000;"AS9105 Tiscali UK";"mlab3-lhr01";0.017011;468527.268599;"0.004012999";"darwin";"217.163.1.110";"speedtest";1340035470;79409.937759;0.020553;"17522bf2-605a-483d-b0d7-36583414f00c";9105;"";"";17;6;2012;0;18;"20120618"
"62.173.117.2";"GB";-4.557800;51.986400;"AS6656 Star Technology Services Limited";"mlab3-lhr01";0.007510;5846138.030018;"0.004010999";"linux2";"217.163.1.110";"bittorrent";1340035559;5897404.887952;-1.000000;"f05e11ce-f17a-4492-af90-1a5c53e38d5d";6656;"Y7";"Star";17;6;2012;0;18;"20120618"
"109.153.120.105";"GB";-0.093100;51.514200;"AS2856 BTnet UK Regional network";"mlab3-lhr01";0.024091;1102910.019200;"0.004012999";"darwin";"217.163.1.110";"speedtest";1340036282;121701.865016;0.027157;"591848d7-684a-46db-a17c-1bb1ef97f6c4";2856;"H9";"London";17;6;2012;0;18;"20120618"
"87.236.135.204";"GB";-0.093100;51.514200;"AS8530 Excell Group PLC";"mlab3-lhr01";0.002115;4215533.865800;"0.004012999";"darwin";"217.163.1.110";"speedtest";1340036359;3902058.538800;0.003394;"21525883-9d15-4b10-89d0-4184ed22aac4";8530;"H9";"London";17;6;2012;0;18;"20120618"
"176.253.167.56";"GB";-3.000000;53.416700;"AS5607 British Sky Broadcasting Limited";"mlab3-lhr01";0.036614;235810.754782;"0.004010999";"win32";"217.163.1.110";"bittorrent";1340036899;81372.078460;-1.000000;"3b91ee22-7771-44e4-9417-2f816adf6b1c";5607;"H8";"Liverpool";17;6;2012;0;18;"20120618"
"2.102.246.122";"GB";-0.130000;51.500000;"AS13285 TalkTalk Communications Limited";"mlab3-lhr01";0.034907;1189516.908940;"0.004012999";"darwin";"217.163.1.110";"speedtest";1340037376;104223.927833;0.038311;"030aa0df-ee3f-4a0a-9067-2a0a6890ef21";13285;"";"";17;6;2012;0;18;"20120618"
"87.236.135.204";"GB";-0.093100;51.514200;"AS8530 Excell Group PLC";"mlab3-lhr01";0.002967;1722290.487340;"0.004012999";"darwin";"217.163.1.110";"speedtest";1340037640;1994506.814260;0.005540;"a8f930ed-e628-4688-83ed-7f9d2ef2fc9e";8530;"H9";"London";17;6;2012;0;18;"20120618"
"212.139.246.127";"GB";-0.130000;51.500000;"AS9105 Tiscali UK";"mlab3-lhr01";0.016376;219906.358767;"0.004012999";"darwin";"217.163.1.110";"speedtest";1340038278;69143.219418;0.032405;"17522bf2-605a-483d-b0d7-36583414f00c";9105;"";"";17;6;2012;0;18;"20120618"
"194.164.232.154";"GB";-0.130000;51.500000;"AS8897 KCOM Group PLC";"mlab3-lhr01";0.037377;115658.498861;"0.004011999";"win32";"217.163.1.110";"bittorrent";1340039096;50088.129539;-1.000000;"d71ed525-d91d-4946-ab33-3e2483201805";8897;"";"";18;6;2012;0;18;"20120618"
"87.194.32.93";"GB";-0.233300;51.500000;"AS35228 Telefonica UK Limited";"mlab3-lhr01";0.014732;923486.625718;"0.004012999";"linux2";"217.163.1.110";"speedtest";1340039195;110974.032842;0.018768;"fa75ae33-87ca-4c4a-8aeb-0a3a19684949";35228;"F1";"Hammersmith";18;6;2012;0;18;"20120618"
"81.106.144.233";"GB";-0.183300;50.833300;"AS5089 Virgin Media Limited";"mlab3-lhr01";0.201520;110475.884878;"0.004012999";"darwin";"217.163.1.110";"bittorrent";1340039361;7826.935158;-1.000000;"1fb825b9-bc1f-4f83-85de-6307dd06a1a1";5089;"B6";"Hove";18;6;2012;0;18;"20120618"
"134.151.0.62";"GB";-1.916700;52.466700;"AS786 The JNT Association";"mlab3-lhr01";0.015325;15148.168750;"0.004011999";"linux2";"217.163.1.110";"bittorrent";1340039971;15179.463305;-1.000000;"fd8de4c7-c3b6-4aa3-8e16-e3400ab7a911";786;"A7";"Birmingham";18;6;2012;0;18;"20120618"
"85.210.170.198";"GB";-0.130000;51.500000;"AS9105 Tiscali UK";"mlab3-lhr01";0.033250;408504.438504;"0.004012999";"darwin";"217.163.1.110";"speedtest";1340040076;95731.833812;0.059946;"a3ed558e-796a-4d51-b95b-789390083c13";9105;"";"";18;6;2012;0;18;"20120618"
"86.153.58.85";"GB";-0.130000;51.500000;"AS2856 BTnet UK Regional network";"mlab3-lhr01";0.029058;665486.611436;"0.004011999";"win32";"217.163.1.110";"speedtest";1340040160;39111.870234;0.034920;"0b18a6cd-73b8-45a1-93e1-13a6c156891b";2856;"";"";18;6;2012;0;18;"20120618"
"109.153.120.105";"GB";-0.093100;51.514200;"AS2856 BTnet UK Regional network";"mlab3-lhr01";0.026381;1107391.858204;"0.004012999";"darwin";"217.163.1.110";"bittorrent";1340041134;122784.695328;-1.000000;"591848d7-684a-46db-a17c-1bb1ef97f6c4";2856;"H9";"London";18;6;2012;0;18;"20120618"
"212.139.246.127";"GB";-0.130000;51.500000;"AS9105 Tiscali UK";"mlab3-lhr01";0.016473;472415.568385;"0.004012999";"darwin";"217.163.1.110";"speedtest";1340041372;80055.246198;0.021827;"17522bf2-605a-483d-b0d7-36583414f00c";9105;"";"";18;6;2012;0;18;"20120618"
"77.98.68.89";"GB";-1.939900;52.310500;"AS5089 Virgin Media Limited";"mlab3-lhr01";0.121135;787793.901084;"0.004012999";"linux2";"217.163.1.110";"speedtest";1340041524;118133.175421;0.123189;"ee5bc8c0-ae84-4f54-b716-63ba15e38795";5089;"Q4";"Redditch";18;6;2012;0;18;"20120618"
"134.151.33.84";"GB";-1.916700;52.466700;"AS786 The JNT Association";"mlab3-lhr01";0.015351;2759610.373610;"0.004011999";"linux2";"217.163.1.110";"bittorrent";1340041841;6779864.392092;-1.000000;"34987743-340f-404c-bbab-25f3ba5726fb";786;"A7";"Birmingham";18;6;2012;0;18;"20120618"
"134.151.0.67";"GB";-1.916700;52.466700;"AS786 The JNT Association";"mlab3-lhr01";0.015343;15052.223750;"0.004011999";"linux2";"217.163.1.110";"bittorrent";1340042171;15072.811422;-1.000000;"20cb2125-2367-46ae-8343-0682023aab13";786;"A7";"Birmingham";18;6;2012;0;18;"20120618"
"87.194.32.93";"GB";-0.233300;51.500000;"AS35228 Telefonica UK Limited";"mlab3-lhr01";0.015257;923207.808808;"0.004012999";"linux2";"217.163.1.110";"speedtest";1340042264;114200.556897;0.018770;"fa75ae33-87ca-4c4a-8aeb-0a3a19684949";35228;"F1";"Hammersmith";18;6;2012;0;18;"20120618"
"81.106.144.233";"GB";-0.183300;50.833300;"AS5089 Virgin Media Limited";"mlab3-lhr01";0.183645;328976.347855;"0.004012999";"darwin";"217.163.1.110";"bittorrent";1340042443;3805.981863;-1.000000;"1fb825b9-bc1f-4f83-85de-6307dd06a1a1";5089;"B6";"Hove";19;6;2012;0;18;"20120618"
"86.25.59.6";"GB";0.150000;51.450000;"AS5089 Virgin Media Limited";"mlab3-lhr01";0.011031;1111755.534370;"0.004012999";"win32";"217.163.1.110";"speedtest";1340042539;371170.954674;0.027291;"16eb7c93-5e6a-4d3c-83b5-7918b4a44ff0";5089;"A6";"Bexleyheath";19;6;2012;0;18;"20120618"
"176.253.167.56";"GB";-3.000000;53.416700;"AS5607 British Sky Broadcasting Limited";"mlab3-lhr01";0.036306;252961.388038;"0.004010999";"win32";"217.163.1.110";"bittorrent";1340043033;73942.102100;-1.000000;"3b91ee22-7771-44e4-9417-2f816adf6b1c";5607;"H8";"Liverpool";19;6;2012;0;18;"20120618"
"134.151.33.84";"GB";-1.916700;52.466700;"AS786 The JNT Association";"mlab3-lhr01";0.015147;2573747.638530;"0.004011999";"linux2";"217.163.1.110";"speedtest";1340043299;6188904.870870;0.016146;"34987743-340f-404c-bbab-25f3ba5726fb";786;"A7";"Birmingham";19;6;2012;0;18;"20120618"
"85.210.170.198";"GB";-0.130000;51.500000;"AS9105 Tiscali UK";"mlab3-lhr01";0.033917;178815.976011;"0.004012999";"darwin";"217.163.1.110";"speedtest";1340043511;101099.855330;0.038653;"a3ed558e-796a-4d51-b95b-789390083c13";9105;"";"";19;6;2012;0;18;"20120618"
"81.106.144.233";"GB";-0.183300;50.833300;"AS5089 Virgin Media Limited";"mlab3-lhr01";0.030710;1088409.446560;"0.004012999";"darwin";"217.163.1.110";"speedtest";1340043956;126870.879465;0.042702;"1fb825b9-bc1f-4f83-85de-6307dd06a1a1";5089;"B6";"Hove";19;6;2012;0;18;"20120618"
"2.102.246.122";"GB";-0.130000;51.500000;"AS13285 TalkTalk Communications Limited";"mlab3-lhr01";0.034499;1105214.698070;"0.004012999";"darwin";"217.163.1.110";"speedtest";1340044441;68402.300925;0.038166;"030aa0df-ee3f-4a0a-9067-2a0a6890ef21";13285;"";"";19;6;2012;0;18;"20120618"
"62.173.117.2";"GB";-4.557800;51.986400;"AS6656 Star Technology Services Limited";"mlab3-lhr01";0.007455;5911813.296812;"0.004010999";"linux2";"217.163.1.110";"bittorrent";1340044566;5918734.158036;-1.000000;"f05e11ce-f17a-4492-af90-1a5c53e38d5d";6656;"Y7";"Star";19;6;2012;0;18;"20120618"
"82.31.117.136";"GB";0.157500;51.474400;"AS5089 Virgin Media Limited";"mlab3-lhr01";0.091929;234803.380628;"0.004012999";"linux2";"217.163.1.110";"speedtest";1340044779;1148814.657960;0.053666;"4734c249-c01f-4aa9-a857-643af3bbcee2";5089;"A6";"Erith";19;6;2012;0;18;"20120618"
"86.25.59.6";"GB";0.150000;51.450000;"AS5089 Virgin Media Limited";"mlab3-lhr01";0.064255;397323.287414;"0.004012999";"win32";"217.163.1.110";"speedtest";1340046016;439928.170434;0.028215;"16eb7c93-5e6a-4d3c-83b5-7918b4a44ff0";5089;"A6";"Bexleyheath";20;6;2012;0;18;"20120618"
"77.98.68.89";"GB";-1.939900;52.310500;"AS5089 Virgin Media Limited";"mlab3-lhr01";0.161758;975788.100677;"0.004012999";"linux2";"217.163.1.110";"bittorrent";1340046211;15444.689296;-1.000000;"ee5bc8c0-ae84-4f54-b716-63ba15e38795";5089;"Q4";"Redditch";20;6;2012;0;18;"20120618"
"81.106.144.233";"GB";-0.183300;50.833300;"AS5089 Virgin Media Limited";"mlab3-lhr01";0.019128;1110223.717860;"0.004012999";"darwin";"217.163.1.110";"speedtest";1340047068;126886.839706;0.029851;"1fb825b9-bc1f-4f83-85de-6307dd06a1a1";5089;"B6";"Hove";20;6;2012;0;18;"20120618"
"81.158.148.124";"GB";-1.333300;54.216700;"AS2856 BTnet UK Regional network";"mlab3-lhr01";0.035515;131850.923159;"0.004012999";"linux2";"217.163.1.110";"bittorrent";1340047645;45986.118951;-1.000000;"e37b8625-0644-419c-92a3-b5a6a3b3726c";2856;"J7";"Thirsk";20;6;2012;0;18;"20120618"
"86.25.59.6";"GB";0.150000;51.450000;"AS5089 Virgin Media Limited";"mlab3-lhr01";0.180309;108656.320768;"0.004012999";"win32";"217.163.1.110";"bittorrent";1340047647;14906.494927;-1.000000;"16eb7c93-5e6a-4d3c-83b5-7918b4a44ff0";5089;"A6";"Bexleyheath";20;6;2012;0;18;"20120618"
"77.98.68.89";"GB";-1.939900;52.310500;"AS5089 Virgin Media Limited";"mlab3-lhr01";0.018695;1178041.420460;"0.004012999";"linux2";"217.163.1.110";"speedtest";1340047764;126974.280309;0.026223;"ee5bc8c0-ae84-4f54-b716-63ba15e38795";5089;"Q4";"Redditch";20;6;2012;0;18;"20120618"
"86.153.58.85";"GB";-0.130000;51.500000;"AS2856 BTnet UK Regional network";"mlab3-lhr01";0.482209;244949.093152;"0.004011999";"win32";"217.163.1.110";"speedtest";1340047839;46590.084272;0.073375;"0b18a6cd-73b8-45a1-93e1-13a6c156891b";2856;"";"";20;6;2012;0;18;"20120618"
"86.132.32.240";"GB";-0.089200;51.486200;"AS2856 BTnet UK Regional network";"mlab3-lhr01";0.044820;122031.585095;"0.004012999";"linux2";"217.163.1.110";"speedtest";1340049187;46654.574446;0.064552;"e37b8625-0644-419c-92a3-b5a6a3b3726c";2856;"H9";"London";20;6;2012;0;18;"20120618"
"77.98.68.89";"GB";-1.939900;52.310500;"AS5089 Virgin Media Limited";"mlab3-lhr01";0.171707;993863.451500;"0.004012999";"linux2";"217.163.1.110";"bittorrent";1340049326;18388.549113;-1.000000;"ee5bc8c0-ae84-4f54-b716-63ba15e38795";5089;"Q4";"Redditch";20;6;2012;0;18;"20120618"
"86.153.58.85";"GB";-0.130000;51.500000;"AS2856 BTnet UK Regional network";"mlab3-lhr01";0.024900;231717.682213;"0.004011999";"win32";"217.163.1.110";"bittorrent";1340049385;47314.353200;-1.000000;"0b18a6cd-73b8-45a1-93e1-13a6c156891b";2856;"";"";20;6;2012;0;18;"20120618"
"134.151.0.67";"GB";-1.916700;52.466700;"AS786 The JNT Association";"mlab3-lhr01";0.015256;15154.275253;"0.004011999";"linux2";"217.163.1.110";"bittorrent";1340049532;15165.517188;-1.000000;"20cb2125-2367-46ae-8343-0682023aab13";786;"A7";"Birmingham";20;6;2012;0;18;"20120618"
"217.42.142.130";"GB";-0.700000;52.300000;"AS2856 BTnet UK Regional network";"mlab3-lhr01";0.023413;572977.707510;"0.004010999";"win32";"217.163.1.110";"speedtest";1340049595;46849.352823;0.035213;"ce72110c-12d3-473e-b32a-d3b0309312b8";2856;"J1";"Wellingborough";20;6;2012;0;18;"20120618"
"2.103.210.195";"GB";-0.130000;51.500000;"AS13285 TalkTalk Communications Limited";"mlab3-lhr01";0.078478;1527429.458410;"0.004012999";"win32";"217.163.1.110";"speedtest";1340049605;212058.545401;0.058800;"b6a38e2a-1b12-4eea-9aff-91e453afc185";13285;"";"";21;6;2012;0;18;"20120618"
"82.45.214.67";"GB";-0.093100;51.514200;"AS5089 Virgin Media Limited";"mlab3-lhr01";0.027492;2876280.702470;"0.004012999";"darwin";"217.163.1.110";"speedtest";1340049895;175046.677859;0.022587;"21525883-9d15-4b10-89d0-4184ed22aac4";5089;"H9";"London";21;6;2012;0;18;"20120618"
"62.173.117.2";"GB";-4.557800;51.986400;"AS6656 Star Technology Services Limited";"mlab3-lhr01";0.006933;5636321.031577;"0.004010999";"linux2";"217.163.1.110";"bittorrent";1340050572;5904789.708286;-1.000000;"f05e11ce-f17a-4492-af90-1a5c53e38d5d";6656;"Y7";"Star";21;6;2012;0;18;"20120618"
"212.139.246.127";"GB";-0.130000;51.500000;"AS9105 Tiscali UK";"mlab3-lhr01";0.016263;468654.664286;"0.004012999";"darwin";"217.163.1.110";"speedtest";1340050632;79191.709091;0.020612;"17522bf2-605a-483d-b0d7-36583414f00c";9105;"";"";21;6;2012;0;18;"20120618"
"86.132.32.240";"GB";-0.089200;51.486200;"AS2856 BTnet UK Regional network";"mlab3-lhr01";0.097842;97723.833904;"0.004012999";"linux2";"217.163.1.110";"bittorrent";1340050745;42605.191316;-1.000000;"e37b8625-0644-419c-92a3-b5a6a3b3726c";2856;"H9";"London";21;6;2012;0;18;"20120618"
"77.98.68.89";"GB";-1.939900;52.310500;"AS5089 Virgin Media Limited";"mlab3-lhr01";0.021776;185409.910587;"0.004012999";"linux2";"217.163.1.110";"speedtest";1340050906;125259.128432;0.029472;"ee5bc8c0-ae84-4f54-b716-63ba15e38795";5089;"Q4";"Redditch";21;6;2012;0;18;"20120618"
"87.194.32.93";"GB";-0.233300;51.500000;"AS35228 Telefonica UK Limited";"mlab3-lhr01";0.015479;908986.613816;"0.004012999";"linux2";"217.163.1.110";"speedtest";1340051457;115903.264451;0.019022;"fa75ae33-87ca-4c4a-8aeb-0a3a19684949";35228;"F1";"Hammersmith";21;6;2012;0;18;"20120618"
"2.102.246.122";"GB";-0.130000;51.500000;"AS13285 TalkTalk Communications Limited";"mlab3-lhr01";0.035355;1232645.864650;"0.004012999";"darwin";"217.163.1.110";"speedtest";1340051497;106949.358025;0.038017;"030aa0df-ee3f-4a0a-9067-2a0a6890ef21";13285;"";"";21;6;2012;0;18;"20120618"
"109.153.120.105";"GB";-0.093100;51.514200;"AS2856 BTnet UK Regional network";"mlab3-lhr01";0.025208;1091782.425438;"0.004012999";"darwin";"217.163.1.110";"bittorrent";1340051842;120843.824947;-1.000000;"591848d7-684a-46db-a17c-1bb1ef97f6c4";2856;"H9";"London";21;6;2012;0;18;"20120618"
"81.106.144.233";"GB";-0.183300;50.833300;"AS5089 Virgin Media Limited";"mlab3-lhr01";0.368009;211558.937909;"0.004012999";"darwin";"217.163.1.110";"bittorrent";1340051900;3445.841004;-1.000000;"1fb825b9-bc1f-4f83-85de-6307dd06a1a1";5089;"B6";"Hove";21;6;2012;0;18;"20120618"
"86.132.32.240";"GB";-0.089200;51.486200;"AS2856 BTnet UK Regional network";"mlab3-lhr01";0.533921;57908.857391;"0.004012999";"linux2";"217.163.1.110";"speedtest";1340052304;36792.498717;0.545096;"e37b8625-0644-419c-92a3-b5a6a3b3726c";2856;"H9";"London";21;6;2012;0;18;"20120618"
"77.98.68.89";"GB";-1.939900;52.310500;"AS5089 Virgin Media Limited";"mlab3-lhr01";0.167281;1130049.683332;"0.004012999";"linux2";"217.163.1.110";"bittorrent";1340052503;15048.327801;-1.000000;"ee5bc8c0-ae84-4f54-b716-63ba15e38795";5089;"Q4";"Redditch";21;6;2012;0;18;"20120618"
"217.42.142.130";"GB";-0.700000;52.300000;"AS2856 BTnet UK Regional network";"mlab3-lhr01";0.074125;758220.803136;"0.004010999";"win32";"217.163.1.110";"speedtest";1340052638;45715.346030;0.053244;"ce72110c-12d3-473e-b32a-d3b0309312b8";2856;"J1";"Wellingborough";21;6;2012;0;18;"20120618"
"87.194.32.93";"GB";-0.233300;51.500000;"AS35228 Telefonica UK Limited";"mlab3-lhr01";0.014620;896508.254690;"0.004012999";"linux2";"217.163.1.110";"bittorrent";1340052991;116191.851950;-1.000000;"fa75ae33-87ca-4c4a-8aeb-0a3a19684949";35228;"F1";"Hammersmith";21;6;2012;0;18;"20120618"
"217.42.142.130";"GB";-0.700000;52.300000;"AS2856 BTnet UK Regional network";"mlab3-lhr01";0.022613;707231.092827;"0.004010999";"win32";"217.163.1.110";"speedtest";1340053329;44324.198566;0.028892;"ce72110c-12d3-473e-b32a-d3b0309312b8";2856;"J1";"Wellingborough";22;6;2012;0;18;"20120618"
"82.45.214.67";"GB";-0.093100;51.514200;"AS5089 Virgin Media Limited";"mlab3-lhr01";0.034834;2715275.569050;"0.004012999";"darwin";"217.163.1.110";"speedtest";1340053380;175758.754424;0.026326;"21525883-9d15-4b10-89d0-4184ed22aac4";5089;"H9";"London";22;6;2012;0;18;"20120618"
"217.42.142.130";"GB";-0.700000;52.300000;"AS2856 BTnet UK Regional network";"mlab3-lhr01";0.024584;141360.409799;"0.004010999";"win32";"217.163.1.110";"speedtest";1340053481;47025.142079;0.032125;"ce72110c-12d3-473e-b32a-d3b0309312b8";2856;"J1";"Wellingborough";22;6;2012;0;18;"20120618"
"2.217.168.188";"GB";-2.366700;53.300000;"AS5607 British Sky Broadcasting Limited";"mlab3-lhr01";0.040174;796457.408919;"0.004012999";"linux2";"217.163.1.110";"bittorrent";1340053678;84668.784769;-1.000000;"7848f9fb-7dab-4a50-8c91-e2fbf96acfc0";5607;"Z7";"Knutsford";22;6;2012;0;18;"20120618"
"85.210.170.198";"GB";-0.130000;51.500000;"AS9105 Tiscali UK";"mlab3-lhr01";0.033999;266436.104079;"0.004012999";"darwin";"217.163.1.110";"speedtest";1340053803;105468.033466;0.037858;"a3ed558e-796a-4d51-b95b-789390083c13";9105;"";"";22;6;2012;0;18;"20120618"
"77.98.68.89";"GB";-1.939900;52.310500;"AS5089 Virgin Media Limited";"mlab3-lhr01";0.018038;1205327.205760;"0.004012999";"linux2";"217.163.1.110";"speedtest";1340054059;127276.343832;0.023443;"ee5bc8c0-ae84-4f54-b716-63ba15e38795";5089;"Q4";"Redditch";22;6;2012;0;18;"20120618"
"134.151.0.62";"GB";-1.916700;52.466700;"AS786 The JNT Association";"mlab3-lhr01";0.015392;14811.821865;"0.004011999";"linux2";"217.163.1.110";"bittorrent";1340054697;15212.265928;-1.000000;"fd8de4c7-c3b6-4aa3-8e16-e3400ab7a911";786;"A7";"Birmingham";22;6;2012;0;18;"20120618"
"134.151.0.67";"GB";-1.916700;52.466700;"AS786 The JNT Association";"mlab3-lhr01";0.015143;1685161.613080;"0.004011999";"linux2";"217.163.1.110";"speedtest";1340055013;1632422.498580;0.016390;"20cb2125-2367-46ae-8343-0682023aab13";786;"A7";"Birmingham";22;6;2012;0;18;"20120618"
"81.106.144.233";"GB";-0.183300;50.833300;"AS5089 Virgin Media Limited";"mlab3-lhr01";1.337234;100758.021930;"0.004012999";"darwin";"217.163.1.110";"bittorrent";1340055036;2827.825255;-1.000000;"1fb825b9-bc1f-4f83-85de-6307dd06a1a1";5089;"B6";"Hove";22;6;2012;0;18;"20120618"
"86.25.59.6";"GB";0.150000;51.450000;"AS5089 Virgin Media Limited";"mlab3-lhr01";0.031653;1263601.933040;"0.004012999";"win32";"217.163.1.110";"speedtest";1340055090;349206.605767;0.030535;"16eb7c93-5e6a-4d3c-83b5-7918b4a44ff0";5089;"A6";"Bexleyheath";22;6;2012;0;18;"20120618"
"90.192.77.150";"GB";0.101200;50.773700;"AS5607 British Sky Broadcasting Limited";"mlab3-lhr01";0.038648;814401.012108;"0.004012999";"win32";"217.163.1.110";"bittorrent";1340055423;26995.408487;-1.000000;"d43f1d39-8e2d-40e8-8bf2-9953c953a0f0";5607;"E2";"Seaford";22;6;2012;0;18;"20120618"
"82.31.117.136";"GB";0.157500;51.474400;"AS5089 Virgin Media Limited";"mlab3-lhr01";0.014868;1079636.406810;"0.004012999";"linux2";"217.163.1.110";"speedtest";1340055390;1194627.734230;0.028379;"4734c249-c01f-4aa9-a857-643af3bbcee2";5089;"A6";"Erith";22;6;2012;0;18;"20120618"
"77.98.68.89";"GB";-1.939900;52.310500;"AS5089 Virgin Media Limited";"mlab3-lhr01";0.162664;967984.354474;"0.004012999";"linux2";"217.163.1.110";"bittorrent";1340055647;16049.277490;-1.000000;"ee5bc8c0-ae84-4f54-b716-63ba15e38795";5089;"Q4";"Redditch";22;6;2012;0;18;"20120618"
"81.159.213.203";"GB";-0.093100;51.514200;"AS2856 BTnet UK Regional network";"mlab3-lhr01";0.039050;340784.202149;"0.004012999";"darwin";"217.163.1.110";"speedtest";1340056255;51307.195205;0.060714;"591848d7-684a-46db-a17c-1bb1ef97f6c4";2856;"H9";"London";22;6;2012;0;18;"20120618"
"134.151.0.62";"GB";-1.916700;52.466700;"AS786 The JNT Association";"mlab3-lhr01";0.015366;1633651.422810;"0.004011999";"linux2";"217.163.1.110";"speedtest";1340056508;1669751.340570;0.016946;"fd8de4c7-c3b6-4aa3-8e16-e3400ab7a911";786;"A7";"Birmingham";22;6;2012;0;18;"20120618"
"217.42.142.130";"GB";-0.700000;52.300000;"AS2856 BTnet UK Regional network";"mlab3-lhr01";0.264463;150312.693792;"0.004010999";"win32";"217.163.1.110";"speedtest";1340056517;12510.373699;0.345157;"ce72110c-12d3-473e-b32a-d3b0309312b8";2856;"J1";"Wellingborough";22;6;2012;0;18;"20120618"
"86.25.59.6";"GB";0.150000;51.450000;"AS5089 Virgin Media Limited";"mlab3-lhr01";0.203768;318463.272942;"0.004012999";"win32";"217.163.1.110";"bittorrent";1340056671;16442.156457;-1.000000;"16eb7c93-5e6a-4d3c-83b5-7918b4a44ff0";5089;"A6";"Bexleyheath";22;6;2012;0;18;"20120618"
"212.139.246.127";"GB";-0.130000;51.500000;"AS9105 Tiscali UK";"mlab3-lhr01";0.016676;468704.977030;"0.004012999";"darwin";"217.163.1.110";"speedtest";1340056812;79934.229510;0.020766;"17522bf2-605a-483d-b0d7-36583414f00c";9105;"";"";23;6;2012;0;18;"20120618"
"176.253.167.56";"GB";-3.000000;53.416700;"AS5607 British Sky Broadcasting Limited";"mlab3-lhr01";0.035709;246967.729122;"0.004010999";"win32";"217.163.1.110";"speedtest";1340056824;80727.472723;0.046580;"3b91ee22-7771-44e4-9417-2f816adf6b1c";5607;"H8";"Liverpool";23;6;2012;0;18;"20120618"
"134.151.0.67";"GB";-1.916700;52.466700;"AS786 The JNT Association";"mlab3-lhr01";0.015843;15024.305780;"0.004011999";"linux2";"217.163.1.110";"bittorrent";1340056863;14363.612978;-1.000000;"20cb2125-2367-46ae-8343-0682023aab13";786;"A7";"Birmingham";23;6;2012;0;18;"20120618"
"77.98.68.89";"GB";-1.939900;52.310500;"AS5089 Virgin Media Limited";"mlab3-lhr01";0.036012;1180054.010800;"0.004012999";"linux2";"217.163.1.110";"speedtest";1340057200;127180.745802;0.024621;"ee5bc8c0-ae84-4f54-b716-63ba15e38795";5089;"Q4";"Redditch";23;6;2012;0;18;"20120618"
"134.151.0.62";"GB";-1.916700;52.466700;"AS786 The JNT Association";"mlab3-lhr01";0.015427;15186.077935;"0.004011999";"linux2";"217.163.1.110";"bittorrent";1340058360;15168.392787;-1.000000;"fd8de4c7-c3b6-4aa3-8e16-e3400ab7a911";786;"A7";"Birmingham";23;6;2012;0;18;"20120618"
"77.98.68.89";"GB";-1.939900;52.310500;"AS5089 Virgin Media Limited";"mlab3-lhr01";0.162522;1098757.976626;"0.004012999";"linux2";"217.163.1.110";"bittorrent";1340058759;26025.356741;-1.000000;"ee5bc8c0-ae84-4f54-b716-63ba15e38795";5089;"Q4";"Redditch";23;6;2012;0;18;"20120618"
"81.159.213.203";"GB";-0.093100;51.514200;"AS2856 BTnet UK Regional network";"mlab3-lhr01";0.023236;801034.740496;"0.004012999";"darwin";"217.163.1.110";"speedtest";1340059206;121929.057466;0.027484;"591848d7-684a-46db-a17c-1bb1ef97f6c4";2856;"H9";"London";23;6;2012;0;18;"20120618"
"87.194.32.93";"GB";-0.233300;51.500000;"AS35228 Telefonica UK Limited";"mlab3-lhr01";0.491166;267104.210790;"0.004012999";"linux2";"217.163.1.110";"bittorrent";1340059253;22341.311763;-1.000000;"fa75ae33-87ca-4c4a-8aeb-0a3a19684949";35228;"F1";"Hammersmith";23;6;2012;0;18;"20120618"
"81.106.144.233";"GB";-0.183300;50.833300;"AS5089 Virgin Media Limited";"mlab3-lhr01";0.032515;1141729.925130;"0.004012999";"darwin";"217.163.1.110";"speedtest";1340059705;68111.191033;0.062962;"1fb825b9-bc1f-4f83-85de-6307dd06a1a1";5089;"B6";"Hove";23;6;2012;0;18;"20120618"
"212.139.246.127";"GB";-0.130000;51.500000;"AS9105 Tiscali UK";"mlab3-lhr01";0.017665;469068.059652;"0.004012999";"darwin";"217.163.1.110";"speedtest";1340059900;79996.779233;0.020377;"17522bf2-605a-483d-b0d7-36583414f00c";9105;"";"";23;6;2012;0;18;"20120618"
"176.253.167.56";"GB";-3.000000;53.416700;"AS5607 British Sky Broadcasting Limited";"mlab3-lhr01";0.035027;262259.042036;"0.004010999";"win32";"217.163.1.110";"speedtest";1340059895;76048.973813;0.045982;"3b91ee22-7771-44e4-9417-2f816adf6b1c";5607;"H8";"Liverpool";23;6;2012;0;18;"20120618"
"134.151.0.62";"GB";-1.916700;52.466700;"AS786 The JNT Association";"mlab3-lhr01";0.015533;1505808.649130;"0.004011999";"linux2";"217.163.1.110";"speedtest";1340060171;1637480.134400;0.017084;"fd8de4c7-c3b6-4aa3-8e16-e3400ab7a911";786;"A7";"Birmingham";23;6;2012;0;18;"20120618"
"87.194.32.93";"GB";-0.233300;51.500000;"AS35228 Telefonica UK Limited";"mlab3-lhr01";0.563830;42414.017533;"0.004012999";"linux2";"217.163.1.110";"speedtest";1340060802;31600.528911;0.336221;"fa75ae33-87ca-4c4a-8aeb-0a3a19684949";35228;"F1";"Hammersmith";0;6;2012;1;19;"20120618"
"212.139.246.127";"GB";-0.130000;51.500000;"AS9105 Tiscali UK";"mlab3-lhr01";0.072714;474501.683709;"0.004012999";"darwin";"217.163.1.110";"bittorrent";1340061300;79178.919962;-1.000000;"17522bf2-605a-483d-b0d7-36583414f00c";9105;"";"";0;6;2012;1;19;"20120618"
"92.24.93.61";"GB";-0.093100;51.514200;"AS13285 TalkTalk Communications Limited";"mlab3-lhr01";0.029865;578795.945880;"0.004012999";"win32";"217.163.1.110";"bittorrent";1340062043;98258.626118;-1.000000;"407ac3cb-a4ae-41d8-9c4c-0971091666da";13285;"H9";"London";0;6;2012;1;19;"20120618"
"82.31.117.136";"GB";0.157500;51.474400;"AS5089 Virgin Media Limited";"mlab3-lhr01";0.011182;2699033.626600;"0.004012999";"linux2";"217.163.1.110";"speedtest";1340062170;1096484.937990;0.026716;"4734c249-c01f-4aa9-a857-643af3bbcee2";5089;"A6";"Erith";0;6;2012;1;19;"20120618"
"82.16.158.94";"GB";-0.093100;51.514200;"AS5089 Virgin Media Limited";"mlab3-lhr01";0.056123;3003257.899958;"0.004012999";"win32";"217.163.1.110";"bittorrent";1340062212;159999.189491;-1.000000;"9726bbb2-cde6-4c53-9b05-82c3b868ab5f";5089;"H9";"London";0;6;2012;1;19;"20120618"
"134.151.0.67";"GB";-1.916700;52.466700;"AS786 The JNT Association";"mlab3-lhr01";0.016012;1674418.592830;"0.004011999";"linux2";"217.163.1.110";"speedtest";1340062339;1623672.583780;0.016813;"20cb2125-2367-46ae-8343-0682023aab13";786;"A7";"Birmingham";0;6;2012;1;19;"20120618"
"81.106.144.233";"GB";-0.183300;50.833300;"AS5089 Virgin Media Limited";"mlab3-lhr01";0.016502;1146240.642060;"0.004012999";"darwin";"217.163.1.110";"speedtest";1340062742;90718.898924;0.054978;"1fb825b9-bc1f-4f83-85de-6307dd06a1a1";5089;"B6";"Hove";0;6;2012;1;19;"20120618"
"77.98.68.89";"GB";-1.939900;52.310500;"AS5089 Virgin Media Limited";"mlab3-lhr01";0.020295;1180578.648320;"0.004012999";"linux2";"217.163.1.110";"speedtest";1340063412;127264.441318;0.020816;"ee5bc8c0-ae84-4f54-b716-63ba15e38795";5089;"Q4";"Redditch";0;6;2012;1;19;"20120618"
"134.151.0.62";"GB";-1.916700;52.466700;"AS786 The JNT Association";"mlab3-lhr01";0.015214;1670872.913060;"0.004011999";"linux2";"217.163.1.110";"speedtest";1340063879;1630104.166760;0.016867;"fd8de4c7-c3b6-4aa3-8e16-e3400ab7a911";786;"A7";"Birmingham";0;6;2012;1;19;"20120618"
"46.115.25.230";"DE";9.000000;51.000000;"AS12638 E-Plus Mobilfunk GmbH & Co. KG";"mlab2-ham01";0.171049;90525.967905;"0.004012999";"darwin";"80.239.142.225";"speedtest";1340063976;18095.385738;0.389562;"4baef5fd-7f85-41c9-b289-0d4d24e485da";12638;"";"";1;6;2012;1;19;"20120618"
"99.104.57.129";"US";-87.701600;41.975900;"AS7018 AT&T Services, Inc.";"mlab4-nuq01";0.530494;96111.042067;"0.004012999";"darwin";"64.9.225.186";"speedtest";1339978119;24823.183413;0.571596;"d6f10baf-3b6d-47fb-999c-6d4188d2d4b2";7018;"IL";"Chicago";0;6;2012;0;18;"20120618"
"99.21.145.140";"US";-121.382800;38.626300;"AS7132 AS for SBIS-AS";"mlab4-nuq01";0.029162;1433490.601392;"0.004012999";"win32";"64.9.225.186";"bittorrent";1339978217;172435.881528;-1.000000;"ebeab1c8-defc-4fef-8be3-daa7088a0954";7132;"CA";"Sacramento";0;6;2012;0;18;"20120618"
"98.203.140.223";"US";-122.304300;47.610200;"AS7922 Comcast Cable Communications, Inc.";"mlab4-nuq01";0.035059;2959258.319520;"0.004012999";"linux2";"64.9.225.186";"bittorrent";1339978704;490991.185213;-1.000000;"4bf1068a-cabe-4254-a52f-c2914db03ade";7922;"WA";"Seattle";0;6;2012;0;18;"20120618"
"69.249.238.83";"US";-75.163800;39.952300;"AS7922 Comcast Cable Communications, Inc.";"mlab4-nuq01";0.202071;334028.773276;"0.004012999";"win32";"64.9.225.186";"speedtest";1339978992;185894.678764;0.235746;"a49b9e19-6f47-4dc7-8196-0fc4dbc9e641";7922;"PA";"Philadelphia";0;6;2012;0;18;"20120618"
"206.255.246.41";"US";-94.740500;32.500700;"AS53508 Cablelynx";"mlab4-nuq01";0.056404;1265916.303480;"0.004012999";"win32";"64.9.225.186";"speedtest";1339979029;180201.361685;0.057942;"3a5b4ca4-0887-432d-a115-9f646a867cdb";53508;"TX";"Longview";0;6;2012;0;18;"20120618"
"68.175.101.106";"US";-74.006000;40.714300;"AS12271 Time Warner Cable Internet LLC";"mlab4-nuq01";0.085913;3002500.404510;"0.004012999";"darwin";"64.9.225.186";"speedtest";1339979919;610305.359535;0.087614;"bff92ae8-06db-4514-9002-ba6c8f7bec43";12271;"NY";"New York";0;6;2012;0;18;"20120618"
"208.57.38.36";"US";-117.164900;32.807200;"AS14265 Telepacific Communications";"mlab4-nuq01";0.026870;174496.627462;"0.004011999";"linux2";"64.9.225.186";"speedtest";1339980018;179766.838797;0.032681;"71bb2b47-414f-414d-b8ff-f1237c21f432";14265;"CA";"San Diego";0;6;2012;0;18;"20120618"
"97.126.49.211";"US";-122.217100;47.482900;"AS209 NOVARTIS-DMZ-US";"mlab4-nuq01";0.060763;512715.113403;"0.004012999";"darwin";"64.9.225.186";"speedtest";1339980585;91252.294822;0.063612;"8e65a2a9-47d4-4adc-a937-76425a1f5bfe";209;"WA";"Renton";0;6;2012;0;18;"20120618"
"66.188.113.29";"US";-97.000000;38.000000;"AS20115 Charter Communications";"mlab4-nuq01";0.079537;930136.085102;"0.004012999";"darwin";"64.9.225.186";"speedtest";1339980844;368877.294529;0.081359;"3f295a53-7a79-47cb-bd75-f79b53a6ae22";20115;"";"";0;6;2012;0;18;"20120618"
"67.168.66.115";"US";-122.630500;48.321800;"AS7922 Comcast Cable Communications, Inc.";"mlab4-nuq01";0.034106;2702040.173266;"0.004012999";"win32";"64.9.225.186";"bittorrent";1339981080;713836.707329;-1.000000;"3ee99b5a-2c05-4823-a555-34b90b697de5";7922;"WA";"Oak Harbor";0;6;2012;0;18;"20120618"
"76.112.203.189";"US";-83.144600;42.489500;"AS7922 Comcast Cable Communications, Inc.";"mlab4-nuq01";0.094047;2057359.237624;"0.004012999";"win32";"64.9.225.186";"bittorrent";1339981772;785254.203146;-1.000000;"5cb4931f-bf67-49bf-a4ec-d36d7495a682";7922;"MI";"Royal Oak";1;6;2012;0;18;"20120618"
"205.178.18.107";"US";-87.623800;41.884900;"AS6079 RCN";"mlab4-nuq01";0.068675;522253.063504;"0.004011999";"win32";"64.9.225.186";"speedtest";1339981785;198670.373106;0.082574;"e98788b3-c49f-4266-b003-f95ea1c0e2a0";6079;"IL";"Chicago";1;6;2012;0;18;"20120618"
"65.32.77.45";"US";-97.000000;38.000000;"AS33363 BRIGHT HOUSE NETWORKS, LLC";"mlab4-nuq01";0.088139;1178963.227005;"0.004012999";"win32";"64.9.225.186";"bittorrent";1339982041;150064.877133;-1.000000;"29daca95-9628-479f-b4be-ee35e322c612";33363;"";"";1;6;2012;0;18;"20120618"
"24.46.196.47";"US";-73.686200;40.793900;"AS6128 Cablevision Systems Corp.";"mlab4-nuq01";0.079417;1320169.954503;"0.004012999";"win32";"64.9.225.186";"bittorrent";1339982652;244287.629353;-1.000000;"103cc2f1-ddd5-4016-83cc-cdd357e7a81a";6128;"NY";"Manhasset";1;6;2012;0;18;"20120618"
"99.104.57.129";"US";-87.701600;41.975900;"AS7018 AT&T Services, Inc.";"mlab4-nuq01";0.303889;80790.884951;"0.004012999";"darwin";"64.9.225.186";"bittorrent";1339982691;7358.376593;-1.000000;"d6f10baf-3b6d-47fb-999c-6d4188d2d4b2";7018;"IL";"Chicago";1;6;2012;0;18;"20120618"
"24.61.63.89";"US";-71.031600;42.399700;"AS7922 Comcast Cable Communications, Inc.";"mlab4-nuq01";0.113934;572713.530497;"0.004012999";"win32";"64.9.225.186";"speedtest";1339983010;421906.783826;0.106514;"641fcec9-64c6-4ec1-a213-90d958a6f9a1";7922;"MA";"Chelsea";1;6;2012;0;18;"20120618"
"71.192.154.157";"US";-71.051200;42.406300;"AS7922 Comcast Cable Communications, Inc.";"mlab4-nuq01";0.110137;238653.100655;"0.004012999";"darwin";"64.9.225.186";"bittorrent";1339985399;413317.825970;-1.000000;"65fb0ed5-8aab-4ca3-973b-6f6abd2e24d4";7922;"MA";"Everett";2;6;2012;0;18;"20120618"
"66.66.21.182";"US";-77.602400;43.185800;"AS11351 Time Warner Cable Internet LLC";"mlab4-nuq01";0.076503;778968.403264;"0.004012999";"win32";"64.9.225.186";"speedtest";1339985427;608765.665693;0.078857;"b4fb3816-21d6-43b3-91fc-aabe40980e90";11351;"NY";"Rochester";2;6;2012;0;18;"20120618"
"208.57.38.36";"US";-117.164900;32.807200;"AS14265 Telepacific Communications";"mlab4-nuq01";0.026135;174316.089451;"0.004011999";"linux2";"64.9.225.186";"speedtest";1339986055;179605.198827;0.032682;"71bb2b47-414f-414d-b8ff-f1237c21f432";14265;"CA";"San Diego";2;6;2012;0;18;"20120618"
"24.22.135.177";"US";-122.332100;47.606200;"AS7922 Comcast Cable Communications, Inc.";"mlab4-nuq01";0.046487;2526336.994910;"0.004012999";"linux2";"64.9.225.186";"speedtest";1339986132;268794.158293;0.031600;"04cea472-6610-42db-acd2-c644a3d4447f";7922;"WA";"Seattle";2;6;2012;0;18;"20120618"
"67.77.90.108";"US";-82.079100;29.925400;"AS2379 Embarq Corporation";"mlab4-nuq01";0.093485;799018.332224;"0.004012999";"win32";"64.9.225.186";"bittorrent";1339986151;89710.726129;-1.000000;"b931e1a4-35d0-4ccf-96a9-c4a7c2d31f8b";2379;"FL";"Starke";2;6;2012;0;18;"20120618"
"108.0.16.252";"US";-118.142300;33.771100;"AS701 MCI Communications Services, Inc. d/b/a Verizon Business";"mlab4-nuq01";0.025338;1833403.694116;"0.004012999";"darwin";"64.9.225.186";"bittorrent";1339987797;684632.922521;-1.000000;"b13eed9c-7499-4364-89ba-e85068191268";701;"CA";"Long Beach";2;6;2012;0;18;"20120618"
"24.24.223.229";"US";-118.404100;33.916400;"AS20001 Time Warner Cable Internet LLC";"mlab4-nuq01";10.624909;27668.901172;"0.004012999";"linux2";"64.9.225.186";"speedtest";1339988063;39167.773764;1.309251;"36cfd7f8-0f92-42e9-be32-71c3f4d2fe09";20001;"CA";"El Segundo";2;6;2012;0;18;"20120618"
"99.99.213.185";"US";-85.882800;42.855500;"AS7018 AT&T Services, Inc.";"mlab4-nuq01";0.085297;1413207.586416;"0.004012999";"linux2";"64.9.225.186";"bittorrent";1339988270;184248.807740;-1.000000;"22998df3-a92a-4573-b9f5-476782c2c770";7018;"MI";"Hudsonville";2;6;2012;0;18;"20120618"
"173.246.102.187";"US";-76.612200;39.290400;"AS29169 Gandi SAS";"mlab4-nuq01";0.073236;2865405.028430;"0.004011999";"linux2";"64.9.225.186";"speedtest";1339989498;705087.929425;0.074886;"a57cd6aa-6b9a-40e3-ae4c-0685546dd104";29169;"MD";"Baltimore";3;6;2012;0;18;"20120618"
"99.27.132.203";"US";-122.036300;37.368800;"AS7132 AS for SBIS-AS";"mlab4-nuq01";0.015506;622899.829640;"0.004012999";"linux2";"64.9.225.186";"speedtest";1339989590;76040.478301;0.019108;"d0271e0a-854f-4f73-b087-7be4c60e4f8c";7132;"CA";"Sunnyvale";3;6;2012;0;18;"20120618"
"69.251.194.209";"US";-77.177000;39.175200;"AS7922 Comcast Cable Communications, Inc.";"mlab4-nuq01";0.096351;1632869.937740;"0.004011999";"win32";"64.9.225.186";"speedtest";1339989773;469951.855988;0.096712;"5ab805cf-b023-4309-9496-d8b22873a074";7922;"MD";"Montgomery Village";3;6;2012;0;18;"20120618"
"98.203.140.223";"US";-122.304300;47.610200;"AS7922 Comcast Cable Communications, Inc.";"mlab4-nuq01";0.068861;3010575.767870;"0.004012999";"linux2";"64.9.225.186";"bittorrent";1339990313;472043.135460;-1.000000;"4bf1068a-cabe-4254-a52f-c2914db03ade";7922;"WA";"Seattle";3;6;2012;0;18;"20120618"
"69.148.250.152";"US";-97.337500;37.692200;"AS7018 AT&T Services, Inc.";"mlab4-nuq01";0.104306;160098.350625;"0.004012999";"win32";"64.9.225.186";"bittorrent";1339990505;38633.132983;-1.000000;"acd06144-444b-4f3e-8410-58a01e77f7a8";7018;"KS";"Wichita";3;6;2012;0;18;"20120618"
"68.175.101.106";"US";-74.006000;40.714300;"AS12271 Time Warner Cable Internet LLC";"mlab4-nuq01";0.083413;779946.144600;"0.004012999";"darwin";"64.9.225.186";"bittorrent";1339990662;638751.425392;-1.000000;"bff92ae8-06db-4514-9002-ba6c8f7bec43";12271;"NY";"New York";3;6;2012;0;18;"20120618"
"98.124.100.208";"US";-80.038400;33.118000;"AS16863 Home Telephone Company, Inc.";"mlab4-nuq01";0.099921;1144424.924257;"0.004012999";"linux2";"64.9.225.186";"bittorrent";1339991079;156295.543470;-1.000000;"adcd5d0f-b5f4-47e4-9505-249669f515a0";16863;"SC";"Moncks Corner";3;6;2012;0;18;"20120618"
"68.40.185.45";"US";-83.740900;42.277600;"AS7922 Comcast Cable Communications, Inc.";"mlab4-nuq01";0.089023;1040158.497609;"0.004012999";"darwin";"64.9.225.186";"bittorrent";1339991479;763276.662887;-1.000000;"f77a7853-1ba8-4219-aa2c-2157b5e89023";7922;"MI";"Ann Arbor";3;6;2012;0;18;"20120618"
"75.140.153.254";"US";-121.654400;37.130500;"AS20115 Charter Communications";"mlab4-nuq01";0.020044;3728937.088630;"0.004012999";"darwin";"64.9.225.186";"speedtest";1339991673;638117.313974;0.023949;"a039434c-d8c0-4f4d-8050-4153de22c986";20115;"CA";"Morgan Hill";3;6;2012;0;18;"20120618"
"75.75.156.100";"US";-77.229100;39.841800;"AS7922 Comcast Cable Communications, Inc.";"mlab4-nuq01";0.562611;482403.599420;"0.004012999";"win32";"64.9.225.186";"speedtest";1339991780;89160.812716;0.106299;"74807f51-f20f-4c2b-8aa7-32eb64040c5e";7922;"PA";"Gettysburg";3;6;2012;0;18;"20120618"
"66.188.113.29";"US";-97.000000;38.000000;"AS20115 Charter Communications";"mlab4-nuq01";0.080168;1765090.346664;"0.004012999";"darwin";"64.9.225.186";"bittorrent";1339991856;380356.667201;-1.000000;"3f295a53-7a79-47cb-bd75-f79b53a6ae22";20115;"";"";3;6;2012;0;18;"20120618"
"98.243.192.146";"US";-84.594100;42.860200;"AS7922 Comcast Cable Communications, Inc.";"mlab4-nuq01";0.102483;575649.468414;"0.004012999";"darwin";"64.9.225.186";"bittorrent";1339992274;466863.897294;-1.000000;"69a61dac-c7ac-4b16-b86b-4bd2f3990f62";7922;"MI";"Dewitt";4;6;2012;0;18;"20120618"
"71.118.241.200";"US";-118.880000;34.213300;"AS701 MCI Communications Services, Inc. d/b/a Verizon Business";"mlab4-nuq01";0.026597;3031556.485230;"0.004012999";"darwin";"64.9.225.186";"speedtest";1339992305;1730924.391510;0.026559;"6240ede4-4770-4ab9-a1a5-5df49c84c463";701;"CA";"Thousand Oaks";4;6;2012;0;18;"20120618"
"66.188.113.29";"US";-97.000000;38.000000;"AS20115 Charter Communications";"mlab4-nuq01";0.078234;913733.716814;"0.004012999";"darwin";"64.9.225.186";"speedtest";1339993429;360699.419305;0.081608;"3f295a53-7a79-47cb-bd75-f79b53a6ae22";20115;"";"";4;6;2012;0;18;"20120618"
"24.61.63.89";"US";-71.031600;42.399700;"AS7922 Comcast Cable Communications, Inc.";"mlab4-nuq01";0.113985;570565.642588;"0.004012999";"win32";"64.9.225.186";"bittorrent";1339993724;402072.872541;-1.000000;"641fcec9-64c6-4ec1-a213-90d958a6f9a1";7922;"MA";"Chelsea";4;6;2012;0;18;"20120618"
"74.103.162.36";"US";-75.114700;40.427800;"AS701 MCI Communications Services, Inc. d/b/a Verizon Business";"mlab4-nuq01";0.086218;735694.756389;"0.004012999";"darwin";"64.9.225.186";"speedtest";1339994082;629437.742019;0.085900;"4eec0d76-fa70-4b4c-91f9-8cb1b74b0682";701;"PA";"Pipersville";4;6;2012;0;18;"20120618"
"99.99.213.185";"US";-85.882800;42.855500;"AS7018 AT&T Services, Inc.";"mlab4-nuq01";0.084749;1404142.838113;"0.004012999";"linux2";"64.9.225.186";"bittorrent";1339994223;184017.497416;-1.000000;"22998df3-a92a-4573-b9f5-476782c2c770";7018;"MI";"Hudsonville";4;6;2012;0;18;"20120618"
"50.12.211.162";"US";-93.263800;44.980000;"AS16586 CLEARWIRE - CLEAR WIRELESS LLC";"mlab4-nuq01";0.127624;452901.938780;"0.004012999";"darwin";"64.9.225.186";"speedtest";1339994384;138814.979392;0.128242;"3955a411-3e83-4a8e-aa8e-165233e306e9";16586;"MN";"Minneapolis";4;6;2012;0;18;"20120618"
"98.203.140.223";"US";-122.304300;47.610200;"AS7922 Comcast Cable Communications, Inc.";"mlab4-nuq01";0.031522;2954224.484270;"0.004012999";"linux2";"64.9.225.186";"speedtest";1339994334;468738.100652;0.041678;"4bf1068a-cabe-4254-a52f-c2914db03ade";7922;"WA";"Seattle";4;6;2012;0;18;"20120618"
"75.140.153.254";"US";-121.654400;37.130500;"AS20115 Charter Communications";"mlab4-nuq01";0.025955;2626292.845630;"0.004012999";"darwin";"64.9.225.186";"speedtest";1339994953;642401.704743;0.024037;"a039434c-d8c0-4f4d-8050-4153de22c986";20115;"CA";"Morgan Hill";4;6;2012;0;18;"20120618"
"70.122.243.11";"US";-97.015000;32.954600;"AS11427 Time Warner Cable Internet LLC";"mlab4-nuq01";0.185102;3368113.974795;"0.004012999";"win32";"64.9.225.186";"bittorrent";1339995070;185086.250276;-1.000000;"bab8f612-1f34-46c2-a83e-fbaa7a2f8fa7";11427;"TX";"Coppell";4;6;2012;0;18;"20120618"
"74.163.8.166";"US";-86.875000;30.446700;"AS6389 BellSouth.net Inc.";"mlab4-nuq01";0.095043;477468.700443;"0.004012999";"win32";"64.9.225.186";"bittorrent";1339995236;48990.694384;-1.000000;"4565989b-987f-4c3c-aa75-a740afde3068";6389;"FL";"Navarre";4;6;2012;0;18;"20120618"
"24.22.135.177";"US";-122.332100;47.606200;"AS7922 Comcast Cable Communications, Inc.";"mlab4-nuq01";0.028654;3117418.070740;"0.004012999";"linux2";"64.9.225.186";"bittorrent";1339996292;465140.070930;-1.000000;"04cea472-6610-42db-acd2-c644a3d4447f";7922;"WA";"Seattle";5;6;2012;0;18;"20120618"
"71.237.28.39";"US";-104.984700;39.739200;"AS7922 Comcast Cable Communications, Inc.";"mlab4-nuq01";0.044217;1238758.020880;"0.004012999";"darwin";"64.9.225.186";"speedtest";1339996638;468752.411607;0.077642;"95e96326-78fe-4507-8b06-f60611a1b7ad";7922;"CO";"Denver";5;6;2012;0;18;"20120618"
"208.102.218.140";"US";-84.897500;39.285200;"AS6181 Cincinnati Bell Telephone";"mlab4-nuq01";0.068800;1016214.714660;"0.004012999";"win32";"64.9.225.186";"speedtest";1339996806;228122.779669;0.071066;"59bc30c0-4f87-4fbd-8bb7-35768315d718";6181;"IN";"West Harrison";5;6;2012;0;18;"20120618"
"50.12.211.162";"US";-93.263800;44.980000;"AS16586 CLEARWIRE - CLEAR WIRELESS LLC";"mlab4-nuq01";0.127053;407725.628286;"0.004012999";"darwin";"64.9.225.186";"speedtest";1339997419;137996.739116;0.130275;"3955a411-3e83-4a8e-aa8e-165233e306e9";16586;"MN";"Minneapolis";5;6;2012;0;18;"20120618"
"71.190.171.206";"US";-73.525400;40.767000;"AS701 MCI Communications Services, Inc. d/b/a Verizon Business";"mlab4-nuq01";0.086808;3152207.607640;"0.004012999";"linux2";"64.9.225.186";"speedtest";1339997451;1165891.577840;0.087360;"dfd87da2-1968-48ac-9bd2-5469644e29e4";701;"NY";"Hicksville";5;6;2012;0;18;"20120618"
"98.214.132.10";"US";-89.589000;40.693600;"AS7922 Comcast Cable Communications, Inc.";"mlab4-nuq01";0.229576;4372717.727621;"0.004012999";"darwin";"64.9.225.186";"bittorrent";1339997695;786723.438231;-1.000000;"ac008ee9-df9b-425b-a370-34b57dce1b90";7922;"IL";"Peoria";5;6;2012;0;18;"20120618"
"75.140.153.254";"US";-121.654400;37.130500;"AS20115 Charter Communications";"mlab4-nuq01";0.031015;2596697.677430;"0.004012999";"darwin";"64.9.225.186";"speedtest";1339998224;638101.630891;0.025201;"a039434c-d8c0-4f4d-8050-4153de22c986";20115;"CA";"Morgan Hill";5;6;2012;0;18;"20120618"
"74.103.162.36";"US";-75.114700;40.427800;"AS701 MCI Communications Services, Inc. d/b/a Verizon Business";"mlab4-nuq01";0.084234;1887545.543679;"0.004012999";"darwin";"64.9.225.186";"bittorrent";1339998921;667654.286654;-1.000000;"4eec0d76-fa70-4b4c-91f9-8cb1b74b0682";701;"PA";"Pipersville";5;6;2012;0;18;"20120618"
"50.83.240.108";"US";-95.977900;45.232200;"AS30036 Mediacom Communications Corp";"mlab4-nuq01";0.067894;1478399.863205;"0.004012999";"darwin";"64.9.225.186";"bittorrent";1340000086;344871.134904;-1.000000;"43af2f72-3dc4-4824-9ff7-faa06a3cb206";30036;"MN";"Appleton";6;6;2012;0;18;"20120618"
"97.126.49.211";"US";-122.217100;47.482900;"AS209 NOVARTIS-DMZ-US";"mlab4-nuq01";0.088883;265962.975353;"0.004012999";"darwin";"64.9.225.186";"bittorrent";1340001226;88003.854019;-1.000000;"8e65a2a9-47d4-4adc-a937-76425a1f5bfe";209;"WA";"Renton";6;6;2012;0;18;"20120618"
"74.163.8.166";"US";-86.875000;30.446700;"AS6389 BellSouth.net Inc.";"mlab4-nuq01";0.126087;133610.098718;"0.004012999";"win32";"64.9.225.186";"bittorrent";1340001746;38702.691053;-1.000000;"4565989b-987f-4c3c-aa75-a740afde3068";6389;"FL";"Navarre";6;6;2012;0;18;"20120618"
"67.168.66.115";"US";-122.630500;48.321800;"AS7922 Comcast Cable Communications, Inc.";"mlab4-nuq01";0.034763;2906846.950987;"0.004012999";"win32";"64.9.225.186";"bittorrent";1340002815;691811.860572;-1.000000;"3ee99b5a-2c05-4823-a555-34b90b697de5";7922;"WA";"Oak Harbor";7;6;2012;0;18;"20120618"
"71.192.154.157";"US";-71.051200;42.406300;"AS7922 Comcast Cable Communications, Inc.";"mlab4-nuq01";0.108981;187194.852753;"0.004012999";"darwin";"64.9.225.186";"bittorrent";1340003729;434856.551888;-1.000000;"65fb0ed5-8aab-4ca3-973b-6f6abd2e24d4";7922;"MA";"Everett";7;6;2012;0;18;"20120618"
"67.168.59.54";"US";-122.668000;48.185500;"AS7922 Comcast Cable Communications, Inc.";"mlab4-nuq01";0.034253;3976790.092309;"0.004012999";"win32";"64.9.225.186";"bittorrent";1340004269;721213.700078;-1.000000;"ea22d474-846e-407d-9ebe-cd03ff0d64f4";7922;"WA";"Coupeville";7;6;2012;0;18;"20120618"
"174.31.152.186";"US";-97.000000;38.000000;"AS209 NOVARTIS-DMZ-US";"mlab4-nuq01";0.055234;3165614.906722;"0.004012999";"darwin";"64.9.225.186";"bittorrent";1340004283;592293.809068;-1.000000;"9da9dff5-de02-49ae-a084-b2164425feeb";209;"";"";7;6;2012;0;18;"20120618"
"96.236.133.97";"US";-79.995900;40.440600;"AS701 MCI Communications Services, Inc. d/b/a Verizon Business";"mlab4-nuq01";0.124559;248422.396463;"0.004012999";"linux2";"64.9.225.186";"speedtest";1340004457;106069.897654;0.112239;"002bd52f-5f9d-42eb-9ce6-e310c9db525a";701;"PA";"Pittsburgh";7;6;2012;0;18;"20120618"
"98.251.77.68";"US";-83.949600;33.512000;"AS7922 Comcast Cable Communications, Inc.";"mlab4-nuq01";0.078395;3079973.136267;"0.004011999";"win32";"64.9.225.186";"bittorrent";1340005543;515184.862239;-1.000000;"cbfab653-aed3-47c3-b7d0-e4159cab6582";7922;"GA";"Covington";7;6;2012;0;18;"20120618"
"98.203.140.223";"US";-122.304300;47.610200;"AS7922 Comcast Cable Communications, Inc.";"mlab4-nuq01";0.035041;2804700.328380;"0.004012999";"linux2";"64.9.225.186";"speedtest";1340005945;372659.476373;0.040463;"4bf1068a-cabe-4254-a52f-c2914db03ade";7922;"WA";"Seattle";7;6;2012;0;18;"20120618"
"24.2.64.100";"US";-112.008200;40.477400;"AS7922 Comcast Cable Communications, Inc.";"mlab4-nuq01";0.072776;921919.013798;"0.004012999";"win32";"64.9.225.186";"bittorrent";1340006513;138161.404204;-1.000000;"9a8766b6-803d-48fa-b02a-2091ff6f496e";7922;"UT";"Riverton";8;6;2012;0;18;"20120618"
"71.190.171.206";"US";-73.525400;40.767000;"AS701 MCI Communications Services, Inc. d/b/a Verizon Business";"mlab4-nuq01";0.082451;3119848.379641;"0.004012999";"linux2";"64.9.225.186";"bittorrent";1340007919;1424195.131167;-1.000000;"dfd87da2-1968-48ac-9bd2-5469644e29e4";701;"NY";"Hicksville";8;6;2012;0;18;"20120618"
"68.48.221.17";"US";-76.837500;39.174900;"AS7922 Comcast Cable Communications, Inc.";"mlab4-nuq01";0.089387;719299.517524;"0.004012999";"darwin";"64.9.225.186";"bittorrent";1340009129;658028.565984;-1.000000;"4162ce8a-78ab-4a68-9407-13618360662f";7922;"MD";"Columbia";8;6;2012;0;18;"20120618"
"75.127.236.122";"US";-97.000000;38.000000;"AS6128 Cablevision Systems Corp.";"mlab4-nuq01";0.079863;739989.211976;"0.004012999";"win32";"64.9.225.186";"speedtest";1340010155;548294.498884;0.080494;"560c097a-1dfa-4e05-9893-bdc56e35afc3";6128;"";"";9;6;2012;0;18;"20120618"
"71.204.91.144";"US";-84.447700;34.119000;"AS7922 Comcast Cable Communications, Inc.";"mlab4-nuq01";0.079606;1274911.599190;"0.004012999";"darwin";"64.9.225.186";"speedtest";1340011093;497694.393987;0.079975;"4b4fa0bc-987b-4105-9a0b-83e736a6503c";7922;"GA";"Woodstock";9;6;2012;0;18;"20120618"
"74.60.227.223";"US";-84.561300;39.399500;"AS16586 CLEARWIRE - CLEAR WIRELESS LLC";"mlab4-nuq01";0.118308;214014.428292;"0.004012999";"win32";"64.9.225.186";"speedtest";1340011341;57885.051542;0.128500;"59bc30c0-4f87-4fbd-8bb7-35768315d718";16586;"OH";"Hamilton";9;6;2012;0;18;"20120618"
"184.76.153.6";"US";-96.948900;32.814000;"AS16586 CLEARWIRE - CLEAR WIRELESS LLC";"mlab4-nuq01";0.162638;839592.010801;"0.004012999";"win32";"64.9.225.186";"bittorrent";1340011763;95875.599944;-1.000000;"01b5bd21-bfbf-4fa6-a4bc-c89f3cfd177c";16586;"TX";"Irving";9;6;2012;0;18;"20120618"
"71.118.241.200";"US";-118.880000;34.213300;"AS701 MCI Communications Services, Inc. d/b/a Verizon Business";"mlab4-nuq01";0.025996;3176112.016639;"0.004012999";"darwin";"64.9.225.186";"bittorrent";1340013552;1799884.764544;-1.000000;"6240ede4-4770-4ab9-a1a5-5df49c84c463";701;"CA";"Thousand Oaks";9;6;2012;0;18;"20120618"
"24.130.152.60";"US";-122.088500;37.709000;"AS7922 Comcast Cable Communications, Inc.";"mlab4-nuq01";0.032864;4246425.522352;"0.004012999";"darwin";"64.9.225.186";"bittorrent";1340015735;784854.443870;-1.000000;"92ef1dc6-e5b9-40c8-800b-cc909779319d";7922;"CA";"Castro Valley";10;6;2012;0;18;"20120618"
"71.237.28.39";"US";-104.984700;39.739200;"AS7922 Comcast Cable Communications, Inc.";"mlab4-nuq01";0.045149;1169115.419130;"0.004012999";"darwin";"64.9.225.186";"speedtest";1340016175;430189.253423;0.141834;"95e96326-78fe-4507-8b06-f60611a1b7ad";7922;"CO";"Denver";10;6;2012;0;18;"20120618"
"70.122.243.11";"US";-97.015000;32.954600;"AS11427 Time Warner Cable Internet LLC";"mlab4-nuq01";0.064653;3580832.132768;"0.004012999";"win32";"64.9.225.186";"bittorrent";1340016300;533026.472642;-1.000000;"bab8f612-1f34-46c2-a83e-fbaa7a2f8fa7";11427;"TX";"Coppell";10;6;2012;0;18;"20120618"
"98.124.100.208";"US";-80.038400;33.118000;"AS16863 Home Telephone Company, Inc.";"mlab4-nuq01";0.098916;871015.015787;"0.004012999";"linux2";"64.9.225.186";"speedtest";1340017236;213138.617493;0.089592;"adcd5d0f-b5f4-47e4-9505-249669f515a0";16863;"SC";"Moncks Corner";11;6;2012;0;18;"20120618"
"174.31.152.186";"US";-97.000000;38.000000;"AS209 NOVARTIS-DMZ-US";"mlab4-nuq01";0.043357;3526130.504982;"0.004012999";"darwin";"64.9.225.186";"bittorrent";1340017337;592250.383570;-1.000000;"9da9dff5-de02-49ae-a084-b2164425feeb";209;"";"";11;6;2012;0;18;"20120618"
"76.168.80.127";"US";-118.243700;34.052200;"AS20001 Time Warner Cable Internet LLC";"mlab4-nuq01";0.027215;1607234.007313;"0.004012999";"darwin";"64.9.225.186";"bittorrent";1340017428;121440.137302;-1.000000;"90d62fdd-a880-469e-bb3b-4bf575cfed10";20001;"CA";"Los Angeles";11;6;2012;0;18;"20120618"
"67.168.59.54";"US";-122.668000;48.185500;"AS7922 Comcast Cable Communications, Inc.";"mlab4-nuq01";0.034406;2946930.281990;"0.004012999";"win32";"64.9.225.186";"speedtest";1340017847;525422.753035;0.036197;"ea22d474-846e-407d-9ebe-cd03ff0d64f4";7922;"WA";"Coupeville";11;6;2012;0;18;"20120618"
"98.157.202.20";"US";-87.413900;39.466700;"AS10796 Time Warner Cable Internet LLC";"mlab4-nuq01";1.340034;427263.095582;"0.004011999";"win32";"64.9.225.186";"speedtest";1340018248;23579.274012;0.818289;"9c0fa0e1-b625-407b-8e5d-f979a63c0e77";10796;"IN";"Terre Haute";11;6;2012;0;18;"20120618"
"173.20.36.131";"US";-91.455800;40.452000;"AS30036 Mediacom Communications Corp";"mlab4-nuq01";0.095794;500085.147097;"0.004012999";"win32";"64.9.225.186";"speedtest";1340020911;162592.986072;0.099609;"6b87ac46-1206-4d9c-afa5-d5cab4a872d6";30036;"IA";"Keokuk";12;6;2012;0;18;"20120618"
"76.10.12.242";"US";-88.242600;40.112500;"AS46925 PAVLOV MEDIA INC";"mlab4-nuq01";0.062464;946600.582700;"0.004012999";"win32";"64.9.225.186";"speedtest";1340020992;958511.106524;0.064492;"b2c93218-2fa2-4a04-be8b-f4553cb22e1a";46925;"IL";"Champaign";12;6;2012;0;18;"20120618"
"208.57.38.36";"US";-117.164900;32.807200;"AS14265 Telepacific Communications";"mlab4-nuq01";0.026787;178171.678491;"0.004011999";"linux2";"64.9.225.186";"bittorrent";1340021292;181406.784964;-1.000000;"71bb2b47-414f-414d-b8ff-f1237c21f432";14265;"CA";"San Diego";12;6;2012;0;18;"20120618"
"207.231.92.41";"US";-121.370600;38.784300;"AS14051 Roseville Telephone Company";"mlab4-nuq01";0.005179;3455171.828440;"0.004012999";"win32";"64.9.225.186";"speedtest";1340021528;4577865.379870;0.011146;"cb121e1a-4701-4c5a-91b5-29c9df2b10c0";14051;"CA";"Roseville";12;6;2012;0;18;"20120618"
"72.181.251.247";"US";-96.771500;32.833900;"AS11427 Time Warner Cable Internet LLC";"mlab4-nuq01";0.060379;2117830.174290;"0.004012999";"darwin";"64.9.225.186";"speedtest";1340021814;216814.599013;0.067885;"ec56ca67-ca5b-4ee7-a615-8743ebac3e8a";11427;"TX";"Dallas";12;6;2012;0;18;"20120618"
"68.58.165.186";"US";-80.107000;32.841300;"AS7922 Comcast Cable Communications, Inc.";"mlab4-nuq01";0.097447;514029.215960;"0.004012999";"linux2";"64.9.225.186";"speedtest";1340022847;767148.514822;0.099326;"564f666b-3c55-40d4-a5f8-92064e970a5f";7922;"SC";"Charleston";12;6;2012;0;18;"20120618"
"24.2.64.100";"US";-112.008200;40.477400;"AS7922 Comcast Cable Communications, Inc.";"mlab4-nuq01";0.050152;936148.878852;"0.004012999";"win32";"64.9.225.186";"bittorrent";1340023453;138036.807466;-1.000000;"9a8766b6-803d-48fa-b02a-2091ff6f496e";7922;"UT";"Riverton";12;6;2012;0;18;"20120618"
"98.243.192.146";"US";-84.594100;42.860200;"AS7922 Comcast Cable Communications, Inc.";"mlab4-nuq01";0.112833;599647.379336;"0.004012999";"darwin";"64.9.225.186";"bittorrent";1340023551;426525.772016;-1.000000;"69a61dac-c7ac-4b16-b86b-4bd2f3990f62";7922;"MI";"Dewitt";12;6;2012;0;18;"20120618"
"98.207.87.80";"US";-122.299100;37.409600;"AS7922 Comcast Cable Communications, Inc.";"mlab4-nuq01";0.018962;2906759.413740;"0.004012999";"darwin";"64.9.225.186";"speedtest";1340023648;255079.728552;0.022707;"0f7d671c-779f-4f63-8f54-ca28fcc35fd6";7922;"CA";"Redwood City";12;6;2012;0;18;"20120618"
"71.204.165.181";"US";-122.036300;37.368800;"AS7922 Comcast Cable Communications, Inc.";"mlab4-nuq01";0.021176;2030752.760430;"0.004012999";"darwin";"64.9.225.186";"speedtest";1340024289;522166.297331;0.021638;"1ce7a86b-b408-4815-ae8b-bf0652a278f3";7922;"CA";"Sunnyvale";12;6;2012;0;18;"20120618"
"99.21.145.140";"US";-121.382800;38.626300;"AS7132 AS for SBIS-AS";"mlab4-nuq01";0.063845;586704.533117;"0.004012999";"win32";"64.9.225.186";"speedtest";1340024334;132131.742463;0.116393;"ebeab1c8-defc-4fef-8be3-daa7088a0954";7132;"CA";"Sacramento";12;6;2012;0;18;"20120618"
"76.112.161.232";"US";-83.077200;42.375500;"AS7922 Comcast Cable Communications, Inc.";"mlab4-nuq01";0.102331;524822.460479;"0.004012999";"win32";"64.9.225.186";"bittorrent";1340024497;84795.431361;-1.000000;"5cb4931f-bf67-49bf-a4ec-d36d7495a682";7922;"MI";"Detroit";13;6;2012;0;18;"20120618"
"108.6.12.54";"US";-73.936100;40.740000;"AS701 MCI Communications Services, Inc. d/b/a Verizon Business";"mlab4-nuq01";0.081317;2575358.459090;"0.004011999";"darwin";"64.9.225.186";"speedtest";1340025159;720798.194401;0.085306;"2e291570-e5e9-434c-8fc4-9496c5d43b52";701;"NY";"Long Island City";13;6;2012;0;18;"20120618"
"75.140.153.254";"US";-121.654400;37.130500;"AS20115 Charter Communications";"mlab4-nuq01";0.018889;10622148.325740;"0.004012999";"darwin";"64.9.225.186";"bittorrent";1340025408;640474.964899;-1.000000;"a039434c-d8c0-4f4d-8050-4153de22c986";20115;"CA";"Morgan Hill";13;6;2012;0;18;"20120618"
"67.168.66.115";"US";-122.630500;48.321800;"AS7922 Comcast Cable Communications, Inc.";"mlab4-nuq01";0.033304;2386090.954110;"0.004012999";"win32";"64.9.225.186";"speedtest";1340026079;685864.822855;0.035969;"3ee99b5a-2c05-4823-a555-34b90b697de5";7922;"WA";"Oak Harbor";13;6;2012;0;18;"20120618"
"66.66.21.182";"US";-77.602400;43.185800;"AS11351 Time Warner Cable Internet LLC";"mlab4-nuq01";0.076148;2820252.113599;"0.004012999";"win32";"64.9.225.186";"bittorrent";1340026088;629101.231759;-1.000000;"b4fb3816-21d6-43b3-91fc-aabe40980e90";11351;"NY";"Rochester";13;6;2012;0;18;"20120618"
"75.132.191.176";"US";-89.899800;38.512100;"AS20115 Charter Communications";"mlab4-nuq01";0.067837;3223378.715340;"0.004012999";"win32";"64.9.225.186";"bittorrent";1340026088;401306.674109;-1.000000;"c08311ac-7edd-4390-b447-4ca484b5dacc";20115;"IL";"Belleville";13;6;2012;0;18;"20120618"
"74.163.8.166";"US";-86.875000;30.446700;"AS6389 BellSouth.net Inc.";"mlab4-nuq01";0.094146;151754.621808;"0.004012999";"win32";"64.9.225.186";"speedtest";1340026124;41992.135592;0.136813;"4565989b-987f-4c3c-aa75-a740afde3068";6389;"FL";"Navarre";13;6;2012;0;18;"20120618"
"71.118.241.200";"US";-118.880000;34.213300;"AS701 MCI Communications Services, Inc. d/b/a Verizon Business";"mlab4-nuq01";0.021154;3166851.988897;"0.004012999";"darwin";"64.9.225.186";"bittorrent";1340026557;2187913.226684;-1.000000;"6240ede4-4770-4ab9-a1a5-5df49c84c463";701;"CA";"Thousand Oaks";13;6;2012;0;18;"20120618"
"68.175.101.106";"US";-74.006000;40.714300;"AS12271 Time Warner Cable Internet LLC";"mlab4-nuq01";0.083212;768834.721478;"0.004012999";"darwin";"64.9.225.186";"speedtest";1340026856;594031.913848;0.086012;"bff92ae8-06db-4514-9002-ba6c8f7bec43";12271;"NY";"New York";13;6;2012;0;18;"20120618"
"24.111.85.175";"US";-97.440500;42.935900;"AS11232 Midcontinent Media, Inc.";"mlab4-nuq01";0.063632;239062.399122;"0.004011999";"win32";"64.9.225.186";"speedtest";1340027614;539421.554575;0.063428;"d8e6a54b-6231-4d06-a9c1-bf3a10f484b1";11232;"SD";"Yankton";13;6;2012;0;18;"20120618"
"173.20.36.131";"US";-91.455800;40.452000;"AS30036 Mediacom Communications Corp";"mlab4-nuq01";0.096396;344929.440108;"0.004012999";"win32";"64.9.225.186";"speedtest";1340028169;112951.260520;0.098299;"6b87ac46-1206-4d9c-afa5-d5cab4a872d6";30036;"IA";"Keokuk";14;6;2012;0;18;"20120618"
"68.41.24.217";"US";-83.036000;42.724500;"AS7922 Comcast Cable Communications, Inc.";"mlab4-nuq01";0.087435;1548448.152420;"0.004012999";"win32";"64.9.225.186";"speedtest";1340028264;491498.409850;0.089181;"7acc5903-5884-4564-add3-0be49e9fa576";7922;"MI";"Washington";14;6;2012;0;18;"20120618"
"68.58.165.186";"US";-80.107000;32.841300;"AS7922 Comcast Cable Communications, Inc.";"mlab4-nuq01";0.098319;601021.431897;"0.004012999";"linux2";"64.9.225.186";"speedtest";1340029299;656853.753669;0.104456;"564f666b-3c55-40d4-a5f8-92064e970a5f";7922;"SC";"Charleston";14;6;2012;0;18;"20120618"
"99.104.57.129";"US";-87.701600;41.975900;"AS7018 AT&T Services, Inc.";"mlab4-nuq01";0.282553;72324.970612;"0.004012999";"darwin";"64.9.225.186";"speedtest";1340029675;21870.129932;0.357132;"d6f10baf-3b6d-47fb-999c-6d4188d2d4b2";7018;"IL";"Chicago";14;6;2012;0;18;"20120618"
"72.81.232.139";"US";-76.837500;39.174900;"AS701 MCI Communications Services, Inc. d/b/a Verizon Business";"mlab4-nuq01";0.176700;1181075.581450;"0.004012999";"darwin";"64.9.225.186";"speedtest";1340029719;230795.834684;0.159642;"5d2377cf-2e67-40be-b1dc-e439a545da6f";701;"MD";"Columbia";14;6;2012;0;18;"20120618"
"98.207.87.80";"US";-122.299100;37.409600;"AS7922 Comcast Cable Communications, Inc.";"mlab4-nuq01";0.018837;2915024.221220;"0.004012999";"darwin";"64.9.225.186";"speedtest";1340029731;255139.719031;0.020460;"0f7d671c-779f-4f63-8f54-ca28fcc35fd6";7922;"CA";"Redwood City";14;6;2012;0;18;"20120618"
"68.175.101.106";"US";-74.006000;40.714300;"AS12271 Time Warner Cable Internet LLC";"mlab4-nuq01";0.083360;706547.852055;"0.004012999";"darwin";"64.9.225.186";"speedtest";1340029769;608802.904066;0.086209;"bff92ae8-06db-4514-9002-ba6c8f7bec43";12271;"NY";"New York";14;6;2012;0;18;"20120618"
"76.168.80.127";"US";-118.243700;34.052200;"AS20001 Time Warner Cable Internet LLC";"mlab4-nuq01";0.025451;2731935.293237;"0.004012999";"darwin";"64.9.225.186";"bittorrent";1340029798;121863.022927;-1.000000;"90d62fdd-a880-469e-bb3b-4bf575cfed10";20001;"CA";"Los Angeles";14;6;2012;0;18;"20120618"
"206.255.246.41";"US";-94.740500;32.500700;"AS53508 Cablelynx";"mlab4-nuq01";0.110913;1286882.333556;"0.004012999";"win32";"64.9.225.186";"bittorrent";1340029981;144349.642175;-1.000000;"3a5b4ca4-0887-432d-a115-9f646a867cdb";53508;"TX";"Longview";14;6;2012;0;18;"20120618"
"24.61.63.89";"US";-71.031600;42.399700;"AS7922 Comcast Cable Communications, Inc.";"mlab4-nuq01";0.111267;615203.605456;"0.004012999";"win32";"64.9.225.186";"bittorrent";1340030525;341684.599803;-1.000000;"641fcec9-64c6-4ec1-a213-90d958a6f9a1";7922;"MA";"Chelsea";14;6;2012;0;18;"20120618"
"68.41.24.217";"US";-83.036000;42.724500;"AS7922 Comcast Cable Communications, Inc.";"mlab4-nuq01";0.086115;1320749.802020;"0.004012999";"win32";"64.9.225.186";"speedtest";1340031395;485279.015707;0.088994;"7acc5903-5884-4564-add3-0be49e9fa576";7922;"MI";"Washington";14;6;2012;0;18;"20120618"
"76.24.39.72";"US";-71.691300;42.413600;"AS7922 Comcast Cable Communications, Inc.";"mlab4-nuq01";0.113603;848985.318129;"0.004012999";"win32";"64.9.225.186";"bittorrent";1340031454;443061.291700;-1.000000;"d7fbbeb1-8f79-4feb-9ab1-01beb7b970aa";7922;"MA";"Clinton";14;6;2012;0;18;"20120618"
"98.222.147.136";"US";-85.681400;40.411900;"AS7922 Comcast Cable Communications, Inc.";"mlab4-nuq01";0.086634;2554875.688754;"0.004012999";"linux2";"64.9.225.186";"bittorrent";1340031913;397360.114215;-1.000000;"247a4b73-0dbb-440a-a85f-68d042f5a3a2";7922;"IN";"Fairmount";15;6;2012;0;18;"20120618"
"76.169.71.176";"US";-118.273400;33.963800;"AS20001 Time Warner Cable Internet LLC";"mlab4-nuq01";0.050514;2007004.067120;"0.004011999";"win32";"64.9.225.186";"speedtest";1340032242;122749.254444;0.028848;"2f0c137b-7982-4d9c-b50a-c362f2d810e0";20001;"CA";"Los Angeles";15;6;2012;0;18;"20120618"
"98.207.87.80";"US";-122.299100;37.409600;"AS7922 Comcast Cable Communications, Inc.";"mlab4-nuq01";0.060400;2914461.764920;"0.004012999";"darwin";"64.9.225.186";"speedtest";1340032773;255066.837010;0.024437;"0f7d671c-779f-4f63-8f54-ca28fcc35fd6";7922;"CA";"Redwood City";15;6;2012;0;18;"20120618"
"76.24.39.72";"US";-71.691300;42.413600;"AS7922 Comcast Cable Communications, Inc.";"mlab4-nuq01";0.107364;1072594.582350;"0.004012999";"win32";"64.9.225.186";"speedtest";1340032871;279730.158906;0.110650;"d7fbbeb1-8f79-4feb-9ab1-01beb7b970aa";7922;"MA";"Clinton";15;6;2012;0;18;"20120618"
"68.175.101.106";"US";-74.006000;40.714300;"AS12271 Time Warner Cable Internet LLC";"mlab4-nuq01";0.082488;3671319.502138;"0.004012999";"darwin";"64.9.225.186";"bittorrent";1340034138;557337.699281;-1.000000;"bff92ae8-06db-4514-9002-ba6c8f7bec43";12271;"NY";"New York";15;6;2012;0;18;"20120618"
"173.160.133.65";"US";-122.449200;47.151100;"AS7922 Comcast Cable Communications, Inc.";"mlab4-nuq01";0.037214;553802.388489;"0.004012999";"win32";"64.9.225.186";"bittorrent";1340034293;572416.769820;-1.000000;"cd29f4ce-ebe9-47c8-8b18-9406a9618ac1";7922;"WA";"Tacoma";15;6;2012;0;18;"20120618"
"71.237.28.39";"US";-104.984700;39.739200;"AS7922 Comcast Cable Communications, Inc.";"mlab4-nuq01";0.043556;1431132.590746;"0.004012999";"darwin";"64.9.225.186";"bittorrent";1340034311;464735.160961;-1.000000;"95e96326-78fe-4507-8b06-f60611a1b7ad";7922;"CO";"Denver";15;6;2012;0;18;"20120618"
"68.175.101.106";"US";-74.006000;40.714300;"AS12271 Time Warner Cable Internet LLC";"mlab4-nuq01";0.082269;3170906.202090;"0.004012999";"darwin";"64.9.225.186";"speedtest";1340035595;609806.876222;0.085688;"bff92ae8-06db-4514-9002-ba6c8f7bec43";12271;"NY";"New York";16;6;2012;0;18;"20120618"
"64.20.193.162";"US";-85.110800;42.297900;"AS19653 CTS Communications Corp";"mlab4-nuq01";0.161093;871358.335674;"0.004012999";"darwin";"64.9.225.186";"bittorrent";1340035712;696546.943799;-1.000000;"5acea4ff-2ab8-4f30-a616-293a7915e0b1";19653;"MI";"Battle Creek";16;6;2012;0;18;"20120618"
"108.58.78.250";"US";-73.587600;40.755700;"AS6128 Cablevision Systems Corp.";"mlab4-nuq01";0.084061;1789518.765254;"0.004011999";"win32";"64.9.225.186";"bittorrent";1340035717;661830.426713;-1.000000;"63a2819d-1e01-4d29-9601-39befed63efa";6128;"NY";"Westbury";16;6;2012;0;18;"20120618"
"99.99.213.185";"US";-85.882800;42.855500;"AS7018 AT&T Services, Inc.";"mlab4-nuq01";0.084018;1386182.651823;"0.004012999";"linux2";"64.9.225.186";"bittorrent";1340035904;184172.537323;-1.000000;"22998df3-a92a-4573-b9f5-476782c2c770";7018;"MI";"Hudsonville";16;6;2012;0;18;"20120618"
"70.122.243.11";"US";-97.015000;32.954600;"AS11427 Time Warner Cable Internet LLC";"mlab4-nuq01";0.063887;2671941.112140;"0.004012999";"win32";"64.9.225.186";"speedtest";1340036015;593080.115917;0.066441;"bab8f612-1f34-46c2-a83e-fbaa7a2f8fa7";11427;"TX";"Coppell";16;6;2012;0;18;"20120618"
"207.231.92.41";"US";-121.370600;38.784300;"AS14051 Roseville Telephone Company";"mlab4-nuq01";4.226701;2016317.961530;"0.004012999";"win32";"64.9.225.186";"speedtest";1340036033;4131141.684800;0.082366;"cb121e1a-4701-4c5a-91b5-29c9df2b10c0";14051;"CA";"Roseville";16;6;2012;0;18;"20120618"
"68.48.221.17";"US";-76.837500;39.174900;"AS7922 Comcast Cable Communications, Inc.";"mlab4-nuq01";0.091120;628344.251419;"0.004012999";"darwin";"64.9.225.186";"speedtest";1340036183;617816.040878;0.183282;"4162ce8a-78ab-4a68-9407-13618360662f";7922;"MD";"Columbia";16;6;2012;0;18;"20120618"
"71.190.171.206";"US";-73.525400;40.767000;"AS701 MCI Communications Services, Inc. d/b/a Verizon Business";"mlab4-nuq01";0.084319;3145119.597520;"0.004012999";"linux2";"64.9.225.186";"speedtest";1340036252;1089133.188600;0.085342;"dfd87da2-1968-48ac-9bd2-5469644e29e4";701;"NY";"Hicksville";16;6;2012;0;18;"20120618"
"66.66.21.182";"US";-77.602400;43.185800;"AS11351 Time Warner Cable Internet LLC";"mlab4-nuq01";0.095586;2316043.187130;"0.004012999";"win32";"64.9.225.186";"speedtest";1340037480;542563.189643;0.077148;"b4fb3816-21d6-43b3-91fc-aabe40980e90";11351;"NY";"Rochester";16;6;2012;0;18;"20120618"
"98.214.132.10";"US";-89.589000;40.693600;"AS7922 Comcast Cable Communications, Inc.";"mlab4-nuq01";0.102843;631311.483214;"0.004012999";"darwin";"64.9.225.186";"speedtest";1340037530;659901.991210;0.100325;"ac008ee9-df9b-425b-a370-34b57dce1b90";7922;"IL";"Peoria";16;6;2012;0;18;"20120618"
"208.57.38.36";"US";-117.164900;32.807200;"AS14265 Telepacific Communications";"mlab4-nuq01";0.026885;172880.410671;"0.004011999";"linux2";"64.9.225.186";"speedtest";1340037892;179695.640835;0.033526;"71bb2b47-414f-414d-b8ff-f1237c21f432";14265;"CA";"San Diego";16;6;2012;0;18;"20120618"
"50.78.87.177";"US";-106.097500;39.574400;"AS7922 Comcast Cable Communications, Inc.";"mlab4-nuq01";0.051530;1046307.066191;"0.004012999";"win32";"64.9.225.186";"bittorrent";1340038303;795800.265270;-1.000000;"c4393561-5207-49e8-879a-bbb805c9188f";7922;"CO";"Frisco";16;6;2012;0;18;"20120618"
"69.143.19.17";"US";-77.104300;38.881000;"AS7922 Comcast Cable Communications, Inc.";"mlab4-nuq01";0.091228;3024952.713984;"0.004012999";"darwin";"64.9.225.186";"bittorrent";1340038504;527948.194545;-1.000000;"9b4267aa-e8b7-40bb-a139-5ad1187a6f5d";7922;"VA";"Arlington";16;6;2012;0;18;"20120618"
"173.160.133.65";"US";-122.449200;47.151100;"AS7922 Comcast Cable Communications, Inc.";"mlab4-nuq01";0.039855;576255.242194;"0.004012999";"win32";"64.9.225.186";"speedtest";1340038711;625345.553043;0.038985;"cd29f4ce-ebe9-47c8-8b18-9406a9618ac1";7922;"WA";"Tacoma";16;6;2012;0;18;"20120618"
"75.127.236.122";"US";-97.000000;38.000000;"AS6128 Cablevision Systems Corp.";"mlab4-nuq01";0.078843;773388.927360;"0.004012999";"win32";"64.9.225.186";"speedtest";1340038729;528312.414250;0.082499;"560c097a-1dfa-4e05-9893-bdc56e35afc3";6128;"";"";16;6;2012;0;18;"20120618"
"74.163.8.166";"US";-86.875000;30.446700;"AS6389 BellSouth.net Inc.";"mlab4-nuq01";0.100258;292952.003449;"0.004012999";"win32";"64.9.225.186";"speedtest";1340039133;45911.335950;0.126218;"4565989b-987f-4c3c-aa75-a740afde3068";6389;"FL";"Navarre";17;6;2012;0;18;"20120618"
"69.249.238.83";"US";-75.163800;39.952300;"AS7922 Comcast Cable Communications, Inc.";"mlab4-nuq01";0.253466;356434.744154;"0.004012999";"win32";"64.9.225.186";"bittorrent";1340039834;48193.122161;-1.000000;"a49b9e19-6f47-4dc7-8196-0fc4dbc9e641";7922;"PA";"Philadelphia";17;6;2012;0;18;"20120618"
"24.111.85.175";"US";-97.440500;42.935900;"AS11232 Midcontinent Media, Inc.";"mlab4-nuq01";0.060519;276398.659254;"0.004011999";"win32";"64.9.225.186";"bittorrent";1340040056;494226.268295;-1.000000;"d8e6a54b-6231-4d06-a9c1-bf3a10f484b1";11232;"SD";"Yankton";17;6;2012;0;18;"20120618"
"76.168.80.127";"US";-118.243700;34.052200;"AS20001 Time Warner Cable Internet LLC";"mlab4-nuq01";0.072132;2716173.848200;"0.004012999";"darwin";"64.9.225.186";"speedtest";1340040695;121230.634814;0.029708;"90d62fdd-a880-469e-bb3b-4bf575cfed10";20001;"CA";"Los Angeles";17;6;2012;0;18;"20120618"
"74.103.162.36";"US";-75.114700;40.427800;"AS701 MCI Communications Services, Inc. d/b/a Verizon Business";"mlab4-nuq01";0.084282;1884922.701816;"0.004012999";"darwin";"64.9.225.186";"bittorrent";1340040824;663930.713473;-1.000000;"4eec0d76-fa70-4b4c-91f9-8cb1b74b0682";701;"PA";"Pipersville";17;6;2012;0;18;"20120618"
"70.114.2.130";"US";-98.399400;29.583400;"AS11427 Time Warner Cable Internet LLC";"mlab4-nuq01";0.060719;2184936.853803;"0.004012999";"linux2";"64.9.225.186";"bittorrent";1340041811;243921.353191;-1.000000;"eef1d069-de63-4f80-84c8-860f065b1f10";11427;"TX";"San Antonio";17;6;2012;0;18;"20120618"
"108.58.78.250";"US";-73.587600;40.755700;"AS6128 Cablevision Systems Corp.";"mlab4-nuq01";0.082668;1391468.412783;"0.004011999";"win32";"64.9.225.186";"bittorrent";1340041924;642137.815294;-1.000000;"63a2819d-1e01-4d29-9601-39befed63efa";6128;"NY";"Westbury";17;6;2012;0;18;"20120618"
"76.168.80.127";"US";-118.243700;34.052200;"AS20001 Time Warner Cable Internet LLC";"mlab4-nuq01";0.027288;3149747.445428;"0.004012999";"darwin";"64.9.225.186";"bittorrent";1340042174;121928.990994;-1.000000;"90d62fdd-a880-469e-bb3b-4bf575cfed10";20001;"CA";"Los Angeles";17;6;2012;0;18;"20120618"
"50.83.240.108";"US";-95.977900;45.232200;"AS30036 Mediacom Communications Corp";"mlab4-nuq01";0.069163;1479906.315055;"0.004012999";"darwin";"64.9.225.186";"bittorrent";1340042383;278900.688311;-1.000000;"43af2f72-3dc4-4824-9ff7-faa06a3cb206";30036;"MN";"Appleton";17;6;2012;0;18;"20120618"
"67.168.59.54";"US";-122.668000;48.185500;"AS7922 Comcast Cable Communications, Inc.";"mlab4-nuq01";0.033715;2426977.679074;"0.004012999";"win32";"64.9.225.186";"bittorrent";1340043474;722840.751898;-1.000000;"ea22d474-846e-407d-9ebe-cd03ff0d64f4";7922;"WA";"Coupeville";18;6;2012;0;18;"20120618"
"68.41.24.217";"US";-83.036000;42.724500;"AS7922 Comcast Cable Communications, Inc.";"mlab4-nuq01";0.085931;1397700.446990;"0.004012999";"win32";"64.9.225.186";"speedtest";1340043915;489471.798086;0.089030;"7acc5903-5884-4564-add3-0be49e9fa576";7922;"MI";"Washington";18;6;2012;0;18;"20120618"
"67.130.216.230";"US";-105.937800;35.687000;"AS209 NOVARTIS-DMZ-US";"mlab4-nuq01";0.316544;37626.372824;"0.004012999";"win32";"64.9.225.186";"speedtest";1340043999;18115.857555;0.353106;"ee8fe911-f84d-4ab8-b486-dda4c138f932";209;"NM";"Santa Fe";18;6;2012;0;18;"20120618"
"24.2.64.100";"US";-112.008200;40.477400;"AS7922 Comcast Cable Communications, Inc.";"mlab4-nuq01";0.049758;867842.856271;"0.004012999";"win32";"64.9.225.186";"speedtest";1340044629;138473.274614;0.051448;"9a8766b6-803d-48fa-b02a-2091ff6f496e";7922;"UT";"Riverton";18;6;2012;0;18;"20120618"
"205.178.18.107";"US";-87.623800;41.884900;"AS6079 RCN";"mlab4-nuq01";0.058229;1926392.405807;"0.004011999";"win32";"64.9.225.186";"bittorrent";1340044966;263086.578450;-1.000000;"e98788b3-c49f-4266-b003-f95ea1c0e2a0";6079;"IL";"Chicago";18;6;2012;0;18;"20120618"
"70.122.243.11";"US";-97.015000;32.954600;"AS11427 Time Warner Cable Internet LLC";"mlab4-nuq01";0.063915;3049447.037050;"0.004012999";"win32";"64.9.225.186";"speedtest";1340045106;483277.746571;0.067238;"bab8f612-1f34-46c2-a83e-fbaa7a2f8fa7";11427;"TX";"Coppell";18;6;2012;0;18;"20120618"
"65.32.77.45";"US";-97.000000;38.000000;"AS33363 BRIGHT HOUSE NETWORKS, LLC";"mlab4-nuq01";0.129276;1231597.223590;"0.004012999";"win32";"64.9.225.186";"bittorrent";1340045833;231800.835473;-1.000000;"29daca95-9628-479f-b4be-ee35e322c612";33363;"";"";18;6;2012;0;18;"20120618"
"96.2.48.78";"US";-96.983300;42.836900;"AS11232 Midcontinent Media, Inc.";"mlab4-nuq01";0.062239;3319767.808990;"0.004012999";"win32";"64.9.225.186";"speedtest";1340046859;417994.882607;0.064851;"5445103e-8ecb-4c12-b5f3-066ee6208757";11232;"SD";"Vermillion";19;6;2012;0;18;"20120618"
"67.130.216.230";"US";-105.937800;35.687000;"AS209 NOVARTIS-DMZ-US";"mlab4-nuq01";0.052246;152497.530007;"0.004012999";"win32";"64.9.225.186";"speedtest";1340046999;55961.873292;0.100653;"ee8fe911-f84d-4ab8-b486-dda4c138f932";209;"NM";"Santa Fe";19;6;2012;0;18;"20120618"
"50.83.240.108";"US";-95.977900;45.232200;"AS30036 Mediacom Communications Corp";"mlab4-nuq01";0.160393;29925.898192;"0.004012999";"darwin";"64.9.225.186";"speedtest";1340047486;270522.956684;0.164285;"43af2f72-3dc4-4824-9ff7-faa06a3cb206";30036;"MN";"Appleton";19;6;2012;0;18;"20120618"
"76.10.12.242";"US";-88.242600;40.112500;"AS46925 PAVLOV MEDIA INC";"mlab4-nuq01";0.157601;118521.349984;"0.004012999";"win32";"64.9.225.186";"bittorrent";1340047650;987113.443413;-1.000000;"b2c93218-2fa2-4a04-be8b-f4553cb22e1a";46925;"IL";"Champaign";19;6;2012;0;18;"20120618"
"71.65.103.69";"US";-83.902700;39.678000;"AS10796 Time Warner Cable Internet LLC";"mlab4-nuq01";0.259193;328255.644064;"0.004012999";"win32";"64.9.225.186";"speedtest";1340048163;47195.854201;0.572323;"6d6c74dc-a35c-4d7b-b891-d665072442c5";10796;"OH";"Xenia";19;6;2012;0;18;"20120618"
"98.243.192.146";"US";-84.594100;42.860200;"AS7922 Comcast Cable Communications, Inc.";"mlab4-nuq01";0.108899;585287.486974;"0.004012999";"darwin";"64.9.225.186";"bittorrent";1340048564;453203.653799;-1.000000;"69a61dac-c7ac-4b16-b86b-4bd2f3990f62";7922;"MI";"Dewitt";19;6;2012;0;18;"20120618"
"50.46.199.114";"US";-122.342600;47.739600;"AS5650 Frontier Communications of America, Inc.";"mlab4-nuq01";0.032449;1819613.611130;"0.004012999";"darwin";"64.9.225.186";"speedtest";1340048860;673669.433621;0.033764;"9c3f8949-43af-4678-be97-2082a5c82606";5650;"WA";"Seattle";19;6;2012;0;18;"20120618"
"74.163.8.166";"US";-86.875000;30.446700;"AS6389 BellSouth.net Inc.";"mlab4-nuq01";0.098597;112762.159041;"0.004012999";"win32";"64.9.225.186";"speedtest";1340048910;38757.164924;0.113261;"4565989b-987f-4c3c-aa75-a740afde3068";6389;"FL";"Navarre";19;6;2012;0;18;"20120618"
"65.32.77.45";"US";-97.000000;38.000000;"AS33363 BRIGHT HOUSE NETWORKS, LLC";"mlab4-nuq01";0.087555;1216713.328031;"0.004012999";"win32";"64.9.225.186";"bittorrent";1340049022;228526.017530;-1.000000;"29daca95-9628-479f-b4be-ee35e322c612";33363;"";"";19;6;2012;0;18;"20120618"
"98.207.87.80";"US";-122.299100;37.409600;"AS7922 Comcast Cable Communications, Inc.";"mlab4-nuq01";0.048593;3156660.588942;"0.004012999";"darwin";"64.9.225.186";"bittorrent";1340049524;244502.705340;-1.000000;"0f7d671c-779f-4f63-8f54-ca28fcc35fd6";7922;"CA";"Redwood City";19;6;2012;0;18;"20120618"
"24.2.64.100";"US";-112.008200;40.477400;"AS7922 Comcast Cable Communications, Inc.";"mlab4-nuq01";0.068795;781255.488954;"0.004012999";"win32";"64.9.225.186";"speedtest";1340050437;140277.534659;0.053819;"9a8766b6-803d-48fa-b02a-2091ff6f496e";7922;"UT";"Riverton";20;6;2012;0;18;"20120618"
"71.192.154.157";"US";-71.051200;42.406300;"AS7922 Comcast Cable Communications, Inc.";"mlab4-nuq01";0.113214;97075.376340;"0.004012999";"darwin";"64.9.225.186";"speedtest";1340050834;432670.269531;0.108384;"65fb0ed5-8aab-4ca3-973b-6f6abd2e24d4";7922;"MA";"Everett";20;6;2012;0;18;"20120618"
"75.145.125.61";"US";-104.984700;39.739200;"AS7922 Comcast Cable Communications, Inc.";"mlab4-nuq01";0.069315;2752610.199520;"0.004012999";"linux2";"64.9.225.186";"speedtest";1340051037;469706.083677;0.054638;"d3080793-9920-4346-9c49-3a102587393e";7922;"CO";"Denver";20;6;2012;0;18;"20120618"
"71.237.28.39";"US";-104.984700;39.739200;"AS7922 Comcast Cable Communications, Inc.";"mlab4-nuq01";0.045013;1418688.583414;"0.004012999";"darwin";"64.9.225.186";"bittorrent";1340051145;460183.566373;-1.000000;"95e96326-78fe-4507-8b06-f60611a1b7ad";7922;"CO";"Denver";20;6;2012;0;18;"20120618"
"98.22.138.166";"US";-95.790800;36.052600;"AS7029 Windstream Communications Inc";"mlab4-nuq01";0.065100;104981.599901;"0.004012999";"win32";"64.9.225.186";"speedtest";1340051526;76219.567442;0.070580;"eb27082c-e25b-4239-869e-8ba23d438a17";7029;"OK";"Broken Arrow";20;6;2012;0;18;"20120618"
"24.2.64.100";"US";-112.008200;40.477400;"AS7922 Comcast Cable Communications, Inc.";"mlab4-nuq01";0.050015;921763.582724;"0.004012999";"win32";"64.9.225.186";"bittorrent";1340051849;137575.097039;-1.000000;"9a8766b6-803d-48fa-b02a-2091ff6f496e";7922;"UT";"Riverton";20;6;2012;0;18;"20120618"
"99.130.96.199";"US";-117.490800;33.932900;"AS7018 AT&T Services, Inc.";"mlab4-nuq01";0.036851;1424995.627040;"0.004012999";"linux2";"64.9.225.186";"speedtest";1340052037;181615.669779;0.037646;"0a3b2944-23c0-4116-a068-0d5627c0dec9";7018;"CA";"Riverside";20;6;2012;0;18;"20120618"
"68.40.185.45";"US";-83.740900;42.277600;"AS7922 Comcast Cable Communications, Inc.";"mlab4-nuq01";0.118679;779707.131424;"0.004012999";"darwin";"64.9.225.186";"speedtest";1340052121;724743.235331;0.100880;"f77a7853-1ba8-4219-aa2c-2157b5e89023";7922;"MI";"Ann Arbor";20;6;2012;0;18;"20120618"
"71.206.108.75";"US";-84.525500;42.742200;"AS7922 Comcast Cable Communications, Inc.";"mlab4-nuq01";0.104286;97141.325607;"0.004011999";"win32";"64.9.225.186";"bittorrent";1340052408;111062.685057;-1.000000;"ffaa390e-2089-4db5-9b0b-c03d5eed4c9f";7922;"MI";"Lansing";20;6;2012;0;18;"20120618"
"71.118.241.200";"US";-118.880000;34.213300;"AS701 MCI Communications Services, Inc. d/b/a Verizon Business";"mlab4-nuq01";0.020974;3174804.125778;"0.004012999";"darwin";"64.9.225.186";"bittorrent";1340052590;1782493.280764;-1.000000;"6240ede4-4770-4ab9-a1a5-5df49c84c463";701;"CA";"Thousand Oaks";20;6;2012;0;18;"20120618"
"68.48.221.17";"US";-76.837500;39.174900;"AS7922 Comcast Cable Communications, Inc.";"mlab4-nuq01";0.090717;637555.123987;"0.004012999";"darwin";"64.9.225.186";"speedtest";1340053214;627889.324953;0.161744;"4162ce8a-78ab-4a68-9407-13618360662f";7922;"MD";"Columbia";21;6;2012;0;18;"20120618"
"24.2.64.100";"US";-112.008200;40.477400;"AS7922 Comcast Cable Communications, Inc.";"mlab4-nuq01";0.081011;887895.808071;"0.004012999";"win32";"64.9.225.186";"speedtest";1340053259;139857.715938;0.052035;"9a8766b6-803d-48fa-b02a-2091ff6f496e";7922;"UT";"Riverton";21;6;2012;0;18;"20120618"
"69.143.19.17";"US";-77.104300;38.881000;"AS7922 Comcast Cable Communications, Inc.";"mlab4-nuq01";0.091306;2440326.628900;"0.004012999";"darwin";"64.9.225.186";"speedtest";1340053828;350489.251804;0.099097;"9b4267aa-e8b7-40bb-a139-5ad1187a6f5d";7922;"VA";"Arlington";21;6;2012;0;18;"20120618"
"71.204.91.144";"US";-84.447700;34.119000;"AS7922 Comcast Cable Communications, Inc.";"mlab4-nuq01";0.104896;1644087.508154;"0.004012999";"darwin";"64.9.225.186";"bittorrent";1340054302;491161.115261;-1.000000;"4b4fa0bc-987b-4105-9a0b-83e736a6503c";7922;"GA";"Woodstock";21;6;2012;0;18;"20120618"
"108.0.16.252";"US";-118.142300;33.771100;"AS701 MCI Communications Services, Inc. d/b/a Verizon Business";"mlab4-nuq01";0.023016;1772196.329305;"0.004012999";"darwin";"64.9.225.186";"bittorrent";1340054850;690623.121152;-1.000000;"b13eed9c-7499-4364-89ba-e85068191268";701;"CA";"Long Beach";21;6;2012;0;18;"20120618"
"69.143.19.17";"US";-77.104300;38.881000;"AS7922 Comcast Cable Communications, Inc.";"mlab4-nuq01";0.176682;3026891.135534;"0.004012999";"darwin";"64.9.225.186";"bittorrent";1340055222;517999.155063;-1.000000;"9b4267aa-e8b7-40bb-a139-5ad1187a6f5d";7922;"VA";"Arlington";21;6;2012;0;18;"20120618"
"132.161.219.98";"US";-92.717600;41.721700;"AS22949 Grinnell College";"mlab4-nuq01";0.080844;2115846.761364;"0.004012999";"win32";"64.9.225.186";"bittorrent";1340055603;226201.254700;-1.000000;"de23301c-c09c-4e47-aa2b-90a625720856";22949;"IA";"Grinnell";21;6;2012;0;18;"20120618"
"71.190.171.206";"US";-73.525400;40.767000;"AS701 MCI Communications Services, Inc. d/b/a Verizon Business";"mlab4-nuq01";0.086712;3664542.087865;"0.004012999";"linux2";"64.9.225.186";"bittorrent";1340055891;1305101.141827;-1.000000;"dfd87da2-1968-48ac-9bd2-5469644e29e4";701;"NY";"Hicksville";21;6;2012;0;18;"20120618"
"173.160.133.65";"US";-122.449200;47.151100;"AS7922 Comcast Cable Communications, Inc.";"mlab4-nuq01";0.039932;580248.609500;"0.004012999";"win32";"64.9.225.186";"speedtest";1340056396;575124.402372;0.038681;"cd29f4ce-ebe9-47c8-8b18-9406a9618ac1";7922;"WA";"Tacoma";21;6;2012;0;18;"20120618"
"67.168.59.54";"US";-122.668000;48.185500;"AS7922 Comcast Cable Communications, Inc.";"mlab4-nuq01";0.034374;3171554.032650;"0.004012999";"win32";"64.9.225.186";"speedtest";1340057026;663034.343717;0.037452;"ea22d474-846e-407d-9ebe-cd03ff0d64f4";7922;"WA";"Coupeville";22;6;2012;0;18;"20120618"
"71.204.91.144";"US";-84.447700;34.119000;"AS7922 Comcast Cable Communications, Inc.";"mlab4-nuq01";0.075325;1184811.730768;"0.004012999";"darwin";"64.9.225.186";"bittorrent";1340057301;517208.719395;-1.000000;"4b4fa0bc-987b-4105-9a0b-83e736a6503c";7922;"GA";"Woodstock";22;6;2012;0;18;"20120618"
"96.2.48.78";"US";-96.983300;42.836900;"AS11232 Midcontinent Media, Inc.";"mlab4-nuq01";0.254701;1023499.332169;"0.004011999";"win32";"64.9.225.186";"bittorrent";1340057332;498206.855166;-1.000000;"a7ed429a-44c3-4195-a0e5-7eac41680125";11232;"SD";"Vermillion";22;6;2012;0;18;"20120618"
"98.222.147.136";"US";-85.681400;40.411900;"AS7922 Comcast Cable Communications, Inc.";"mlab4-nuq01";0.091528;2595802.664540;"0.004012999";"linux2";"64.9.225.186";"speedtest";1340057731;256761.743619;0.103927;"247a4b73-0dbb-440a-a85f-68d042f5a3a2";7922;"IN";"Fairmount";22;6;2012;0;18;"20120618"
"70.122.243.11";"US";-97.015000;32.954600;"AS11427 Time Warner Cable Internet LLC";"mlab4-nuq01";0.066313;3567816.218349;"0.004012999";"win32";"64.9.225.186";"bittorrent";1340058749;641041.837715;-1.000000;"bab8f612-1f34-46c2-a83e-fbaa7a2f8fa7";11427;"TX";"Coppell";22;6;2012;0;18;"20120618"
"76.169.71.176";"US";-118.273400;33.963800;"AS20001 Time Warner Cable Internet LLC";"mlab4-nuq01";0.141625;232386.591990;"0.004011999";"win32";"64.9.225.186";"bittorrent";1340059085;86343.167538;-1.000000;"2f0c137b-7982-4d9c-b50a-c362f2d810e0";20001;"CA";"Los Angeles";22;6;2012;0;18;"20120618"
"71.237.28.39";"US";-104.984700;39.739200;"AS7922 Comcast Cable Communications, Inc.";"mlab4-nuq01";0.045513;1413841.456911;"0.004012999";"darwin";"64.9.225.186";"bittorrent";1340059528;428791.357165;-1.000000;"95e96326-78fe-4507-8b06-f60611a1b7ad";7922;"CO";"Denver";22;6;2012;0;18;"20120618"
"96.236.133.97";"US";-79.995900;40.440600;"AS701 MCI Communications Services, Inc. d/b/a Verizon Business";"mlab4-nuq01";0.104692;463129.979306;"0.004012999";"linux2";"64.9.225.186";"bittorrent";1340060442;236083.383415;-1.000000;"002bd52f-5f9d-42eb-9ce6-e310c9db525a";701;"PA";"Pittsburgh";23;6;2012;0;18;"20120618"
"67.80.190.212";"US";-73.623200;40.874200;"AS6128 Cablevision Systems Corp.";"mlab4-nuq01";0.086648;2178385.187051;"0.004012999";"win32";"64.9.225.186";"bittorrent";1340060648;260874.844620;-1.000000;"103cc2f1-ddd5-4016-83cc-cdd357e7a81a";6128;"NY";"Glen Cove";23;6;2012;0;18;"20120618"
"97.65.115.51";"US";-122.393300;37.769700;"AS4323 tw telecom holdings, inc.";"mlab4-nuq01";0.004676;1123456.859320;"0.004012999";"win32";"64.9.225.186";"speedtest";1340060409;1059817.521340;0.009970;"e54bd867-c3d4-475c-aa3f-d513bac1c0f1";4323;"CA";"San Francisco";23;6;2012;0;18;"20120618"
"24.2.64.100";"US";-112.008200;40.477400;"AS7922 Comcast Cable Communications, Inc.";"mlab4-nuq01";0.048937;870639.214112;"0.004012999";"win32";"64.9.225.186";"speedtest";1340061737;139237.960869;0.064375;"9a8766b6-803d-48fa-b02a-2091ff6f496e";7922;"UT";"Riverton";23;6;2012;0;18;"20120618"
"174.130.159.236";"US";-84.120400;32.341000;"AS7029 Windstream Communications Inc";"mlab4-nuq01";0.159652;160858.034984;"0.004011999";"win32";"64.9.225.186";"speedtest";1340061886;77447.431394;0.140318;"de6fbf44-b9c6-4959-9089-5bd76562acd2";7029;"GA";"Oglethorpe";23;6;2012;0;18;"20120618"
"96.2.48.78";"US";-96.983300;42.836900;"AS11232 Midcontinent Media, Inc.";"mlab4-nuq01";0.256969;982915.820836;"0.004011999";"win32";"64.9.225.186";"speedtest";1340061890;541287.406310;0.063925;"a7ed429a-44c3-4195-a0e5-7eac41680125";11232;"SD";"Vermillion";23;6;2012;0;18;"20120618"
"24.130.152.60";"US";-122.088500;37.709000;"AS7922 Comcast Cable Communications, Inc.";"mlab4-nuq01";0.031277;4012949.046926;"0.004012999";"darwin";"64.9.225.186";"bittorrent";1340063443;780498.201141;-1.000000;"92ef1dc6-e5b9-40c8-800b-cc909779319d";7922;"CA";"Castro Valley";23;6;2012;0;18;"20120618"
"71.118.241.200";"US";-118.880000;34.213300;"AS701 MCI Communications Services, Inc. d/b/a Verizon Business";"mlab1-atl01";0.070175;3080565.750133;"0.004012999";"darwin";"4.71.254.146";"bittorrent";1339977662;485333.574220;-1.000000;"6240ede4-4770-4ab9-a1a5-5df49c84c463";701;"CA";"Thousand Oaks";0;6;2012;0;18;"20120618"
"184.76.153.6";"US";-96.948900;32.814000;"AS16586 CLEARWIRE - CLEAR WIRELESS LLC";"mlab1-atl01";0.383410;177356.354339;"0.004012999";"win32";"4.71.254.146";"speedtest";1339978149;20653.655429;0.183898;"01b5bd21-bfbf-4fa6-a4bc-c89f3cfd177c";16586;"TX";"Irving";0;6;2012;0;18;"20120618"
"24.46.196.47";"US";-73.686200;40.793900;"AS6128 Cablevision Systems Corp.";"mlab1-atl01";0.027817;2208809.840600;"0.004012999";"win32";"4.71.254.146";"speedtest";1339978272;261802.190251;0.032611;"103cc2f1-ddd5-4016-83cc-cdd357e7a81a";6128;"NY";"Manhasset";0;6;2012;0;18;"20120618"
"71.89.124.38";"US";-88.736400;44.638200;"AS20115 Charter Communications";"mlab1-atl01";0.055100;3333516.608101;"0.004012999";"win32";"4.71.254.146";"bittorrent";1339978431;404328.888735;-1.000000;"0730ff7f-47eb-4e84-99b1-016150556fb6";20115;"WI";"Clintonville";0;6;2012;0;18;"20120618"
"98.22.138.166";"US";-95.790800;36.052600;"AS7029 Windstream Communications Inc";"mlab1-atl01";0.060779;194358.615514;"0.004012999";"win32";"4.71.254.146";"bittorrent";1339978487;78374.753180;-1.000000;"eb27082c-e25b-4239-869e-8ba23d438a17";7029;"OK";"Broken Arrow";0;6;2012;0;18;"20120618"
"24.24.223.229";"US";-118.404100;33.916400;"AS20001 Time Warner Cable Internet LLC";"mlab1-atl01";3.997303;10814.466835;"0.004012999";"linux2";"4.71.254.146";"speedtest";1339978976;21683.302381;0.636971;"36cfd7f8-0f92-42e9-be32-71c3f4d2fe09";20001;"CA";"El Segundo";0;6;2012;0;18;"20120618"
"97.126.49.211";"US";-122.217100;47.482900;"AS209 NOVARTIS-DMZ-US";"mlab1-atl01";0.117145;425021.518258;"0.004012999";"darwin";"4.71.254.146";"bittorrent";1339979010;92353.540312;-1.000000;"8e65a2a9-47d4-4adc-a937-76425a1f5bfe";209;"WA";"Renton";0;6;2012;0;18;"20120618"
"173.20.36.131";"US";-91.455800;40.452000;"AS30036 Mediacom Communications Corp";"mlab1-atl01";0.038090;225355.350076;"0.004012999";"win32";"4.71.254.146";"bittorrent";1339979080;115745.196705;-1.000000;"6b87ac46-1206-4d9c-afa5-d5cab4a872d6";30036;"IA";"Keokuk";0;6;2012;0;18;"20120618"
"24.130.152.60";"US";-122.088500;37.709000;"AS7922 Comcast Cable Communications, Inc.";"mlab1-atl01";0.092704;2807646.731090;"0.004012999";"darwin";"4.71.254.146";"speedtest";1339979301;735010.062491;0.079655;"92ef1dc6-e5b9-40c8-800b-cc909779319d";7922;"CA";"Castro Valley";0;6;2012;0;18;"20120618"
"24.2.64.100";"US";-112.008200;40.477400;"AS7922 Comcast Cable Communications, Inc.";"mlab1-atl01";0.073151;844781.235512;"0.004012999";"win32";"4.71.254.146";"speedtest";1339979679;135938.333660;0.078535;"9a8766b6-803d-48fa-b02a-2091ff6f496e";7922;"UT";"Riverton";0;6;2012;0;18;"20120618"
"173.160.133.65";"US";-122.449200;47.151100;"AS7922 Comcast Cable Communications, Inc.";"mlab1-atl01";0.086674;451694.099916;"0.004012999";"win32";"4.71.254.146";"bittorrent";1339980914;360545.012369;-1.000000;"cd29f4ce-ebe9-47c8-8b18-9406a9618ac1";7922;"WA";"Tacoma";0;6;2012;0;18;"20120618"
"99.21.145.140";"US";-121.382800;38.626300;"AS7132 AS for SBIS-AS";"mlab1-atl01";0.098549;1361888.741876;"0.004012999";"win32";"4.71.254.146";"bittorrent";1339981221;172812.633488;-1.000000;"ebeab1c8-defc-4fef-8be3-daa7088a0954";7132;"CA";"Sacramento";1;6;2012;0;18;"20120618"
"68.175.101.106";"US";-74.006000;40.714300;"AS12271 Time Warner Cable Internet LLC";"mlab1-atl01";0.042977;2799281.434982;"0.004012999";"darwin";"4.71.254.146";"bittorrent";1339981444;619167.721740;-1.000000;"bff92ae8-06db-4514-9002-ba6c8f7bec43";12271;"NY";"New York";1;6;2012;0;18;"20120618"
"97.126.49.211";"US";-122.217100;47.482900;"AS209 NOVARTIS-DMZ-US";"mlab1-atl01";0.117374;405279.328651;"0.004012999";"darwin";"4.71.254.146";"bittorrent";1339982163;94809.608683;-1.000000;"8e65a2a9-47d4-4adc-a937-76425a1f5bfe";209;"WA";"Renton";1;6;2012;0;18;"20120618"
"96.2.48.78";"US";-96.983300;42.836900;"AS11232 Midcontinent Media, Inc.";"mlab1-atl01";0.045119;1319674.325518;"0.004011999";"win32";"4.71.254.146";"bittorrent";1339982669;530218.583157;-1.000000;"a7ed429a-44c3-4195-a0e5-7eac41680125";11232;"SD";"Vermillion";1;6;2012;0;18;"20120618"
"96.236.133.97";"US";-79.995900;40.440600;"AS701 MCI Communications Services, Inc. d/b/a Verizon Business";"mlab1-atl01";0.037850;169138.030366;"0.004012999";"linux2";"4.71.254.146";"bittorrent";1339982880;48813.323820;-1.000000;"002bd52f-5f9d-42eb-9ce6-e310c9db525a";701;"PA";"Pittsburgh";1;6;2012;0;18;"20120618"
"98.243.192.146";"US";-84.594100;42.860200;"AS7922 Comcast Cable Communications, Inc.";"mlab1-atl01";0.045247;1387043.665197;"0.004012999";"darwin";"4.71.254.146";"bittorrent";1339982887;483007.733137;-1.000000;"69a61dac-c7ac-4b16-b86b-4bd2f3990f62";7922;"MI";"Dewitt";1;6;2012;0;18;"20120618"
"24.22.135.177";"US";-122.332100;47.606200;"AS7922 Comcast Cable Communications, Inc.";"mlab1-atl01";0.073581;2199759.220180;"0.004012999";"linux2";"4.71.254.146";"speedtest";1339983226;434580.369448;0.073163;"04cea472-6610-42db-acd2-c644a3d4447f";7922;"WA";"Seattle";1;6;2012;0;18;"20120618"
"173.246.102.187";"US";-76.612200;39.290400;"AS29169 Gandi SAS";"mlab1-atl01";0.015353;5236595.817600;"0.004011999";"linux2";"4.71.254.146";"speedtest";1339983253;680875.007597;0.017122;"a57cd6aa-6b9a-40e3-ae4c-0685546dd104";29169;"MD";"Baltimore";1;6;2012;0;18;"20120618"
"98.222.147.136";"US";-85.681400;40.411900;"AS7922 Comcast Cable Communications, Inc.";"mlab1-atl01";0.043792;3054319.994525;"0.004012999";"linux2";"4.71.254.146";"bittorrent";1339983912;532607.416326;-1.000000;"247a4b73-0dbb-440a-a85f-68d042f5a3a2";7922;"IN";"Fairmount";1;6;2012;0;18;"20120618"
"71.187.199.3";"US";-74.216400;40.816200;"AS701 MCI Communications Services, Inc. d/b/a Verizon Business";"mlab1-atl01";0.039635;2040811.746250;"0.004011999";"win32";"4.71.254.146";"bittorrent";1339983987;1312250.496430;-1.000000;"a9bde20f-2872-443c-8e9b-a2f6f162c91d";701;"NJ";"Montclair";1;6;2012;0;18;"20120618"
"24.61.63.89";"US";-71.031600;42.399700;"AS7922 Comcast Cable Communications, Inc.";"mlab1-atl01";0.046471;1600653.969707;"0.004012999";"win32";"4.71.254.146";"bittorrent";1339984507;512902.089976;-1.000000;"641fcec9-64c6-4ec1-a213-90d958a6f9a1";7922;"MA";"Chelsea";1;6;2012;0;18;"20120618"
"69.251.194.209";"US";-77.177000;39.175200;"AS7922 Comcast Cable Communications, Inc.";"mlab1-atl01";0.038613;6326328.008317;"0.004011999";"win32";"4.71.254.146";"bittorrent";1339985198;502736.717452;-1.000000;"5ab805cf-b023-4309-9496-d8b22873a074";7922;"MD";"Montgomery Village";2;6;2012;0;18;"20120618"
"206.255.246.41";"US";-94.740500;32.500700;"AS53508 Cablelynx";"mlab1-atl01";0.050220;1157410.648260;"0.004012999";"win32";"4.71.254.146";"speedtest";1339985208;180365.194818;0.053669;"3a5b4ca4-0887-432d-a115-9f646a867cdb";53508;"TX";"Longview";2;6;2012;0;18;"20120618"
"98.243.192.146";"US";-84.594100;42.860200;"AS7922 Comcast Cable Communications, Inc.";"mlab1-atl01";0.061197;1289046.733890;"0.004012999";"darwin";"4.71.254.146";"bittorrent";1339986012;476067.484887;-1.000000;"69a61dac-c7ac-4b16-b86b-4bd2f3990f62";7922;"MI";"Dewitt";2;6;2012;0;18;"20120618"
"72.81.232.139";"US";-76.837500;39.174900;"AS701 MCI Communications Services, Inc. d/b/a Verizon Business";"mlab1-atl01";0.031873;1637460.126099;"0.004012999";"darwin";"4.71.254.146";"bittorrent";1339986151;250894.010615;-1.000000;"5d2377cf-2e67-40be-b1dc-e439a545da6f";701;"MD";"Columbia";2;6;2012;0;18;"20120618"
"207.231.92.41";"US";-121.370600;38.784300;"AS14051 Roseville Telephone Company";"mlab1-atl01";0.066362;3017842.095690;"0.004012999";"win32";"4.71.254.146";"speedtest";1339987041;3979065.720720;0.072064;"cb121e1a-4701-4c5a-91b5-29c9df2b10c0";14051;"CA";"Roseville";2;6;2012;0;18;"20120618"
"75.127.236.122";"US";-97.000000;38.000000;"AS6128 Cablevision Systems Corp.";"mlab1-atl01";0.034797;1735853.475450;"0.004012999";"win32";"4.71.254.146";"speedtest";1339987791;603351.673968;0.032211;"560c097a-1dfa-4e05-9893-bdc56e35afc3";6128;"";"";2;6;2012;0;18;"20120618"
"71.118.241.200";"US";-118.880000;34.213300;"AS701 MCI Communications Services, Inc. d/b/a Verizon Business";"mlab1-atl01";0.070086;2716824.100050;"0.004012999";"darwin";"4.71.254.146";"speedtest";1339989054;764390.250589;0.073610;"6240ede4-4770-4ab9-a1a5-5df49c84c463";701;"CA";"Thousand Oaks";3;6;2012;0;18;"20120618"
"24.2.64.100";"US";-112.008200;40.477400;"AS7922 Comcast Cable Communications, Inc.";"mlab1-atl01";0.137634;981511.321998;"0.004012999";"win32";"4.71.254.146";"bittorrent";1339989572;138996.610822;-1.000000;"9a8766b6-803d-48fa-b02a-2091ff6f496e";7922;"UT";"Riverton";3;6;2012;0;18;"20120618"
"50.78.87.177";"US";-106.097500;39.574400;"AS7922 Comcast Cable Communications, Inc.";"mlab1-atl01";0.063676;841858.844096;"0.004012999";"win32";"4.71.254.146";"bittorrent";1339989628;391439.295091;-1.000000;"c4393561-5207-49e8-879a-bbb805c9188f";7922;"CO";"Frisco";3;6;2012;0;18;"20120618"
"209.155.86.74";"US";-77.426000;43.100500;"AS1785 PaeTec Communications, Inc.";"mlab1-atl01";0.034431;358640.427386;"0.004012999";"win32";"4.71.254.146";"bittorrent";1339990607;56721.026231;-1.000000;"4841c017-4566-4afc-a805-ba458ccb2be1";1785;"NY";"Fairport";3;6;2012;0;18;"20120618"
"71.89.124.38";"US";-88.736400;44.638200;"AS20115 Charter Communications";"mlab1-atl01";0.055148;1629993.938816;"0.004012999";"win32";"4.71.254.146";"bittorrent";1339991119;401724.647962;-1.000000;"0730ff7f-47eb-4e84-99b1-016150556fb6";20115;"WI";"Clintonville";3;6;2012;0;18;"20120618"
"69.251.194.209";"US";-77.177000;39.175200;"AS7922 Comcast Cable Communications, Inc.";"mlab1-atl01";0.049086;6312975.881585;"0.004011999";"win32";"4.71.254.146";"bittorrent";1339991283;540107.716384;-1.000000;"5ab805cf-b023-4309-9496-d8b22873a074";7922;"MD";"Montgomery Village";3;6;2012;0;18;"20120618"
"98.214.132.10";"US";-89.589000;40.693600;"AS7922 Comcast Cable Communications, Inc.";"mlab1-atl01";0.040505;1422612.404469;"0.004012999";"darwin";"4.71.254.146";"bittorrent";1339991346;784560.738581;-1.000000;"ac008ee9-df9b-425b-a370-34b57dce1b90";7922;"IL";"Peoria";3;6;2012;0;18;"20120618"
"65.32.77.45";"US";-97.000000;38.000000;"AS33363 BRIGHT HOUSE NETWORKS, LLC";"mlab1-atl01";0.041436;1441248.613648;"0.004012999";"win32";"4.71.254.146";"bittorrent";1339991619;194921.341262;-1.000000;"29daca95-9628-479f-b4be-ee35e322c612";33363;"";"";3;6;2012;0;18;"20120618"
"75.127.236.122";"US";-97.000000;38.000000;"AS6128 Cablevision Systems Corp.";"mlab1-atl01";0.030137;1993452.936930;"0.004012999";"win32";"4.71.254.146";"bittorrent";1339991991;583057.619985;-1.000000;"560c097a-1dfa-4e05-9893-bdc56e35afc3";6128;"";"";3;6;2012;0;18;"20120618"
"69.148.250.152";"US";-97.337500;37.692200;"AS7018 AT&T Services, Inc.";"mlab1-atl01";0.080968;147491.213168;"0.004012999";"win32";"4.71.254.146";"speedtest";1339992038;34198.924767;0.089859;"acd06144-444b-4f3e-8410-58a01e77f7a8";7018;"KS";"Wichita";4;6;2012;0;18;"20120618"
"71.187.199.3";"US";-74.216400;40.816200;"AS701 MCI Communications Services, Inc. d/b/a Verizon Business";"mlab1-atl01";0.028879;2154687.713397;"0.004011999";"win32";"4.71.254.146";"bittorrent";1339992864;1309079.514224;-1.000000;"a9bde20f-2872-443c-8e9b-a2f6f162c91d";701;"NJ";"Montclair";4;6;2012;0;18;"20120618"
"67.168.59.54";"US";-122.668000;48.185500;"AS7922 Comcast Cable Communications, Inc.";"mlab1-atl01";0.075542;2525369.996500;"0.004012999";"win32";"4.71.254.146";"speedtest";1339993724;410999.029311;0.074210;"ea22d474-846e-407d-9ebe-cd03ff0d64f4";7922;"WA";"Coupeville";4;6;2012;0;18;"20120618"
"69.143.19.17";"US";-77.104300;38.881000;"AS7922 Comcast Cable Communications, Inc.";"mlab1-atl01";0.026509;2980826.964660;"0.004012999";"darwin";"4.71.254.146";"speedtest";1339994164;534502.207096;0.033010;"9b4267aa-e8b7-40bb-a139-5ad1187a6f5d";7922;"VA";"Arlington";4;6;2012;0;18;"20120618"
"68.48.221.17";"US";-76.837500;39.174900;"AS7922 Comcast Cable Communications, Inc.";"mlab1-atl01";0.029026;2157745.043105;"0.004012999";"darwin";"4.71.254.146";"bittorrent";1339994914;708079.658072;-1.000000;"4162ce8a-78ab-4a68-9407-13618360662f";7922;"MD";"Columbia";4;6;2012;0;18;"20120618"
"205.178.18.107";"US";-87.623800;41.884900;"AS6079 RCN";"mlab1-atl01";0.028563;627614.641088;"0.004011999";"win32";"4.71.254.146";"speedtest";1339994908;236000.235209;0.032883;"e98788b3-c49f-4266-b003-f95ea1c0e2a0";6079;"IL";"Chicago";4;6;2012;0;18;"20120618"
"98.207.87.80";"US";-122.299100;37.409600;"AS7922 Comcast Cable Communications, Inc.";"mlab1-atl01";0.076847;2769864.723575;"0.004012999";"darwin";"4.71.254.146";"bittorrent";1339995019;255051.264503;-1.000000;"0f7d671c-779f-4f63-8f54-ca28fcc35fd6";7922;"CA";"Redwood City";4;6;2012;0;18;"20120618"
"98.157.202.20";"US";-87.413900;39.466700;"AS10796 Time Warner Cable Internet LLC";"mlab1-atl01";0.177145;824174.730061;"0.004011999";"win32";"4.71.254.146";"speedtest";1339995196;87203.201263;0.180125;"9c0fa0e1-b625-407b-8e5d-f979a63c0e77";10796;"IN";"Terre Haute";4;6;2012;0;18;"20120618"
"72.181.251.247";"US";-96.771500;32.833900;"AS11427 Time Warner Cable Internet LLC";"mlab1-atl01";0.034451;1550224.215264;"0.004012999";"darwin";"4.71.254.146";"bittorrent";1339995400;228245.265360;-1.000000;"f6add6e0-3bfa-4414-8fb5-1ec8432ae8bf";11427;"TX";"Dallas";4;6;2012;0;18;"20120618"
"70.113.90.176";"US";-97.722700;30.310600;"AS11427 Time Warner Cable Internet LLC";"mlab1-atl01";0.057483;876441.298269;"0.004012999";"win32";"4.71.254.146";"speedtest";1339995543;227497.128472;0.042339;"f957f544-b6fe-4e0c-b05d-e4a409241054";11427;"TX";"Austin";4;6;2012;0;18;"20120618"
"67.168.66.115";"US";-122.630500;48.321800;"AS7922 Comcast Cable Communications, Inc.";"mlab1-atl01";0.072225;2543300.369066;"0.004012999";"win32";"4.71.254.146";"bittorrent";1339996614;703173.029490;-1.000000;"3ee99b5a-2c05-4823-a555-34b90b697de5";7922;"WA";"Oak Harbor";5;6;2012;0;18;"20120618"
"205.178.18.107";"US";-87.623800;41.884900;"AS6079 RCN";"mlab1-atl01";0.026787;1788969.724778;"0.004011999";"win32";"4.71.254.146";"bittorrent";1339996811;175540.923758;-1.000000;"e98788b3-c49f-4266-b003-f95ea1c0e2a0";6079;"IL";"Chicago";5;6;2012;0;18;"20120618"
"24.46.196.47";"US";-73.686200;40.793900;"AS6128 Cablevision Systems Corp.";"mlab1-atl01";0.030601;2501380.709502;"0.004012999";"win32";"4.71.254.146";"bittorrent";1339997101;259785.191192;-1.000000;"103cc2f1-ddd5-4016-83cc-cdd357e7a81a";6128;"NY";"Manhasset";5;6;2012;0;18;"20120618"
"99.99.213.185";"US";-85.882800;42.855500;"AS7018 AT&T Services, Inc.";"mlab1-atl01";0.051675;1397281.693301;"0.004012999";"linux2";"4.71.254.146";"bittorrent";1339997203;184027.261274;-1.000000;"22998df3-a92a-4573-b9f5-476782c2c770";7018;"MI";"Hudsonville";5;6;2012;0;18;"20120618"
"173.13.134.218";"US";-122.272800;37.871600;"AS7922 Comcast Cable Communications, Inc.";"mlab1-atl01";0.084066;143127.849966;"0.004012999";"win32";"4.71.254.146";"speedtest";1339997219;16603.299544;0.134451;"8e5e07f2-51cd-4166-87e4-9b8eed9d0504";7922;"CA";"Berkeley";5;6;2012;0;18;"20120618"
"207.231.92.41";"US";-121.370600;38.784300;"AS14051 Roseville Telephone Company";"mlab1-atl01";0.753815;1000847.751711;"0.004012999";"win32";"4.71.254.146";"bittorrent";1339997238;1288760.365349;-1.000000;"cb121e1a-4701-4c5a-91b5-29c9df2b10c0";14051;"CA";"Roseville";5;6;2012;0;18;"20120618"
"75.127.236.122";"US";-97.000000;38.000000;"AS6128 Cablevision Systems Corp.";"mlab1-atl01";0.032648;1964248.363428;"0.004012999";"win32";"4.71.254.146";"bittorrent";1339997569;585125.949591;-1.000000;"560c097a-1dfa-4e05-9893-bdc56e35afc3";6128;"";"";5;6;2012;0;18;"20120618"
"174.31.152.186";"US";-97.000000;38.000000;"AS209 NOVARTIS-DMZ-US";"mlab1-atl01";0.098581;2201820.979503;"0.004012999";"darwin";"4.71.254.146";"bittorrent";1339997839;592215.019812;-1.000000;"9da9dff5-de02-49ae-a084-b2164425feeb";209;"";"";5;6;2012;0;18;"20120618"
"98.222.147.136";"US";-85.681400;40.411900;"AS7922 Comcast Cable Communications, Inc.";"mlab1-atl01";0.043809;3148743.225683;"0.004012999";"linux2";"4.71.254.146";"bittorrent";1339997904;529302.732386;-1.000000;"247a4b73-0dbb-440a-a85f-68d042f5a3a2";7922;"IN";"Fairmount";5;6;2012;0;18;"20120618"
"24.61.63.89";"US";-71.031600;42.399700;"AS7922 Comcast Cable Communications, Inc.";"mlab1-atl01";0.037886;1576326.352500;"0.004012999";"win32";"4.71.254.146";"speedtest";1339998355;459868.282683;0.038070;"641fcec9-64c6-4ec1-a213-90d958a6f9a1";7922;"MA";"Chelsea";5;6;2012;0;18;"20120618"
"24.130.152.60";"US";-122.088500;37.709000;"AS7922 Comcast Cable Communications, Inc.";"mlab1-atl01";0.076781;2728078.477340;"0.004012999";"darwin";"4.71.254.146";"speedtest";1339998318;720864.082745;0.080717;"92ef1dc6-e5b9-40c8-800b-cc909779319d";7922;"CA";"Castro Valley";5;6;2012;0;18;"20120618"
"70.113.90.176";"US";-97.722700;30.310600;"AS11427 Time Warner Cable Internet LLC";"mlab1-atl01";0.035298;2417862.960640;"0.004012999";"win32";"4.71.254.146";"speedtest";1339998384;232144.670188;0.036756;"f957f544-b6fe-4e0c-b05d-e4a409241054";11427;"TX";"Austin";5;6;2012;0;18;"20120618"
"184.76.153.6";"US";-96.948900;32.814000;"AS16586 CLEARWIRE - CLEAR WIRELESS LLC";"mlab1-atl01";0.076482;597870.465574;"0.004012999";"win32";"4.71.254.146";"speedtest";1339998577;115383.699567;0.100707;"01b5bd21-bfbf-4fa6-a4bc-c89f3cfd177c";16586;"TX";"Irving";5;6;2012;0;18;"20120618"
"205.178.18.107";"US";-87.623800;41.884900;"AS6079 RCN";"mlab1-atl01";0.057483;2227170.369260;"0.004011999";"win32";"4.71.254.146";"speedtest";1339998699;234508.072267;0.028897;"e98788b3-c49f-4266-b003-f95ea1c0e2a0";6079;"IL";"Chicago";5;6;2012;0;18;"20120618"
"24.22.135.177";"US";-122.332100;47.606200;"AS7922 Comcast Cable Communications, Inc.";"mlab1-atl01";0.068932;2567548.835177;"0.004012999";"linux2";"4.71.254.146";"bittorrent";1339999196;470903.149511;-1.000000;"04cea472-6610-42db-acd2-c644a3d4447f";7922;"WA";"Seattle";5;6;2012;0;18;"20120618"
"99.99.213.185";"US";-85.882800;42.855500;"AS7018 AT&T Services, Inc.";"mlab1-atl01";0.052694;1398852.247649;"0.004012999";"linux2";"4.71.254.146";"bittorrent";1340000178;184031.587255;-1.000000;"22998df3-a92a-4573-b9f5-476782c2c770";7018;"MI";"Hudsonville";6;6;2012;0;18;"20120618"
"205.178.18.107";"US";-87.623800;41.884900;"AS6079 RCN";"mlab1-atl01";0.029739;931086.646390;"0.004011999";"win32";"4.71.254.146";"bittorrent";1340000601;235085.549620;-1.000000;"e98788b3-c49f-4266-b003-f95ea1c0e2a0";6079;"IL";"Chicago";6;6;2012;0;18;"20120618"
"69.249.238.83";"US";-75.163800;39.952300;"AS7922 Comcast Cable Communications, Inc.";"mlab1-atl01";0.301897;1551414.556497;"0.004012999";"win32";"4.71.254.146";"bittorrent";1340002302;46827.974874;-1.000000;"a49b9e19-6f47-4dc7-8196-0fc4dbc9e641";7922;"PA";"Philadelphia";6;6;2012;0;18;"20120618"
"205.178.18.107";"US";-87.623800;41.884900;"AS6079 RCN";"mlab1-atl01";0.134819;1631346.163690;"0.004011999";"win32";"4.71.254.146";"speedtest";1340002491;242323.498784;0.030110;"e98788b3-c49f-4266-b003-f95ea1c0e2a0";6079;"IL";"Chicago";6;6;2012;0;18;"20120618"
"74.60.227.223";"US";-84.561300;39.399500;"AS16586 CLEARWIRE - CLEAR WIRELESS LLC";"mlab1-atl01";0.072077;242149.491716;"0.004012999";"win32";"4.71.254.146";"speedtest";1340002564;27293.347086;0.097826;"59bc30c0-4f87-4fbd-8bb7-35768315d718";16586;"OH";"Hamilton";6;6;2012;0;18;"20120618"
"98.207.87.80";"US";-122.299100;37.409600;"AS7922 Comcast Cable Communications, Inc.";"mlab1-atl01";0.078879;2311221.646080;"0.004012999";"darwin";"4.71.254.146";"speedtest";1340002623;247870.026190;0.125064;"0f7d671c-779f-4f63-8f54-ca28fcc35fd6";7922;"CA";"Redwood City";6;6;2012;0;18;"20120618"
"174.31.152.186";"US";-97.000000;38.000000;"AS209 NOVARTIS-DMZ-US";"mlab1-atl01";0.101401;2176828.951780;"0.004012999";"darwin";"4.71.254.146";"speedtest";1340002676;541871.590193;0.104315;"9da9dff5-de02-49ae-a084-b2164425feeb";209;"";"";6;6;2012;0;18;"20120618"
"71.58.226.44";"US";-75.961500;41.249000;"AS7922 Comcast Cable Communications, Inc.";"mlab1-atl01";0.051062;3386614.540510;"0.004012999";"win32";"4.71.254.146";"speedtest";1340002816;710192.851721;0.059672;"fb6cc5ca-37c3-44c5-8176-4a40a17f217a";7922;"PA";"Plymouth";7;6;2012;0;18;"20120618"
"96.236.133.97";"US";-79.995900;40.440600;"AS701 MCI Communications Services, Inc. d/b/a Verizon Business";"mlab1-atl01";0.050799;427402.083295;"0.004012999";"linux2";"4.71.254.146";"bittorrent";1340003025;192816.853654;-1.000000;"002bd52f-5f9d-42eb-9ce6-e310c9db525a";701;"PA";"Pittsburgh";7;6;2012;0;18;"20120618"
"99.99.213.185";"US";-85.882800;42.855500;"AS7018 AT&T Services, Inc.";"mlab1-atl01";0.052134;1277663.107726;"0.004012999";"linux2";"4.71.254.146";"bittorrent";1340003156;184080.017227;-1.000000;"22998df3-a92a-4573-b9f5-476782c2c770";7018;"MI";"Hudsonville";7;6;2012;0;18;"20120618"
"66.66.21.182";"US";-77.602400;43.185800;"AS11351 Time Warner Cable Internet LLC";"mlab1-atl01";0.076269;4857578.665307;"0.004012999";"win32";"4.71.254.146";"bittorrent";1340003304;641600.238930;-1.000000;"b4fb3816-21d6-43b3-91fc-aabe40980e90";11351;"NY";"Rochester";7;6;2012;0;18;"20120618"
"71.204.91.144";"US";-84.447700;34.119000;"AS7922 Comcast Cable Communications, Inc.";"mlab1-atl01";0.011545;1938935.465996;"0.004012999";"darwin";"4.71.254.146";"bittorrent";1340003631;519354.138801;-1.000000;"4b4fa0bc-987b-4105-9a0b-83e736a6503c";7922;"GA";"Woodstock";7;6;2012;0;18;"20120618"
"69.148.250.152";"US";-97.337500;37.692200;"AS7018 AT&T Services, Inc.";"mlab1-atl01";0.080311;149239.679778;"0.004012999";"win32";"4.71.254.146";"speedtest";1340004204;39653.976712;0.088199;"acd06144-444b-4f3e-8410-58a01e77f7a8";7018;"KS";"Wichita";7;6;2012;0;18;"20120618"
"24.46.196.47";"US";-73.686200;40.793900;"AS6128 Cablevision Systems Corp.";"mlab1-atl01";0.028601;2350074.387910;"0.004012999";"win32";"4.71.254.146";"speedtest";1340004260;262473.178343;0.032133;"103cc2f1-ddd5-4016-83cc-cdd357e7a81a";6128;"NY";"Manhasset";7;6;2012;0;18;"20120618"
"24.130.152.60";"US";-122.088500;37.709000;"AS7922 Comcast Cable Communications, Inc.";"mlab1-atl01";0.094291;2892363.377930;"0.004012999";"darwin";"4.71.254.146";"speedtest";1340004648;696156.043872;0.079436;"92ef1dc6-e5b9-40c8-800b-cc909779319d";7922;"CA";"Castro Valley";7;6;2012;0;18;"20120618"
"69.249.238.83";"US";-75.163800;39.952300;"AS7922 Comcast Cable Communications, Inc.";"mlab1-atl01";0.321421;1591780.395692;"0.004012999";"win32";"4.71.254.146";"bittorrent";1340005408;27718.776509;-1.000000;"a49b9e19-6f47-4dc7-8196-0fc4dbc9e641";7922;"PA";"Philadelphia";7;6;2012;0;18;"20120618"
"98.22.138.166";"US";-95.790800;36.052600;"AS7029 Windstream Communications Inc";"mlab1-atl01";0.735153;30076.107186;"0.004012999";"win32";"4.71.254.146";"bittorrent";1340005488;17186.678517;-1.000000;"eb27082c-e25b-4239-869e-8ba23d438a17";7029;"OK";"Broken Arrow";7;6;2012;0;18;"20120618"
"99.130.96.199";"US";-117.490800;33.932900;"AS7018 AT&T Services, Inc.";"mlab1-atl01";0.091517;1223851.680714;"0.004012999";"linux2";"4.71.254.146";"bittorrent";1340006514;168836.877814;-1.000000;"0a3b2944-23c0-4116-a068-0d5627c0dec9";7018;"CA";"Riverside";8;6;2012;0;18;"20120618"
"76.168.80.127";"US";-118.243700;34.052200;"AS20001 Time Warner Cable Internet LLC";"mlab1-atl01";0.070625;2107874.478850;"0.004012999";"darwin";"4.71.254.146";"speedtest";1340006644;119397.216661;0.070453;"90d62fdd-a880-469e-bb3b-4bf575cfed10";20001;"CA";"Los Angeles";8;6;2012;0;18;"20120618"
"76.112.203.189";"US";-83.144600;42.489500;"AS7922 Comcast Cable Communications, Inc.";"mlab1-atl01";0.043387;2266041.096507;"0.004012999";"win32";"4.71.254.146";"bittorrent";1340006761;788772.339170;-1.000000;"5cb4931f-bf67-49bf-a4ec-d36d7495a682";7922;"MI";"Royal Oak";8;6;2012;0;18;"20120618"
"24.130.152.60";"US";-122.088500;37.709000;"AS7922 Comcast Cable Communications, Inc.";"mlab1-atl01";0.076316;3207196.226852;"0.004012999";"darwin";"4.71.254.146";"bittorrent";1340009402;776602.445782;-1.000000;"92ef1dc6-e5b9-40c8-800b-cc909779319d";7922;"CA";"Castro Valley";8;6;2012;0;18;"20120618"
"99.130.96.199";"US";-117.490800;33.932900;"AS7018 AT&T Services, Inc.";"mlab1-atl01";0.091679;1387778.843602;"0.004012999";"linux2";"4.71.254.146";"bittorrent";1340009448;183047.559182;-1.000000;"0a3b2944-23c0-4116-a068-0d5627c0dec9";7018;"CA";"Riverside";8;6;2012;0;18;"20120618"
"71.204.91.144";"US";-84.447700;34.119000;"AS7922 Comcast Cable Communications, Inc.";"mlab1-atl01";0.014831;2276431.102771;"0.004012999";"darwin";"4.71.254.146";"bittorrent";1340009604;519439.479065;-1.000000;"4b4fa0bc-987b-4105-9a0b-83e736a6503c";7922;"GA";"Woodstock";8;6;2012;0;18;"20120618"
"68.40.93.208";"US";-82.582300;42.637600;"AS7922 Comcast Cable Communications, Inc.";"mlab1-atl01";0.043427;1699156.609650;"0.004011999";"win32";"4.71.254.146";"speedtest";1340009816;441357.985986;0.048369;"5ddd06da-64ad-444c-b2c0-525541d4d177";7922;"MI";"Algonac";8;6;2012;0;18;"20120618"
"98.206.101.228";"US";-87.655100;41.937300;"AS7922 Comcast Cable Communications, Inc.";"mlab1-atl01";0.031878;3139002.835747;"0.004012999";"win32";"4.71.254.146";"bittorrent";1340010475;519382.869169;-1.000000;"1b8a7968-95b4-4827-8260-84d7e02b3d53";7922;"IL";"Chicago";9;6;2012;0;18;"20120618"
"68.40.93.208";"US";-82.582300;42.637600;"AS7922 Comcast Cable Communications, Inc.";"mlab1-atl01";0.051594;1780565.141701;"0.004011999";"win32";"4.71.254.146";"bittorrent";1340011403;410719.096936;-1.000000;"5ddd06da-64ad-444c-b2c0-525541d4d177";7922;"MI";"Algonac";9;6;2012;0;18;"20120618"
"67.168.59.54";"US";-122.668000;48.185500;"AS7922 Comcast Cable Communications, Inc.";"mlab1-atl01";0.072641;1798330.485800;"0.004012999";"win32";"4.71.254.146";"speedtest";1340011814;429112.129605;0.074306;"ea22d474-846e-407d-9ebe-cd03ff0d64f4";7922;"WA";"Coupeville";9;6;2012;0;18;"20120618"
"173.246.102.187";"US";-76.612200;39.290400;"AS29169 Gandi SAS";"mlab1-atl01";0.015347;5782235.430615;"0.004011999";"linux2";"4.71.254.146";"bittorrent";1340012955;642063.772689;-1.000000;"a57cd6aa-6b9a-40e3-ae4c-0685546dd104";29169;"MD";"Baltimore";9;6;2012;0;18;"20120618"
"74.2.122.133";"US";-97.000000;38.000000;"AS18566 MegaPath Corporation";"mlab1-atl01";0.037025;233553.578833;"0.004010999";"win32";"4.71.254.146";"speedtest";1340012983;238050.334911;0.040585;"f4acb085-b5ee-429a-a232-3ae956a10cf5";18566;"";"";9;6;2012;0;18;"20120618"
"76.112.203.189";"US";-83.144600;42.489500;"AS7922 Comcast Cable Communications, Inc.";"mlab1-atl01";0.042319;2072145.844341;"0.004012999";"win32";"4.71.254.146";"bittorrent";1340013002;783901.274471;-1.000000;"5cb4931f-bf67-49bf-a4ec-d36d7495a682";7922;"MI";"Royal Oak";9;6;2012;0;18;"20120618"
"24.2.64.100";"US";-112.008200;40.477400;"AS7922 Comcast Cable Communications, Inc.";"mlab1-atl01";0.100208;724658.716627;"0.004012999";"win32";"4.71.254.146";"speedtest";1340013572;137971.233284;0.074814;"9a8766b6-803d-48fa-b02a-2091ff6f496e";7922;"UT";"Riverton";9;6;2012;0;18;"20120618"
"74.93.119.149";"US";-77.460300;37.553800;"AS7922 Comcast Cable Communications, Inc.";"mlab1-atl01";0.030873;4415451.465140;"0.004012999";"win32";"4.71.254.146";"speedtest";1340013525;598660.640702;0.033286;"89137afb-b348-4f18-88b5-80cee829292f";7922;"VA";"Richmond";9;6;2012;0;18;"20120618"
"184.177.72.227";"US";-97.000000;38.000000;"AS22773 Cox Communications Inc.";"mlab1-atl01";0.094073;413443.679213;"0.004012999";"win32";"4.71.254.146";"bittorrent";1340013738;744276.882688;-1.000000;"e9aa2936-1c50-4b9d-89e4-2daad232b753";22773;"";"";10;6;2012;0;18;"20120618"
"71.237.28.39";"US";-104.984700;39.739200;"AS7922 Comcast Cable Communications, Inc.";"mlab1-atl01";0.059151;1093184.299583;"0.004012999";"darwin";"4.71.254.146";"bittorrent";1340014780;471342.055872;-1.000000;"95e96326-78fe-4507-8b06-f60611a1b7ad";7922;"CO";"Denver";10;6;2012;0;18;"20120618"
"98.251.77.68";"US";-83.949600;33.512000;"AS7922 Comcast Cable Communications, Inc.";"mlab1-atl01";0.011550;3185531.437188;"0.004011999";"win32";"4.71.254.146";"bittorrent";1340014914;513532.985928;-1.000000;"cbfab653-aed3-47c3-b7d0-e4159cab6582";7922;"GA";"Covington";10;6;2012;0;18;"20120618"
"76.112.161.232";"US";-83.077200;42.375500;"AS7922 Comcast Cable Communications, Inc.";"mlab1-atl01";0.040622;424986.349163;"0.004012999";"win32";"4.71.254.146";"bittorrent";1340018211;91410.935093;-1.000000;"5cb4931f-bf67-49bf-a4ec-d36d7495a682";7922;"MI";"Detroit";11;6;2012;0;18;"20120618"
"71.187.199.3";"US";-74.216400;40.816200;"AS701 MCI Communications Services, Inc. d/b/a Verizon Business";"mlab1-atl01";0.042184;2012285.761320;"0.004011999";"win32";"4.71.254.146";"speedtest";1340018278;1443825.698830;0.033903;"a9bde20f-2872-443c-8e9b-a2f6f162c91d";701;"NJ";"Montclair";11;6;2012;0;18;"20120618"
"71.237.28.39";"US";-104.984700;39.739200;"AS7922 Comcast Cable Communications, Inc.";"mlab1-atl01";0.058496;916435.854264;"0.004012999";"darwin";"4.71.254.146";"speedtest";1340018965;446011.478122;0.178891;"95e96326-78fe-4507-8b06-f60611a1b7ad";7922;"CO";"Denver";11;6;2012;0;18;"20120618"
"173.20.36.131";"US";-91.455800;40.452000;"AS30036 Mediacom Communications Corp";"mlab1-atl01";0.037518;721542.319754;"0.004012999";"win32";"4.71.254.146";"bittorrent";1340019097;135201.670867;-1.000000;"6b87ac46-1206-4d9c-afa5-d5cab4a872d6";30036;"IA";"Keokuk";11;6;2012;0;18;"20120618"
"98.206.101.228";"US";-87.655100;41.937300;"AS7922 Comcast Cable Communications, Inc.";"mlab1-atl01";0.030694;2851913.074990;"0.004012999";"win32";"4.71.254.146";"speedtest";1340019426;516259.628414;0.033533;"1b8a7968-95b4-4827-8260-84d7e02b3d53";7922;"IL";"Chicago";11;6;2012;0;18;"20120618"
"50.83.240.108";"US";-95.977900;45.232200;"AS30036 Mediacom Communications Corp";"mlab1-atl01";0.039765;1529854.138962;"0.004012999";"darwin";"4.71.254.146";"bittorrent";1340019575;252341.079491;-1.000000;"43af2f72-3dc4-4824-9ff7-faa06a3cb206";30036;"MN";"Appleton";11;6;2012;0;18;"20120618"
"71.187.199.3";"US";-74.216400;40.816200;"AS701 MCI Communications Services, Inc. d/b/a Verizon Business";"mlab1-atl01";0.039130;2194437.448035;"0.004011999";"win32";"4.71.254.146";"bittorrent";1340019762;1320310.018092;-1.000000;"a9bde20f-2872-443c-8e9b-a2f6f162c91d";701;"NJ";"Montclair";11;6;2012;0;18;"20120618"
"69.251.194.209";"US";-77.177000;39.175200;"AS7922 Comcast Cable Communications, Inc.";"mlab1-atl01";0.032767;2173671.360870;"0.004011999";"win32";"4.71.254.146";"speedtest";1340020392;536251.614457;0.033540;"5ab805cf-b023-4309-9496-d8b22873a074";7922;"MD";"Montgomery Village";11;6;2012;0;18;"20120618"
"99.104.57.129";"US";-87.701600;41.975900;"AS7018 AT&T Services, Inc.";"mlab1-atl01";1.091973;60963.893138;"0.004012999";"darwin";"4.71.254.146";"speedtest";1340020575;14188.316060;0.211628;"d6f10baf-3b6d-47fb-999c-6d4188d2d4b2";7018;"IL";"Chicago";11;6;2012;0;18;"20120618"
"24.2.64.100";"US";-112.008200;40.477400;"AS7922 Comcast Cable Communications, Inc.";"mlab1-atl01";0.069994;882754.922589;"0.004012999";"win32";"4.71.254.146";"bittorrent";1340020630;139245.266680;-1.000000;"9a8766b6-803d-48fa-b02a-2091ff6f496e";7922;"UT";"Riverton";11;6;2012;0;18;"20120618"
"184.177.72.227";"US";-97.000000;38.000000;"AS22773 Cox Communications Inc.";"mlab1-atl01";0.077389;455091.982795;"0.004012999";"win32";"4.71.254.146";"speedtest";1340021244;638376.677943;0.083852;"e9aa2936-1c50-4b9d-89e4-2daad232b753";22773;"";"";12;6;2012;0;18;"20120618"
"98.203.140.223";"US";-122.304300;47.610200;"AS7922 Comcast Cable Communications, Inc.";"mlab1-atl01";0.074823;2189907.426202;"0.004012999";"linux2";"4.71.254.146";"bittorrent";1340022213;489174.083641;-1.000000;"4bf1068a-cabe-4254-a52f-c2914db03ade";7922;"WA";"Seattle";12;6;2012;0;18;"20120618"
"50.12.211.162";"US";-93.263800;44.980000;"AS16586 CLEARWIRE - CLEAR WIRELESS LLC";"mlab1-atl01";0.101453;466840.060110;"0.004012999";"darwin";"4.71.254.146";"speedtest";1340022978;119556.735752;0.096677;"3955a411-3e83-4a8e-aa8e-165233e306e9";16586;"MN";"Minneapolis";12;6;2012;0;18;"20120618"
"209.155.86.74";"US";-77.426000;43.100500;"AS1785 PaeTec Communications, Inc.";"mlab1-atl01";0.029580;268268.442187;"0.004012999";"win32";"4.71.254.146";"bittorrent";1340024077;44824.435283;-1.000000;"4841c017-4566-4afc-a805-ba458ccb2be1";1785;"NY";"Fairport";12;6;2012;0;18;"20120618"
"96.236.133.97";"US";-79.995900;40.440600;"AS701 MCI Communications Services, Inc. d/b/a Verizon Business";"mlab1-atl01";0.041677;475735.046267;"0.004012999";"linux2";"4.71.254.146";"speedtest";1340024533;485301.067122;0.040319;"002bd52f-5f9d-42eb-9ce6-e310c9db525a";701;"PA";"Pittsburgh";13;6;2012;0;18;"20120618"
"98.22.138.166";"US";-95.790800;36.052600;"AS7029 Windstream Communications Inc";"mlab1-atl01";0.052948;354552.746250;"0.004012999";"win32";"4.71.254.146";"speedtest";1340024708;79906.268769;0.058460;"eb27082c-e25b-4239-869e-8ba23d438a17";7029;"OK";"Broken Arrow";13;6;2012;0;18;"20120618"
"76.169.71.176";"US";-118.273400;33.963800;"AS20001 Time Warner Cable Internet LLC";"mlab1-atl01";0.088628;1908390.309084;"0.004011999";"win32";"4.71.254.146";"bittorrent";1340025198;88183.977784;-1.000000;"2f0c137b-7982-4d9c-b50a-c362f2d810e0";20001;"CA";"Los Angeles";13;6;2012;0;18;"20120618"
"72.33.255.98";"US";-89.410400;43.076100;"AS59 University of Wisconsin Madison";"mlab1-atl01";0.042043;620409.108492;"0.004012999";"darwin";"4.71.254.146";"speedtest";1340025451;3006822.035390;0.044611;"3f295a53-7a79-47cb-bd75-f79b53a6ae22";59;"WI";"Madison";13;6;2012;0;18;"20120618"
"72.81.232.139";"US";-76.837500;39.174900;"AS701 MCI Communications Services, Inc. d/b/a Verizon Business";"mlab1-atl01";0.039011;1592408.796235;"0.004012999";"darwin";"4.71.254.146";"bittorrent";1340025528;251050.474494;-1.000000;"5d2377cf-2e67-40be-b1dc-e439a545da6f";701;"MD";"Columbia";13;6;2012;0;18;"20120618"
"184.177.72.227";"US";-97.000000;38.000000;"AS22773 Cox Communications Inc.";"mlab1-atl01";0.091219;575686.433257;"0.004012999";"win32";"4.71.254.146";"bittorrent";1340025746;658613.498013;-1.000000;"e9aa2936-1c50-4b9d-89e4-2daad232b753";22773;"";"";13;6;2012;0;18;"20120618"
"208.57.38.36";"US";-117.164900;32.807200;"AS14265 Telepacific Communications";"mlab1-atl01";0.067335;181262.009793;"0.004011999";"linux2";"4.71.254.146";"bittorrent";1340027331;181381.181151;-1.000000;"71bb2b47-414f-414d-b8ff-f1237c21f432";14265;"CA";"San Diego";13;6;2012;0;18;"20120618"
"66.66.21.182";"US";-77.602400;43.185800;"AS11351 Time Warner Cable Internet LLC";"mlab1-atl01";0.046005;5640436.380260;"0.004012999";"win32";"4.71.254.146";"speedtest";1340027725;560414.277713;0.048343;"b4fb3816-21d6-43b3-91fc-aabe40980e90";11351;"NY";"Rochester";13;6;2012;0;18;"20120618"
"98.203.140.223";"US";-122.304300;47.610200;"AS7922 Comcast Cable Communications, Inc.";"mlab1-atl01";0.071777;2145057.049698;"0.004012999";"linux2";"4.71.254.146";"bittorrent";1340028003;489929.144699;-1.000000;"4bf1068a-cabe-4254-a52f-c2914db03ade";7922;"WA";"Seattle";14;6;2012;0;18;"20120618"
"96.2.48.78";"US";-96.983300;42.836900;"AS11232 Midcontinent Media, Inc.";"mlab1-atl01";0.045291;1314122.971880;"0.004011999";"win32";"4.71.254.146";"speedtest";1340028243;587485.419982;0.048597;"a7ed429a-44c3-4195-a0e5-7eac41680125";11232;"SD";"Vermillion";14;6;2012;0;18;"20120618"
"50.12.211.162";"US";-93.263800;44.980000;"AS16586 CLEARWIRE - CLEAR WIRELESS LLC";"mlab1-atl01";0.108758;351646.641549;"0.004012999";"darwin";"4.71.254.146";"speedtest";1340029412;140897.154895;0.099868;"3955a411-3e83-4a8e-aa8e-165233e306e9";16586;"MN";"Minneapolis";14;6;2012;0;18;"20120618"
"67.168.59.54";"US";-122.668000;48.185500;"AS7922 Comcast Cable Communications, Inc.";"mlab1-atl01";0.074315;1434417.781310;"0.004012999";"win32";"4.71.254.146";"speedtest";1340029910;430389.515765;0.074338;"ea22d474-846e-407d-9ebe-cd03ff0d64f4";7922;"WA";"Coupeville";14;6;2012;0;18;"20120618"
"173.20.36.131";"US";-91.455800;40.452000;"AS30036 Mediacom Communications Corp";"mlab1-atl01";0.035949;562180.896171;"0.004012999";"win32";"4.71.254.146";"bittorrent";1340029986;133911.416403;-1.000000;"6b87ac46-1206-4d9c-afa5-d5cab4a872d6";30036;"IA";"Keokuk";14;6;2012;0;18;"20120618"
"76.168.80.127";"US";-118.243700;34.052200;"AS20001 Time Warner Cable Internet LLC";"mlab1-atl01";0.070288;1623046.149840;"0.004012999";"darwin";"4.71.254.146";"speedtest";1340031403;120171.062175;0.071953;"90d62fdd-a880-469e-bb3b-4bf575cfed10";20001;"CA";"Los Angeles";14;6;2012;0;18;"20120618"
"24.61.63.89";"US";-71.031600;42.399700;"AS7922 Comcast Cable Communications, Inc.";"mlab1-atl01";0.050202;1473081.681200;"0.004012999";"win32";"4.71.254.146";"speedtest";1340032103;535822.920471;0.037900;"641fcec9-64c6-4ec1-a213-90d958a6f9a1";7922;"MA";"Chelsea";15;6;2012;0;18;"20120618"
"67.172.130.152";"US";-104.821400;38.833900;"AS7922 Comcast Cable Communications, Inc.";"mlab1-atl01";0.047951;2966213.537590;"0.004012999";"darwin";"4.71.254.146";"speedtest";1340033731;356580.506668;0.052239;"e83583f7-4c54-4291-a929-2fd12fd286f5";7922;"CO";"Colorado Springs";15;6;2012;0;18;"20120618"
"98.203.140.223";"US";-122.304300;47.610200;"AS7922 Comcast Cable Communications, Inc.";"mlab1-atl01";0.073064;2122512.548865;"0.004012999";"linux2";"4.71.254.146";"bittorrent";1340033796;489175.325912;-1.000000;"4bf1068a-cabe-4254-a52f-c2914db03ade";7922;"WA";"Seattle";15;6;2012;0;18;"20120618"
"132.161.219.98";"US";-92.717600;41.721700;"AS22949 Grinnell College";"mlab1-atl01";0.038926;1910904.328996;"0.004012999";"win32";"4.71.254.146";"bittorrent";1340035719;380206.235079;-1.000000;"de23301c-c09c-4e47-aa2b-90a625720856";22949;"IA";"Grinnell";16;6;2012;0;18;"20120618"
"69.249.238.83";"US";-75.163800;39.952300;"AS7922 Comcast Cable Communications, Inc.";"mlab1-atl01";0.178944;1697325.859663;"0.004012999";"win32";"4.71.254.146";"bittorrent";1340036703;55461.816854;-1.000000;"a49b9e19-6f47-4dc7-8196-0fc4dbc9e641";7922;"PA";"Philadelphia";16;6;2012;0;18;"20120618"
"76.112.161.232";"US";-83.077200;42.375500;"AS7922 Comcast Cable Communications, Inc.";"mlab1-atl01";0.039438;498147.129368;"0.004012999";"win32";"4.71.254.146";"bittorrent";1340036997;79702.798558;-1.000000;"5cb4931f-bf67-49bf-a4ec-d36d7495a682";7922;"MI";"Detroit";16;6;2012;0;18;"20120618"
"71.237.28.39";"US";-104.984700;39.739200;"AS7922 Comcast Cable Communications, Inc.";"mlab1-atl01";0.057459;1099003.591592;"0.004012999";"darwin";"4.71.254.146";"bittorrent";1340037106;437505.810262;-1.000000;"95e96326-78fe-4507-8b06-f60611a1b7ad";7922;"CO";"Denver";16;6;2012;0;18;"20120618"
"99.99.213.185";"US";-85.882800;42.855500;"AS7018 AT&T Services, Inc.";"mlab1-atl01";0.052822;889962.646657;"0.004012999";"linux2";"4.71.254.146";"speedtest";1340037390;178952.101867;0.055654;"22998df3-a92a-4573-b9f5-476782c2c770";7018;"MI";"Hudsonville";16;6;2012;0;18;"20120618"
"70.114.2.130";"US";-98.399400;29.583400;"AS11427 Time Warner Cable Internet LLC";"mlab1-atl01";0.040719;2082008.287620;"0.004012999";"linux2";"4.71.254.146";"speedtest";1340037578;240487.807204;0.037253;"eef1d069-de63-4f80-84c8-860f065b1f10";11427;"TX";"San Antonio";16;6;2012;0;18;"20120618"
"24.61.63.89";"US";-71.031600;42.399700;"AS7922 Comcast Cable Communications, Inc.";"mlab1-atl01";0.047452;1543560.538200;"0.004012999";"win32";"4.71.254.146";"speedtest";1340038557;509712.899774;0.037693;"641fcec9-64c6-4ec1-a213-90d958a6f9a1";7922;"MA";"Chelsea";16;6;2012;0;18;"20120618"
"66.142.7.6";"US";-101.831300;35.222000;"AS2386 AT&T Data Communications Services";"mlab1-atl01";0.149999;7143.527363;"0.004012999";"linux2";"4.71.254.146";"bittorrent";1340038611;16716.248562;-1.000000;"e629a5ed-292e-4c20-860f-40ebe4624851";2386;"TX";"Amarillo";16;6;2012;0;18;"20120618"
"67.168.59.54";"US";-122.668000;48.185500;"AS7922 Comcast Cable Communications, Inc.";"mlab1-atl01";0.075976;2132486.274180;"0.004012999";"win32";"4.71.254.146";"speedtest";1340038955;531376.403497;0.074185;"ea22d474-846e-407d-9ebe-cd03ff0d64f4";7922;"WA";"Coupeville";17;6;2012;0;18;"20120618"
"68.58.165.186";"US";-80.107000;32.841300;"AS7922 Comcast Cable Communications, Inc.";"mlab1-atl01";0.047339;1778748.216690;"0.004012999";"linux2";"4.71.254.146";"bittorrent";1340040562;872226.493819;-1.000000;"564f666b-3c55-40d4-a5f8-92064e970a5f";7922;"SC";"Charleston";17;6;2012;0;18;"20120618"
"71.58.226.44";"US";-75.961500;41.249000;"AS7922 Comcast Cable Communications, Inc.";"mlab1-atl01";0.062404;3232852.052734;"0.004012999";"win32";"4.71.254.146";"bittorrent";1340040705;623112.829822;-1.000000;"fb6cc5ca-37c3-44c5-8176-4a40a17f217a";7922;"PA";"Plymouth";17;6;2012;0;18;"20120618"
"98.243.192.146";"US";-84.594100;42.860200;"AS7922 Comcast Cable Communications, Inc.";"mlab1-atl01";0.044899;1295654.324960;"0.004012999";"darwin";"4.71.254.146";"speedtest";1340040741;474714.970289;0.047325;"69a61dac-c7ac-4b16-b86b-4bd2f3990f62";7922;"MI";"Dewitt";17;6;2012;0;18;"20120618"
"68.41.24.217";"US";-83.036000;42.724500;"AS7922 Comcast Cable Communications, Inc.";"mlab1-atl01";0.048103;2019797.881230;"0.004012999";"win32";"4.71.254.146";"speedtest";1340040782;512340.668344;0.050811;"7acc5903-5884-4564-add3-0be49e9fa576";7922;"MI";"Washington";17;6;2012;0;18;"20120618"
"71.204.91.144";"US";-84.447700;34.119000;"AS7922 Comcast Cable Communications, Inc.";"mlab1-atl01";0.013462;2204628.010680;"0.004012999";"darwin";"4.71.254.146";"speedtest";1340040878;522042.149526;0.017724;"4b4fa0bc-987b-4105-9a0b-83e736a6503c";7922;"GA";"Woodstock";17;6;2012;0;18;"20120618"
"71.118.241.200";"US";-118.880000;34.213300;"AS701 MCI Communications Services, Inc. d/b/a Verizon Business";"mlab1-atl01";0.069598;2755729.406880;"0.004012999";"darwin";"4.71.254.146";"speedtest";1340041207;630395.921929;0.073724;"6240ede4-4770-4ab9-a1a5-5df49c84c463";701;"CA";"Thousand Oaks";17;6;2012;0;18;"20120618"
"132.161.219.98";"US";-92.717600;41.721700;"AS22949 Grinnell College";"mlab1-atl01";0.039464;1060544.010564;"0.004012999";"win32";"4.71.254.146";"bittorrent";1340041391;323886.293617;-1.000000;"de23301c-c09c-4e47-aa2b-90a625720856";22949;"IA";"Grinnell";17;6;2012;0;18;"20120618"
"174.31.152.186";"US";-97.000000;38.000000;"AS209 NOVARTIS-DMZ-US";"mlab1-atl01";0.099807;1796638.213510;"0.004012999";"darwin";"4.71.254.146";"speedtest";1340041448;542385.304694;0.105758;"9da9dff5-de02-49ae-a084-b2164425feeb";209;"";"";17;6;2012;0;18;"20120618"
"76.112.161.232";"US";-83.077200;42.375500;"AS7922 Comcast Cable Communications, Inc.";"mlab1-atl01";0.041014;545960.532825;"0.004012999";"win32";"4.71.254.146";"speedtest";1340041679;91458.767384;0.043312;"5cb4931f-bf67-49bf-a4ec-d36d7495a682";7922;"MI";"Detroit";17;6;2012;0;18;"20120618"
"69.251.194.209";"US";-77.177000;39.175200;"AS7922 Comcast Cable Communications, Inc.";"mlab1-atl01";0.033678;2714618.120530;"0.004011999";"win32";"4.71.254.146";"speedtest";1340041686;524715.335311;0.034012;"5ab805cf-b023-4309-9496-d8b22873a074";7922;"MD";"Montgomery Village";17;6;2012;0;18;"20120618"
"99.104.57.129";"US";-87.701600;41.975900;"AS7018 AT&T Services, Inc.";"mlab1-atl01";0.031548;286472.032262;"0.004012999";"darwin";"4.71.254.146";"speedtest";1340041689;52219.194491;0.038797;"d6f10baf-3b6d-47fb-999c-6d4188d2d4b2";7018;"IL";"Chicago";17;6;2012;0;18;"20120618"
"69.249.238.83";"US";-75.163800;39.952300;"AS7922 Comcast Cable Communications, Inc.";"mlab1-atl01";0.229923;1759511.679635;"0.004012999";"win32";"4.71.254.146";"bittorrent";1340042937;173434.029370;-1.000000;"a49b9e19-6f47-4dc7-8196-0fc4dbc9e641";7922;"PA";"Philadelphia";18;6;2012;0;18;"20120618"
"67.168.66.115";"US";-122.630500;48.321800;"AS7922 Comcast Cable Communications, Inc.";"mlab1-atl01";0.072000;2247058.698867;"0.004012999";"win32";"4.71.254.146";"bittorrent";1340043150;715082.106865;-1.000000;"3ee99b5a-2c05-4823-a555-34b90b697de5";7922;"WA";"Oak Harbor";18;6;2012;0;18;"20120618"
"70.114.2.130";"US";-98.399400;29.583400;"AS11427 Time Warner Cable Internet LLC";"mlab1-atl01";0.034925;2330657.350010;"0.004012999";"linux2";"4.71.254.146";"speedtest";1340043220;240277.732975;0.037060;"eef1d069-de63-4f80-84c8-860f065b1f10";11427;"TX";"San Antonio";18;6;2012;0;18;"20120618"
"98.206.101.228";"US";-87.655100;41.937300;"AS7922 Comcast Cable Communications, Inc.";"mlab1-atl01";0.031055;3031266.673050;"0.004012999";"win32";"4.71.254.146";"bittorrent";1340043368;520334.179752;-1.000000;"1b8a7968-95b4-4827-8260-84d7e02b3d53";7922;"IL";"Chicago";18;6;2012;0;18;"20120618"
"50.83.240.108";"US";-95.977900;45.232200;"AS30036 Mediacom Communications Corp";"mlab1-atl01";0.044512;1417272.159870;"0.004012999";"darwin";"4.71.254.146";"speedtest";1340044005;322437.047679;0.044133;"43af2f72-3dc4-4824-9ff7-faa06a3cb206";30036;"MN";"Appleton";18;6;2012;0;18;"20120618"
"75.132.191.176";"US";-89.899800;38.512100;"AS20115 Charter Communications";"mlab1-atl01";0.048184;1824935.865190;"0.004012999";"win32";"4.71.254.146";"speedtest";1340045215;396194.210762;0.052843;"c08311ac-7edd-4390-b447-4ca484b5dacc";20115;"IL";"Belleville";18;6;2012;0;18;"20120618"
"64.81.87.32";"US";-117.865300;34.020300;"AS18566 MegaPath Corporation";"mlab1-atl01";0.060824;807836.095746;"0.004011999";"win32";"4.71.254.146";"bittorrent";1340045469;85882.960464;-1.000000;"e94d5238-1b8c-4a39-ae43-035af5b62fa1";18566;"CA";"Walnut";18;6;2012;0;18;"20120618"
"66.66.21.182";"US";-77.602400;43.185800;"AS11351 Time Warner Cable Internet LLC";"mlab1-atl01";0.046606;1906590.597335;"0.004012999";"win32";"4.71.254.146";"bittorrent";1340045605;586391.055658;-1.000000;"b4fb3816-21d6-43b3-91fc-aabe40980e90";11351;"NY";"Rochester";18;6;2012;0;18;"20120618"
"132.161.219.98";"US";-92.717600;41.721700;"AS22949 Grinnell College";"mlab1-atl01";0.039759;2999258.442570;"0.004012999";"win32";"4.71.254.146";"speedtest";1340045664;561937.580483;0.041028;"de23301c-c09c-4e47-aa2b-90a625720856";22949;"IA";"Grinnell";18;6;2012;0;18;"20120618"
"66.80.217.179";"US";-105.002200;39.545700;"AS4565 MegaPath Networks Inc.";"mlab1-atl01";0.044012;665779.616254;"0.004012999";"darwin";"4.71.254.146";"bittorrent";1340047069;729013.885620;-1.000000;"fd8f8cbf-53ff-44fa-8e9f-da47c60b3fce";4565;"CO";"Littleton";19;6;2012;0;18;"20120618"
"24.22.135.177";"US";-122.332100;47.606200;"AS7922 Comcast Cable Communications, Inc.";"mlab1-atl01";0.069000;2337115.491490;"0.004012999";"linux2";"4.71.254.146";"speedtest";1340047289;430677.069646;0.071919;"04cea472-6610-42db-acd2-c644a3d4447f";7922;"WA";"Seattle";19;6;2012;0;18;"20120618"
"98.251.77.68";"US";-83.949600;33.512000;"AS7922 Comcast Cable Communications, Inc.";"mlab1-atl01";0.013961;3039059.926880;"0.004011999";"win32";"4.71.254.146";"speedtest";1340047289;451036.692891;0.018162;"cbfab653-aed3-47c3-b7d0-e4159cab6582";7922;"GA";"Covington";19;6;2012;0;18;"20120618"
"75.140.153.254";"US";-121.654400;37.130500;"AS20115 Charter Communications";"mlab1-atl01";0.093997;4885705.944026;"0.004012999";"darwin";"4.71.254.146";"bittorrent";1340047642;633398.773796;-1.000000;"a039434c-d8c0-4f4d-8050-4153de22c986";20115;"CA";"Morgan Hill";19;6;2012;0;18;"20120618"
"98.124.100.208";"US";-80.038400;33.118000;"AS16863 Home Telephone Company, Inc.";"mlab1-atl01";0.047790;1121885.492290;"0.004012999";"linux2";"4.71.254.146";"speedtest";1340047941;239671.093255;0.051419;"adcd5d0f-b5f4-47e4-9505-249669f515a0";16863;"SC";"Moncks Corner";19;6;2012;0;18;"20120618"
"99.130.96.199";"US";-117.490800;33.932900;"AS7018 AT&T Services, Inc.";"mlab1-atl01";0.090824;707141.770240;"0.004012999";"linux2";"4.71.254.146";"speedtest";1340049102;176021.616567;0.092024;"0a3b2944-23c0-4116-a068-0d5627c0dec9";7018;"CA";"Riverside";19;6;2012;0;18;"20120618"
"99.27.132.203";"US";-122.036300;37.368800;"AS7132 AS for SBIS-AS";"mlab1-atl01";0.087326;385822.654758;"0.004012999";"linux2";"4.71.254.146";"bittorrent";1340049193;76169.141318;-1.000000;"d0271e0a-854f-4f73-b087-7be4c60e4f8c";7132;"CA";"Sunnyvale";19;6;2012;0;18;"20120618"
"75.140.153.254";"US";-121.654400;37.130500;"AS20115 Charter Communications";"mlab1-atl01";0.094252;2188869.190950;"0.004012999";"darwin";"4.71.254.146";"speedtest";1340049228;517739.290211;0.096733;"a039434c-d8c0-4f4d-8050-4153de22c986";20115;"CA";"Morgan Hill";19;6;2012;0;18;"20120618"
"208.57.38.36";"US";-117.164900;32.807200;"AS14265 Telepacific Communications";"mlab1-atl01";0.073113;170554.799523;"0.004011999";"linux2";"4.71.254.146";"speedtest";1340049965;176845.084515;0.073591;"71bb2b47-414f-414d-b8ff-f1237c21f432";14265;"CA";"San Diego";20;6;2012;0;18;"20120618"
"96.236.133.97";"US";-79.995900;40.440600;"AS701 MCI Communications Services, Inc. d/b/a Verizon Business";"mlab1-atl01";0.034930;586000.771285;"0.004012999";"linux2";"4.71.254.146";"speedtest";1340050397;322238.986262;0.044510;"002bd52f-5f9d-42eb-9ce6-e310c9db525a";701;"PA";"Pittsburgh";20;6;2012;0;18;"20120618"
"24.46.196.47";"US";-73.686200;40.793900;"AS6128 Cablevision Systems Corp.";"mlab1-atl01";0.029298;2024236.232170;"0.004012999";"win32";"4.71.254.146";"speedtest";1340050504;261906.441740;0.032873;"103cc2f1-ddd5-4016-83cc-cdd357e7a81a";6128;"NY";"Manhasset";20;6;2012;0;18;"20120618"
"71.65.103.69";"US";-83.902700;39.678000;"AS10796 Time Warner Cable Internet LLC";"mlab1-atl01";0.049666;1292077.345350;"0.004012999";"win32";"4.71.254.146";"speedtest";1340051066;119953.947323;0.049356;"6d6c74dc-a35c-4d7b-b891-d665072442c5";10796;"OH";"Xenia";20;6;2012;0;18;"20120618"
"96.2.48.78";"US";-96.983300;42.836900;"AS11232 Midcontinent Media, Inc.";"mlab1-atl01";0.046323;4233618.481109;"0.004012999";"win32";"4.71.254.146";"bittorrent";1340051519;621525.256247;-1.000000;"d4959228-fa29-4292-8c76-7ca9985284c9";11232;"SD";"Vermillion";20;6;2012;0;18;"20120618"
"24.61.63.89";"US";-71.031600;42.399700;"AS7922 Comcast Cable Communications, Inc.";"mlab1-atl01";0.044049;1587254.908888;"0.004012999";"win32";"4.71.254.146";"bittorrent";1340052275;481712.779803;-1.000000;"641fcec9-64c6-4ec1-a213-90d958a6f9a1";7922;"MA";"Chelsea";20;6;2012;0;18;"20120618"
"98.124.100.208";"US";-80.038400;33.118000;"AS16863 Home Telephone Company, Inc.";"mlab1-atl01";0.050322;1196168.657822;"0.004012999";"linux2";"4.71.254.146";"bittorrent";1340052514;225793.144902;-1.000000;"adcd5d0f-b5f4-47e4-9505-249669f515a0";16863;"SC";"Moncks Corner";20;6;2012;0;18;"20120618"
"64.81.87.32";"US";-117.865300;34.020300;"AS18566 MegaPath Corporation";"mlab1-atl01";0.063397;658961.728244;"0.004011999";"win32";"4.71.254.146";"speedtest";1340052791;106946.269222;0.063450;"e94d5238-1b8c-4a39-ae43-035af5b62fa1";18566;"CA";"Walnut";20;6;2012;0;18;"20120618"
"98.22.138.166";"US";-95.790800;36.052600;"AS7029 Windstream Communications Inc";"mlab1-atl01";0.075238;83488.202425;"0.004012999";"win32";"4.71.254.146";"bittorrent";1340052988;76290.704383;-1.000000;"eb27082c-e25b-4239-869e-8ba23d438a17";7029;"OK";"Broken Arrow";20;6;2012;0;18;"20120618"
"97.126.49.211";"US";-122.217100;47.482900;"AS209 NOVARTIS-DMZ-US";"mlab1-atl01";0.178453;124378.062685;"0.004012999";"darwin";"4.71.254.146";"speedtest";1340053249;80297.449507;0.175037;"8e65a2a9-47d4-4adc-a937-76425a1f5bfe";209;"WA";"Renton";21;6;2012;0;18;"20120618"
"99.21.145.140";"US";-121.382800;38.626300;"AS7132 AS for SBIS-AS";"mlab1-atl01";0.100095;584740.169099;"0.004012999";"win32";"4.71.254.146";"speedtest";1340053584;162569.345221;0.100605;"ebeab1c8-defc-4fef-8be3-daa7088a0954";7132;"CA";"Sacramento";21;6;2012;0;18;"20120618"
"74.103.162.36";"US";-75.114700;40.427800;"AS701 MCI Communications Services, Inc. d/b/a Verizon Business";"mlab1-atl01";0.024670;1912384.453887;"0.004012999";"darwin";"4.71.254.146";"bittorrent";1340053714;663825.185607;-1.000000;"4eec0d76-fa70-4b4c-91f9-8cb1b74b0682";701;"PA";"Pipersville";21;6;2012;0;18;"20120618"
"173.160.133.65";"US";-122.449200;47.151100;"AS7922 Comcast Cable Communications, Inc.";"mlab1-atl01";0.072928;475992.901751;"0.004012999";"win32";"4.71.254.146";"bittorrent";1340054925;370627.890952;-1.000000;"cd29f4ce-ebe9-47c8-8b18-9406a9618ac1";7922;"WA";"Tacoma";21;6;2012;0;18;"20120618"
"67.172.130.152";"US";-104.821400;38.833900;"AS7922 Comcast Cable Communications, Inc.";"mlab1-atl01";0.048488;3147320.641220;"0.004012999";"darwin";"4.71.254.146";"bittorrent";1340054948;552435.071809;-1.000000;"e83583f7-4c54-4291-a929-2fd12fd286f5";7922;"CO";"Colorado Springs";21;6;2012;0;18;"20120618"
"76.112.203.189";"US";-83.144600;42.489500;"AS7922 Comcast Cable Communications, Inc.";"mlab1-atl01";0.041990;1977741.773240;"0.004012999";"win32";"4.71.254.146";"speedtest";1340055684;770116.280144;0.043811;"5cb4931f-bf67-49bf-a4ec-d36d7495a682";7922;"MI";"Royal Oak";21;6;2012;0;18;"20120618"
"98.222.147.136";"US";-85.681400;40.411900;"AS7922 Comcast Cable Communications, Inc.";"mlab1-atl01";0.041891;2960067.113535;"0.004012999";"linux2";"4.71.254.146";"bittorrent";1340056193;525158.215286;-1.000000;"247a4b73-0dbb-440a-a85f-68d042f5a3a2";7922;"IN";"Fairmount";21;6;2012;0;18;"20120618"
"99.27.132.203";"US";-122.036300;37.368800;"AS7132 AS for SBIS-AS";"mlab1-atl01";0.167533;117383.852563;"0.004012999";"linux2";"4.71.254.146";"speedtest";1340056212;56583.607028;0.159498;"d0271e0a-854f-4f73-b087-7be4c60e4f8c";7132;"CA";"Sunnyvale";21;6;2012;0;18;"20120618"
"24.111.85.175";"US";-97.440500;42.935900;"AS11232 Midcontinent Media, Inc.";"mlab1-atl01";0.057684;353716.489431;"0.004011999";"win32";"4.71.254.146";"bittorrent";1340056782;523111.228629;-1.000000;"d8e6a54b-6231-4d06-a9c1-bf3a10f484b1";11232;"SD";"Yankton";21;6;2012;0;18;"20120618"
"24.61.63.89";"US";-71.031600;42.399700;"AS7922 Comcast Cable Communications, Inc.";"mlab1-atl01";0.045630;1534432.975760;"0.004012999";"win32";"4.71.254.146";"speedtest";1340056903;508503.958495;0.038158;"641fcec9-64c6-4ec1-a213-90d958a6f9a1";7922;"MA";"Chelsea";22;6;2012;0;18;"20120618"
"74.103.162.36";"US";-75.114700;40.427800;"AS701 MCI Communications Services, Inc. d/b/a Verizon Business";"mlab1-atl01";0.028951;1888717.436341;"0.004012999";"darwin";"4.71.254.146";"bittorrent";1340056938;664191.722539;-1.000000;"4eec0d76-fa70-4b4c-91f9-8cb1b74b0682";701;"PA";"Pipersville";22;6;2012;0;18;"20120618"
"71.190.171.206";"US";-73.525400;40.767000;"AS701 MCI Communications Services, Inc. d/b/a Verizon Business";"mlab1-atl01";0.029336;3319361.131380;"0.004012999";"linux2";"4.71.254.146";"speedtest";1340057453;2412469.794680;0.032367;"dfd87da2-1968-48ac-9bd2-5469644e29e4";701;"NY";"Hicksville";22;6;2012;0;18;"20120618"
"96.2.48.78";"US";-96.983300;42.836900;"AS11232 Midcontinent Media, Inc.";"mlab1-atl01";0.045596;4249246.184831;"0.004012999";"win32";"4.71.254.146";"bittorrent";1340057704;630326.822590;-1.000000;"d4959228-fa29-4292-8c76-7ca9985284c9";11232;"SD";"Vermillion";22;6;2012;0;18;"20120618"
"68.58.165.186";"US";-80.107000;32.841300;"AS7922 Comcast Cable Communications, Inc.";"mlab1-atl01";0.051846;896339.595610;"0.004012999";"linux2";"4.71.254.146";"speedtest";1340058244;829653.284174;0.052923;"564f666b-3c55-40d4-a5f8-92064e970a5f";7922;"SC";"Charleston";22;6;2012;0;18;"20120618"
"71.65.103.69";"US";-83.902700;39.678000;"AS10796 Time Warner Cable Internet LLC";"mlab1-atl01";0.056244;1201017.029302;"0.004012999";"win32";"4.71.254.146";"bittorrent";1340058340;120054.411674;-1.000000;"6d6c74dc-a35c-4d7b-b891-d665072442c5";10796;"OH";"Xenia";22;6;2012;0;18;"20120618"
"75.132.191.176";"US";-89.899800;38.512100;"AS20115 Charter Communications";"mlab1-atl01";0.048528;1874266.797273;"0.004012999";"win32";"4.71.254.146";"bittorrent";1340058455;400051.993307;-1.000000;"c08311ac-7edd-4390-b447-4ca484b5dacc";20115;"IL";"Belleville";22;6;2012;0;18;"20120618"
"173.246.102.187";"US";-76.612200;39.290400;"AS29169 Gandi SAS";"mlab1-atl01";0.014970;4326621.347270;"0.004011999";"linux2";"4.71.254.146";"speedtest";1340058896;780245.758670;0.016603;"a57cd6aa-6b9a-40e3-ae4c-0685546dd104";29169;"MD";"Baltimore";22;6;2012;0;18;"20120618"
"65.77.65.251";"US";-97.794700;35.261200;"AS22898 ATLINK SERVICES, LLC";"mlab1-atl01";0.036332;357521.061434;"0.004012999";"win32";"4.71.254.146";"speedtest";1340059444;110950.928493;0.035552;"e4a04559-218e-49d2-bbc0-71b979b87fa0";22898;"OK";"Tuttle";22;6;2012;0;18;"20120618"
"99.21.145.140";"US";-121.382800;38.626300;"AS7132 AS for SBIS-AS";"mlab1-atl01";0.182274;382602.372801;"0.004012999";"win32";"4.71.254.146";"speedtest";1340059257;113223.482551;0.207442;"ebeab1c8-defc-4fef-8be3-daa7088a0954";7132;"CA";"Sacramento";22;6;2012;0;18;"20120618"
"205.178.18.107";"US";-87.623800;41.884900;"AS6079 RCN";"mlab1-atl01";0.027153;2082395.523970;"0.004011999";"win32";"4.71.254.146";"speedtest";1340059315;199140.168522;0.029542;"e98788b3-c49f-4266-b003-f95ea1c0e2a0";6079;"IL";"Chicago";22;6;2012;0;18;"20120618"
"99.130.96.199";"US";-117.490800;33.932900;"AS7018 AT&T Services, Inc.";"mlab1-atl01";0.090289;1237141.454357;"0.004012999";"linux2";"4.71.254.146";"bittorrent";1340059377;183954.960703;-1.000000;"0a3b2944-23c0-4116-a068-0d5627c0dec9";7018;"CA";"Riverside";22;6;2012;0;18;"20120618"
"76.168.80.127";"US";-118.243700;34.052200;"AS20001 Time Warner Cable Internet LLC";"mlab1-atl01";0.068431;1851943.632417;"0.004012999";"darwin";"4.71.254.146";"bittorrent";1340060824;121970.176076;-1.000000;"90d62fdd-a880-469e-bb3b-4bf575cfed10";20001;"CA";"Los Angeles";23;6;2012;0;18;"20120618"
"74.93.119.149";"US";-77.460300;37.553800;"AS7922 Comcast Cable Communications, Inc.";"mlab1-atl01";0.031248;3448626.571460;"0.004012999";"win32";"4.71.254.146";"speedtest";1340060777;598168.009304;0.039065;"89137afb-b348-4f18-88b5-80cee829292f";7922;"VA";"Richmond";23;6;2012;0;18;"20120618"
"97.126.49.211";"US";-122.217100;47.482900;"AS209 NOVARTIS-DMZ-US";"mlab1-atl01";0.209916;548410.108808;"0.004012999";"darwin";"4.71.254.146";"bittorrent";1340061238;89567.758174;-1.000000;"8e65a2a9-47d4-4adc-a937-76425a1f5bfe";209;"WA";"Renton";23;6;2012;0;18;"20120618"
"132.161.219.98";"US";-92.717600;41.721700;"AS22949 Grinnell College";"mlab1-atl01";0.039722;1772924.313668;"0.004012999";"win32";"4.71.254.146";"bittorrent";1340061277;340426.824827;-1.000000;"de23301c-c09c-4e47-aa2b-90a625720856";22949;"IA";"Grinnell";23;6;2012;0;18;"20120618"
"68.40.185.45";"US";-83.740900;42.277600;"AS7922 Comcast Cable Communications, Inc.";"mlab1-atl01";0.064564;1393215.666401;"0.004012999";"darwin";"4.71.254.146";"bittorrent";1340062055;780152.476598;-1.000000;"f77a7853-1ba8-4219-aa2c-2157b5e89023";7922;"MI";"Ann Arbor";23;6;2012;0;18;"20120618"
"206.255.246.41";"US";-94.740500;32.500700;"AS53508 Cablelynx";"mlab1-atl01";0.050138;1277495.665050;"0.004012999";"win32";"4.71.254.146";"speedtest";1340062466;181112.770092;0.052823;"3a5b4ca4-0887-432d-a115-9f646a867cdb";53508;"TX";"Longview";23;6;2012;0;18;"20120618"
"50.193.198.140";"US";-122.213500;47.463700;"AS7922 Comcast Cable Communications, Inc.";"mlab1-atl01";0.097636;690194.297132;"0.004011999";"win32";"4.71.254.146";"speedtest";1340062804;267041.415196;0.076561;"2b37de0c-5f49-4446-8b8f-3b2dad14fb61";7922;"WA";"Renton";23;6;2012;0;18;"20120618"
"124.149.36.50";"AU";151.205500;-33.861500;"AS4802 iiNet Limited";"mlab3-syd01";0.014498;1123307.070170;"0.004012999";"darwin";"203.5.76.174";"bittorrent";1339978770;106150.443069;-1.000000;"55006e03-0757-4639-a9b7-34b02b3b1a04";4802;"02";"Sydney";0;6;2012;0;18;"20120618"
"58.96.114.83";"AU";115.861400;-31.952200;"AS10143 Exetel Pty Ltd";"mlab3-syd01";0.074091;672062.731743;"0.004011999";"win32";"203.5.76.174";"bittorrent";1339979451;102325.005015;-1.000000;"6fe26f55-7863-4a8e-915d-1e066fe772cc";10143;"08";"Perth";0;6;2012;0;18;"20120618"
"203.20.167.2";"AU";151.216700;-33.883300;"AS37998 St Vincents & Mater Health Sydney";"mlab3-syd01";0.050263;6449470.985140;"0.004011999";"win32";"203.5.76.174";"speedtest";1339980489;8062533.490370;0.019896;"69757534-ce26-4738-ad47-c9692c23fff0";37998;"02";"Darlinghurst";0;6;2012;0;18;"20120618"
"203.122.246.131";"AU";138.598600;-34.928700;"AS4739 Internode Pty Ltd";"mlab3-syd01";0.073294;549984.029762;"0.004012999";"darwin";"203.5.76.174";"speedtest";1339981038;107665.372999;0.066992;"dcaf924a-16d3-41ec-a1c4-e84d7f07760a";4739;"05";"Adelaide";0;6;2012;0;18;"20120618"
"58.96.114.83";"AU";115.861400;-31.952200;"AS10143 Exetel Pty Ltd";"mlab3-syd01";0.073391;656599.403252;"0.004011999";"win32";"203.5.76.174";"bittorrent";1339988286;114305.029595;-1.000000;"6fe26f55-7863-4a8e-915d-1e066fe772cc";10143;"08";"Perth";2;6;2012;0;18;"20120618"
"58.96.114.83";"AU";115.861400;-31.952200;"AS10143 Exetel Pty Ltd";"mlab3-syd01";0.072963;734458.686689;"0.004011999";"win32";"203.5.76.174";"speedtest";1339989765;99707.047879;0.076270;"6fe26f55-7863-4a8e-915d-1e066fe772cc";10143;"08";"Perth";3;6;2012;0;18;"20120618"
"203.122.246.131";"AU";138.598600;-34.928700;"AS4739 Internode Pty Ltd";"mlab3-syd01";0.055612;317522.849370;"0.004012999";"darwin";"203.5.76.174";"speedtest";1339990815;104029.424564;0.068339;"dcaf924a-16d3-41ec-a1c4-e84d7f07760a";4739;"05";"Adelaide";3;6;2012;0;18;"20120618"
"58.96.114.83";"AU";115.861400;-31.952200;"AS10143 Exetel Pty Ltd";"mlab3-syd01";0.074240;702032.332244;"0.004011999";"win32";"203.5.76.174";"speedtest";1339995657;92647.804369;0.078638;"6fe26f55-7863-4a8e-915d-1e066fe772cc";10143;"08";"Perth";5;6;2012;0;18;"20120618"
"124.149.36.50";"AU";151.205500;-33.861500;"AS4802 iiNet Limited";"mlab3-syd01";0.014275;1123566.374098;"0.004012999";"darwin";"203.5.76.174";"bittorrent";1339997230;106047.832226;-1.000000;"55006e03-0757-4639-a9b7-34b02b3b1a04";4802;"02";"Sydney";5;6;2012;0;18;"20120618"
"203.122.246.131";"AU";138.598600;-34.928700;"AS4739 Internode Pty Ltd";"mlab3-syd01";0.197097;100144.418307;"0.004012999";"darwin";"203.5.76.174";"bittorrent";1339999000;99154.437510;-1.000000;"dcaf924a-16d3-41ec-a1c4-e84d7f07760a";4739;"05";"Adelaide";5;6;2012;0;18;"20120618"
"124.149.36.50";"AU";151.205500;-33.861500;"AS4802 iiNet Limited";"mlab3-syd01";0.014345;1118964.262670;"0.004012999";"darwin";"203.5.76.174";"speedtest";1340001850;105380.684324;0.017162;"55006e03-0757-4639-a9b7-34b02b3b1a04";4802;"02";"Sydney";6;6;2012;0;18;"20120618"
"58.96.114.83";"AU";115.861400;-31.952200;"AS10143 Exetel Pty Ltd";"mlab3-syd01";0.072892;572698.633568;"0.004011999";"win32";"203.5.76.174";"bittorrent";1340003077;111864.332652;-1.000000;"6fe26f55-7863-4a8e-915d-1e066fe772cc";10143;"08";"Perth";7;6;2012;0;18;"20120618"
"203.20.167.2";"AU";151.216700;-33.883300;"AS37998 St Vincents & Mater Health Sydney";"mlab3-syd01";0.001877;10469914.875400;"0.004011999";"win32";"203.5.76.174";"speedtest";1340006320;9876553.465900;0.003256;"dfcb3c2e-91c7-49e0-9fbc-48fb488b227c";37998;"02";"Darlinghurst";7;6;2012;0;18;"20120618"
"124.149.36.50";"AU";151.205500;-33.861500;"AS4802 iiNet Limited";"mlab3-syd01";0.013913;1123345.792544;"0.004012999";"darwin";"203.5.76.174";"bittorrent";1340006465;105824.399414;-1.000000;"55006e03-0757-4639-a9b7-34b02b3b1a04";4802;"02";"Sydney";8;6;2012;0;18;"20120618"
"203.122.246.131";"AU";138.598600;-34.928700;"AS4739 Internode Pty Ltd";"mlab3-syd01";0.056158;653798.735087;"0.004012999";"darwin";"203.5.76.174";"speedtest";1340013815;105578.994912;0.059870;"dcaf924a-16d3-41ec-a1c4-e84d7f07760a";4739;"05";"Adelaide";10;6;2012;0;18;"20120618"
"124.149.36.50";"AU";151.205500;-33.861500;"AS4802 iiNet Limited";"mlab3-syd01";0.014478;1109714.643950;"0.004012999";"darwin";"203.5.76.174";"speedtest";1340017230;105313.573555;0.017370;"55006e03-0757-4639-a9b7-34b02b3b1a04";4802;"02";"Sydney";11;6;2012;0;18;"20120618"
"124.149.36.50";"AU";151.205500;-33.861500;"AS4802 iiNet Limited";"mlab3-syd01";0.014348;1122618.707102;"0.004012999";"darwin";"203.5.76.174";"bittorrent";1340018769;105568.738785;-1.000000;"55006e03-0757-4639-a9b7-34b02b3b1a04";4802;"02";"Sydney";11;6;2012;0;18;"20120618"
"124.169.8.159";"AU";151.205500;-33.861500;"AS4802 iiNet Limited";"mlab3-syd01";0.009754;598810.980576;"0.004012999";"darwin";"203.5.76.174";"speedtest";1340019938;111412.262866;0.011912;"55006e03-0757-4639-a9b7-34b02b3b1a04";4802;"02";"Sydney";11;6;2012;0;18;"20120618"
"124.149.114.179";"AU";151.183300;-33.866700;"AS4802 iiNet Limited";"mlab3-syd01";0.009488;602451.400162;"0.004012999";"darwin";"203.5.76.174";"speedtest";1340020271;110672.627552;0.011730;"55006e03-0757-4639-a9b7-34b02b3b1a04";4802;"02";"Glebe";11;6;2012;0;18;"20120618"
"203.20.167.2";"AU";151.216700;-33.883300;"AS37998 St Vincents & Mater Health Sydney";"mlab3-syd01";0.054740;8763903.975880;"0.004011999";"win32";"203.5.76.174";"speedtest";1340022045;8777006.522740;0.026654;"69757534-ce26-4738-ad47-c9692c23fff0";37998;"02";"Darlinghurst";12;6;2012;0;18;"20120618"
"58.96.114.83";"AU";115.861400;-31.952200;"AS10143 Exetel Pty Ltd";"mlab3-syd01";0.083756;261750.614035;"0.004011999";"win32";"203.5.76.174";"speedtest";1340028148;84909.389843;0.076406;"6fe26f55-7863-4a8e-915d-1e066fe772cc";10143;"08";"Perth";14;6;2012;0;18;"20120618"
"203.122.246.131";"AU";138.598600;-34.928700;"AS4739 Internode Pty Ltd";"mlab3-syd01";0.098723;630666.522605;"0.004012999";"darwin";"203.5.76.174";"bittorrent";1340028481;106254.613771;-1.000000;"dcaf924a-16d3-41ec-a1c4-e84d7f07760a";4739;"05";"Adelaide";14;6;2012;0;18;"20120618"
"220.237.12.58";"AU";145.083300;-37.716700;"AS4804 Microplex PTY LTD";"mlab3-syd01";0.027922;2360675.179823;"0.004011999";"win32";"203.5.76.174";"bittorrent";1340028707;61352.161001;-1.000000;"343beccc-13c6-4239-9232-3625f40b4228";4804;"07";"Watsonia";14;6;2012;0;18;"20120618"
"58.96.114.83";"AU";115.861400;-31.952200;"AS10143 Exetel Pty Ltd";"mlab3-syd01";0.080078;228297.755536;"0.004011999";"win32";"203.5.76.174";"speedtest";1340031100;73603.379100;0.078781;"6fe26f55-7863-4a8e-915d-1e066fe772cc";10143;"08";"Perth";14;6;2012;0;18;"20120618"
"58.96.114.83";"AU";115.861400;-31.952200;"AS10143 Exetel Pty Ltd";"mlab3-syd01";0.072270;377413.616077;"0.004011999";"win32";"203.5.76.174";"bittorrent";1340032574;84436.718434;-1.000000;"6fe26f55-7863-4a8e-915d-1e066fe772cc";10143;"08";"Perth";15;6;2012;0;18;"20120618"
"203.20.167.2";"AU";151.216700;-33.883300;"AS37998 St Vincents & Mater Health Sydney";"mlab3-syd01";0.066550;7824989.092580;"0.004011999";"win32";"203.5.76.174";"speedtest";1340034834;8806021.549460;0.019262;"69757534-ce26-4738-ad47-c9692c23fff0";37998;"02";"Darlinghurst";15;6;2012;0;18;"20120618"
"203.122.246.131";"AU";138.598600;-34.928700;"AS4739 Internode Pty Ltd";"mlab3-syd01";0.055764;623987.403382;"0.004012999";"darwin";"203.5.76.174";"bittorrent";1340034999;104928.377627;-1.000000;"dcaf924a-16d3-41ec-a1c4-e84d7f07760a";4739;"05";"Adelaide";15;6;2012;0;18;"20120618"
"58.96.114.83";"AU";115.861400;-31.952200;"AS10143 Exetel Pty Ltd";"mlab3-syd01";0.072662;333294.008449;"0.004011999";"win32";"203.5.76.174";"speedtest";1340037007;79674.067710;0.078861;"6fe26f55-7863-4a8e-915d-1e066fe772cc";10143;"08";"Perth";16;6;2012;0;18;"20120618"
"124.168.20.100";"AU";151.205500;-33.861500;"AS4802 iiNet Limited";"mlab3-syd01";0.016071;989213.175213;"0.004012999";"darwin";"203.5.76.174";"bittorrent";1340037232;106046.925111;-1.000000;"55006e03-0757-4639-a9b7-34b02b3b1a04";4802;"02";"Sydney";16;6;2012;0;18;"20120618"
"220.237.12.58";"AU";145.083300;-37.716700;"AS4804 Microplex PTY LTD";"mlab3-syd01";0.044371;2357225.199903;"0.004011999";"win32";"203.5.76.174";"bittorrent";1340038049;61200.006061;-1.000000;"343beccc-13c6-4239-9232-3625f40b4228";4804;"07";"Watsonia";16;6;2012;0;18;"20120618"
"203.20.167.2";"AU";151.216700;-33.883300;"AS37998 St Vincents & Mater Health Sydney";"mlab3-syd01";0.056705;9165430.656240;"0.004011999";"win32";"203.5.76.174";"speedtest";1340038029;9456404.857750;0.023687;"69757534-ce26-4738-ad47-c9692c23fff0";37998;"02";"Darlinghurst";16;6;2012;0;18;"20120618"
"58.96.114.83";"AU";115.861400;-31.952200;"AS10143 Exetel Pty Ltd";"mlab3-syd01";0.074832;486647.065959;"0.004011999";"win32";"203.5.76.174";"speedtest";1340039956;82447.825224;0.076618;"6fe26f55-7863-4a8e-915d-1e066fe772cc";10143;"08";"Perth";17;6;2012;0;18;"20120618"
"203.20.167.2";"AU";151.216700;-33.883300;"AS37998 St Vincents & Mater Health Sydney";"mlab3-syd01";0.001012;10696123.030800;"0.004012999";"win32";"203.5.76.174";"speedtest";1340040351;11629501.762000;0.001384;"37c67e2f-0eee-4f8c-90b1-c76aad0b580e";37998;"02";"Darlinghurst";17;6;2012;0;18;"20120618"
"203.20.167.2";"AU";151.216700;-33.883300;"AS37998 St Vincents & Mater Health Sydney";"mlab3-syd01";0.056671;9081069.697760;"0.004011999";"win32";"203.5.76.174";"speedtest";1340041230;8821581.055360;0.021144;"69757534-ce26-4738-ad47-c9692c23fff0";37998;"02";"Darlinghurst";17;6;2012;0;18;"20120618"
"203.122.246.131";"AU";138.598600;-34.928700;"AS4739 Internode Pty Ltd";"mlab3-syd01";0.056386;640395.489853;"0.004012999";"darwin";"203.5.76.174";"bittorrent";1340048033;106498.171342;-1.000000;"dcaf924a-16d3-41ec-a1c4-e84d7f07760a";4739;"05";"Adelaide";19;6;2012;0;18;"20120618"
"203.20.167.2";"AU";151.216700;-33.883300;"AS37998 St Vincents & Mater Health Sydney";"mlab3-syd01";0.000665;2069169.941000;"0.004012999";"win32";"203.5.76.174";"speedtest";1340048227;12378314.857500;0.001170;"37c67e2f-0eee-4f8c-90b1-c76aad0b580e";37998;"02";"Darlinghurst";19;6;2012;0;18;"20120618"
"203.122.246.131";"AU";138.598600;-34.928700;"AS4739 Internode Pty Ltd";"mlab3-syd01";0.055842;606974.942302;"0.004012999";"darwin";"203.5.76.174";"speedtest";1340049659;105624.512891;0.064428;"dcaf924a-16d3-41ec-a1c4-e84d7f07760a";4739;"05";"Adelaide";20;6;2012;0;18;"20120618"
"58.96.114.83";"AU";115.861400;-31.952200;"AS10143 Exetel Pty Ltd";"mlab3-syd01";0.073453;829585.913773;"0.004011999";"win32";"203.5.76.174";"bittorrent";1340056142;101536.144152;-1.000000;"6fe26f55-7863-4a8e-915d-1e066fe772cc";10143;"08";"Perth";21;6;2012;0;18;"20120618"
"203.122.246.131";"AU";138.598600;-34.928700;"AS4739 Internode Pty Ltd";"mlab3-syd01";0.111780;659389.578611;"0.004012999";"darwin";"203.5.76.174";"bittorrent";1340057807;105993.564787;-1.000000;"dcaf924a-16d3-41ec-a1c4-e84d7f07760a";4739;"05";"Adelaide";22;6;2012;0;18;"20120618"
"203.20.167.2";"AU";151.216700;-33.883300;"AS37998 St Vincents & Mater Health Sydney";"mlab3-syd01";0.034796;8722897.386570;"0.004011999";"win32";"203.5.76.174";"speedtest";1340060446;8680418.472070;0.012133;"69757534-ce26-4738-ad47-c9692c23fff0";37998;"02";"Darlinghurst";23;6;2012;0;18;"20120618"
"203.20.167.2";"AU";151.216700;-33.883300;"AS37998 St Vincents & Mater Health Sydney";"mlab3-syd01";0.001631;9535460.621650;"0.004011999";"win32";"203.5.76.174";"speedtest";1340061788;10105277.818700;0.003127;"dfcb3c2e-91c7-49e0-9fbc-48fb488b227c";37998;"02";"Darlinghurst";23;6;2012;0;18;"20120618"
"203.122.246.131";"AU";138.598600;-34.928700;"AS4739 Internode Pty Ltd";"mlab3-syd01";0.054602;586887.924067;"0.004012999";"darwin";"203.5.76.174";"speedtest";1340062693;105301.513566;0.064355;"dcaf924a-16d3-41ec-a1c4-e84d7f07760a";4739;"05";"Adelaide";23;6;2012;0;18;"20120618"
"72.181.251.247";"US";-96.771500;32.833900;"AS11427 Time Warner Cable Internet LLC";"mlab1-dfw01";0.017663;2399050.367463;"0.004012999";"darwin";"38.107.216.20";"bittorrent";1339977998;224894.249653;-1.000000;"ec56ca67-ca5b-4ee7-a615-8743ebac3e8a";11427;"TX";"Dallas";0;6;2012;0;18;"20120618"
"209.155.86.74";"US";-77.426000;43.100500;"AS1785 PaeTec Communications, Inc.";"mlab1-dfw01";0.068953;334625.009175;"0.004012999";"win32";"38.107.216.20";"speedtest";1339978030;59279.605926;0.051284;"4841c017-4566-4afc-a805-ba458ccb2be1";1785;"NY";"Fairport";0;6;2012;0;18;"20120618"
"50.78.87.177";"US";-106.097500;39.574400;"AS7922 Comcast Cable Communications, Inc.";"mlab1-dfw01";0.055489;835373.408682;"0.004012999";"win32";"38.107.216.20";"speedtest";1339978148;614692.082710;0.056893;"c4393561-5207-49e8-879a-bbb805c9188f";7922;"CO";"Frisco";0;6;2012;0;18;"20120618"
"71.206.108.75";"US";-84.525500;42.742200;"AS7922 Comcast Cable Communications, Inc.";"mlab1-dfw01";0.066462;42520.653334;"0.004011999";"win32";"38.107.216.20";"bittorrent";1339978358;51604.450933;-1.000000;"ffaa390e-2089-4db5-9b0b-c03d5eed4c9f";7922;"MI";"Lansing";0;6;2012;0;18;"20120618"
"71.237.28.39";"US";-104.984700;39.739200;"AS7922 Comcast Cable Communications, Inc.";"mlab1-dfw01";0.029011;2211333.899135;"0.004012999";"darwin";"38.107.216.20";"bittorrent";1339978424;464373.788577;-1.000000;"95e96326-78fe-4507-8b06-f60611a1b7ad";7922;"CO";"Denver";0;6;2012;0;18;"20120618"
"76.169.71.176";"US";-118.273400;33.963800;"AS20001 Time Warner Cable Internet LLC";"mlab1-dfw01";0.102347;2028266.301665;"0.004011999";"win32";"38.107.216.20";"bittorrent";1339979205;122828.897582;-1.000000;"2f0c137b-7982-4d9c-b50a-c362f2d810e0";20001;"CA";"Los Angeles";0;6;2012;0;18;"20120618"
"98.251.77.68";"US";-83.949600;33.512000;"AS7922 Comcast Cable Communications, Inc.";"mlab1-dfw01";0.034111;2967254.410610;"0.004011999";"win32";"38.107.216.20";"speedtest";1339979489;462881.025504;0.054540;"cbfab653-aed3-47c3-b7d0-e4159cab6582";7922;"GA";"Covington";0;6;2012;0;18;"20120618"
"64.13.104.81";"US";-77.026100;38.990700;"AS16586 CLEARWIRE - CLEAR WIRELESS LLC";"mlab1-dfw01";0.160451;154520.865382;"0.004012999";"darwin";"38.107.216.20";"bittorrent";1339979849;129522.670149;-1.000000;"8a5f995c-e96b-4ee9-8332-ee1284a6fd58";16586;"MD";"Silver Spring";0;6;2012;0;18;"20120618"
"67.168.59.54";"US";-122.668000;48.185500;"AS7922 Comcast Cable Communications, Inc.";"mlab1-dfw01";0.059401;1518186.157989;"0.004012999";"win32";"38.107.216.20";"bittorrent";1339980161;703042.093291;-1.000000;"ea22d474-846e-407d-9ebe-cd03ff0d64f4";7922;"WA";"Coupeville";0;6;2012;0;18;"20120618"
"76.168.80.127";"US";-118.243700;34.052200;"AS20001 Time Warner Cable Internet LLC";"mlab1-dfw01";0.054331;2492710.312426;"0.004012999";"darwin";"38.107.216.20";"bittorrent";1339980294;121925.940167;-1.000000;"90d62fdd-a880-469e-bb3b-4bf575cfed10";20001;"CA";"Los Angeles";0;6;2012;0;18;"20120618"
"71.187.199.3";"US";-74.216400;40.816200;"AS701 MCI Communications Services, Inc. d/b/a Verizon Business";"mlab1-dfw01";0.061445;1238478.970794;"0.004011999";"win32";"38.107.216.20";"bittorrent";1339981010;717397.575981;-1.000000;"a9bde20f-2872-443c-8e9b-a2f6f162c91d";701;"NJ";"Montclair";0;6;2012;0;18;"20120618"
"70.122.243.11";"US";-97.015000;32.954600;"AS11427 Time Warner Cable Internet LLC";"mlab1-dfw01";0.026431;2114066.482820;"0.004012999";"win32";"38.107.216.20";"speedtest";1339981410;591717.907826;0.027987;"bab8f612-1f34-46c2-a83e-fbaa7a2f8fa7";11427;"TX";"Coppell";1;6;2012;0;18;"20120618"
"71.89.124.38";"US";-88.736400;44.638200;"AS20115 Charter Communications";"mlab1-dfw01";0.049817;2250646.449605;"0.004012999";"win32";"38.107.216.20";"bittorrent";1339981594;396751.516888;-1.000000;"0730ff7f-47eb-4e84-99b1-016150556fb6";20115;"WI";"Clintonville";1;6;2012;0;18;"20120618"
"76.168.80.127";"US";-118.243700;34.052200;"AS20001 Time Warner Cable Internet LLC";"mlab1-dfw01";0.056744;2225590.771340;"0.004012999";"darwin";"38.107.216.20";"speedtest";1339981875;120579.911520;0.060014;"90d62fdd-a880-469e-bb3b-4bf575cfed10";20001;"CA";"Los Angeles";1;6;2012;0;18;"20120618"
"69.249.238.83";"US";-75.163800;39.952300;"AS7922 Comcast Cable Communications, Inc.";"mlab1-dfw01";0.236158;188669.795068;"0.004012999";"win32";"38.107.216.20";"speedtest";1339982093;151903.569537;0.242010;"a49b9e19-6f47-4dc7-8196-0fc4dbc9e641";7922;"PA";"Philadelphia";1;6;2012;0;18;"20120618"
"72.181.251.247";"US";-96.771500;32.833900;"AS11427 Time Warner Cable Internet LLC";"mlab1-dfw01";0.016171;2376869.718590;"0.004012999";"darwin";"38.107.216.20";"speedtest";1339982859;214415.264542;0.024515;"ec56ca67-ca5b-4ee7-a615-8743ebac3e8a";11427;"TX";"Dallas";1;6;2012;0;18;"20120618"
"76.169.71.176";"US";-118.273400;33.963800;"AS20001 Time Warner Cable Internet LLC";"mlab1-dfw01";0.078978;1720270.984050;"0.004011999";"win32";"38.107.216.20";"speedtest";1339983432;84213.284557;0.058451;"2f0c137b-7982-4d9c-b50a-c362f2d810e0";20001;"CA";"Los Angeles";1;6;2012;0;18;"20120618"
"72.181.251.247";"US";-96.771500;32.833900;"AS11427 Time Warner Cable Internet LLC";"mlab1-dfw01";0.016935;2407197.863899;"0.004012999";"darwin";"38.107.216.20";"bittorrent";1339984481;218823.563476;-1.000000;"ec56ca67-ca5b-4ee7-a615-8743ebac3e8a";11427;"TX";"Dallas";1;6;2012;0;18;"20120618"
"69.144.10.64";"US";-108.454100;43.769800;"AS33588 Bresnan Communications, LLC.";"mlab1-dfw01";0.092254;475359.919487;"0.004012999";"win32";"38.107.216.20";"bittorrent";1339984521;259084.501594;-1.000000;"eacc891a-5915-4c63-a32a-7240664eaf5a";33588;"WY";"Thermopolis";1;6;2012;0;18;"20120618"
"173.246.102.187";"US";-76.612200;39.290400;"AS29169 Gandi SAS";"mlab1-dfw01";0.036833;2799534.902262;"0.004011999";"linux2";"38.107.216.20";"bittorrent";1339984812;639609.064336;-1.000000;"a57cd6aa-6b9a-40e3-ae4c-0685546dd104";29169;"MD";"Baltimore";2;6;2012;0;18;"20120618"
"76.168.80.127";"US";-118.243700;34.052200;"AS20001 Time Warner Cable Internet LLC";"mlab1-dfw01";0.053205;2027799.812200;"0.004012999";"darwin";"38.107.216.20";"speedtest";1339984971;120545.828888;0.058849;"90d62fdd-a880-469e-bb3b-4bf575cfed10";20001;"CA";"Los Angeles";2;6;2012;0;18;"20120618"
"50.78.87.177";"US";-106.097500;39.574400;"AS7922 Comcast Cable Communications, Inc.";"mlab1-dfw01";0.066673;955435.645132;"0.004012999";"win32";"38.107.216.20";"bittorrent";1339986266;351904.566939;-1.000000;"c4393561-5207-49e8-879a-bbb805c9188f";7922;"CO";"Frisco";2;6;2012;0;18;"20120618"
"208.102.218.140";"US";-84.897500;39.285200;"AS6181 Cincinnati Bell Telephone";"mlab1-dfw01";0.041264;1201256.537598;"0.004012999";"win32";"38.107.216.20";"bittorrent";1339986562;237870.365336;-1.000000;"59bc30c0-4f87-4fbd-8bb7-35768315d718";6181;"IN";"West Harrison";2;6;2012;0;18;"20120618"
"98.157.202.20";"US";-87.413900;39.466700;"AS10796 Time Warner Cable Internet LLC";"mlab1-dfw01";0.198013;1395572.730100;"0.004011999";"win32";"38.107.216.20";"speedtest";1339986794;59461.450736;0.130573;"9c0fa0e1-b625-407b-8e5d-f979a63c0e77";10796;"IN";"Terre Haute";2;6;2012;0;18;"20120618"
"68.40.93.208";"US";-82.582300;42.637600;"AS7922 Comcast Cable Communications, Inc.";"mlab1-dfw01";0.060163;394805.236880;"0.004011999";"win32";"38.107.216.20";"speedtest";1339987043;433668.431002;0.070613;"5ddd06da-64ad-444c-b2c0-525541d4d177";7922;"MI";"Algonac";2;6;2012;0;18;"20120618"
"65.77.65.251";"US";-97.794700;35.261200;"AS22898 ATLINK SERVICES, LLC";"mlab1-dfw01";0.012675;375737.797534;"0.004012999";"win32";"38.107.216.20";"speedtest";1339987534;178298.009904;0.017887;"e4a04559-218e-49d2-bbc0-71b979b87fa0";22898;"OK";"Tuttle";2;6;2012;0;18;"20120618"
"96.236.133.97";"US";-79.995900;40.440600;"AS701 MCI Communications Services, Inc. d/b/a Verizon Business";"mlab1-dfw01";0.181257;168534.218297;"0.004012999";"linux2";"38.107.216.20";"speedtest";1339987216;107321.401188;0.192233;"002bd52f-5f9d-42eb-9ce6-e310c9db525a";701;"PA";"Pittsburgh";2;6;2012;0;18;"20120618"
"72.181.251.247";"US";-96.771500;32.833900;"AS11427 Time Warner Cable Internet LLC";"mlab1-dfw01";0.017841;2067862.698094;"0.004012999";"darwin";"38.107.216.20";"bittorrent";1339987771;220350.388251;-1.000000;"ec56ca67-ca5b-4ee7-a615-8743ebac3e8a";11427;"TX";"Dallas";2;6;2012;0;18;"20120618"
"67.130.216.230";"US";-105.937800;35.687000;"AS209 NOVARTIS-DMZ-US";"mlab1-dfw01";0.205923;50539.236454;"0.004012999";"win32";"38.107.216.20";"bittorrent";1339988835;71401.588455;-1.000000;"ee8fe911-f84d-4ab8-b486-dda4c138f932";209;"NM";"Santa Fe";3;6;2012;0;18;"20120618"
"69.148.250.152";"US";-97.337500;37.692200;"AS7018 AT&T Services, Inc.";"mlab1-dfw01";0.059468;152030.807533;"0.004012999";"win32";"38.107.216.20";"speedtest";1339988996;34599.754931;0.070321;"acd06144-444b-4f3e-8410-58a01e77f7a8";7018;"KS";"Wichita";3;6;2012;0;18;"20120618"
"66.235.50.69";"US";-122.029600;47.586900;"AS23292 Broadstripe";"mlab1-dfw01";0.077673;507890.547987;"0.004012999";"darwin";"38.107.216.20";"speedtest";1339988994;225081.637130;0.080410;"619f12e6-7e7a-4475-96aa-abb7e35e6c27";23292;"WA";"Sammamish";3;6;2012;0;18;"20120618"
"76.24.39.72";"US";-71.691300;42.413600;"AS7922 Comcast Cable Communications, Inc.";"mlab1-dfw01";0.171390;628691.160343;"0.004012999";"win32";"38.107.216.20";"bittorrent";1339989060;459024.992529;-1.000000;"d7fbbeb1-8f79-4feb-9ab1-01beb7b970aa";7922;"MA";"Clinton";3;6;2012;0;18;"20120618"
"68.41.24.217";"US";-83.036000;42.724500;"AS7922 Comcast Cable Communications, Inc.";"mlab1-dfw01";0.054904;2325503.808975;"0.004012999";"win32";"38.107.216.20";"bittorrent";1339989534;518427.809743;-1.000000;"7acc5903-5884-4564-add3-0be49e9fa576";7922;"MI";"Washington";3;6;2012;0;18;"20120618"
"74.93.119.149";"US";-77.460300;37.553800;"AS7922 Comcast Cable Communications, Inc.";"mlab1-dfw01";0.051820;3793069.073000;"0.004012999";"win32";"38.107.216.20";"speedtest";1339989906;581475.892323;0.052691;"89137afb-b348-4f18-88b5-80cee829292f";7922;"VA";"Richmond";3;6;2012;0;18;"20120618"
"208.102.218.140";"US";-84.897500;39.285200;"AS6181 Cincinnati Bell Telephone";"mlab1-dfw01";0.047046;818756.553331;"0.004012999";"win32";"38.107.216.20";"speedtest";1339990883;229426.741736;0.043379;"59bc30c0-4f87-4fbd-8bb7-35768315d718";6181;"IN";"West Harrison";3;6;2012;0;18;"20120618"
"68.41.24.217";"US";-83.036000;42.724500;"AS7922 Comcast Cable Communications, Inc.";"mlab1-dfw01";0.055583;1277853.287060;"0.004012999";"win32";"38.107.216.20";"speedtest";1339991003;505929.058159;0.061659;"7acc5903-5884-4564-add3-0be49e9fa576";7922;"MI";"Washington";3;6;2012;0;18;"20120618"
"76.112.203.189";"US";-83.144600;42.489500;"AS7922 Comcast Cable Communications, Inc.";"mlab1-dfw01";0.056961;1729028.518906;"0.004012999";"win32";"38.107.216.20";"bittorrent";1339991145;787519.493075;-1.000000;"5cb4931f-bf67-49bf-a4ec-d36d7495a682";7922;"MI";"Royal Oak";3;6;2012;0;18;"20120618"
"206.255.246.41";"US";-94.740500;32.500700;"AS53508 Cablelynx";"mlab1-dfw01";0.019730;1417534.328870;"0.004012999";"win32";"38.107.216.20";"speedtest";1339991387;182486.796101;0.018461;"3a5b4ca4-0887-432d-a115-9f646a867cdb";53508;"TX";"Longview";3;6;2012;0;18;"20120618"
"98.206.101.228";"US";-87.655100;41.937300;"AS7922 Comcast Cable Communications, Inc.";"mlab1-dfw01";0.044236;2395207.364000;"0.004012999";"win32";"38.107.216.20";"speedtest";1339991818;513818.533063;0.045401;"1b8a7968-95b4-4827-8260-84d7e02b3d53";7922;"IL";"Chicago";3;6;2012;0;18;"20120618"
"76.24.39.72";"US";-71.691300;42.413600;"AS7922 Comcast Cable Communications, Inc.";"mlab1-dfw01";0.068066;737915.665648;"0.004012999";"win32";"38.107.216.20";"bittorrent";1339991900;466499.214763;-1.000000;"d7fbbeb1-8f79-4feb-9ab1-01beb7b970aa";7922;"MA";"Clinton";3;6;2012;0;18;"20120618"
"173.246.102.187";"US";-76.612200;39.290400;"AS29169 Gandi SAS";"mlab1-dfw01";0.033933;2245674.917750;"0.004011999";"linux2";"38.107.216.20";"speedtest";1339992621;627558.985271;0.035651;"a57cd6aa-6b9a-40e3-ae4c-0685546dd104";29169;"MD";"Baltimore";4;6;2012;0;18;"20120618"
"71.192.154.157";"US";-71.051200;42.406300;"AS7922 Comcast Cable Communications, Inc.";"mlab1-dfw01";0.068810;595097.004942;"0.004012999";"darwin";"38.107.216.20";"speedtest";1339993015;276637.869636;0.075617;"65fb0ed5-8aab-4ca3-973b-6f6abd2e24d4";7922;"MA";"Everett";4;6;2012;0;18;"20120618"
"74.163.8.166";"US";-86.875000;30.446700;"AS6389 BellSouth.net Inc.";"mlab1-dfw01";0.060369;443099.868718;"0.004012999";"win32";"38.107.216.20";"speedtest";1339993610;44835.230209;0.068331;"4565989b-987f-4c3c-aa75-a740afde3068";6389;"FL";"Navarre";4;6;2012;0;18;"20120618"
"207.231.92.41";"US";-121.370600;38.784300;"AS14051 Roseville Telephone Company";"mlab1-dfw01";0.048908;2798879.880273;"0.004012999";"win32";"38.107.216.20";"bittorrent";1339994322;2774163.629315;-1.000000;"cb121e1a-4701-4c5a-91b5-29c9df2b10c0";14051;"CA";"Roseville";4;6;2012;0;18;"20120618"
"199.254.238.249";"US";-97.000000;38.000000;"AS16652 Riseup Networks";"mlab1-dfw01";0.207479;145815.712537;"0.004012999";"linux2";"38.107.216.20";"speedtest";1339994514;46696.831429;0.189942;"e2181bc2-ad47-4da8-9301-b0a516313463";16652;"";"";4;6;2012;0;18;"20120618"
"67.174.9.121";"US";-87.819700;41.894000;"AS7922 Comcast Cable Communications, Inc.";"mlab1-dfw01";0.045279;2416012.358730;"0.004012999";"win32";"38.107.216.20";"speedtest";1339994536;510665.764411;0.045105;"bdaf2367-a776-4a1f-9c03-a75a6b08c6b1";7922;"IL";"River Forest";4;6;2012;0;18;"20120618"
"208.102.218.140";"US";-84.897500;39.285200;"AS6181 Cincinnati Bell Telephone";"mlab1-dfw01";0.042035;897281.301221;"0.004012999";"win32";"38.107.216.20";"bittorrent";1339995377;225485.281583;-1.000000;"59bc30c0-4f87-4fbd-8bb7-35768315d718";6181;"IN";"West Harrison";4;6;2012;0;18;"20120618"
"68.40.185.45";"US";-83.740900;42.277600;"AS7922 Comcast Cable Communications, Inc.";"mlab1-dfw01";0.060007;1498643.073130;"0.004012999";"darwin";"38.107.216.20";"speedtest";1339995710;751587.886961;0.063072;"f77a7853-1ba8-4219-aa2c-2157b5e89023";7922;"MI";"Ann Arbor";5;6;2012;0;18;"20120618"
"207.231.92.41";"US";-121.370600;38.784300;"AS14051 Roseville Telephone Company";"mlab1-dfw01";0.049075;339674.520999;"0.004012999";"win32";"38.107.216.20";"speedtest";1339995670;3157323.154510;0.055021;"cb121e1a-4701-4c5a-91b5-29c9df2b10c0";14051;"CA";"Roseville";5;6;2012;0;18;"20120618"
"50.78.87.177";"US";-106.097500;39.574400;"AS7922 Comcast Cable Communications, Inc.";"mlab1-dfw01";0.034024;1753816.090519;"0.004012999";"win32";"38.107.216.20";"bittorrent";1339996116;527466.280207;-1.000000;"c4393561-5207-49e8-879a-bbb805c9188f";7922;"CO";"Frisco";5;6;2012;0;18;"20120618"
"99.21.145.140";"US";-121.382800;38.626300;"AS7132 AS for SBIS-AS";"mlab1-dfw01";0.074430;1386674.582884;"0.004012999";"win32";"38.107.216.20";"bittorrent";1339996255;174702.326947;-1.000000;"ebeab1c8-defc-4fef-8be3-daa7088a0954";7132;"CA";"Sacramento";5;6;2012;0;18;"20120618"
"98.222.135.229";"US";-88.242600;40.112500;"AS7922 Comcast Cable Communications, Inc.";"mlab1-dfw01";0.057077;480342.408962;"0.004012999";"linux2";"38.107.216.20";"bittorrent";1339996500;215415.367424;-1.000000;"eb6e88ac-29d8-4bce-94c8-7fab96ebbbb4";7922;"IL";"Champaign";5;6;2012;0;18;"20120618"
"76.10.12.242";"US";-88.242600;40.112500;"AS46925 PAVLOV MEDIA INC";"mlab1-dfw01";0.034830;1227714.424504;"0.004012999";"win32";"38.107.216.20";"bittorrent";1339997516;1562485.378927;-1.000000;"b2c93218-2fa2-4a04-be8b-f4553cb22e1a";46925;"IL";"Champaign";5;6;2012;0;18;"20120618"
"99.21.145.140";"US";-121.382800;38.626300;"AS7132 AS for SBIS-AS";"mlab1-dfw01";0.073924;1009769.063330;"0.004012999";"win32";"38.107.216.20";"speedtest";1339997708;168384.753890;0.076140;"ebeab1c8-defc-4fef-8be3-daa7088a0954";7132;"CA";"Sacramento";5;6;2012;0;18;"20120618"
"98.207.87.80";"US";-122.299100;37.409600;"AS7922 Comcast Cable Communications, Inc.";"mlab1-dfw01";0.064021;2604360.983867;"0.004012999";"darwin";"38.107.216.20";"bittorrent";1339998062;255292.155469;-1.000000;"0f7d671c-779f-4f63-8f54-ca28fcc35fd6";7922;"CA";"Redwood City";5;6;2012;0;18;"20120618"
"97.126.49.211";"US";-122.217100;47.482900;"AS209 NOVARTIS-DMZ-US";"mlab1-dfw01";0.128802;282926.267510;"0.004012999";"darwin";"38.107.216.20";"bittorrent";1339998074;87548.021636;-1.000000;"8e65a2a9-47d4-4adc-a937-76425a1f5bfe";209;"WA";"Renton";5;6;2012;0;18;"20120618"
"69.249.238.83";"US";-75.163800;39.952300;"AS7922 Comcast Cable Communications, Inc.";"mlab1-dfw01";0.270166;1152025.564821;"0.004012999";"win32";"38.107.216.20";"bittorrent";1339999194;52500.893353;-1.000000;"a49b9e19-6f47-4dc7-8196-0fc4dbc9e641";7922;"PA";"Philadelphia";5;6;2012;0;18;"20120618"
"24.2.64.100";"US";-112.008200;40.477400;"AS7922 Comcast Cable Communications, Inc.";"mlab1-dfw01";0.042288;894889.029331;"0.004012999";"win32";"38.107.216.20";"speedtest";1339999455;140929.810105;0.042316;"9a8766b6-803d-48fa-b02a-2091ff6f496e";7922;"UT";"Riverton";6;6;2012;0;18;"20120618"
"69.148.250.152";"US";-97.337500;37.692200;"AS7018 AT&T Services, Inc.";"mlab1-dfw01";0.057889;158894.519848;"0.004012999";"win32";"38.107.216.20";"bittorrent";1339999628;39023.873290;-1.000000;"acd06144-444b-4f3e-8410-58a01e77f7a8";7018;"KS";"Wichita";6;6;2012;0;18;"20120618"
"108.0.16.252";"US";-118.142300;33.771100;"AS701 MCI Communications Services, Inc. d/b/a Verizon Business";"mlab1-dfw01";0.044321;1788293.995220;"0.004012999";"darwin";"38.107.216.20";"speedtest";1340000352;666307.426550;0.046947;"b13eed9c-7499-4364-89ba-e85068191268";701;"CA";"Long Beach";6;6;2012;0;18;"20120618"
"98.243.192.146";"US";-84.594100;42.860200;"AS7922 Comcast Cable Communications, Inc.";"mlab1-dfw01";0.065556;968462.046640;"0.004012999";"darwin";"38.107.216.20";"bittorrent";1340001660;515381.280454;-1.000000;"69a61dac-c7ac-4b16-b86b-4bd2f3990f62";7922;"MI";"Dewitt";6;6;2012;0;18;"20120618"
"69.251.194.209";"US";-77.177000;39.175200;"AS7922 Comcast Cable Communications, Inc.";"mlab1-dfw01";0.047976;3356585.434520;"0.004011999";"win32";"38.107.216.20";"speedtest";1340001894;518471.083267;0.049048;"5ab805cf-b023-4309-9496-d8b22873a074";7922;"MD";"Montgomery Village";6;6;2012;0;18;"20120618"
"71.118.241.200";"US";-118.880000;34.213300;"AS701 MCI Communications Services, Inc. d/b/a Verizon Business";"mlab1-dfw01";0.048542;2868577.474180;"0.004012999";"darwin";"38.107.216.20";"speedtest";1340002163;1061732.910940;0.053460;"6240ede4-4770-4ab9-a1a5-5df49c84c463";701;"CA";"Thousand Oaks";6;6;2012;0;18;"20120618"
"98.22.138.166";"US";-95.790800;36.052600;"AS7029 Windstream Communications Inc";"mlab1-dfw01";0.039264;338469.067252;"0.004012999";"win32";"38.107.216.20";"bittorrent";1340002478;81114.721647;-1.000000;"eb27082c-e25b-4239-869e-8ba23d438a17";7029;"OK";"Broken Arrow";6;6;2012;0;18;"20120618"
"66.66.21.182";"US";-77.602400;43.185800;"AS11351 Time Warner Cable Internet LLC";"mlab1-dfw01";0.075156;2677424.938330;"0.004012999";"win32";"38.107.216.20";"speedtest";1340004941;616685.930943;0.074873;"b4fb3816-21d6-43b3-91fc-aabe40980e90";11351;"NY";"Rochester";7;6;2012;0;18;"20120618"
"76.169.71.176";"US";-118.273400;33.963800;"AS20001 Time Warner Cable Internet LLC";"mlab1-dfw01";0.058070;1850973.203990;"0.004011999";"win32";"38.107.216.20";"speedtest";1340006572;121048.949227;0.056822;"2f0c137b-7982-4d9c-b50a-c362f2d810e0";20001;"CA";"Los Angeles";8;6;2012;0;18;"20120618"
"96.236.133.97";"US";-79.995900;40.440600;"AS701 MCI Communications Services, Inc. d/b/a Verizon Business";"mlab1-dfw01";0.052794;446452.305333;"0.004012999";"linux2";"38.107.216.20";"speedtest";1340007322;290201.625423;0.058826;"002bd52f-5f9d-42eb-9ce6-e310c9db525a";701;"PA";"Pittsburgh";8;6;2012;0;18;"20120618"
"76.168.80.127";"US";-118.243700;34.052200;"AS20001 Time Warner Cable Internet LLC";"mlab1-dfw01";0.053674;3014848.113703;"0.004012999";"darwin";"38.107.216.20";"bittorrent";1340008141;121908.451406;-1.000000;"90d62fdd-a880-469e-bb3b-4bf575cfed10";20001;"CA";"Los Angeles";8;6;2012;0;18;"20120618"
"71.118.241.200";"US";-118.880000;34.213300;"AS701 MCI Communications Services, Inc. d/b/a Verizon Business";"mlab1-dfw01";0.052099;3168978.638332;"0.004012999";"darwin";"38.107.216.20";"bittorrent";1340010303;1027357.444947;-1.000000;"6240ede4-4770-4ab9-a1a5-5df49c84c463";701;"CA";"Thousand Oaks";9;6;2012;0;18;"20120618"
"75.145.125.61";"US";-104.984700;39.739200;"AS7922 Comcast Cable Communications, Inc.";"mlab1-dfw01";0.031698;2488182.807704;"0.004012999";"linux2";"38.107.216.20";"bittorrent";1340010704;337472.179688;-1.000000;"d3080793-9920-4346-9c49-3a102587393e";7922;"CO";"Denver";9;6;2012;0;18;"20120618"
"71.190.171.206";"US";-73.525400;40.767000;"AS701 MCI Communications Services, Inc. d/b/a Verizon Business";"mlab1-dfw01";0.053972;3776174.355233;"0.004012999";"linux2";"38.107.216.20";"bittorrent";1340010898;2239324.110336;-1.000000;"dfd87da2-1968-48ac-9bd2-5469644e29e4";701;"NY";"Hicksville";9;6;2012;0;18;"20120618"
"74.2.122.133";"US";-97.000000;38.000000;"AS18566 MegaPath Corporation";"mlab1-dfw01";0.038154;240840.188924;"0.004010999";"win32";"38.107.216.20";"bittorrent";1340011186;188710.722977;-1.000000;"f4acb085-b5ee-429a-a232-3ae956a10cf5";18566;"";"";9;6;2012;0;18;"20120618"
"24.22.135.177";"US";-122.332100;47.606200;"AS7922 Comcast Cable Communications, Inc.";"mlab1-dfw01";0.056523;2809386.089670;"0.004012999";"linux2";"38.107.216.20";"speedtest";1340012238;420368.525977;0.057732;"04cea472-6610-42db-acd2-c644a3d4447f";7922;"WA";"Seattle";9;6;2012;0;18;"20120618"
"71.187.199.3";"US";-74.216400;40.816200;"AS701 MCI Communications Services, Inc. d/b/a Verizon Business";"mlab1-dfw01";0.060626;1183027.298480;"0.004011999";"win32";"38.107.216.20";"speedtest";1340012351;905811.968445;0.052072;"a9bde20f-2872-443c-8e9b-a2f6f162c91d";701;"NJ";"Montclair";9;6;2012;0;18;"20120618"
"69.251.194.209";"US";-77.177000;39.175200;"AS7922 Comcast Cable Communications, Inc.";"mlab1-dfw01";0.048479;4628261.349562;"0.004011999";"win32";"38.107.216.20";"bittorrent";1340012799;550251.522375;-1.000000;"5ab805cf-b023-4309-9496-d8b22873a074";7922;"MD";"Montgomery Village";9;6;2012;0;18;"20120618"
"68.40.185.45";"US";-83.740900;42.277600;"AS7922 Comcast Cable Communications, Inc.";"mlab1-dfw01";0.058652;1705764.627150;"0.004012999";"darwin";"38.107.216.20";"bittorrent";1340014021;718006.489077;-1.000000;"f77a7853-1ba8-4219-aa2c-2157b5e89023";7922;"MI";"Ann Arbor";10;6;2012;0;18;"20120618"
"99.21.145.140";"US";-121.382800;38.626300;"AS7132 AS for SBIS-AS";"mlab1-dfw01";0.074265;991502.614882;"0.004012999";"win32";"38.107.216.20";"speedtest";1340014789;154845.248696;0.075961;"ebeab1c8-defc-4fef-8be3-daa7088a0954";7132;"CA";"Sacramento";10;6;2012;0;18;"20120618"
"71.58.226.44";"US";-75.961500;41.249000;"AS7922 Comcast Cable Communications, Inc.";"mlab1-dfw01";0.067361;3221055.543028;"0.004012999";"win32";"38.107.216.20";"bittorrent";1340015455;644466.483654;-1.000000;"fb6cc5ca-37c3-44c5-8176-4a40a17f217a";7922;"PA";"Plymouth";10;6;2012;0;18;"20120618"
"74.104.151.138";"US";-71.259000;42.403000;"AS701 MCI Communications Services, Inc. d/b/a Verizon Business";"mlab1-dfw01";0.058164;2632923.529230;"0.004012999";"win32";"38.107.216.20";"speedtest";1340015710;1843590.387990;0.058756;"ecca6a63-f2be-4812-bd3f-1ac690ab31cd";701;"MA";"Waltham";10;6;2012;0;18;"20120618"
"24.46.196.47";"US";-73.686200;40.793900;"AS6128 Cablevision Systems Corp.";"mlab1-dfw01";0.046306;1858800.591250;"0.004012999";"win32";"38.107.216.20";"speedtest";1340015784;259180.429921;0.051504;"103cc2f1-ddd5-4016-83cc-cdd357e7a81a";6128;"NY";"Manhasset";10;6;2012;0;18;"20120618"
"132.161.219.98";"US";-92.717600;41.721700;"AS22949 Grinnell College";"mlab1-dfw01";0.052775;2725753.458480;"0.004012999";"win32";"38.107.216.20";"speedtest";1340017250;655843.435439;0.054046;"de23301c-c09c-4e47-aa2b-90a625720856";22949;"IA";"Grinnell";11;6;2012;0;18;"20120618"
"98.22.138.166";"US";-95.790800;36.052600;"AS7029 Windstream Communications Inc";"mlab1-dfw01";0.022128;383092.839743;"0.004012999";"win32";"38.107.216.20";"bittorrent";1340017289;81095.015160;-1.000000;"eb27082c-e25b-4239-869e-8ba23d438a17";7029;"OK";"Broken Arrow";11;6;2012;0;18;"20120618"
"98.203.140.223";"US";-122.304300;47.610200;"AS7922 Comcast Cable Communications, Inc.";"mlab1-dfw01";0.056183;2650583.018250;"0.004012999";"linux2";"38.107.216.20";"speedtest";1340017537;365942.485283;0.064622;"4bf1068a-cabe-4254-a52f-c2914db03ade";7922;"WA";"Seattle";11;6;2012;0;18;"20120618"
"99.99.213.185";"US";-85.882800;42.855500;"AS7018 AT&T Services, Inc.";"mlab1-dfw01";0.059199;1422251.296263;"0.004012999";"linux2";"38.107.216.20";"bittorrent";1340018045;184021.674186;-1.000000;"22998df3-a92a-4573-b9f5-476782c2c770";7018;"MI";"Hudsonville";11;6;2012;0;18;"20120618"
"24.61.63.89";"US";-71.031600;42.399700;"AS7922 Comcast Cable Communications, Inc.";"mlab1-dfw01";0.076627;923238.886350;"0.004012999";"win32";"38.107.216.20";"bittorrent";1340018248;430847.364180;-1.000000;"641fcec9-64c6-4ec1-a213-90d958a6f9a1";7922;"MA";"Chelsea";11;6;2012;0;18;"20120618"
"98.124.100.208";"US";-80.038400;33.118000;"AS16863 Home Telephone Company, Inc.";"mlab1-dfw01";0.061258;1174723.311823;"0.004012999";"linux2";"38.107.216.20";"bittorrent";1340018759;231502.605635;-1.000000;"adcd5d0f-b5f4-47e4-9505-249669f515a0";16863;"SC";"Moncks Corner";11;6;2012;0;18;"20120618"
"99.104.57.129";"US";-87.701600;41.975900;"AS7018 AT&T Services, Inc.";"mlab1-dfw01";0.302099;118327.148401;"0.004012999";"darwin";"38.107.216.20";"bittorrent";1340019067;13489.569378;-1.000000;"d6f10baf-3b6d-47fb-999c-6d4188d2d4b2";7018;"IL";"Chicago";11;6;2012;0;18;"20120618"
"99.21.145.140";"US";-121.382800;38.626300;"AS7132 AS for SBIS-AS";"mlab1-dfw01";0.075103;1381036.691295;"0.004012999";"win32";"38.107.216.20";"bittorrent";1340019573;166321.453697;-1.000000;"ebeab1c8-defc-4fef-8be3-daa7088a0954";7132;"CA";"Sacramento";11;6;2012;0;18;"20120618"
"67.168.59.54";"US";-122.668000;48.185500;"AS7922 Comcast Cable Communications, Inc.";"mlab1-dfw01";0.060006;2516276.493050;"0.004012999";"win32";"38.107.216.20";"speedtest";1340020866;465669.987200;0.059874;"ea22d474-846e-407d-9ebe-cd03ff0d64f4";7922;"WA";"Coupeville";12;6;2012;0;18;"20120618"
"68.40.185.45";"US";-83.740900;42.277600;"AS7922 Comcast Cable Communications, Inc.";"mlab1-dfw01";0.065370;939304.681649;"0.004012999";"darwin";"38.107.216.20";"speedtest";1340021071;735392.350962;0.064375;"f77a7853-1ba8-4219-aa2c-2157b5e89023";7922;"MI";"Ann Arbor";12;6;2012;0;18;"20120618"
"24.46.196.47";"US";-73.686200;40.793900;"AS6128 Cablevision Systems Corp.";"mlab1-dfw01";0.046731;1845206.566330;"0.004012999";"win32";"38.107.216.20";"speedtest";1340021547;257837.086195;0.050961;"103cc2f1-ddd5-4016-83cc-cdd357e7a81a";6128;"NY";"Manhasset";12;6;2012;0;18;"20120618"
"98.22.138.166";"US";-95.790800;36.052600;"AS7029 Windstream Communications Inc";"mlab1-dfw01";0.022066;373822.724605;"0.004012999";"win32";"38.107.216.20";"speedtest";1340021790;80817.996717;0.026795;"eb27082c-e25b-4239-869e-8ba23d438a17";7029;"OK";"Broken Arrow";12;6;2012;0;18;"20120618"
"98.251.77.68";"US";-83.949600;33.512000;"AS7922 Comcast Cable Communications, Inc.";"mlab1-dfw01";0.033771;2969442.299790;"0.004011999";"win32";"38.107.216.20";"speedtest";1340022481;436811.336044;0.035561;"cbfab653-aed3-47c3-b7d0-e4159cab6582";7922;"GA";"Covington";12;6;2012;0;18;"20120618"
"68.40.93.208";"US";-82.582300;42.637600;"AS7922 Comcast Cable Communications, Inc.";"mlab1-dfw01";0.064173;1555260.544910;"0.004011999";"win32";"38.107.216.20";"speedtest";1340022480;443466.048773;0.064880;"5ddd06da-64ad-444c-b2c0-525541d4d177";7922;"MI";"Algonac";12;6;2012;0;18;"20120618"
"98.157.202.20";"US";-87.413900;39.466700;"AS10796 Time Warner Cable Internet LLC";"mlab1-dfw01";0.067387;1635417.869476;"0.004011999";"win32";"38.107.216.20";"bittorrent";1340022729;111944.998953;-1.000000;"9c0fa0e1-b625-407b-8e5d-f979a63c0e77";10796;"IN";"Terre Haute";12;6;2012;0;18;"20120618"
"71.187.199.3";"US";-74.216400;40.816200;"AS701 MCI Communications Services, Inc. d/b/a Verizon Business";"mlab1-dfw01";0.059884;1241474.342045;"0.004011999";"win32";"38.107.216.20";"bittorrent";1340022729;772445.804462;-1.000000;"a9bde20f-2872-443c-8e9b-a2f6f162c91d";701;"NJ";"Montclair";12;6;2012;0;18;"20120618"
"24.46.196.47";"US";-73.686200;40.793900;"AS6128 Cablevision Systems Corp.";"mlab1-dfw01";0.047310;2199650.511095;"0.004012999";"win32";"38.107.216.20";"bittorrent";1340023046;259145.873106;-1.000000;"103cc2f1-ddd5-4016-83cc-cdd357e7a81a";6128;"NY";"Manhasset";12;6;2012;0;18;"20120618"
"75.127.236.122";"US";-97.000000;38.000000;"AS6128 Cablevision Systems Corp.";"mlab1-dfw01";0.046881;1313550.718702;"0.004012999";"win32";"38.107.216.20";"bittorrent";1340023331;539433.250222;-1.000000;"560c097a-1dfa-4e05-9893-bdc56e35afc3";6128;"";"";12;6;2012;0;18;"20120618"
"76.169.71.176";"US";-118.273400;33.963800;"AS20001 Time Warner Cable Internet LLC";"mlab1-dfw01";0.073635;1523485.480510;"0.004011999";"win32";"38.107.216.20";"speedtest";1340023786;121552.543238;0.057666;"2f0c137b-7982-4d9c-b50a-c362f2d810e0";20001;"CA";"Los Angeles";12;6;2012;0;18;"20120618"
"24.22.135.177";"US";-122.332100;47.606200;"AS7922 Comcast Cable Communications, Inc.";"mlab1-dfw01";0.056602;2525012.087900;"0.004012999";"linux2";"38.107.216.20";"speedtest";1340023835;423121.673856;0.056310;"04cea472-6610-42db-acd2-c644a3d4447f";7922;"WA";"Seattle";12;6;2012;0;18;"20120618"
"71.58.226.44";"US";-75.961500;41.249000;"AS7922 Comcast Cable Communications, Inc.";"mlab1-dfw01";0.083905;3048360.088082;"0.004012999";"win32";"38.107.216.20";"bittorrent";1340023880;610155.981685;-1.000000;"fb6cc5ca-37c3-44c5-8176-4a40a17f217a";7922;"PA";"Plymouth";12;6;2012;0;18;"20120618"
"173.246.102.187";"US";-76.612200;39.290400;"AS29169 Gandi SAS";"mlab1-dfw01";0.033955;2387570.637360;"0.004011999";"linux2";"38.107.216.20";"speedtest";1340024117;728653.790021;0.035831;"a57cd6aa-6b9a-40e3-ae4c-0685546dd104";29169;"MD";"Baltimore";12;6;2012;0;18;"20120618"
"68.58.165.186";"US";-80.107000;32.841300;"AS7922 Comcast Cable Communications, Inc.";"mlab1-dfw01";0.060390;638594.383382;"0.004012999";"linux2";"38.107.216.20";"bittorrent";1340024468;723358.921155;-1.000000;"564f666b-3c55-40d4-a5f8-92064e970a5f";7922;"SC";"Charleston";13;6;2012;0;18;"20120618"
"98.157.202.20";"US";-87.413900;39.466700;"AS10796 Time Warner Cable Internet LLC";"mlab1-dfw01";0.043814;2141108.661387;"0.004011999";"win32";"38.107.216.20";"bittorrent";1340025526;104121.243787;-1.000000;"9c0fa0e1-b625-407b-8e5d-f979a63c0e77";10796;"IN";"Terre Haute";13;6;2012;0;18;"20120618"
"24.2.64.100";"US";-112.008200;40.477400;"AS7922 Comcast Cable Communications, Inc.";"mlab1-dfw01";0.052263;915133.736158;"0.004012999";"win32";"38.107.216.20";"bittorrent";1340026277;137818.558478;-1.000000;"9a8766b6-803d-48fa-b02a-2091ff6f496e";7922;"UT";"Riverton";13;6;2012;0;18;"20120618"
"206.255.246.41";"US";-94.740500;32.500700;"AS53508 Cablelynx";"mlab1-dfw01";0.014769;1386308.883403;"0.004012999";"win32";"38.107.216.20";"bittorrent";1340026893;170837.414673;-1.000000;"3a5b4ca4-0887-432d-a115-9f646a867cdb";53508;"TX";"Longview";13;6;2012;0;18;"20120618"
"70.122.243.11";"US";-97.015000;32.954600;"AS11427 Time Warner Cable Internet LLC";"mlab1-dfw01";0.019404;3751925.379990;"0.004012999";"win32";"38.107.216.20";"speedtest";1340026922;577585.547088;0.019850;"bab8f612-1f34-46c2-a83e-fbaa7a2f8fa7";11427;"TX";"Coppell";13;6;2012;0;18;"20120618"
"74.93.119.149";"US";-77.460300;37.553800;"AS7922 Comcast Cable Communications, Inc.";"mlab1-dfw01";0.052739;4555022.882607;"0.004012999";"win32";"38.107.216.20";"bittorrent";1340027009;605923.535024;-1.000000;"89137afb-b348-4f18-88b5-80cee829292f";7922;"VA";"Richmond";13;6;2012;0;18;"20120618"
"68.40.93.208";"US";-82.582300;42.637600;"AS7922 Comcast Cable Communications, Inc.";"mlab1-dfw01";0.074917;1700269.283857;"0.004011999";"win32";"38.107.216.20";"bittorrent";1340027232;361104.728067;-1.000000;"5ddd06da-64ad-444c-b2c0-525541d4d177";7922;"MI";"Algonac";13;6;2012;0;18;"20120618"
"207.231.92.41";"US";-121.370600;38.784300;"AS14051 Roseville Telephone Company";"mlab1-dfw01";0.048786;3185469.595140;"0.004012999";"win32";"38.107.216.20";"speedtest";1340027246;3550748.674750;0.054361;"cb121e1a-4701-4c5a-91b5-29c9df2b10c0";14051;"CA";"Roseville";13;6;2012;0;18;"20120618"
"98.22.138.166";"US";-95.790800;36.052600;"AS7029 Windstream Communications Inc";"mlab1-dfw01";0.047721;310279.996964;"0.004012999";"win32";"38.107.216.20";"speedtest";1340027638;67495.749565;0.028985;"eb27082c-e25b-4239-869e-8ba23d438a17";7029;"OK";"Broken Arrow";13;6;2012;0;18;"20120618"
"173.160.133.65";"US";-122.449200;47.151100;"AS7922 Comcast Cable Communications, Inc.";"mlab1-dfw01";0.062221;518187.771042;"0.004012999";"win32";"38.107.216.20";"bittorrent";1340028071;377264.868006;-1.000000;"cd29f4ce-ebe9-47c8-8b18-9406a9618ac1";7922;"WA";"Tacoma";14;6;2012;0;18;"20120618"
"68.40.185.45";"US";-83.740900;42.277600;"AS7922 Comcast Cable Communications, Inc.";"mlab1-dfw01";0.055825;474161.182284;"0.004012999";"darwin";"38.107.216.20";"bittorrent";1340028146;786669.649557;-1.000000;"f77a7853-1ba8-4219-aa2c-2157b5e89023";7922;"MI";"Ann Arbor";14;6;2012;0;18;"20120618"
"71.187.199.3";"US";-74.216400;40.816200;"AS701 MCI Communications Services, Inc. d/b/a Verizon Business";"mlab1-dfw01";0.050047;1252466.347731;"0.004011999";"win32";"38.107.216.20";"bittorrent";1340028663;772607.974881;-1.000000;"a9bde20f-2872-443c-8e9b-a2f6f162c91d";701;"NJ";"Montclair";14;6;2012;0;18;"20120618"
"71.190.171.206";"US";-73.525400;40.767000;"AS701 MCI Communications Services, Inc. d/b/a Verizon Business";"mlab1-dfw01";0.053215;3786359.109647;"0.004012999";"linux2";"38.107.216.20";"bittorrent";1340028793;1945873.155989;-1.000000;"dfd87da2-1968-48ac-9bd2-5469644e29e4";701;"NY";"Hicksville";14;6;2012;0;18;"20120618"
"96.236.133.97";"US";-79.995900;40.440600;"AS701 MCI Communications Services, Inc. d/b/a Verizon Business";"mlab1-dfw01";0.064631;254604.269604;"0.004012999";"linux2";"38.107.216.20";"bittorrent";1340028850;280705.544731;-1.000000;"002bd52f-5f9d-42eb-9ce6-e310c9db525a";701;"PA";"Pittsburgh";14;6;2012;0;18;"20120618"
"98.124.100.208";"US";-80.038400;33.118000;"AS16863 Home Telephone Company, Inc.";"mlab1-dfw01";0.061252;1065084.098640;"0.004012999";"linux2";"38.107.216.20";"speedtest";1340029423;226496.047489;0.042236;"adcd5d0f-b5f4-47e4-9505-249669f515a0";16863;"SC";"Moncks Corner";14;6;2012;0;18;"20120618"
"68.188.90.154";"US";-90.197900;38.627300;"AS20115 Charter Communications";"mlab1-dfw01";0.083155;121660.518743;"0.004012999";"darwin";"38.107.216.20";"bittorrent";1340030202;459419.535379;-1.000000;"10349cfe-4a13-405a-99be-aabdb52920f3";20115;"MO";"Saint Louis";14;6;2012;0;18;"20120618"
"98.222.147.136";"US";-85.681400;40.411900;"AS7922 Comcast Cable Communications, Inc.";"mlab1-dfw01";0.057941;2563374.089660;"0.004012999";"linux2";"38.107.216.20";"speedtest";1340030396;348845.139344;0.059942;"247a4b73-0dbb-440a-a85f-68d042f5a3a2";7922;"IN";"Fairmount";14;6;2012;0;18;"20120618"
"132.161.219.98";"US";-92.717600;41.721700;"AS22949 Grinnell College";"mlab1-dfw01";0.052687;801490.767146;"0.004012999";"win32";"38.107.216.20";"bittorrent";1340032882;359792.016507;-1.000000;"de23301c-c09c-4e47-aa2b-90a625720856";22949;"IA";"Grinnell";15;6;2012;0;18;"20120618"
"68.48.221.17";"US";-76.837500;39.174900;"AS7922 Comcast Cable Communications, Inc.";"mlab1-dfw01";0.062908;1357211.138470;"0.004012999";"darwin";"38.107.216.20";"speedtest";1340033342;684264.608723;0.084443;"4162ce8a-78ab-4a68-9407-13618360662f";7922;"MD";"Columbia";15;6;2012;0;18;"20120618"
"173.246.102.187";"US";-76.612200;39.290400;"AS29169 Gandi SAS";"mlab1-dfw01";0.037608;2263624.445790;"0.004011999";"linux2";"38.107.216.20";"speedtest";1340033484;636110.282032;0.035467;"a57cd6aa-6b9a-40e3-ae4c-0685546dd104";29169;"MD";"Baltimore";15;6;2012;0;18;"20120618"
"99.27.132.203";"US";-122.036300;37.368800;"AS7132 AS for SBIS-AS";"mlab1-dfw01";0.058821;578437.367050;"0.004012999";"linux2";"38.107.216.20";"speedtest";1340033523;79623.471335;0.064345;"d0271e0a-854f-4f73-b087-7be4c60e4f8c";7132;"CA";"Sunnyvale";15;6;2012;0;18;"20120618"
"76.169.71.176";"US";-118.273400;33.963800;"AS20001 Time Warner Cable Internet LLC";"mlab1-dfw01";0.093652;2043007.901758;"0.004011999";"win32";"38.107.216.20";"bittorrent";1340033653;99153.570083;-1.000000;"2f0c137b-7982-4d9c-b50a-c362f2d810e0";20001;"CA";"Los Angeles";15;6;2012;0;18;"20120618"
"69.144.10.64";"US";-108.454100;43.769800;"AS33588 Bresnan Communications, LLC.";"mlab1-dfw01";0.092092;1666076.898530;"0.004012999";"win32";"38.107.216.20";"bittorrent";1340034191;221938.619381;-1.000000;"eacc891a-5915-4c63-a32a-7240664eaf5a";33588;"WY";"Thermopolis";15;6;2012;0;18;"20120618"
"68.48.221.17";"US";-76.837500;39.174900;"AS7922 Comcast Cable Communications, Inc.";"mlab1-dfw01";0.044558;1019759.979904;"0.004012999";"darwin";"38.107.216.20";"bittorrent";1340034761;710499.135000;-1.000000;"4162ce8a-78ab-4a68-9407-13618360662f";7922;"MD";"Columbia";15;6;2012;0;18;"20120618"
"72.181.251.247";"US";-96.771500;32.833900;"AS11427 Time Warner Cable Internet LLC";"mlab1-dfw01";0.020714;1901283.116130;"0.004012999";"darwin";"38.107.216.20";"speedtest";1340034782;219974.895032;0.026845;"ec56ca67-ca5b-4ee7-a615-8743ebac3e8a";11427;"TX";"Dallas";15;6;2012;0;18;"20120618"
"71.204.91.144";"US";-84.447700;34.119000;"AS7922 Comcast Cable Communications, Inc.";"mlab1-dfw01";0.034064;1200460.427850;"0.004012999";"darwin";"38.107.216.20";"speedtest";1340034924;512946.641758;0.039435;"4b4fa0bc-987b-4105-9a0b-83e736a6503c";7922;"GA";"Woodstock";15;6;2012;0;18;"20120618"
"71.204.165.181";"US";-122.036300;37.368800;"AS7922 Comcast Cable Communications, Inc.";"mlab1-dfw01";0.058019;2843834.199182;"0.004012999";"darwin";"38.107.216.20";"bittorrent";1340037236;508986.350444;-1.000000;"1ce7a86b-b408-4815-ae8b-bf0652a278f3";7922;"CA";"Sunnyvale";16;6;2012;0;18;"20120618"
"96.2.48.78";"US";-96.983300;42.836900;"AS11232 Midcontinent Media, Inc.";"mlab1-dfw01";0.257382;959514.635316;"0.004011999";"win32";"38.107.216.20";"speedtest";1340037342;520838.779091;0.080213;"a7ed429a-44c3-4195-a0e5-7eac41680125";11232;"SD";"Vermillion";16;6;2012;0;18;"20120618"
"65.32.77.45";"US";-97.000000;38.000000;"AS33363 BRIGHT HOUSE NETWORKS, LLC";"mlab1-dfw01";0.034403;2670770.516320;"0.004012999";"win32";"38.107.216.20";"speedtest";1340037796;166449.479158;0.037345;"29daca95-9628-479f-b4be-ee35e322c612";33363;"";"";16;6;2012;0;18;"20120618"
"24.130.152.60";"US";-122.088500;37.709000;"AS7922 Comcast Cable Communications, Inc.";"mlab1-dfw01";0.058044;3796729.882130;"0.004012999";"darwin";"38.107.216.20";"bittorrent";1340038085;782703.800789;-1.000000;"92ef1dc6-e5b9-40c8-800b-cc909779319d";7922;"CA";"Castro Valley";16;6;2012;0;18;"20120618"
"98.157.202.20";"US";-87.413900;39.466700;"AS10796 Time Warner Cable Internet LLC";"mlab1-dfw01";0.043394;1182483.867180;"0.004011999";"win32";"38.107.216.20";"speedtest";1340038135;106000.098491;0.045561;"9c0fa0e1-b625-407b-8e5d-f979a63c0e77";10796;"IN";"Terre Haute";16;6;2012;0;18;"20120618"
"98.251.77.68";"US";-83.949600;33.512000;"AS7922 Comcast Cable Communications, Inc.";"mlab1-dfw01";0.034093;2966147.555890;"0.004011999";"win32";"38.107.216.20";"speedtest";1340038200;466225.768936;0.035946;"cbfab653-aed3-47c3-b7d0-e4159cab6582";7922;"GA";"Covington";16;6;2012;0;18;"20120618"
"69.144.10.64";"US";-108.454100;43.769800;"AS33588 Bresnan Communications, LLC.";"mlab1-dfw01";0.092681;1310635.731620;"0.004012999";"win32";"38.107.216.20";"speedtest";1340038659;248911.362408;0.094460;"eacc891a-5915-4c63-a32a-7240664eaf5a";33588;"WY";"Thermopolis";16;6;2012;0;18;"20120618"
"99.104.57.129";"US";-87.701600;41.975900;"AS7018 AT&T Services, Inc.";"mlab1-dfw01";0.035238;285043.332265;"0.004012999";"darwin";"38.107.216.20";"speedtest";1340038710;53386.685546;0.040404;"d6f10baf-3b6d-47fb-999c-6d4188d2d4b2";7018;"IL";"Chicago";16;6;2012;0;18;"20120618"
"71.187.199.3";"US";-74.216400;40.816200;"AS701 MCI Communications Services, Inc. d/b/a Verizon Business";"mlab1-dfw01";0.060537;1164810.379090;"0.004011999";"win32";"38.107.216.20";"speedtest";1340039055;923061.588780;0.051913;"a9bde20f-2872-443c-8e9b-a2f6f162c91d";701;"NJ";"Montclair";17;6;2012;0;18;"20120618"
"108.0.16.252";"US";-118.142300;33.771100;"AS701 MCI Communications Services, Inc. d/b/a Verizon Business";"mlab1-dfw01";0.049433;708973.504861;"0.004012999";"darwin";"38.107.216.20";"bittorrent";1340039384;674027.964861;-1.000000;"b13eed9c-7499-4364-89ba-e85068191268";701;"CA";"Long Beach";17;6;2012;0;18;"20120618"
"24.130.152.60";"US";-122.088500;37.709000;"AS7922 Comcast Cable Communications, Inc.";"mlab1-dfw01";0.058839;3296472.646700;"0.004012999";"darwin";"38.107.216.20";"speedtest";1340039668;747972.983479;0.062844;"92ef1dc6-e5b9-40c8-800b-cc909779319d";7922;"CA";"Castro Valley";17;6;2012;0;18;"20120618"
"99.27.132.203";"US";-122.036300;37.368800;"AS7132 AS for SBIS-AS";"mlab1-dfw01";0.059483;534357.938768;"0.004012999";"linux2";"38.107.216.20";"bittorrent";1340040782;73244.297052;-1.000000;"d0271e0a-854f-4f73-b087-7be4c60e4f8c";7132;"CA";"Sunnyvale";17;6;2012;0;18;"20120618"
"24.130.152.60";"US";-122.088500;37.709000;"AS7922 Comcast Cable Communications, Inc.";"mlab1-dfw01";0.057673;938172.925339;"0.004012999";"darwin";"38.107.216.20";"bittorrent";1340041266;776773.507627;-1.000000;"92ef1dc6-e5b9-40c8-800b-cc909779319d";7922;"CA";"Castro Valley";17;6;2012;0;18;"20120618"
"96.2.48.78";"US";-96.983300;42.836900;"AS11232 Midcontinent Media, Inc.";"mlab1-dfw01";0.059583;1029870.324337;"0.004011999";"win32";"38.107.216.20";"bittorrent";1340041889;485010.764412;-1.000000;"a7ed429a-44c3-4195-a0e5-7eac41680125";11232;"SD";"Vermillion";17;6;2012;0;18;"20120618"
"98.207.87.80";"US";-122.299100;37.409600;"AS7922 Comcast Cable Communications, Inc.";"mlab1-dfw01";0.060748;2253460.388560;"0.004012999";"darwin";"38.107.216.20";"speedtest";1340041918;238674.879113;0.083710;"0f7d671c-779f-4f63-8f54-ca28fcc35fd6";7922;"CA";"Redwood City";17;6;2012;0;18;"20120618"
"66.80.217.179";"US";-105.002200;39.545700;"AS4565 MegaPath Networks Inc.";"mlab1-dfw01";0.022269;623344.955778;"0.004012999";"darwin";"38.107.216.20";"speedtest";1340042536;675366.697583;0.027729;"fd8f8cbf-53ff-44fa-8e9f-da47c60b3fce";4565;"CO";"Littleton";18;6;2012;0;18;"20120618"
"98.251.77.68";"US";-83.949600;33.512000;"AS7922 Comcast Cable Communications, Inc.";"mlab1-dfw01";0.032718;1473475.584701;"0.004011999";"win32";"38.107.216.20";"bittorrent";1340042747;516016.999596;-1.000000;"cbfab653-aed3-47c3-b7d0-e4159cab6582";7922;"GA";"Covington";18;6;2012;0;18;"20120618"
"96.2.48.78";"US";-96.983300;42.836900;"AS11232 Midcontinent Media, Inc.";"mlab1-dfw01";-0.138876;1005090.061490;"0.004011999";"win32";"38.107.216.20";"speedtest";1340043403;546602.480048;0.074488;"a7ed429a-44c3-4195-a0e5-7eac41680125";11232;"SD";"Vermillion";18;6;2012;0;18;"20120618"
"71.204.91.144";"US";-84.447700;34.119000;"AS7922 Comcast Cable Communications, Inc.";"mlab1-dfw01";0.033469;1503194.102220;"0.004012999";"darwin";"38.107.216.20";"speedtest";1340043878;517324.674890;0.035796;"4b4fa0bc-987b-4105-9a0b-83e736a6503c";7922;"GA";"Woodstock";18;6;2012;0;18;"20120618"
"24.22.135.177";"US";-122.332100;47.606200;"AS7922 Comcast Cable Communications, Inc.";"mlab1-dfw01";0.058555;2395968.174350;"0.004012999";"linux2";"38.107.216.20";"speedtest";1340044388;433225.182682;0.057400;"04cea472-6610-42db-acd2-c644a3d4447f";7922;"WA";"Seattle";18;6;2012;0;18;"20120618"
"75.127.236.122";"US";-97.000000;38.000000;"AS6128 Cablevision Systems Corp.";"mlab1-dfw01";0.048403;1123130.784770;"0.004012999";"win32";"38.107.216.20";"speedtest";1340044518;557714.716590;0.050816;"560c097a-1dfa-4e05-9893-bdc56e35afc3";6128;"";"";18;6;2012;0;18;"20120618"
"71.192.154.157";"US";-71.051200;42.406300;"AS7922 Comcast Cable Communications, Inc.";"mlab1-dfw01";0.169965;151743.190339;"0.004012999";"darwin";"38.107.216.20";"speedtest";1340044750;108446.120116;0.282279;"65fb0ed5-8aab-4ca3-973b-6f6abd2e24d4";7922;"MA";"Everett";18;6;2012;0;18;"20120618"
"99.27.132.203";"US";-122.036300;37.368800;"AS7132 AS for SBIS-AS";"mlab1-dfw01";0.058881;583750.098261;"0.004012999";"linux2";"38.107.216.20";"speedtest";1340044987;79272.007400;0.065336;"d0271e0a-854f-4f73-b087-7be4c60e4f8c";7132;"CA";"Sunnyvale";18;6;2012;0;18;"20120618"
"75.127.236.122";"US";-97.000000;38.000000;"AS6128 Cablevision Systems Corp.";"mlab1-dfw01";0.048953;1239426.030925;"0.004012999";"win32";"38.107.216.20";"bittorrent";1340045923;503980.583580;-1.000000;"560c097a-1dfa-4e05-9893-bdc56e35afc3";6128;"";"";18;6;2012;0;18;"20120618"
"69.249.238.83";"US";-75.163800;39.952300;"AS7922 Comcast Cable Communications, Inc.";"mlab1-dfw01";0.288163;562780.537625;"0.004012999";"win32";"38.107.216.20";"bittorrent";1340046056;92291.522696;-1.000000;"a49b9e19-6f47-4dc7-8196-0fc4dbc9e641";7922;"PA";"Philadelphia";19;6;2012;0;18;"20120618"
"207.231.92.41";"US";-121.370600;38.784300;"AS14051 Roseville Telephone Company";"mlab1-dfw01";0.048957;3009590.143336;"0.004012999";"win32";"38.107.216.20";"bittorrent";1340046264;1303837.399127;-1.000000;"cb121e1a-4701-4c5a-91b5-29c9df2b10c0";14051;"CA";"Roseville";19;6;2012;0;18;"20120618"
"99.21.145.140";"US";-121.382800;38.626300;"AS7132 AS for SBIS-AS";"mlab1-dfw01";0.075776;1133838.975346;"0.004012999";"win32";"38.107.216.20";"bittorrent";1340046605;168600.093835;-1.000000;"ebeab1c8-defc-4fef-8be3-daa7088a0954";7132;"CA";"Sacramento";19;6;2012;0;18;"20120618"
"76.168.80.127";"US";-118.243700;34.052200;"AS20001 Time Warner Cable Internet LLC";"mlab1-dfw01";0.056671;2337858.263730;"0.004012999";"darwin";"38.107.216.20";"speedtest";1340046883;120354.306566;0.059685;"90d62fdd-a880-469e-bb3b-4bf575cfed10";20001;"CA";"Los Angeles";19;6;2012;0;18;"20120618"
"66.142.7.6";"US";-101.831300;35.222000;"AS2386 AT&T Data Communications Services";"mlab1-dfw01";0.233900;22338.877709;"0.004012999";"linux2";"38.107.216.20";"bittorrent";1340046847;35920.505656;-1.000000;"e629a5ed-292e-4c20-860f-40ebe4624851";2386;"TX";"Amarillo";19;6;2012;0;18;"20120618"
"99.92.88.210";"US";-122.030700;37.353700;"AS7018 AT&T Services, Inc.";"mlab1-dfw01";0.074782;1192110.805686;"0.004012999";"darwin";"38.107.216.20";"bittorrent";1340046950;180298.207380;-1.000000;"13cf72ab-670c-4dc7-8fad-aa9a41f4355d";7018;"CA";"Sunnyvale";19;6;2012;0;18;"20120618"
"24.61.63.89";"US";-71.031600;42.399700;"AS7922 Comcast Cable Communications, Inc.";"mlab1-dfw01";0.075294;893036.615744;"0.004012999";"win32";"38.107.216.20";"speedtest";1340047737;493890.064285;0.068401;"641fcec9-64c6-4ec1-a213-90d958a6f9a1";7922;"MA";"Chelsea";19;6;2012;0;18;"20120618"
"173.20.36.131";"US";-91.455800;40.452000;"AS30036 Mediacom Communications Corp";"mlab1-dfw01";0.077089;158553.616756;"0.004012999";"win32";"38.107.216.20";"bittorrent";1340048164;102485.923250;-1.000000;"6b87ac46-1206-4d9c-afa5-d5cab4a872d6";30036;"IA";"Keokuk";19;6;2012;0;18;"20120618"
"184.177.72.227";"US";-97.000000;38.000000;"AS22773 Cox Communications Inc.";"mlab1-dfw01";0.071924;541114.515509;"0.004012999";"win32";"38.107.216.20";"speedtest";1340048257;587285.303360;0.073238;"e9aa2936-1c50-4b9d-89e4-2daad232b753";22773;"";"";19;6;2012;0;18;"20120618"
"96.2.48.78";"US";-96.983300;42.836900;"AS11232 Midcontinent Media, Inc.";"mlab1-dfw01";0.060961;3938407.928442;"0.004012999";"win32";"38.107.216.20";"bittorrent";1340048427;629044.759539;-1.000000;"d4959228-fa29-4292-8c76-7ca9985284c9";11232;"SD";"Vermillion";19;6;2012;0;18;"20120618"
"208.57.38.36";"US";-117.164900;32.807200;"AS14265 Telepacific Communications";"mlab1-dfw01";0.057788;172629.100336;"0.004011999";"linux2";"38.107.216.20";"bittorrent";1340048458;181370.598103;-1.000000;"71bb2b47-414f-414d-b8ff-f1237c21f432";14265;"CA";"San Diego";19;6;2012;0;18;"20120618"
"206.255.246.41";"US";-94.740500;32.500700;"AS53508 Cablelynx";"mlab1-dfw01";0.029789;1224936.963385;"0.004012999";"win32";"38.107.216.20";"bittorrent";1340048554;152361.704891;-1.000000;"3a5b4ca4-0887-432d-a115-9f646a867cdb";53508;"TX";"Longview";19;6;2012;0;18;"20120618"
"98.214.132.10";"US";-89.589000;40.693600;"AS7922 Comcast Cable Communications, Inc.";"mlab1-dfw01";0.051437;1201778.131501;"0.004012999";"darwin";"38.107.216.20";"bittorrent";1340048694;709764.195207;-1.000000;"ac008ee9-df9b-425b-a370-34b57dce1b90";7922;"IL";"Peoria";19;6;2012;0;18;"20120618"
"24.2.64.100";"US";-112.008200;40.477400;"AS7922 Comcast Cable Communications, Inc.";"mlab1-dfw01";0.124926;874486.788902;"0.004012999";"win32";"38.107.216.20";"bittorrent";1340049021;138971.782203;-1.000000;"9a8766b6-803d-48fa-b02a-2091ff6f496e";7922;"UT";"Riverton";19;6;2012;0;18;"20120618"
"74.93.119.149";"US";-77.460300;37.553800;"AS7922 Comcast Cable Communications, Inc.";"mlab1-dfw01";0.051673;4061690.581070;"0.004012999";"win32";"38.107.216.20";"speedtest";1340048944;574087.869869;0.054488;"89137afb-b348-4f18-88b5-80cee829292f";7922;"VA";"Richmond";19;6;2012;0;18;"20120618"
"24.130.152.60";"US";-122.088500;37.709000;"AS7922 Comcast Cable Communications, Inc.";"mlab1-dfw01";0.073438;2840785.882590;"0.004012999";"darwin";"38.107.216.20";"speedtest";1340049185;750327.054546;0.063977;"92ef1dc6-e5b9-40c8-800b-cc909779319d";7922;"CA";"Castro Valley";19;6;2012;0;18;"20120618"
"71.190.171.206";"US";-73.525400;40.767000;"AS701 MCI Communications Services, Inc. d/b/a Verizon Business";"mlab1-dfw01";0.050440;3265056.928841;"0.004012999";"linux2";"38.107.216.20";"bittorrent";1340049922;2045635.450097;-1.000000;"dfd87da2-1968-48ac-9bd2-5469644e29e4";701;"NY";"Hicksville";20;6;2012;0;18;"20120618"
"173.20.36.131";"US";-91.455800;40.452000;"AS30036 Mediacom Communications Corp";"mlab1-dfw01";0.060793;127200.248964;"0.004012999";"win32";"38.107.216.20";"speedtest";1340049982;172055.595181;0.059800;"6b87ac46-1206-4d9c-afa5-d5cab4a872d6";30036;"IA";"Keokuk";20;6;2012;0;18;"20120618"
"70.114.2.130";"US";-98.399400;29.583400;"AS11427 Time Warner Cable Internet LLC";"mlab1-dfw01";0.019001;2150889.879120;"0.004012999";"linux2";"38.107.216.20";"bittorrent";1340050520;244063.452239;-1.000000;"eef1d069-de63-4f80-84c8-860f065b1f10";11427;"TX";"San Antonio";20;6;2012;0;18;"20120618"
"68.188.90.154";"US";-90.197900;38.627300;"AS20115 Charter Communications";"mlab1-dfw01";0.042667;121457.688915;"0.004012999";"darwin";"38.107.216.20";"bittorrent";1340051163;360390.926894;-1.000000;"10349cfe-4a13-405a-99be-aabdb52920f3";20115;"MO";"Saint Louis";20;6;2012;0;18;"20120618"
"50.78.87.177";"US";-106.097500;39.574400;"AS7922 Comcast Cable Communications, Inc.";"mlab1-dfw01";0.034194;1650052.651164;"0.004012999";"win32";"38.107.216.20";"bittorrent";1340051284;895764.014650;-1.000000;"c4393561-5207-49e8-879a-bbb805c9188f";7922;"CO";"Frisco";20;6;2012;0;18;"20120618"
"97.126.49.211";"US";-122.217100;47.482900;"AS209 NOVARTIS-DMZ-US";"mlab1-dfw01";0.148044;88531.345341;"0.004012999";"darwin";"38.107.216.20";"bittorrent";1340051641;77688.220362;-1.000000;"8e65a2a9-47d4-4adc-a937-76425a1f5bfe";209;"WA";"Renton";20;6;2012;0;18;"20120618"
"68.41.24.217";"US";-83.036000;42.724500;"AS7922 Comcast Cable Communications, Inc.";"mlab1-dfw01";0.054692;2640484.937581;"0.004012999";"win32";"38.107.216.20";"bittorrent";1340051766;521349.728660;-1.000000;"7acc5903-5884-4564-add3-0be49e9fa576";7922;"MI";"Washington";20;6;2012;0;18;"20120618"
"74.60.227.223";"US";-84.561300;39.399500;"AS16586 CLEARWIRE - CLEAR WIRELESS LLC";"mlab1-dfw01";0.095291;222072.909205;"0.004012999";"win32";"38.107.216.20";"speedtest";1340051813;54988.186480;0.103677;"59bc30c0-4f87-4fbd-8bb7-35768315d718";16586;"OH";"Hamilton";20;6;2012;0;18;"20120618"
"74.163.8.166";"US";-86.875000;30.446700;"AS6389 BellSouth.net Inc.";"mlab1-dfw01";0.063949;184087.651452;"0.004012999";"win32";"38.107.216.20";"speedtest";1340052165;47232.944398;0.074516;"4565989b-987f-4c3c-aa75-a740afde3068";6389;"FL";"Navarre";20;6;2012;0;18;"20120618"
"99.104.57.129";"US";-87.701600;41.975900;"AS7018 AT&T Services, Inc.";"mlab1-dfw01";0.034458;192225.060054;"0.004012999";"darwin";"38.107.216.20";"bittorrent";1340052328;52671.433790;-1.000000;"d6f10baf-3b6d-47fb-999c-6d4188d2d4b2";7018;"IL";"Chicago";20;6;2012;0;18;"20120618"
"67.168.66.115";"US";-122.630500;48.321800;"AS7922 Comcast Cable Communications, Inc.";"mlab1-dfw01";0.074525;2657975.615810;"0.004012999";"win32";"38.107.216.20";"bittorrent";1340052460;709291.442231;-1.000000;"3ee99b5a-2c05-4823-a555-34b90b697de5";7922;"WA";"Oak Harbor";20;6;2012;0;18;"20120618"
"70.122.243.11";"US";-97.015000;32.954600;"AS11427 Time Warner Cable Internet LLC";"mlab1-dfw01";0.017033;3694881.710404;"0.004012999";"win32";"38.107.216.20";"bittorrent";1340052677;592841.083104;-1.000000;"bab8f612-1f34-46c2-a83e-fbaa7a2f8fa7";11427;"TX";"Coppell";20;6;2012;0;18;"20120618"
"50.78.87.177";"US";-106.097500;39.574400;"AS7922 Comcast Cable Communications, Inc.";"mlab1-dfw01";0.038468;1618280.081550;"0.004012999";"win32";"38.107.216.20";"speedtest";1340052892;1261920.615430;0.036997;"c4393561-5207-49e8-879a-bbb805c9188f";7922;"CO";"Frisco";20;6;2012;0;18;"20120618"
"206.255.246.41";"US";-94.740500;32.500700;"AS53508 Cablelynx";"mlab1-dfw01";0.039795;1362699.564470;"0.004012999";"win32";"38.107.216.20";"speedtest";1340053179;142615.441899;0.020246;"3a5b4ca4-0887-432d-a115-9f646a867cdb";53508;"TX";"Longview";20;6;2012;0;18;"20120618"
"98.214.132.10";"US";-89.589000;40.693600;"AS7922 Comcast Cable Communications, Inc.";"mlab1-dfw01";0.052655;1152916.299470;"0.004012999";"darwin";"38.107.216.20";"speedtest";1340053462;554137.142937;0.055270;"ac008ee9-df9b-425b-a370-34b57dce1b90";7922;"IL";"Peoria";21;6;2012;0;18;"20120618"
"72.81.232.139";"US";-76.837500;39.174900;"AS701 MCI Communications Services, Inc. d/b/a Verizon Business";"mlab1-dfw01";0.075196;1647939.949020;"0.004012999";"darwin";"38.107.216.20";"speedtest";1340053799;252934.197574;0.181431;"5d2377cf-2e67-40be-b1dc-e439a545da6f";701;"MD";"Columbia";21;6;2012;0;18;"20120618"
"74.103.162.36";"US";-75.114700;40.427800;"AS701 MCI Communications Services, Inc. d/b/a Verizon Business";"mlab1-dfw01";0.048968;1775496.911690;"0.004012999";"darwin";"38.107.216.20";"speedtest";1340055326;650467.215516;0.050907;"4eec0d76-fa70-4b4c-91f9-8cb1b74b0682";701;"PA";"Pipersville";21;6;2012;0;18;"20120618"
"24.111.85.175";"US";-97.440500;42.935900;"AS11232 Midcontinent Media, Inc.";"mlab1-dfw01";0.075190;240698.591825;"0.004011999";"win32";"38.107.216.20";"speedtest";1340055533;483640.640245;0.063018;"d8e6a54b-6231-4d06-a9c1-bf3a10f484b1";11232;"SD";"Yankton";21;6;2012;0;18;"20120618"
"98.124.100.208";"US";-80.038400;33.118000;"AS16863 Home Telephone Company, Inc.";"mlab1-dfw01";0.063654;1172400.341273;"0.004012999";"linux2";"38.107.216.20";"bittorrent";1340055560;219815.997578;-1.000000;"adcd5d0f-b5f4-47e4-9505-249669f515a0";16863;"SC";"Moncks Corner";21;6;2012;0;18;"20120618"
"65.77.65.251";"US";-97.794700;35.261200;"AS22898 ATLINK SERVICES, LLC";"mlab1-dfw01";0.013207;372937.669421;"0.004012999";"win32";"38.107.216.20";"speedtest";1340056313;140133.295093;0.020281;"e4a04559-218e-49d2-bbc0-71b979b87fa0";22898;"OK";"Tuttle";21;6;2012;0;18;"20120618"
"68.58.165.186";"US";-80.107000;32.841300;"AS7922 Comcast Cable Communications, Inc.";"mlab1-dfw01";0.054961;1205416.365751;"0.004012999";"linux2";"38.107.216.20";"bittorrent";1340056634;853486.638586;-1.000000;"564f666b-3c55-40d4-a5f8-92064e970a5f";7922;"SC";"Charleston";21;6;2012;0;18;"20120618"
"50.46.199.114";"US";-122.342600;47.739600;"AS5650 Frontier Communications of America, Inc.";"mlab1-dfw01";0.081435;1899602.689182;"0.004012999";"darwin";"38.107.216.20";"bittorrent";1340056909;669870.866559;-1.000000;"9c3f8949-43af-4678-be97-2082a5c82606";5650;"WA";"Seattle";22;6;2012;0;18;"20120618"
"71.58.226.44";"US";-75.961500;41.249000;"AS7922 Comcast Cable Communications, Inc.";"mlab1-dfw01";0.066730;2837775.178100;"0.004012999";"win32";"38.107.216.20";"bittorrent";1340057551;580478.726945;-1.000000;"fb6cc5ca-37c3-44c5-8176-4a40a17f217a";7922;"PA";"Plymouth";22;6;2012;0;18;"20120618"
"207.231.92.41";"US";-121.370600;38.784300;"AS14051 Roseville Telephone Company";"mlab1-dfw01";0.049242;3508741.155229;"0.004012999";"win32";"38.107.216.20";"bittorrent";1340057710;3294583.451940;-1.000000;"cb121e1a-4701-4c5a-91b5-29c9df2b10c0";14051;"CA";"Roseville";22;6;2012;0;18;"20120618"
"76.168.80.127";"US";-118.243700;34.052200;"AS20001 Time Warner Cable Internet LLC";"mlab1-dfw01";0.057196;1798845.845468;"0.004012999";"darwin";"38.107.216.20";"bittorrent";1340057729;119878.718851;-1.000000;"90d62fdd-a880-469e-bb3b-4bf575cfed10";20001;"CA";"Los Angeles";22;6;2012;0;18;"20120618"
"71.89.124.38";"US";-88.736400;44.638200;"AS20115 Charter Communications";"mlab1-dfw01";0.045070;3264063.926400;"0.004012999";"win32";"38.107.216.20";"speedtest";1340057760;393800.850997;0.046351;"0730ff7f-47eb-4e84-99b1-016150556fb6";20115;"WI";"Clintonville";22;6;2012;0;18;"20120618"
"98.243.192.146";"US";-84.594100;42.860200;"AS7922 Comcast Cable Communications, Inc.";"mlab1-dfw01";0.064231;960267.731657;"0.004012999";"darwin";"38.107.216.20";"bittorrent";1340058981;476720.184219;-1.000000;"69a61dac-c7ac-4b16-b86b-4bd2f3990f62";7922;"MI";"Dewitt";22;6;2012;0;18;"20120618"
"68.58.165.186";"US";-80.107000;32.841300;"AS7922 Comcast Cable Communications, Inc.";"mlab1-dfw01";0.054123;1722706.842885;"0.004012999";"linux2";"38.107.216.20";"bittorrent";1340059849;792501.246363;-1.000000;"564f666b-3c55-40d4-a5f8-92064e970a5f";7922;"SC";"Charleston";22;6;2012;0;18;"20120618"
"71.192.154.157";"US";-71.051200;42.406300;"AS7922 Comcast Cable Communications, Inc.";"mlab1-dfw01";0.071744;201538.883199;"0.004012999";"darwin";"38.107.216.20";"speedtest";1340059979;369651.261329;0.073484;"65fb0ed5-8aab-4ca3-973b-6f6abd2e24d4";7922;"MA";"Everett";22;6;2012;0;18;"20120618"
"69.249.238.83";"US";-75.163800;39.952300;"AS7922 Comcast Cable Communications, Inc.";"mlab1-dfw01";0.140045;1081940.774310;"0.004012999";"win32";"38.107.216.20";"speedtest";1340060007;149581.676592;0.178685;"a49b9e19-6f47-4dc7-8196-0fc4dbc9e641";7922;"PA";"Philadelphia";22;6;2012;0;18;"20120618"
"72.81.232.139";"US";-76.837500;39.174900;"AS701 MCI Communications Services, Inc. d/b/a Verizon Business";"mlab1-dfw01";0.052885;1568855.074091;"0.004012999";"darwin";"38.107.216.20";"bittorrent";1340060778;250148.573649;-1.000000;"5d2377cf-2e67-40be-b1dc-e439a545da6f";701;"MD";"Columbia";23;6;2012;0;18;"20120618"
"24.22.135.177";"US";-122.332100;47.606200;"AS7922 Comcast Cable Communications, Inc.";"mlab1-dfw01";0.056870;2952927.588771;"0.004012999";"linux2";"38.107.216.20";"bittorrent";1340060848;449085.144170;-1.000000;"04cea472-6610-42db-acd2-c644a3d4447f";7922;"WA";"Seattle";23;6;2012;0;18;"20120618"
"64.81.87.32";"US";-117.865300;34.020300;"AS18566 MegaPath Corporation";"mlab1-dfw01";0.045632;795197.205354;"0.004011999";"win32";"38.107.216.20";"speedtest";1340061498;106497.491230;0.048850;"e94d5238-1b8c-4a39-ae43-035af5b62fa1";18566;"CA";"Walnut";23;6;2012;0;18;"20120618"
"50.12.211.162";"US";-93.263800;44.980000;"AS16586 CLEARWIRE - CLEAR WIRELESS LLC";"mlab1-dfw01";0.104136;330502.554147;"0.004012999";"darwin";"38.107.216.20";"speedtest";1340061684;140453.141900;0.106604;"3955a411-3e83-4a8e-aa8e-165233e306e9";16586;"MN";"Minneapolis";23;6;2012;0;18;"20120618"
"98.207.87.80";"US";-122.299100;37.409600;"AS7922 Comcast Cable Communications, Inc.";"mlab1-dfw01";0.069257;2649020.953121;"0.004012999";"darwin";"38.107.216.20";"bittorrent";1340061701;255387.746835;-1.000000;"0f7d671c-779f-4f63-8f54-ca28fcc35fd6";7922;"CA";"Redwood City";23;6;2012;0;18;"20120618"
"132.161.219.98";"US";-92.717600;41.721700;"AS22949 Grinnell College";"mlab1-dfw01";0.053043;2775433.754530;"0.004012999";"win32";"38.107.216.20";"speedtest";1340062695;586148.557018;0.054369;"de23301c-c09c-4e47-aa2b-90a625720856";22949;"IA";"Grinnell";23;6;2012;0;18;"20120618"
"65.32.77.45";"US";-97.000000;38.000000;"AS33363 BRIGHT HOUSE NETWORKS, LLC";"mlab1-dfw01";0.039882;1969817.671280;"0.004012999";"win32";"38.107.216.20";"speedtest";1340063362;229535.951384;0.039411;"29daca95-9628-479f-b4be-ee35e322c612";33363;"";"";23;6;2012;0;18;"20120618"
"96.2.48.78";"US";-96.983300;42.836900;"AS11232 Midcontinent Media, Inc.";"mlab1-dfw01";0.060062;3940076.803410;"0.004012999";"win32";"38.107.216.20";"bittorrent";1340063898;622020.514302;-1.000000;"d4959228-fa29-4292-8c76-7ca9985284c9";11232;"SD";"Vermillion";23;6;2012;0;18;"20120618"
"79.9.218.223";"IT";12.483300;41.900000;"AS3269 Telecom Italia S.p.a.";"mlab3-trn01";0.040218;787943.000789;"0.004012999";"darwin";"194.116.85.237";"speedtest";1339977815;93245.480616;0.042361;"4372ef01-dfbb-4175-8485-4bcfde678997";3269;"07";"Rome";2;6;2012;0;18;"20120618"
"2.36.184.63";"IT";9.200000;45.466700;"AS30722 Vodafone Omnitel N.V.";"mlab3-trn01";0.116567;516446.686216;"0.004011999";"win32";"194.116.85.237";"bittorrent";1339978120;37398.377285;-1.000000;"60e4ddb8-b47b-4b72-a668-dea9c263699a";30722;"09";"Milan";2;6;2012;0;18;"20120618"
"130.192.91.213";"IT";7.666700;45.050000;"AS137 GARR Italian academic and research network";"mlab3-trn01";0.002172;11734631.254100;"0.004012999";"linux2";"194.116.85.237";"speedtest";1339978218;1789961.198360;0.003901;"cd78793c-1e3b-4944-b4b2-9768fc1cdb97";137;"12";"Torino";2;6;2012;0;18;"20120618"
"2.230.212.185";"IT";7.666700;45.050000;"AS12874 Fastweb SpA";"mlab3-trn01";0.009154;1306956.660337;"0.004012999";"win32";"194.116.85.237";"bittorrent";1339978367;1045143.169265;-1.000000;"93a97de3-c431-4df5-a005-ea55834352bd";12874;"12";"Torino";2;6;2012;0;18;"20120618"
"94.36.33.130";"IT";8.950000;44.416700;"AS8612 Tiscali Italia S.P.A.";"mlab3-trn01";0.026926;819862.676016;"0.004012999";"darwin";"194.116.85.237";"speedtest";1339978979;27286.823250;0.031916;"894fe1ee-9250-416a-98be-74dd024aea06";8612;"08";"Genova";2;6;2012;0;18;"20120618"
"188.11.197.8";"IT";12.483300;41.900000;"AS3269 Telecom Italia S.p.a.";"mlab3-trn01";0.037036;1216605.127660;"0.004012999";"darwin";"194.116.85.237";"speedtest";1339978983;87507.949156;0.041623;"c671e4d7-9027-4ae8-9058-ad41f0746af0";3269;"07";"Rome";2;6;2012;0;18;"20120618"
"80.180.3.244";"IT";8.933300;44.950000;"AS3269 Telecom Italia S.p.a.";"mlab3-trn01";0.036851;616366.349364;"0.004009999";"win32";"194.116.85.237";"bittorrent";1339980016;68495.109736;-1.000000;"43fc56b7-cfe0-496f-a712-ead0946dc63a";3269;"12";"Pontecurone";2;6;2012;0;18;"20120618"
"62.98.65.177";"IT";14.250000;40.833300;"AS1267 WIND Telecomunicazioni S.p.A.";"mlab3-trn01";0.035142;706350.787706;"0.004012999";"win32";"194.116.85.237";"speedtest";1339980665;40426.469294;0.046164;"2d006d8d-7c04-46bb-b056-798468ee365e";1267;"04";"Napoli";2;6;2012;0;18;"20120618"
"93.62.242.110";"IT";12.029400;45.421400;"AS12874 Fastweb SpA";"mlab3-trn01";0.014220;432629.698853;"0.004012999";"darwin";"194.116.85.237";"bittorrent";1339981747;419991.716574;-1.000000;"9905faad-2379-4ce5-bea7-d26dfd5ef167";12874;"20";"Fiesso D'artico";3;6;2012;0;18;"20120618"
"188.152.94.198";"IT";12.833300;42.833300;"AS44957 Vodafone Omnitel N.V.";"mlab3-trn01";0.050119;913308.171294;"0.004012999";"linux2";"194.116.85.237";"bittorrent";1339982941;48941.947445;-1.000000;"b6f7bc90-fab9-4db0-af8a-1737ebd554f1";44957;"";"";3;6;2012;0;18;"20120618"
"94.36.33.130";"IT";8.950000;44.416700;"AS8612 Tiscali Italia S.P.A.";"mlab3-trn01";0.026314;855743.354108;"0.004012999";"darwin";"194.116.85.237";"bittorrent";1339983319;52424.062564;-1.000000;"894fe1ee-9250-416a-98be-74dd024aea06";8612;"08";"Genova";3;6;2012;0;18;"20120618"
"87.18.255.91";"IT";17.229700;40.476100;"AS3269 Telecom Italia S.p.a.";"mlab3-trn01";0.075568;737789.496893;"0.004009999";"win32";"194.116.85.237";"speedtest";1339983503;49504.029052;0.070821;"7989d7c5-459e-4910-93c2-ffd113604f5d";3269;"13";"Taranto";3;6;2012;0;18;"20120618"
"88.47.41.57";"IT";12.833300;42.833300;"AS3269 Telecom Italia S.p.a.";"mlab3-trn01";0.045665;679173.508301;"0.004012999";"win32";"194.116.85.237";"speedtest";1339984347;46494.325500;0.051492;"ec2e71be-f555-4dee-b674-bc8e80a61d77";3269;"";"";3;6;2012;0;18;"20120618"
"94.36.33.130";"IT";8.950000;44.416700;"AS8612 Tiscali Italia S.P.A.";"mlab3-trn01";0.026541;835842.907308;"0.004012999";"darwin";"194.116.85.237";"speedtest";1339984761;52238.972415;0.031277;"894fe1ee-9250-416a-98be-74dd024aea06";8612;"08";"Genova";3;6;2012;0;18;"20120618"
"2.36.184.63";"IT";9.200000;45.466700;"AS30722 Vodafone Omnitel N.V.";"mlab3-trn01";0.072843;597563.225302;"0.004011999";"win32";"194.116.85.237";"bittorrent";1339986537;42218.097044;-1.000000;"60e4ddb8-b47b-4b72-a668-dea9c263699a";30722;"09";"Milan";4;6;2012;0;18;"20120618"
"95.248.65.26";"IT";8.283300;46.016700;"AS3269 Telecom Italia S.p.a.";"mlab3-trn01";0.047923;755835.362020;"0.004012999";"win32";"194.116.85.237";"bittorrent";1339986772;48528.150819;-1.000000;"19176454-a721-4c97-8342-b9cf8e375390";3269;"12";"Vogogna";4;6;2012;0;18;"20120618"
"130.192.91.213";"IT";7.666700;45.050000;"AS137 GARR Italian academic and research network";"mlab3-trn01";0.002289;11292917.073100;"0.004012999";"linux2";"194.116.85.237";"speedtest";1339987208;1796971.980090;0.004061;"cd78793c-1e3b-4944-b4b2-9768fc1cdb97";137;"12";"Torino";4;6;2012;0;18;"20120618"
"79.20.70.163";"IT";8.066600;45.572300;"AS3269 Telecom Italia S.p.a.";"mlab3-trn01";0.043100;805526.285199;"0.004012999";"darwin";"194.116.85.237";"speedtest";1339987264;41433.316108;0.048210;"432d3481-f83e-450d-b373-e60ae5f17efe";3269;"12";"Biella";4;6;2012;0;18;"20120618"
"130.192.91.211";"IT";7.666700;45.050000;"AS137 GARR Italian academic and research network";"mlab3-trn01";1.203073;5267.010842;"0.004012999";"linux2";"194.116.85.237";"speedtest";1339987284;20092.510332;1.206672;"91708cf1-7028-4b58-9520-faea0010494c";137;"12";"Torino";4;6;2012;0;18;"20120618"
"94.36.33.130";"IT";8.950000;44.416700;"AS8612 Tiscali Italia S.P.A.";"mlab3-trn01";0.026227;830104.492306;"0.004012999";"darwin";"194.116.85.237";"speedtest";1339987654;33567.469538;0.031265;"894fe1ee-9250-416a-98be-74dd024aea06";8612;"08";"Genova";4;6;2012;0;18;"20120618"
"151.32.212.173";"IT";7.566700;45.083300;"AS1267 WIND Telecomunicazioni S.p.A.";"mlab3-trn01";0.010151;834578.237446;"0.004012999";"linux2";"194.116.85.237";"speedtest";1339987745;53921.543421;0.014687;"69812081-5887-4c20-99b8-91c1d276eca2";1267;"12";"Collegno";4;6;2012;0;18;"20120618"
"109.234.63.11";"IT";12.833300;42.833300;"AS43989 Ehinet Srl";"mlab3-trn01";0.053314;462788.339717;"0.004009999";"win32";"194.116.85.237";"speedtest";1339987761;55287.470011;0.045983;"5d6312ec-b414-42e6-8e89-702c7b4fd5e8";43989;"";"";4;6;2012;0;18;"20120618"
"95.232.210.92";"IT";7.550000;45.100000;"AS3269 Telecom Italia S.p.a.";"mlab3-trn01";0.041096;760179.136417;"0.004012999";"win32";"194.116.85.237";"speedtest";1339987774;49958.270823;0.045587;"f0582543-2bfe-4624-80ce-da152d4c2c58";3269;"12";"Pianezza";4;6;2012;0;18;"20120618"
"2.36.184.63";"IT";9.200000;45.466700;"AS30722 Vodafone Omnitel N.V.";"mlab3-trn01";0.057267;399571.751789;"0.004011999";"win32";"194.116.85.237";"speedtest";1339987939;28927.915738;0.092162;"60e4ddb8-b47b-4b72-a668-dea9c263699a";30722;"09";"Milan";4;6;2012;0;18;"20120618"
"87.18.255.91";"IT";17.229700;40.476100;"AS3269 Telecom Italia S.p.a.";"mlab3-trn01";0.063523;808442.254119;"0.004009999";"win32";"194.116.85.237";"bittorrent";1339988243;41369.159517;-1.000000;"7989d7c5-459e-4910-93c2-ffd113604f5d";3269;"13";"Taranto";4;6;2012;0;18;"20120618"
"79.9.218.223";"IT";12.483300;41.900000;"AS3269 Telecom Italia S.p.a.";"mlab3-trn01";0.038896;825863.932097;"0.004012999";"darwin";"194.116.85.237";"bittorrent";1339988535;93968.426957;-1.000000;"4372ef01-dfbb-4175-8485-4bcfde678997";3269;"07";"Rome";5;6;2012;0;18;"20120618"
"188.152.109.177";"IT";7.666700;45.050000;"AS44957 Vodafone Omnitel N.V.";"mlab3-trn01";0.049123;467723.337852;"0.004012999";"darwin";"194.116.85.237";"speedtest";1339989218;49049.008037;0.056703;"fd2cba45-5000-4263-b0bc-8c4a654ac411";44957;"12";"Torino";5;6;2012;0;18;"20120618"
"95.248.65.26";"IT";8.283300;46.016700;"AS3269 Telecom Italia S.p.a.";"mlab3-trn01";0.048422;702932.938654;"0.004012999";"win32";"194.116.85.237";"bittorrent";1339989679;48863.910309;-1.000000;"19176454-a721-4c97-8342-b9cf8e375390";3269;"12";"Vogogna";5;6;2012;0;18;"20120618"
"88.47.41.57";"IT";12.833300;42.833300;"AS3269 Telecom Italia S.p.a.";"mlab3-trn01";0.045039;716263.435983;"0.004012999";"win32";"194.116.85.237";"speedtest";1339990075;46889.037182;0.051216;"ec2e71be-f555-4dee-b674-bc8e80a61d77";3269;"";"";5;6;2012;0;18;"20120618"
"79.9.218.223";"IT";12.483300;41.900000;"AS3269 Telecom Italia S.p.a.";"mlab3-trn01";0.040082;790120.204461;"0.004012999";"darwin";"194.116.85.237";"speedtest";1339990064;93284.622964;0.042382;"4372ef01-dfbb-4175-8485-4bcfde678997";3269;"07";"Rome";5;6;2012;0;18;"20120618"
"130.192.91.211";"IT";7.666700;45.050000;"AS137 GARR Italian academic and research network";"mlab3-trn01";1.203462;4381.029945;"0.004012999";"linux2";"194.116.85.237";"speedtest";1339990218;20669.177164;1.206687;"91708cf1-7028-4b58-9520-faea0010494c";137;"12";"Torino";5;6;2012;0;18;"20120618"
"94.36.33.130";"IT";8.950000;44.416700;"AS8612 Tiscali Italia S.P.A.";"mlab3-trn01";0.027861;834690.248688;"0.004012999";"darwin";"194.116.85.237";"speedtest";1339990553;13245.639089;0.031910;"894fe1ee-9250-416a-98be-74dd024aea06";8612;"08";"Genova";5;6;2012;0;18;"20120618"
"95.248.65.26";"IT";8.283300;46.016700;"AS3269 Telecom Italia S.p.a.";"mlab3-trn01";0.048577;715996.263837;"0.004012999";"win32";"194.116.85.237";"speedtest";1339991130;47662.256589;0.055289;"19176454-a721-4c97-8342-b9cf8e375390";3269;"12";"Vogogna";5;6;2012;0;18;"20120618"
"130.192.91.213";"IT";7.666700;45.050000;"AS137 GARR Italian academic and research network";"mlab3-trn01";0.002307;11769337.996158;"0.004012999";"linux2";"194.116.85.237";"bittorrent";1339991722;11767363.297517;-1.000000;"cd78793c-1e3b-4944-b4b2-9768fc1cdb97";137;"12";"Torino";5;6;2012;0;18;"20120618"
"134.255.171.36";"IT";12.833300;42.833300;"AS198292 Wave-Max S.r.L.";"mlab3-trn01";0.093126;740974.567333;"0.004012999";"win32";"194.116.85.237";"bittorrent";1339991982;43986.096562;-1.000000;"708a55f0-3758-4099-a346-23683a39926d";198292;"";"";5;6;2012;0;18;"20120618"
"109.234.63.11";"IT";12.833300;42.833300;"AS43989 Ehinet Srl";"mlab3-trn01";0.024135;458733.172340;"0.004009999";"win32";"194.116.85.237";"bittorrent";1339992073;39649.010024;-1.000000;"5d6312ec-b414-42e6-8e89-702c7b4fd5e8";43989;"";"";6;6;2012;0;18;"20120618"
"2.36.184.63";"IT";9.200000;45.466700;"AS30722 Vodafone Omnitel N.V.";"mlab3-trn01";0.050219;552768.155409;"0.004011999";"win32";"194.116.85.237";"bittorrent";1339992153;35297.379330;-1.000000;"60e4ddb8-b47b-4b72-a668-dea9c263699a";30722;"09";"Milan";6;6;2012;0;18;"20120618"
"62.98.65.177";"IT";14.250000;40.833300;"AS1267 WIND Telecomunicazioni S.p.A.";"mlab3-trn01";0.034932;655342.105830;"0.004012999";"win32";"194.116.85.237";"speedtest";1339992198;40584.653605;0.048025;"2d006d8d-7c04-46bb-b056-798468ee365e";1267;"04";"Napoli";6;6;2012;0;18;"20120618"
"84.221.231.178";"IT";7.666700;45.050000;"AS8612 Tiscali Italia S.P.A.";"mlab3-trn01";0.023070;2059936.935134;"0.004012999";"darwin";"194.116.85.237";"bittorrent";1339993491;96364.349865;-1.000000;"7e3598a2-40f8-4213-beaa-47abf033b292";8612;"12";"Torino";6;6;2012;0;18;"20120618"
"88.47.41.57";"IT";12.833300;42.833300;"AS3269 Telecom Italia S.p.a.";"mlab3-trn01";0.045726;760886.492251;"0.004012999";"win32";"194.116.85.237";"bittorrent";1339994344;46319.887437;-1.000000;"ec2e71be-f555-4dee-b674-bc8e80a61d77";3269;"";"";6;6;2012;0;18;"20120618"
"85.18.29.42";"IT";9.200000;45.466700;"AS12874 Fastweb SpA";"mlab3-trn01";0.006130;1176587.714835;"0.004012999";"darwin";"194.116.85.237";"bittorrent";1339994464;1173449.245855;-1.000000;"2c46fdf6-7306-4016-9a75-e529fa590549";12874;"09";"Milan";6;6;2012;0;18;"20120618"
"79.9.218.223";"IT";12.483300;41.900000;"AS3269 Telecom Italia S.p.a.";"mlab3-trn01";0.037435;826310.222906;"0.004012999";"darwin";"194.116.85.237";"bittorrent";1339994659;94005.004547;-1.000000;"4372ef01-dfbb-4175-8485-4bcfde678997";3269;"07";"Rome";6;6;2012;0;18;"20120618"
"109.234.63.11";"IT";12.833300;42.833300;"AS43989 Ehinet Srl";"mlab3-trn01";0.053440;399867.892072;"0.004009999";"win32";"194.116.85.237";"bittorrent";1339994947;52667.924046;-1.000000;"5d6312ec-b414-42e6-8e89-702c7b4fd5e8";43989;"";"";6;6;2012;0;18;"20120618"
"87.18.255.91";"IT";17.229700;40.476100;"AS3269 Telecom Italia S.p.a.";"mlab3-trn01";0.064125;672995.736305;"0.004009999";"win32";"194.116.85.237";"speedtest";1339996112;49768.488943;0.070580;"7989d7c5-459e-4910-93c2-ffd113604f5d";3269;"13";"Taranto";7;6;2012;0;18;"20120618"
"84.221.231.178";"IT";7.666700;45.050000;"AS8612 Tiscali Italia S.P.A.";"mlab3-trn01";0.024421;2034419.978975;"0.004012999";"darwin";"194.116.85.237";"bittorrent";1339996342;105517.373893;-1.000000;"7e3598a2-40f8-4213-beaa-47abf033b292";8612;"12";"Torino";7;6;2012;0;18;"20120618"
"62.98.65.177";"IT";14.250000;40.833300;"AS1267 WIND Telecomunicazioni S.p.A.";"mlab3-trn01";0.027725;720030.917609;"0.004012999";"win32";"194.116.85.237";"bittorrent";1339996532;41869.453164;-1.000000;"2d006d8d-7c04-46bb-b056-798468ee365e";1267;"04";"Napoli";7;6;2012;0;18;"20120618"
"2.225.128.51";"IT";7.666700;45.050000;"AS12874 Fastweb SpA";"mlab3-trn01";0.028911;436348.025222;"0.004012999";"darwin";"194.116.85.237";"bittorrent";1339996601;61763.150719;-1.000000;"28ba3b2e-cd9a-4c00-8b29-33e0cfe5c596";12874;"12";"Torino";7;6;2012;0;18;"20120618"
"149.132.117.110";"IT";9.200000;45.466700;"AS137 GARR Italian academic and research network";"mlab3-trn01";0.004714;14818.440934;"0.004012999";"darwin";"194.116.85.237";"bittorrent";1339997301;9888.533827;-1.000000;"c9d3d685-6087-4faf-a87c-eb1dfaa2b53c";137;"18";"Milan";7;6;2012;0;18;"20120618"
"151.25.78.166";"IT";12.483300;41.900000;"AS1267 WIND Telecomunicazioni S.p.A.";"mlab3-trn01";0.022823;1913196.759684;"0.004012999";"darwin";"194.116.85.237";"bittorrent";1339997918;105231.790422;-1.000000;"2db37ed2-fec6-4c7a-947f-fbfa8575dbeb";1267;"07";"Rome";7;6;2012;0;18;"20120618"
"31.196.6.210";"IT";12.833300;42.833300;"AS3269 Telecom Italia S.p.a.";"mlab3-trn01";0.018706;220511.225697;"0.004012999";"win32";"194.116.85.237";"bittorrent";1339998822;187602.490451;-1.000000;"8f96be96-0318-4e62-a639-7816bf69ae7b";3269;"";"";7;6;2012;0;18;"20120618"
"188.11.197.8";"IT";12.483300;41.900000;"AS3269 Telecom Italia S.p.a.";"mlab3-trn01";0.036587;1368893.164773;"0.004012999";"darwin";"194.116.85.237";"bittorrent";1339999104;90522.880767;-1.000000;"c671e4d7-9027-4ae8-9058-ad41f0746af0";3269;"07";"Rome";7;6;2012;0;18;"20120618"
"2.230.212.185";"IT";7.666700;45.050000;"AS12874 Fastweb SpA";"mlab3-trn01";0.009374;1259333.583293;"0.004012999";"win32";"194.116.85.237";"bittorrent";1339999124;1012437.538982;-1.000000;"93a97de3-c431-4df5-a005-ea55834352bd";12874;"12";"Torino";7;6;2012;0;18;"20120618"
"2.230.212.185";"IT";7.666700;45.050000;"AS12874 Fastweb SpA";"mlab3-trn01";0.010675;1247291.094300;"0.004012999";"win32";"194.116.85.237";"speedtest";1340000587;933826.464274;0.009780;"93a97de3-c431-4df5-a005-ea55834352bd";12874;"12";"Torino";8;6;2012;0;18;"20120618"
"94.36.33.130";"IT";8.950000;44.416700;"AS8612 Tiscali Italia S.P.A.";"mlab3-trn01";0.027734;873344.605485;"0.004012999";"darwin";"194.116.85.237";"bittorrent";1340000679;51958.185789;-1.000000;"894fe1ee-9250-416a-98be-74dd024aea06";8612;"08";"Genova";8;6;2012;0;18;"20120618"
"87.5.126.10";"IT";9.150000;44.350000;"AS3269 Telecom Italia S.p.a.";"mlab3-trn01";0.047081;333144.554800;"0.004012999";"win32";"194.116.85.237";"speedtest";1340000707;50707.353362;0.052169;"8855f6ca-5043-4b7e-abfd-f4a8ef04d556";3269;"08";"Camogli";8;6;2012;0;18;"20120618"
"79.9.218.223";"IT";12.483300;41.900000;"AS3269 Telecom Italia S.p.a.";"mlab3-trn01";0.038232;824595.079405;"0.004012999";"darwin";"194.116.85.237";"bittorrent";1340000784;94062.957970;-1.000000;"4372ef01-dfbb-4175-8485-4bcfde678997";3269;"07";"Rome";8;6;2012;0;18;"20120618"
"79.0.19.229";"IT";12.483300;41.900000;"AS3269 Telecom Italia S.p.a.";"mlab3-trn01";0.034113;1378684.680790;"0.004012999";"darwin";"194.116.85.237";"speedtest";1340001002;88116.517484;0.037295;"69fb5e33-52f0-4549-a67d-9deb0c9b5493";3269;"07";"Rome";8;6;2012;0;18;"20120618"
"87.253.117.30";"IT";7.666700;45.050000;"AS35719 People & Communication S.R.L.";"mlab3-trn01";0.050188;380063.473509;"0.004012999";"darwin";"194.116.85.237";"bittorrent";1340001287;53071.890137;-1.000000;"60d5ec38-9b55-4e7a-b420-28c886960236";35719;"12";"Torino";8;6;2012;0;18;"20120618"
"93.63.140.2";"IT";12.435800;44.070800;"AS12874 Fastweb SpA";"mlab3-trn01";0.038423;342446.314889;"0.004012999";"win32";"194.116.85.237";"speedtest";1340001326;279110.312042;0.040145;"8050c4c2-de4c-4f89-ab47-528f246a0f23";12874;"05";"Santarcangelo";8;6;2012;0;18;"20120618"
"87.11.124.128";"IT";11.300000;43.400000;"AS3269 Telecom Italia S.p.a.";"mlab3-trn01";0.029581;253406.029208;"0.004011999";"win32";"194.116.85.237";"speedtest";1340001462;100689.398041;0.033719;"8f2b4ecf-a700-4d0f-9dc5-4bb0f41e171c";3269;"16";"Quercegrossa";8;6;2012;0;18;"20120618"
"78.15.27.224";"IT";13.366700;38.116700;"AS8612 Tiscali Italia S.P.A.";"mlab3-trn01";0.154293;1269151.587160;"0.004012999";"win32";"194.116.85.237";"speedtest";1340001583;101724.887247;0.052757;"d237f6e8-0a11-4e9f-ac65-e61bb30f503f";8612;"15";"Palermo";8;6;2012;0;18;"20120618"
"83.211.172.129";"IT";13.566700;42.583300;"AS15589 Clouditalia Communications S.p.A.";"mlab3-trn01";0.026938;306960.604151;"0.004012999";"win32";"194.116.85.237";"bittorrent";1340001670;29871.600135;-1.000000;"b6e23738-aa63-4482-8754-26d879467631";15589;"01";"Altavilla";8;6;2012;0;18;"20120618"
"93.62.73.167";"IT";7.666700;45.050000;"AS12874 Fastweb SpA";"mlab3-trn01";0.032580;2156928.989880;"0.004012999";"win32";"194.116.85.237";"speedtest";1340001813;77837.473887;0.036253;"ba264b82-0dde-485e-bdfd-b866b37d1bf8";12874;"12";"Torino";8;6;2012;0;18;"20120618"
"151.49.229.123";"IT";13.780000;45.648600;"AS1267 WIND Telecomunicazioni S.p.A.";"mlab3-trn01";0.024463;814412.821175;"0.004011999";"linux2";"194.116.85.237";"bittorrent";1340001976;53205.900715;-1.000000;"db4c1f00-a6b9-40ad-b36d-a2fad669a491";1267;"06";"Trieste";8;6;2012;0;18;"20120618"
"151.32.59.217";"IT";12.833300;42.833300;"AS1267 WIND Telecomunicazioni S.p.A.";"mlab3-trn01";0.007204;843097.510057;"0.004012999";"linux2";"194.116.85.237";"bittorrent";1340002186;53331.079495;-1.000000;"e58cbc1f-8414-4fe3-8578-f8c48106d21d";1267;"";"";8;6;2012;0;18;"20120618"
"188.217.129.219";"IT";14.333300;40.916700;"AS30722 Vodafone Omnitel N.V.";"mlab3-trn01";0.052708;842393.101327;"0.004012999";"win32";"194.116.85.237";"speedtest";1340002660;61720.388423;0.058012;"bb6c2e6b-7f94-482d-ab7a-ba9256571bd8";30722;"04";"Casalnuovo Di Napoli";8;6;2012;0;18;"20120618"
"83.211.172.129";"IT";13.566700;42.583300;"AS15589 Clouditalia Communications S.p.A.";"mlab3-trn01";0.027378;421421.036044;"0.004012999";"win32";"194.116.85.237";"speedtest";1340003265;20989.593906;0.031392;"b6e23738-aa63-4482-8754-26d879467631";15589;"01";"Altavilla";9;6;2012;0;18;"20120618"
"130.192.91.211";"IT";7.666700;45.050000;"AS137 GARR Italian academic and research network";"mlab3-trn01";1.202962;50318.794180;"0.004012999";"linux2";"194.116.85.237";"bittorrent";1340003422;54977.823723;-1.000000;"91708cf1-7028-4b58-9520-faea0010494c";137;"12";"Torino";9;6;2012;0;18;"20120618"
"130.192.91.213";"IT";7.666700;45.050000;"AS137 GARR Italian academic and research network";"mlab3-trn01";0.001621;11769358.208052;"0.004012999";"linux2";"194.116.85.237";"bittorrent";1340003702;11769290.268817;-1.000000;"cd78793c-1e3b-4944-b4b2-9768fc1cdb97";137;"12";"Torino";9;6;2012;0;18;"20120618"
"93.33.101.175";"IT";9.200000;45.466700;"AS12874 Fastweb SpA";"mlab3-trn01";0.005596;1107551.469960;"0.004012999";"darwin";"194.116.85.237";"speedtest";1340003872;1073024.265820;0.008949;"29750ad8-f56c-4e95-a4f3-b9badf7da7af";12874;"09";"Milan";9;6;2012;0;18;"20120618"
"188.217.129.219";"IT";14.333300;40.916700;"AS30722 Vodafone Omnitel N.V.";"mlab3-trn01";0.051952;866812.036830;"0.004012999";"win32";"194.116.85.237";"bittorrent";1340004186;61700.327817;-1.000000;"bb6c2e6b-7f94-482d-ab7a-ba9256571bd8";30722;"04";"Casalnuovo Di Napoli";9;6;2012;0;18;"20120618"
"88.47.41.57";"IT";12.833300;42.833300;"AS3269 Telecom Italia S.p.a.";"mlab3-trn01";0.252791;647344.588403;"0.004012999";"win32";"194.116.85.237";"speedtest";1340004416;44707.792978;0.389520;"ec2e71be-f555-4dee-b674-bc8e80a61d77";3269;"";"";9;6;2012;0;18;"20120618"
"87.4.83.224";"IT";16.483300;41.116700;"AS3269 Telecom Italia S.p.a.";"mlab3-trn01";0.048920;850692.794711;"0.004012999";"darwin";"194.116.85.237";"speedtest";1340004581;44068.776950;0.057215;"8c3b14ba-e923-48bd-8f2e-da456a7f071f";3269;"13";"Ruvo Di Puglia";9;6;2012;0;18;"20120618"
"95.252.38.138";"IT";9.200000;45.466700;"AS3269 Telecom Italia S.p.a.";"mlab3-trn01";0.025670;980415.176981;"0.004012999";"win32";"194.116.85.237";"bittorrent";1340004717;75146.477281;-1.000000;"fabd9ec4-04a0-49f7-9afc-39e5f8c565ba";3269;"09";"Milan";9;6;2012;0;18;"20120618"
"151.28.149.138";"IT";12.483300;41.900000;"AS1267 WIND Telecomunicazioni S.p.A.";"mlab3-trn01";0.031795;873533.412980;"0.004012999";"darwin";"194.116.85.237";"bittorrent";1340004762;53349.826299;-1.000000;"ecbc13bf-6a9e-4fe9-b86f-bd60bf3af1d0";1267;"07";"Rome";9;6;2012;0;18;"20120618"
"94.36.33.130";"IT";8.950000;44.416700;"AS8612 Tiscali Italia S.P.A.";"mlab3-trn01";0.027633;838615.680428;"0.004012999";"darwin";"194.116.85.237";"speedtest";1340005011;51981.198860;0.031651;"894fe1ee-9250-416a-98be-74dd024aea06";8612;"08";"Genova";9;6;2012;0;18;"20120618"
"149.132.117.110";"IT";9.200000;45.466700;"AS137 GARR Italian academic and research network";"mlab3-trn01";0.017413;1490490.252820;"0.004012999";"darwin";"194.116.85.237";"speedtest";1340005815;6848343.819990;0.027523;"c9d3d685-6087-4faf-a87c-eb1dfaa2b53c";137;"18";"Milan";9;6;2012;0;18;"20120618"
"188.216.124.199";"IT";7.666700;45.050000;"AS30722 Vodafone Omnitel N.V.";"mlab3-trn01";0.044610;797232.891012;"0.004012999";"darwin";"194.116.85.237";"speedtest";1340005958;65101.896265;0.050087;"821aa4b7-0495-4899-9210-11d94170a73b";30722;"12";"Torino";9;6;2012;0;18;"20120618"
"79.20.70.163";"IT";8.066600;45.572300;"AS3269 Telecom Italia S.p.a.";"mlab3-trn01";0.045301;807748.565512;"0.004012999";"darwin";"194.116.85.237";"speedtest";1340005966;41307.551058;0.048187;"432d3481-f83e-450d-b373-e60ae5f17efe";3269;"12";"Biella";9;6;2012;0;18;"20120618"
"188.216.183.24";"IT";12.833300;42.833300;"AS30722 Vodafone Omnitel N.V.";"mlab3-trn01";0.052640;856457.318795;"0.004012999";"darwin";"194.116.85.237";"bittorrent";1340005990;63251.049853;-1.000000;"eb287f52-d429-4a32-aa75-ba1fd1cf87d2";30722;"";"";9;6;2012;0;18;"20120618"
"85.18.28.68";"IT";12.833300;42.833300;"AS12874 Fastweb SpA";"mlab3-trn01";0.444770;16524.332584;"0.004009999";"win32";"194.116.85.237";"speedtest";1340006280;80777.025607;0.467985;"209e0493-6ac3-47f4-8a7e-513e3ce88ea8";12874;"";"";9;6;2012;0;18;"20120618"
"93.63.140.2";"IT";12.435800;44.070800;"AS12874 Fastweb SpA";"mlab3-trn01";0.044358;342909.090181;"0.004012999";"win32";"194.116.85.237";"bittorrent";1340006117;225063.144439;-1.000000;"8050c4c2-de4c-4f89-ab47-528f246a0f23";12874;"05";"Santarcangelo";9;6;2012;0;18;"20120618"
"93.62.73.167";"IT";7.666700;45.050000;"AS12874 Fastweb SpA";"mlab3-trn01";0.031655;2199698.817287;"0.004012999";"win32";"194.116.85.237";"bittorrent";1340006192;73078.292885;-1.000000;"ba264b82-0dde-485e-bdfd-b866b37d1bf8";12874;"12";"Torino";9;6;2012;0;18;"20120618"
"79.20.70.163";"IT";8.066600;45.572300;"AS3269 Telecom Italia S.p.a.";"mlab3-trn01";0.041771;817914.000391;"0.004012999";"darwin";"194.116.85.237";"bittorrent";1340006294;41214.469939;-1.000000;"e838c543-3d44-45bd-9a51-ed5e3c0d7d06";3269;"12";"Biella";9;6;2012;0;18;"20120618"
"87.0.171.69";"IT";8.350000;44.766700;"AS3269 Telecom Italia S.p.a.";"mlab3-trn01";0.041734;149343.684994;"0.004012999";"darwin";"194.116.85.237";"bittorrent";1340006486;46814.449221;-1.000000;"6b759052-c812-4f14-90ce-16e61560a573";3269;"12";"Nizza Monferrato";10;6;2012;0;18;"20120618"
"95.237.222.196";"IT";7.666700;45.050000;"AS3269 Telecom Italia S.p.a.";"mlab3-trn01";0.042359;369193.794266;"0.004012999";"win32";"194.116.85.237";"speedtest";1340006520;49070.082800;0.047345;"47bce1bd-51cc-4815-b6db-71ab66220dd6";3269;"12";"Torino";10;6;2012;0;18;"20120618"
"130.192.91.213";"IT";7.666700;45.050000;"AS137 GARR Italian academic and research network";"mlab3-trn01";0.001610;11508576.575227;"0.004012999";"linux2";"194.116.85.237";"bittorrent";1340006697;11636778.949329;-1.000000;"cd78793c-1e3b-4944-b4b2-9768fc1cdb97";137;"12";"Torino";10;6;2012;0;18;"20120618"
"87.8.241.106";"IT";12.235000;45.565000;"AS3269 Telecom Italia S.p.a.";"mlab3-trn01";0.039017;868945.132954;"0.004012999";"darwin";"194.116.85.237";"bittorrent";1340006945;49580.928607;-1.000000;"d2acd4a2-202f-465b-8502-2d0b1d7a5fd0";3269;"20";"Mogliano Veneto";10;6;2012;0;18;"20120618"
"31.185.19.156";"IT";12.566700;43.050000;"AS47187 Forinicom S.r.l.";"mlab3-trn01";0.036066;47449.259544;"0.004012999";"win32";"194.116.85.237";"bittorrent";1340007109;48305.571027;-1.000000;"2a30a2a8-273c-4b16-9671-803dc3d96492";47187;"18";"Santa Maria Degli Angeli";10;6;2012;0;18;"20120618"
"80.117.83.96";"IT";12.833300;42.833300;"AS3269 Telecom Italia S.p.a.";"mlab3-trn01";0.024249;778412.332987;"0.004012999";"win32";"194.116.85.237";"speedtest";1340007163;40454.104103;0.031054;"25353fbe-ce56-4192-a803-65a63443c70a";3269;"";"";10;6;2012;0;18;"20120618"
"188.216.124.199";"IT";7.666700;45.050000;"AS30722 Vodafone Omnitel N.V.";"mlab3-trn01";0.167172;844372.423685;"0.004012999";"darwin";"194.116.85.237";"bittorrent";1340007371;65168.252962;-1.000000;"821aa4b7-0495-4899-9210-11d94170a73b";30722;"12";"Torino";10;6;2012;0;18;"20120618"
"85.18.28.68";"IT";12.833300;42.833300;"AS12874 Fastweb SpA";"mlab3-trn01";0.026945;135602.237488;"0.004009999";"win32";"194.116.85.237";"bittorrent";1340007454;154335.887741;-1.000000;"209e0493-6ac3-47f4-8a7e-513e3ce88ea8";12874;"";"";10;6;2012;0;18;"20120618"
"93.62.73.167";"IT";7.666700;45.050000;"AS12874 Fastweb SpA";"mlab3-trn01";0.038767;2072191.358460;"0.004012999";"win32";"194.116.85.237";"speedtest";1340007644;73767.698022;0.038620;"ba264b82-0dde-485e-bdfd-b866b37d1bf8";12874;"12";"Torino";10;6;2012;0;18;"20120618"
"85.18.46.24";"IT";9.200000;45.466700;"AS12874 Fastweb SpA";"mlab3-trn01";0.004937;5080429.287410;"0.004012999";"linux2";"194.116.85.237";"speedtest";1340007831;10211088.142400;0.006899;"6c471e39-d901-41fa-9266-23795dce3dc5";12874;"09";"Milan";10;6;2012;0;18;"20120618"
"109.234.63.11";"IT";12.833300;42.833300;"AS43989 Ehinet Srl";"mlab3-trn01";0.030305;295817.170523;"0.004009999";"win32";"194.116.85.237";"speedtest";1340007941;30530.510217;0.029488;"5d6312ec-b414-42e6-8e89-702c7b4fd5e8";43989;"";"";10;6;2012;0;18;"20120618"
"85.18.117.112";"IT";7.883300;45.183300;"AS12874 Fastweb SpA";"mlab3-trn01";0.008621;1587681.392553;"0.004012999";"darwin";"194.116.85.237";"bittorrent";1340008654;291645.024112;-1.000000;"e28f6cdb-f2d1-41fe-bb40-53e7a0b0e31d";12874;"12";"Chivasso";10;6;2012;0;18;"20120618"
"87.4.83.224";"IT";16.483300;41.116700;"AS3269 Telecom Italia S.p.a.";"mlab3-trn01";0.050480;821714.719333;"0.004012999";"darwin";"194.116.85.237";"bittorrent";1340008859;46446.043351;-1.000000;"8c3b14ba-e923-48bd-8f2e-da456a7f071f";3269;"13";"Ruvo Di Puglia";10;6;2012;0;18;"20120618"
"93.38.84.118";"IT";7.666700;45.050000;"AS12874 Fastweb SpA";"mlab3-trn01";0.014236;655830.512291;"0.004012999";"darwin";"194.116.85.237";"bittorrent";1340009254;109229.066462;-1.000000;"9862a835-84ea-47e3-9817-0036cae1dff1";12874;"12";"Torino";10;6;2012;0;18;"20120618"
"188.218.203.155";"IT";18.166700;40.300000;"AS30722 Vodafone Omnitel N.V.";"mlab3-trn01";0.060236;23883.015307;"0.004009999";"win32";"194.116.85.237";"bittorrent";1340009261;58880.268144;-1.000000;"1a885600-ab28-499c-8adf-fb4b2b758c63";30722;"13";"San Cesario";10;6;2012;0;18;"20120618"
"94.36.33.130";"IT";8.950000;44.416700;"AS8612 Tiscali Italia S.P.A.";"mlab3-trn01";0.026732;862789.693819;"0.004012999";"darwin";"194.116.85.237";"bittorrent";1340009353;51674.236780;-1.000000;"894fe1ee-9250-416a-98be-74dd024aea06";8612;"08";"Genova";10;6;2012;0;18;"20120618"
"2.230.35.188";"IT";9.316700;45.350000;"AS12874 Fastweb SpA";"mlab3-trn01";0.010677;655640.291847;"0.004012999";"darwin";"194.116.85.237";"bittorrent";1340009456;108934.804397;-1.000000;"681448f5-2440-4cd6-afef-f44ecf59facf";12874;"09";"Melegnano";10;6;2012;0;18;"20120618"
"79.39.193.153";"IT";12.833300;42.833300;"AS3269 Telecom Italia S.p.a.";"mlab3-trn01";0.107877;561551.207285;"0.004012999";"win32";"194.116.85.237";"bittorrent";1340009479;45192.129485;-1.000000;"ec58670d-cc26-4c10-aeb5-a22a61fd34c0";3269;"";"";10;6;2012;0;18;"20120618"
"2.225.128.51";"IT";7.666700;45.050000;"AS12874 Fastweb SpA";"mlab3-trn01";0.029684;436209.842863;"0.004012999";"darwin";"194.116.85.237";"bittorrent";1340009486;61670.187538;-1.000000;"28ba3b2e-cd9a-4c00-8b29-33e0cfe5c596";12874;"12";"Torino";10;6;2012;0;18;"20120618"
"87.13.39.29";"IT";12.833300;42.833300;"AS3269 Telecom Italia S.p.a.";"mlab3-trn01";0.051567;225959.761621;"0.004009999";"win32";"194.116.85.237";"speedtest";1340009505;31111.402276;0.058639;"51c03cdf-92f5-46e9-bdef-c1c88bec98ce";3269;"";"";10;6;2012;0;18;"20120618"
"79.20.70.163";"IT";8.066600;45.572300;"AS3269 Telecom Italia S.p.a.";"mlab3-trn01";0.041259;811689.011131;"0.004012999";"darwin";"194.116.85.237";"bittorrent";1340009563;41244.481813;-1.000000;"e838c543-3d44-45bd-9a51-ed5e3c0d7d06";3269;"12";"Biella";10;6;2012;0;18;"20120618"
"79.41.80.159";"IT";12.833300;42.833300;"AS3269 Telecom Italia S.p.a.";"mlab3-trn01";0.035776;412226.732192;"0.004012999";"win32";"194.116.85.237";"speedtest";1340009785;40168.553478;0.051668;"82d91f18-b22f-4114-9d5f-c95a1ed7ad87";3269;"";"";10;6;2012;0;18;"20120618"
"188.153.45.136";"IT";8.850000;45.316700;"AS30722 Vodafone Omnitel N.V.";"mlab3-trn01";0.043519;863545.304705;"0.004012999";"linux2";"194.116.85.237";"speedtest";1340009944;47898.093138;0.048767;"0094fb04-cab2-42b8-abfa-f714dcef0097";30722;"09";"Vigevano";10;6;2012;0;18;"20120618"
"188.11.197.8";"IT";12.483300;41.900000;"AS3269 Telecom Italia S.p.a.";"mlab3-trn01";0.151715;958540.424454;"0.004012999";"darwin";"194.116.85.237";"speedtest";1340009957;41539.023573;0.112053;"c671e4d7-9027-4ae8-9058-ad41f0746af0";3269;"07";"Rome";10;6;2012;0;18;"20120618"
"80.117.83.96";"IT";12.833300;42.833300;"AS3269 Telecom Italia S.p.a.";"mlab3-trn01";0.029412;769320.255885;"0.004012999";"win32";"194.116.85.237";"speedtest";1340009987;38570.872890;0.032545;"25353fbe-ce56-4192-a803-65a63443c70a";3269;"";"";10;6;2012;0;18;"20120618"
"188.217.129.219";"IT";14.333300;40.916700;"AS30722 Vodafone Omnitel N.V.";"mlab3-trn01";0.069095;10660.615546;"0.004012999";"win32";"194.116.85.237";"bittorrent";1340010085;20319.725669;-1.000000;"bb6c2e6b-7f94-482d-ab7a-ba9256571bd8";30722;"04";"Casalnuovo Di Napoli";11;6;2012;0;18;"20120618"
"87.8.229.178";"IT";7.666700;45.050000;"AS3269 Telecom Italia S.p.a.";"mlab3-trn01";0.044978;556515.636812;"0.004012999";"win32";"194.116.85.237";"speedtest";1340010334;49188.478288;0.031067;"d6bbc582-d8eb-4ead-ba2c-3fffeda97549";3269;"12";"Torino";11;6;2012;0;18;"20120618"
"95.226.164.10";"IT";11.416700;45.683300;"AS3269 Telecom Italia S.p.a.";"mlab3-trn01";0.062694;843185.827005;"0.004005999";"win32";"194.116.85.237";"bittorrent";1340010600;48608.494185;-1.000000;"54ca976f-8551-47fc-bce1-b06f00a12720";3269;"20";"Marano Vicentino";11;6;2012;0;18;"20120618"
"78.14.224.92";"IT";9.116700;45.766700;"AS8612 Tiscali Italia S.P.A.";"mlab3-trn01";0.033364;441272.804558;"0.004012999";"darwin";"194.116.85.237";"speedtest";1340010679;41686.110791;0.039928;"39792736-bd8b-4a56-942d-1cc983336add";8612;"09";"Lurago D'erba";11;6;2012;0;18;"20120618"
"188.218.203.155";"IT";18.166700;40.300000;"AS30722 Vodafone Omnitel N.V.";"mlab3-trn01";0.061003;696158.152382;"0.004009999";"win32";"194.116.85.237";"speedtest";1340011177;61894.814133;0.065975;"1a885600-ab28-499c-8adf-fb4b2b758c63";30722;"13";"San Cesario";11;6;2012;0;18;"20120618"
"93.63.140.2";"IT";12.435800;44.070800;"AS12874 Fastweb SpA";"mlab3-trn01";0.042027;349256.944680;"0.004012999";"win32";"194.116.85.237";"speedtest";1340010892;220803.100033;0.043295;"8050c4c2-de4c-4f89-ab47-528f246a0f23";12874;"05";"Santarcangelo";11;6;2012;0;18;"20120618"
"151.49.229.123";"IT";13.780000;45.648600;"AS1267 WIND Telecomunicazioni S.p.A.";"mlab3-trn01";0.024590;808219.422588;"0.004011999";"linux2";"194.116.85.237";"bittorrent";1340010899;52815.021149;-1.000000;"db4c1f00-a6b9-40ad-b36d-a2fad669a491";1267;"06";"Trieste";11;6;2012;0;18;"20120618"
"2.230.35.188";"IT";9.316700;45.350000;"AS12874 Fastweb SpA";"mlab3-trn01";0.010812;652784.639485;"0.004012999";"darwin";"194.116.85.237";"speedtest";1340010903;108761.588920;0.014033;"681448f5-2440-4cd6-afef-f44ecf59facf";12874;"09";"Melegnano";11;6;2012;0;18;"20120618"
"37.116.41.81";"IT";8.866700;44.900000;"AS30722 Vodafone Omnitel N.V.";"mlab3-trn01";0.038359;391442.382809;"0.004012999";"win32";"194.116.85.237";"speedtest";1340010962;62416.237414;0.049428;"19176454-a721-4c97-8342-b9cf8e375390";30722;"12";"Tortona";11;6;2012;0;18;"20120618"
"93.62.242.110";"IT";12.029400;45.421400;"AS12874 Fastweb SpA";"mlab3-trn01";0.060003;398955.290282;"0.004012999";"darwin";"194.116.85.237";"speedtest";1340011010;402525.333248;0.022273;"9905faad-2379-4ce5-bea7-d26dfd5ef167";12874;"20";"Fiesso D'artico";11;6;2012;0;18;"20120618"
"130.192.91.213";"IT";7.666700;45.050000;"AS137 GARR Italian academic and research network";"mlab3-trn01";0.002774;11337203.604000;"0.004012999";"linux2";"194.116.85.237";"speedtest";1340011170;1136822.813180;0.005950;"cd78793c-1e3b-4944-b4b2-9768fc1cdb97";137;"12";"Torino";11;6;2012;0;18;"20120618"
"79.20.70.163";"IT";8.066600;45.572300;"AS3269 Telecom Italia S.p.a.";"mlab3-trn01";0.042210;806764.589108;"0.004012999";"darwin";"194.116.85.237";"speedtest";1340011194;41358.058784;0.047852;"e838c543-3d44-45bd-9a51-ed5e3c0d7d06";3269;"12";"Biella";11;6;2012;0;18;"20120618"
"83.211.172.129";"IT";13.566700;42.583300;"AS15589 Clouditalia Communications S.p.A.";"mlab3-trn01";0.036176;264227.241689;"0.004012999";"win32";"194.116.85.237";"bittorrent";1340011251;31259.654088;-1.000000;"b6e23738-aa63-4482-8754-26d879467631";15589;"01";"Altavilla";11;6;2012;0;18;"20120618"
"82.56.82.149";"IT";9.416700;45.700000;"AS3269 Telecom Italia S.p.a.";"mlab3-trn01";0.067161;560769.566360;"0.004012999";"win32";"194.116.85.237";"speedtest";1340011359;33637.733993;0.089319;"991257a9-87dd-455d-863e-b266080097e3";3269;"09";"Merate";11;6;2012;0;18;"20120618"
"80.117.83.96";"IT";12.833300;42.833300;"AS3269 Telecom Italia S.p.a.";"mlab3-trn01";0.026881;841041.755850;"0.004012999";"win32";"194.116.85.237";"bittorrent";1340011393;39135.736365;-1.000000;"25353fbe-ce56-4192-a803-65a63443c70a";3269;"";"";11;6;2012;0;18;"20120618"
"85.18.28.68";"IT";12.833300;42.833300;"AS12874 Fastweb SpA";"mlab3-trn01";0.016626;134926.864090;"0.004009999";"win32";"194.116.85.237";"speedtest";1340012078;120542.787215;0.019732;"209e0493-6ac3-47f4-8a7e-513e3ce88ea8";12874;"";"";11;6;2012;0;18;"20120618"
"85.18.117.112";"IT";7.883300;45.183300;"AS12874 Fastweb SpA";"mlab3-trn01";0.012986;848390.131820;"0.004012999";"darwin";"194.116.85.237";"bittorrent";1340011800;581785.501894;-1.000000;"e28f6cdb-f2d1-41fe-bb40-53e7a0b0e31d";12874;"12";"Chivasso";11;6;2012;0;18;"20120618"
"87.2.107.159";"IT";11.083300;46.216700;"AS3269 Telecom Italia S.p.a.";"mlab3-trn01";0.032729;1246413.564052;"0.004012999";"darwin";"194.116.85.237";"bittorrent";1340011844;101111.074156;-1.000000;"8cfc4b59-c9c4-47a5-90ef-869237dc6ca3";3269;"17";"Mezzolombardo";11;6;2012;0;18;"20120618"
"188.216.183.24";"IT";12.833300;42.833300;"AS30722 Vodafone Omnitel N.V.";"mlab3-trn01";0.053953;857330.025435;"0.004012999";"darwin";"194.116.85.237";"bittorrent";1340011924;64790.298205;-1.000000;"eb287f52-d429-4a32-aa75-ba1fd1cf87d2";30722;"";"";11;6;2012;0;18;"20120618"
"95.226.164.10";"IT";11.416700;45.683300;"AS3269 Telecom Italia S.p.a.";"mlab3-trn01";0.053635;747691.813197;"0.004005999";"win32";"194.116.85.237";"speedtest";1340012043;38291.863282;0.050669;"54ca976f-8551-47fc-bce1-b06f00a12720";3269;"20";"Marano Vicentino";11;6;2012;0;18;"20120618"
"93.38.84.118";"IT";7.666700;45.050000;"AS12874 Fastweb SpA";"mlab3-trn01";0.013768;644418.553294;"0.004012999";"darwin";"194.116.85.237";"bittorrent";1340012046;95786.865227;-1.000000;"9862a835-84ea-47e3-9817-0036cae1dff1";12874;"12";"Torino";11;6;2012;0;18;"20120618"
"37.182.163.4";"IT";12.833300;42.833300;"AS30722 Vodafone Omnitel N.V.";"mlab3-trn01";1.793952;15451.014032;"0.004012999";"win32";"194.116.85.237";"speedtest";1340012090;226717.680792;1.134981;"6e54bc7f-fbfd-4c61-b304-c99deb512a0f";30722;"";"";11;6;2012;0;18;"20120618"
"80.180.128.61";"IT";9.666700;45.016700;"AS3269 Telecom Italia S.p.a.";"mlab3-trn01";0.038340;1636032.609310;"0.004012999";"win32";"194.116.85.237";"speedtest";1340012205;96170.977573;0.032021;"a6b33ac3-0345-4892-98b5-ad125988a24b";3269;"05";"Piacenza";11;6;2012;0;18;"20120618"
"2.225.231.97";"IT";7.666700;45.050000;"AS12874 Fastweb SpA";"mlab3-trn01";0.010008;1151398.062080;"0.004012999";"win32";"194.116.85.237";"speedtest";1340012255;1165982.517550;0.011542;"252a836b-55fe-43a0-93e7-d33c5d47fae3";12874;"12";"Torino";11;6;2012;0;18;"20120618"
"95.252.38.138";"IT";9.200000;45.466700;"AS3269 Telecom Italia S.p.a.";"mlab3-trn01";0.026244;1018340.515600;"0.004012999";"win32";"194.116.85.237";"speedtest";1340012341;72698.260223;0.031877;"fabd9ec4-04a0-49f7-9afc-39e5f8c565ba";3269;"09";"Milan";11;6;2012;0;18;"20120618"
"151.49.229.123";"IT";13.780000;45.648600;"AS1267 WIND Telecomunicazioni S.p.A.";"mlab3-trn01";0.024180;749623.954737;"0.004011999";"linux2";"194.116.85.237";"speedtest";1340012384;52970.047544;0.029580;"db4c1f00-a6b9-40ad-b36d-a2fad669a491";1267;"06";"Trieste";11;6;2012;0;18;"20120618"
"37.116.41.81";"IT";8.866700;44.900000;"AS30722 Vodafone Omnitel N.V.";"mlab3-trn01";0.038231;412462.929770;"0.004012999";"win32";"194.116.85.237";"bittorrent";1340012444;62572.675291;-1.000000;"19176454-a721-4c97-8342-b9cf8e375390";30722;"12";"Tortona";11;6;2012;0;18;"20120618"
"83.211.172.129";"IT";13.566700;42.583300;"AS15589 Clouditalia Communications S.p.A.";"mlab3-trn01";0.027508;484925.978361;"0.004012999";"win32";"194.116.85.237";"speedtest";1340012843;31560.839899;0.030882;"b6e23738-aa63-4482-8754-26d879467631";15589;"01";"Altavilla";11;6;2012;0;18;"20120618"
"188.11.197.8";"IT";12.483300;41.900000;"AS3269 Telecom Italia S.p.a.";"mlab3-trn01";0.082816;984749.983185;"0.004012999";"darwin";"194.116.85.237";"speedtest";1340013057;46189.695079;0.094546;"c671e4d7-9027-4ae8-9058-ad41f0746af0";3269;"07";"Rome";11;6;2012;0;18;"20120618"
"87.4.83.224";"IT";16.483300;41.116700;"AS3269 Telecom Italia S.p.a.";"mlab3-trn01";0.050960;823399.465473;"0.004012999";"darwin";"194.116.85.237";"speedtest";1340013125;46762.856848;0.057408;"8c3b14ba-e923-48bd-8f2e-da456a7f071f";3269;"13";"Ruvo Di Puglia";11;6;2012;0;18;"20120618"
"151.73.33.18";"IT";14.566700;40.733300;"AS1267 WIND Telecomunicazioni S.p.A.";"mlab3-trn01";0.029162;762842.342028;"0.004009999";"win32";"194.116.85.237";"bittorrent";1340013307;53020.061924;-1.000000;"23d04e8c-1632-480a-8b47-f5057b877ee1";1267;"04";"Angri";11;6;2012;0;18;"20120618"
"85.18.117.112";"IT";7.883300;45.183300;"AS12874 Fastweb SpA";"mlab3-trn01";0.024904;146200.294468;"0.004012999";"darwin";"194.116.85.237";"speedtest";1340013377;154009.702003;0.048334;"e28f6cdb-f2d1-41fe-bb40-53e7a0b0e31d";12874;"12";"Chivasso";11;6;2012;0;18;"20120618"
"87.2.107.159";"IT";11.083300;46.216700;"AS3269 Telecom Italia S.p.a.";"mlab3-trn01";0.032436;1259575.716860;"0.004012999";"darwin";"194.116.85.237";"speedtest";1340013378;99818.139730;0.036076;"8cfc4b59-c9c4-47a5-90ef-869237dc6ca3";3269;"17";"Mezzolombardo";11;6;2012;0;18;"20120618"
"87.8.229.178";"IT";7.666700;45.050000;"AS3269 Telecom Italia S.p.a.";"mlab3-trn01";0.045584;560114.796980;"0.004012999";"win32";"194.116.85.237";"speedtest";1340013396;49967.370806;0.031078;"d6bbc582-d8eb-4ead-ba2c-3fffeda97549";3269;"12";"Torino";11;6;2012;0;18;"20120618"
"81.174.47.101";"IT";12.833300;42.833300;"AS35612 NGI Spa";"mlab3-trn01";0.015147;1079837.213489;"0.004012999";"darwin";"194.116.85.237";"bittorrent";1340013408;112908.665316;-1.000000;"59a9e8e1-3618-48e2-adea-6559f48400b8";35612;"";"";11;6;2012;0;18;"20120618"
"78.14.224.92";"IT";9.116700;45.766700;"AS8612 Tiscali Italia S.P.A.";"mlab3-trn01";0.990125;261353.406912;"0.004012999";"darwin";"194.116.85.237";"speedtest";1340013742;36115.933486;0.041446;"39792736-bd8b-4a56-942d-1cc983336add";8612;"09";"Lurago D'erba";12;6;2012;0;18;"20120618"
"93.62.242.110";"IT";12.029400;45.421400;"AS12874 Fastweb SpA";"mlab3-trn01";0.014271;362231.580777;"0.004012999";"darwin";"194.116.85.237";"speedtest";1340013896;420198.920600;0.019828;"9905faad-2379-4ce5-bea7-d26dfd5ef167";12874;"20";"Fiesso D'artico";12;6;2012;0;18;"20120618"
"79.0.19.229";"IT";12.483300;41.900000;"AS3269 Telecom Italia S.p.a.";"mlab3-trn01";0.034123;1428025.048205;"0.004012999";"darwin";"194.116.85.237";"bittorrent";1340013942;104839.010780;-1.000000;"69fb5e33-52f0-4549-a67d-9deb0c9b5493";3269;"07";"Rome";12;6;2012;0;18;"20120618"
"151.33.126.106";"IT";7.716700;45.183300;"AS1267 WIND Telecomunicazioni S.p.A.";"mlab3-trn01";0.017047;1496889.667923;"0.004012999";"win32";"194.116.85.237";"bittorrent";1340013975;90750.708759;-1.000000;"750b74dc-a4a8-4f1d-be31-231d72d952a2";1267;"12";"Leinì";12;6;2012;0;18;"20120618"
"79.30.49.39";"IT";8.950000;44.416700;"AS3269 Telecom Italia S.p.a.";"mlab3-trn01";0.082564;71595.239004;"0.004012999";"win32";"194.116.85.237";"speedtest";1340014030;22430.389349;0.106359;"14b0478f-78ea-46ec-8409-548af450a827";3269;"08";"Genova";12;6;2012;0;18;"20120618"
"217.133.46.117";"IT";11.316700;43.583300;"AS8612 Tiscali Italia S.P.A.";"mlab3-trn01";0.041380;1493680.642770;"0.004012999";"win32";"194.116.85.237";"speedtest";1340014090;63276.316354;0.033238;"2765e625-af97-4607-9fbe-b7195291ba59";8612;"16";"Greve";12;6;2012;0;18;"20120618"
"93.63.140.2";"IT";12.435800;44.070800;"AS12874 Fastweb SpA";"mlab3-trn01";0.038995;329411.725243;"0.004012999";"win32";"194.116.85.237";"speedtest";1340014085;173913.941393;0.046830;"8050c4c2-de4c-4f89-ab47-528f246a0f23";12874;"05";"Santarcangelo";12;6;2012;0;18;"20120618"
"94.33.1.179";"IT";9.216700;45.550000;"AS8612 Tiscali Italia S.P.A.";"mlab3-trn01";0.066731;860149.236806;"0.004012999";"linux2";"194.116.85.237";"bittorrent";1340014135;96099.541427;-1.000000;"c8e22a26-c7da-46ee-8473-787638c3fd84";8612;"09";"Cinisello Balsamo";12;6;2012;0;18;"20120618"
"80.117.83.96";"IT";12.833300;42.833300;"AS3269 Telecom Italia S.p.a.";"mlab3-trn01";0.023191;839563.944848;"0.004012999";"win32";"194.116.85.237";"bittorrent";1340014209;40336.002543;-1.000000;"25353fbe-ce56-4192-a803-65a63443c70a";3269;"";"";12;6;2012;0;18;"20120618"
"87.13.39.29";"IT";12.833300;42.833300;"AS3269 Telecom Italia S.p.a.";"mlab3-trn01";0.050133;117214.964161;"0.004009999";"win32";"194.116.85.237";"bittorrent";1340014466;36764.578822;-1.000000;"51c03cdf-92f5-46e9-bdef-c1c88bec98ce";3269;"";"";12;6;2012;0;18;"20120618"
"79.20.70.163";"IT";8.066600;45.572300;"AS3269 Telecom Italia S.p.a.";"mlab3-trn01";0.042324;806476.074034;"0.004012999";"darwin";"194.116.85.237";"speedtest";1340014465;41486.585444;0.047657;"e838c543-3d44-45bd-9a51-ed5e3c0d7d06";3269;"12";"Biella";12;6;2012;0;18;"20120618"
"77.242.135.27";"IT";12.833300;42.833300;"AS44092 Hal Service S.r.l";"mlab3-trn01";0.034057;261831.204993;"0.004012999";"win32";"194.116.85.237";"bittorrent";1340014717;120991.213095;-1.000000;"b836ef0f-1c67-4474-ba0a-2294612f2981";44092;"";"";12;6;2012;0;18;"20120618"
"88.87.119.170";"IT";7.666700;45.050000;"AS34606 BBBell s.r.l. - Telecommunication Services";"mlab3-trn01";0.019357;518041.211665;"0.004012999";"win32";"194.116.85.237";"speedtest";1340014763;698797.686088;0.017999;"241c3a7e-ba9b-4a0d-9bea-1c379895fdaa";34606;"12";"Torino";12;6;2012;0;18;"20120618"
"193.206.69.215";"IT";9.166700;45.166700;"AS137 GARR Italian academic and research network";"mlab3-trn01";0.020694;1945686.554960;"0.004012999";"win32";"194.116.85.237";"speedtest";1340014889;1624116.259770;0.013424;"9861474e-5920-4dc4-b269-535f5029f86a";137;"09";"Pavia";12;6;2012;0;18;"20120618"
"94.36.33.130";"IT";8.950000;44.416700;"AS8612 Tiscali Italia S.P.A.";"mlab3-trn01";0.025341;862965.192644;"0.004012999";"darwin";"194.116.85.237";"bittorrent";1340015139;52155.807492;-1.000000;"894fe1ee-9250-416a-98be-74dd024aea06";8612;"08";"Genova";12;6;2012;0;18;"20120618"
"62.98.65.177";"IT";14.250000;40.833300;"AS1267 WIND Telecomunicazioni S.p.A.";"mlab3-trn01";0.035028;667923.242499;"0.004012999";"win32";"194.116.85.237";"speedtest";1340015267;40345.765390;0.048130;"2d006d8d-7c04-46bb-b056-798468ee365e";1267;"04";"Napoli";12;6;2012;0;18;"20120618"
"78.14.224.92";"IT";9.116700;45.766700;"AS8612 Tiscali Italia S.P.A.";"mlab3-trn01";0.035638;384947.344589;"0.004012999";"darwin";"194.116.85.237";"bittorrent";1340015277;46451.173154;-1.000000;"39792736-bd8b-4a56-942d-1cc983336add";8612;"09";"Lurago D'erba";12;6;2012;0;18;"20120618"
"93.62.242.110";"IT";12.029400;45.421400;"AS12874 Fastweb SpA";"mlab3-trn01";0.015039;409065.505972;"0.004012999";"darwin";"194.116.85.237";"bittorrent";1340015335;417619.388997;-1.000000;"9905faad-2379-4ce5-bea7-d26dfd5ef167";12874;"20";"Fiesso D'artico";12;6;2012;0;18;"20120618"
"37.116.41.81";"IT";8.866700;44.900000;"AS30722 Vodafone Omnitel N.V.";"mlab3-trn01";0.037031;339388.540308;"0.004012999";"win32";"194.116.85.237";"bittorrent";1340015404;62097.740814;-1.000000;"19176454-a721-4c97-8342-b9cf8e375390";30722;"12";"Tortona";12;6;2012;0;18;"20120618"
"80.117.83.96";"IT";12.833300;42.833300;"AS3269 Telecom Italia S.p.a.";"mlab3-trn01";0.022570;758041.871263;"0.004012999";"win32";"194.116.85.237";"speedtest";1340015613;34814.838584;0.034533;"25353fbe-ce56-4192-a803-65a63443c70a";3269;"";"";12;6;2012;0;18;"20120618"
"31.185.19.156";"IT";12.566700;43.050000;"AS47187 Forinicom S.r.l.";"mlab3-trn01";0.024141;47656.817991;"0.004012999";"win32";"194.116.85.237";"bittorrent";1340015644;48515.201660;-1.000000;"2a30a2a8-273c-4b16-9671-803dc3d96492";47187;"18";"Santa Maria Degli Angeli";12;6;2012;0;18;"20120618"
"130.192.91.213";"IT";7.666700;45.050000;"AS137 GARR Italian academic and research network";"mlab3-trn01";0.001704;11765869.155031;"0.004012999";"linux2";"194.116.85.237";"bittorrent";1340015686;11745666.208497;-1.000000;"cd78793c-1e3b-4944-b4b2-9768fc1cdb97";137;"12";"Torino";12;6;2012;0;18;"20120618"
"79.41.80.159";"IT";12.833300;42.833300;"AS3269 Telecom Italia S.p.a.";"mlab3-trn01";0.036313;26558.640142;"0.004012999";"win32";"194.116.85.237";"speedtest";1340015826;50587.717387;0.043286;"82d91f18-b22f-4114-9d5f-c95a1ed7ad87";3269;"";"";12;6;2012;0;18;"20120618"
"2.225.128.51";"IT";7.666700;45.050000;"AS12874 Fastweb SpA";"mlab3-trn01";0.028893;436280.970965;"0.004012999";"darwin";"194.116.85.237";"bittorrent";1340015926;61646.301643;-1.000000;"28ba3b2e-cd9a-4c00-8b29-33e0cfe5c596";12874;"12";"Torino";12;6;2012;0;18;"20120618"
"83.211.172.129";"IT";13.566700;42.583300;"AS15589 Clouditalia Communications S.p.A.";"mlab3-trn01";0.027881;475803.155787;"0.004012999";"win32";"194.116.85.237";"speedtest";1340016034;31108.156186;0.039377;"b6e23738-aa63-4482-8754-26d879467631";15589;"01";"Altavilla";12;6;2012;0;18;"20120618"
"195.110.137.171";"IT";12.483300;41.900000;"AS5396 MC-link Spa";"mlab3-trn01";0.036482;570974.028184;"0.004012999";"darwin";"194.116.85.237";"bittorrent";1340016175;28213.305252;-1.000000;"2d27e34d-ed0a-4c70-8dc2-070f5a0499a1";5396;"07";"Rome";12;6;2012;0;18;"20120618"
"94.165.100.204";"IT";12.833300;42.833300;"AS24608 H3G S.p.A.";"mlab3-trn01";0.090920;161369.749993;"0.004012999";"win32";"194.116.85.237";"speedtest";1340016234;145890.033360;0.084987;"43e189b1-5c5f-4b85-a1d1-ac76b3b89286";24608;"";"";12;6;2012;0;18;"20120618"
"77.242.135.27";"IT";12.833300;42.833300;"AS44092 Hal Service S.r.l";"mlab3-trn01";0.068927;271062.570266;"0.004012999";"win32";"194.116.85.237";"speedtest";1340016238;249952.721009;0.071540;"b836ef0f-1c67-4474-ba0a-2294612f2981";44092;"";"";12;6;2012;0;18;"20120618"
"2.36.37.80";"IT";7.666700;45.050000;"AS30722 Vodafone Omnitel N.V.";"mlab3-trn01";0.041683;824217.967521;"0.004012999";"win32";"194.116.85.237";"speedtest";1340016793;23911.965546;0.047324;"dd1eb1c2-416e-467c-b945-ec64ed841caa";30722;"12";"Torino";12;6;2012;0;18;"20120618"
"78.14.224.92";"IT";9.116700;45.766700;"AS8612 Tiscali Italia S.P.A.";"mlab3-trn01";0.033960;217761.200125;"0.004012999";"darwin";"194.116.85.237";"speedtest";1340016807;21231.912163;0.039623;"39792736-bd8b-4a56-942d-1cc983336add";8612;"09";"Lurago D'erba";12;6;2012;0;18;"20120618"
"95.252.38.138";"IT";9.200000;45.466700;"AS3269 Telecom Italia S.p.a.";"mlab3-trn01";0.025974;932281.965819;"0.004012999";"win32";"194.116.85.237";"bittorrent";1340016921;74751.276310;-1.000000;"fabd9ec4-04a0-49f7-9afc-39e5f8c565ba";3269;"09";"Milan";12;6;2012;0;18;"20120618"
"95.237.222.196";"IT";7.666700;45.050000;"AS3269 Telecom Italia S.p.a.";"mlab3-trn01";0.041521;398666.250065;"0.004012999";"win32";"194.116.85.237";"bittorrent";1340016991;48571.219058;-1.000000;"47bce1bd-51cc-4815-b6db-71ab66220dd6";3269;"12";"Torino";12;6;2012;0;18;"20120618"
"151.65.28.229";"IT";9.016700;44.983300;"AS1267 WIND Telecomunicazioni S.p.A.";"mlab3-trn01";0.024664;29061.746342;"0.004012999";"win32";"194.116.85.237";"bittorrent";1340017022;95371.169324;-1.000000;"a5016d11-f6c1-4d6d-a30f-48088faa5e70";1267;"09";"Voghera";12;6;2012;0;18;"20120618"
"93.33.101.175";"IT";9.200000;45.466700;"AS12874 Fastweb SpA";"mlab3-trn01";0.006890;1163114.791444;"0.004012999";"darwin";"194.116.85.237";"bittorrent";1340017044;624397.694800;-1.000000;"29750ad8-f56c-4e95-a4f3-b9badf7da7af";12874;"09";"Milan";12;6;2012;0;18;"20120618"
"94.33.1.179";"IT";9.216700;45.550000;"AS8612 Tiscali Italia S.P.A.";"mlab3-trn01";0.027645;524370.969410;"0.004012999";"linux2";"194.116.85.237";"bittorrent";1340017131;107628.618026;-1.000000;"c8e22a26-c7da-46ee-8473-787638c3fd84";8612;"09";"Cinisello Balsamo";12;6;2012;0;18;"20120618"
"95.229.187.136";"IT";12.833300;42.833300;"AS3269 Telecom Italia S.p.a.";"mlab3-trn01";0.050991;747315.377962;"0.004012999";"win32";"194.116.85.237";"speedtest";1340017176;79251.727347;0.047258;"a4010725-b228-4400-bd21-b9e05989bafb";3269;"";"";12;6;2012;0;18;"20120618"
"188.216.124.199";"IT";7.666700;45.050000;"AS30722 Vodafone Omnitel N.V.";"mlab3-trn01";0.043165;797501.951412;"0.004012999";"darwin";"194.116.85.237";"speedtest";1340017237;65754.974547;0.051285;"821aa4b7-0495-4899-9210-11d94170a73b";30722;"12";"Torino";13;6;2012;0;18;"20120618"
"188.11.197.8";"IT";12.483300;41.900000;"AS3269 Telecom Italia S.p.a.";"mlab3-trn01";0.047139;506239.123856;"0.004012999";"darwin";"194.116.85.237";"bittorrent";1340017722;39105.313667;-1.000000;"c671e4d7-9027-4ae8-9058-ad41f0746af0";3269;"07";"Rome";13;6;2012;0;18;"20120618"
"188.218.203.155";"IT";18.166700;40.300000;"AS30722 Vodafone Omnitel N.V.";"mlab3-trn01";0.075242;25070.936322;"0.004009999";"win32";"194.116.85.237";"bittorrent";1340017919;60536.242637;-1.000000;"1a885600-ab28-499c-8adf-fb4b2b758c63";30722;"13";"San Cesario";13;6;2012;0;18;"20120618"
"2.225.231.97";"IT";7.666700;45.050000;"AS12874 Fastweb SpA";"mlab3-trn01";0.027700;751533.983400;"0.004012999";"win32";"194.116.85.237";"speedtest";1340017929;965419.494319;0.013436;"252a836b-55fe-43a0-93e7-d33c5d47fae3";12874;"12";"Torino";13;6;2012;0;18;"20120618"
"193.206.69.215";"IT";9.166700;45.166700;"AS137 GARR Italian academic and research network";"mlab3-trn01";0.006843;2527937.790080;"0.004012999";"win32";"194.116.85.237";"speedtest";1340017997;1939038.519170;0.011486;"9861474e-5920-4dc4-b269-535f5029f86a";137;"09";"Pavia";13;6;2012;0;18;"20120618"
"93.62.242.110";"IT";12.029400;45.421400;"AS12874 Fastweb SpA";"mlab3-trn01";0.016952;429746.300979;"0.004012999";"darwin";"194.116.85.237";"bittorrent";1340018221;434563.522264;-1.000000;"9905faad-2379-4ce5-bea7-d26dfd5ef167";12874;"20";"Fiesso D'artico";13;6;2012;0;18;"20120618"
"79.41.80.159";"IT";12.833300;42.833300;"AS3269 Telecom Italia S.p.a.";"mlab3-trn01";0.038311;451922.757782;"0.004012999";"win32";"194.116.85.237";"bittorrent";1340018246;45362.973741;-1.000000;"82d91f18-b22f-4114-9d5f-c95a1ed7ad87";3269;"";"";13;6;2012;0;18;"20120618"
"79.20.70.163";"IT";8.066600;45.572300;"AS3269 Telecom Italia S.p.a.";"mlab3-trn01";0.041846;801186.056648;"0.004012999";"darwin";"194.116.85.237";"speedtest";1340018437;41361.561668;0.047764;"432d3481-f83e-450d-b373-e60ae5f17efe";3269;"12";"Biella";13;6;2012;0;18;"20120618"
"134.255.175.21";"IT";13.216700;43.366700;"AS198292 Wave-Max S.r.L.";"mlab3-trn01";0.088686;190454.492579;"0.004012999";"win32";"194.116.85.237";"speedtest";1340018587;45913.621430;0.087251;"708a55f0-3758-4099-a346-23683a39926d";198292;"10";"Cingoli";13;6;2012;0;18;"20120618"
"151.65.28.229";"IT";9.016700;44.983300;"AS1267 WIND Telecomunicazioni S.p.A.";"mlab3-trn01";0.026934;26272.380140;"0.004012999";"win32";"194.116.85.237";"speedtest";1340018617;70453.633558;0.030706;"a5016d11-f6c1-4d6d-a30f-48088faa5e70";1267;"09";"Voghera";13;6;2012;0;18;"20120618"
"95.229.187.136";"IT";12.833300;42.833300;"AS3269 Telecom Italia S.p.a.";"mlab3-trn01";0.042185;849710.197132;"0.004012999";"win32";"194.116.85.237";"bittorrent";1340018765;77479.443122;-1.000000;"a4010725-b228-4400-bd21-b9e05989bafb";3269;"";"";13;6;2012;0;18;"20120618"
"79.9.218.223";"IT";12.483300;41.900000;"AS3269 Telecom Italia S.p.a.";"mlab3-trn01";0.037242;823985.578400;"0.004012999";"darwin";"194.116.85.237";"bittorrent";1340019158;94068.495717;-1.000000;"4372ef01-dfbb-4175-8485-4bcfde678997";3269;"07";"Rome";13;6;2012;0;18;"20120618"
"87.18.255.91";"IT";17.229700;40.476100;"AS3269 Telecom Italia S.p.a.";"mlab3-trn01";0.064782;732965.114350;"0.004009999";"win32";"194.116.85.237";"bittorrent";1340019774;49644.221284;-1.000000;"7989d7c5-459e-4910-93c2-ffd113604f5d";3269;"13";"Taranto";13;6;2012;0;18;"20120618"
"78.14.224.92";"IT";9.116700;45.766700;"AS8612 Tiscali Italia S.P.A.";"mlab3-trn01";0.034757;304640.521015;"0.004012999";"darwin";"194.116.85.237";"speedtest";1340019868;47016.038810;0.039569;"39792736-bd8b-4a56-942d-1cc983336add";8612;"09";"Lurago D'erba";13;6;2012;0;18;"20120618"
"62.98.65.177";"IT";14.250000;40.833300;"AS1267 WIND Telecomunicazioni S.p.A.";"mlab3-trn01";0.032832;247584.589806;"0.004012999";"win32";"194.116.85.237";"bittorrent";1340019887;40638.097394;-1.000000;"2d006d8d-7c04-46bb-b056-798468ee365e";1267;"04";"Napoli";13;6;2012;0;18;"20120618"
"31.185.19.156";"IT";12.566700;43.050000;"AS47187 Forinicom S.r.l.";"mlab3-trn01";0.054036;48284.771600;"0.004012999";"win32";"194.116.85.237";"speedtest";1340019899;32652.073372;0.023295;"2a30a2a8-273c-4b16-9671-803dc3d96492";47187;"18";"Santa Maria Degli Angeli";13;6;2012;0;18;"20120618"
"84.221.231.178";"IT";7.666700;45.050000;"AS8612 Tiscali Italia S.P.A.";"mlab3-trn01";0.020816;2090707.650578;"0.004012999";"darwin";"194.116.85.237";"bittorrent";1340020032;105323.006970;-1.000000;"7e3598a2-40f8-4213-beaa-47abf033b292";8612;"12";"Torino";13;6;2012;0;18;"20120618"
"151.65.28.229";"IT";9.016700;44.983300;"AS1267 WIND Telecomunicazioni S.p.A.";"mlab3-trn01";0.020244;745956.603085;"0.004012999";"win32";"194.116.85.237";"bittorrent";1340020076;98080.802603;-1.000000;"a5016d11-f6c1-4d6d-a30f-48088faa5e70";1267;"09";"Voghera";13;6;2012;0;18;"20120618"
"188.216.183.24";"IT";12.833300;42.833300;"AS30722 Vodafone Omnitel N.V.";"mlab3-trn01";0.052506;43784.128091;"0.004012999";"darwin";"194.116.85.237";"bittorrent";1340020164;63563.220016;-1.000000;"eb287f52-d429-4a32-aa75-ba1fd1cf87d2";30722;"";"";13;6;2012;0;18;"20120618"
"2.230.35.188";"IT";9.316700;45.350000;"AS12874 Fastweb SpA";"mlab3-trn01";0.010948;655621.054894;"0.004012999";"darwin";"194.116.85.237";"bittorrent";1340020227;108246.501720;-1.000000;"681448f5-2440-4cd6-afef-f44ecf59facf";12874;"09";"Melegnano";13;6;2012;0;18;"20120618"
"93.63.140.2";"IT";12.435800;44.070800;"AS12874 Fastweb SpA";"mlab3-trn01";0.042054;319623.221906;"0.004012999";"win32";"194.116.85.237";"speedtest";1340020465;173854.021264;0.045964;"8050c4c2-de4c-4f89-ab47-528f246a0f23";12874;"05";"Santarcangelo";13;6;2012;0;18;"20120618"
"93.62.73.167";"IT";7.666700;45.050000;"AS12874 Fastweb SpA";"mlab3-trn01";0.031428;1651001.185255;"0.004012999";"win32";"194.116.85.237";"bittorrent";1340020748;67207.367578;-1.000000;"ba264b82-0dde-485e-bdfd-b866b37d1bf8";12874;"12";"Torino";13;6;2012;0;18;"20120618"
"93.38.84.118";"IT";7.666700;45.050000;"AS12874 Fastweb SpA";"mlab3-trn01";0.014853;655454.091574;"0.004012999";"darwin";"194.116.85.237";"bittorrent";1340020772;108865.514449;-1.000000;"9862a835-84ea-47e3-9817-0036cae1dff1";12874;"12";"Torino";13;6;2012;0;18;"20120618"
"188.10.100.91";"IT";9.116700;45.683300;"AS3269 Telecom Italia S.p.a.";"mlab3-trn01";0.042570;844056.466639;"0.004012999";"win32";"194.116.85.237";"bittorrent";1340020837;50245.680738;-1.000000;"a0bc9ac6-3c40-4f42-be91-07152ae8b8fb";3269;"09";"Lentate Sul Seveso";14;6;2012;0;18;"20120618"
"85.18.46.24";"IT";9.200000;45.466700;"AS12874 Fastweb SpA";"mlab3-trn01";0.004866;11688685.426147;"0.004012999";"linux2";"194.116.85.237";"bittorrent";1340020853;11674650.436814;-1.000000;"6c471e39-d901-41fa-9266-23795dce3dc5";12874;"09";"Milan";14;6;2012;0;18;"20120618"
"2.36.37.80";"IT";7.666700;45.050000;"AS30722 Vodafone Omnitel N.V.";"mlab3-trn01";0.041033;854822.899569;"0.004012999";"win32";"194.116.85.237";"bittorrent";1340021089;59247.060963;-1.000000;"dd1eb1c2-416e-467c-b945-ec64ed841caa";30722;"12";"Torino";14;6;2012;0;18;"20120618"
"93.62.242.110";"IT";12.029400;45.421400;"AS12874 Fastweb SpA";"mlab3-trn01";0.015754;435854.810007;"0.004012999";"darwin";"194.116.85.237";"bittorrent";1340021105;433015.807974;-1.000000;"9905faad-2379-4ce5-bea7-d26dfd5ef167";12874;"20";"Fiesso D'artico";14;6;2012;0;18;"20120618"
"109.116.169.186";"IT";12.833300;42.833300;"AS30722 Vodafone Omnitel N.V.";"mlab3-trn01";0.074587;436761.373041;"0.004012999";"win32";"194.116.85.237";"speedtest";1340021125;299907.890648;0.068306;"6e54bc7f-fbfd-4c61-b304-c99deb512a0f";30722;"";"";14;6;2012;0;18;"20120618"
"87.18.255.91";"IT";17.229700;40.476100;"AS3269 Telecom Italia S.p.a.";"mlab3-trn01";0.075550;741560.142543;"0.004009999";"win32";"194.116.85.237";"speedtest";1340021338;35152.128309;0.070756;"7989d7c5-459e-4910-93c2-ffd113604f5d";3269;"13";"Taranto";14;6;2012;0;18;"20120618"
"134.255.175.21";"IT";13.216700;43.366700;"AS198292 Wave-Max S.r.L.";"mlab3-trn01";0.088358;226385.242014;"0.004012999";"win32";"194.116.85.237";"speedtest";1340021401;37392.175275;0.090340;"708a55f0-3758-4099-a346-23683a39926d";198292;"10";"Cingoli";14;6;2012;0;18;"20120618"
"81.174.47.101";"IT";12.833300;42.833300;"AS35612 NGI Spa";"mlab3-trn01";0.015715;616245.615207;"0.004012999";"darwin";"194.116.85.237";"speedtest";1340021453;112691.449799;0.017606;"59a9e8e1-3618-48e2-adea-6559f48400b8";35612;"";"";14;6;2012;0;18;"20120618"
"95.252.38.138";"IT";9.200000;45.466700;"AS3269 Telecom Italia S.p.a.";"mlab3-trn01";0.026573;1020487.265870;"0.004012999";"win32";"194.116.85.237";"speedtest";1340021495;73479.047255;0.030412;"fabd9ec4-04a0-49f7-9afc-39e5f8c565ba";3269;"09";"Milan";14;6;2012;0;18;"20120618"
"188.216.183.24";"IT";12.833300;42.833300;"AS30722 Vodafone Omnitel N.V.";"mlab3-trn01";0.053423;802687.149946;"0.004012999";"darwin";"194.116.85.237";"speedtest";1340021646;65218.350216;0.058627;"eb287f52-d429-4a32-aa75-ba1fd1cf87d2";30722;"";"";14;6;2012;0;18;"20120618"
"151.49.229.123";"IT";13.780000;45.648600;"AS1267 WIND Telecomunicazioni S.p.A.";"mlab3-trn01";0.027849;36787.158569;"0.004011999";"linux2";"194.116.85.237";"bittorrent";1340021736;53077.926485;-1.000000;"db4c1f00-a6b9-40ad-b36d-a2fad669a491";1267;"06";"Trieste";14;6;2012;0;18;"20120618"
"81.174.11.50";"IT";8.650000;45.850000;"AS35612 NGI Spa";"mlab3-trn01";0.051592;286244.637694;"0.004012999";"darwin";"194.116.85.237";"speedtest";1340021752;34322.302552;0.096556;"04eb82ec-76b3-4615-b25a-7c0279090671";35612;"09";"Besozzo";14;6;2012;0;18;"20120618"
"85.18.29.42";"IT";9.200000;45.466700;"AS12874 Fastweb SpA";"mlab3-trn01";0.005970;1138987.767888;"0.004012999";"darwin";"194.116.85.237";"bittorrent";1340021823;1163007.645992;-1.000000;"2c46fdf6-7306-4016-9a75-e529fa590549";12874;"09";"Milan";14;6;2012;0;18;"20120618"
"93.62.73.167";"IT";7.666700;45.050000;"AS12874 Fastweb SpA";"mlab3-trn01";0.032715;1729042.249650;"0.004012999";"win32";"194.116.85.237";"speedtest";1340022199;73270.434832;0.036610;"ba264b82-0dde-485e-bdfd-b866b37d1bf8";12874;"12";"Torino";14;6;2012;0;18;"20120618"
"94.36.33.130";"IT";8.950000;44.416700;"AS8612 Tiscali Italia S.P.A.";"mlab3-trn01";0.025775;804785.078907;"0.004012999";"darwin";"194.116.85.237";"speedtest";1340022369;52364.150467;0.031264;"894fe1ee-9250-416a-98be-74dd024aea06";8612;"08";"Genova";14;6;2012;0;18;"20120618"
"188.11.197.8";"IT";12.483300;41.900000;"AS3269 Telecom Italia S.p.a.";"mlab3-trn01";0.128603;822851.483906;"0.004012999";"darwin";"194.116.85.237";"speedtest";1340022374;41825.126362;0.080005;"c671e4d7-9027-4ae8-9058-ad41f0746af0";3269;"07";"Rome";14;6;2012;0;18;"20120618"
"31.196.6.210";"IT";12.833300;42.833300;"AS3269 Telecom Italia S.p.a.";"mlab3-trn01";0.019010;185975.945513;"0.004012999";"win32";"194.116.85.237";"bittorrent";1340022389;194592.831246;-1.000000;"8f96be96-0318-4e62-a639-7816bf69ae7b";3269;"";"";14;6;2012;0;18;"20120618"
"87.8.229.178";"IT";7.666700;45.050000;"AS3269 Telecom Italia S.p.a.";"mlab3-trn01";0.033848;563372.890942;"0.004012999";"win32";"194.116.85.237";"speedtest";1340022580;50336.057921;0.029882;"d6bbc582-d8eb-4ead-ba2c-3fffeda97549";3269;"12";"Torino";14;6;2012;0;18;"20120618"
"79.0.19.229";"IT";12.483300;41.900000;"AS3269 Telecom Italia S.p.a.";"mlab3-trn01";0.034385;1329667.221189;"0.004012999";"darwin";"194.116.85.237";"bittorrent";1340022600;104065.611346;-1.000000;"69fb5e33-52f0-4549-a67d-9deb0c9b5493";3269;"07";"Rome";14;6;2012;0;18;"20120618"
"79.20.70.163";"IT";8.066600;45.572300;"AS3269 Telecom Italia S.p.a.";"mlab3-trn01";0.041698;823157.660576;"0.004012999";"darwin";"194.116.85.237";"bittorrent";1340022642;41262.898793;-1.000000;"e838c543-3d44-45bd-9a51-ed5e3c0d7d06";3269;"12";"Biella";14;6;2012;0;18;"20120618"
"87.2.107.159";"IT";11.083300;46.216700;"AS3269 Telecom Italia S.p.a.";"mlab3-trn01";0.032628;1353183.891880;"0.004012999";"darwin";"194.116.85.237";"speedtest";1340022669;99860.463169;0.036300;"8cfc4b59-c9c4-47a5-90ef-869237dc6ca3";3269;"17";"Mezzolombardo";14;6;2012;0;18;"20120618"
"130.192.91.211";"IT";7.666700;45.050000;"AS137 GARR Italian academic and research network";"mlab3-trn01";0.002834;11680214.943200;"0.004012999";"win32";"194.116.85.237";"bittorrent";1340022981;902618.922656;-1.000000;"cadc2d8d-b4b9-491c-be07-81ba3b638dc9";137;"12";"Torino";14;6;2012;0;18;"20120618"
"81.174.11.50";"IT";8.650000;45.850000;"AS35612 NGI Spa";"mlab3-trn01";0.045322;324541.872138;"0.004012999";"darwin";"194.116.85.237";"bittorrent";1340023207;25149.735831;-1.000000;"04eb82ec-76b3-4615-b25a-7c0279090671";35612;"09";"Besozzo";14;6;2012;0;18;"20120618"
"95.250.43.165";"IT";12.833300;42.833300;"AS3269 Telecom Italia S.p.a.";"mlab3-trn01";0.058140;848225.355735;"0.004012999";"win32";"194.116.85.237";"speedtest";1340023655;49278.239376;0.064258;"f201d94b-ffc9-44aa-ac62-215bbc3baddd";3269;"";"";14;6;2012;0;18;"20120618"
"85.18.117.112";"IT";7.883300;45.183300;"AS12874 Fastweb SpA";"mlab3-trn01";0.013120;1194864.117191;"0.004012999";"darwin";"194.116.85.237";"bittorrent";1340023894;820433.539663;-1.000000;"e28f6cdb-f2d1-41fe-bb40-53e7a0b0e31d";12874;"12";"Chivasso";14;6;2012;0;18;"20120618"
"2.36.37.80";"IT";7.666700;45.050000;"AS30722 Vodafone Omnitel N.V.";"mlab3-trn01";0.040244;816812.749531;"0.004012999";"win32";"194.116.85.237";"bittorrent";1340023954;40518.321055;-1.000000;"dd1eb1c2-416e-467c-b945-ec64ed841caa";30722;"12";"Torino";14;6;2012;0;18;"20120618"
"83.103.18.165";"IT";7.733300;44.916700;"AS12874 Fastweb SpA";"mlab3-trn01";0.019365;333101.448528;"0.004012999";"win32";"194.116.85.237";"speedtest";1340024276;417027.534471;0.018262;"241c3a7e-ba9b-4a0d-9bea-1c379895fdaa";12874;"12";"Villastellone";14;6;2012;0;18;"20120618"
"93.33.101.175";"IT";9.200000;45.466700;"AS12874 Fastweb SpA";"mlab3-trn01";0.005954;1155914.420010;"0.004012999";"darwin";"194.116.85.237";"speedtest";1340024322;1076402.286310;0.009206;"29750ad8-f56c-4e95-a4f3-b9badf7da7af";12874;"09";"Milan";14;6;2012;0;18;"20120618"
"31.189.45.76";"IT";12.833300;42.833300;"AS24608 H3G S.p.A.";"mlab3-trn01";0.227264;180163.664810;"0.004012999";"win32";"194.116.85.237";"speedtest";1340024339;154703.824546;0.082504;"43e189b1-5c5f-4b85-a1d1-ac76b3b89286";24608;"";"";14;6;2012;0;18;"20120618"
"85.18.116.244";"IT";8.900000;45.400000;"AS12874 Fastweb SpA";"mlab3-trn01";0.004534;4160566.309744;"0.004012999";"linux2";"194.116.85.237";"bittorrent";1340024404;6947125.607011;-1.000000;"c76e28cf-4020-40f2-ae3f-39482e23ced0";12874;"09";"Abbiategrasso";15;6;2012;0;18;"20120618"
"78.14.224.92";"IT";9.116700;45.766700;"AS8612 Tiscali Italia S.P.A.";"mlab3-trn01";0.035446;316053.237705;"0.004012999";"darwin";"194.116.85.237";"bittorrent";1340024464;46733.627983;-1.000000;"39792736-bd8b-4a56-942d-1cc983336add";8612;"09";"Lurago D'erba";15;6;2012;0;18;"20120618"
"79.21.151.153";"IT";9.266700;45.583300;"AS3269 Telecom Italia S.p.a.";"mlab3-trn01";0.148882;694776.016409;"0.004012999";"win32";"194.116.85.237";"bittorrent";1340024485;48488.536365;-1.000000;"991257a9-87dd-455d-863e-b266080097e3";3269;"09";"Monza";15;6;2012;0;18;"20120618"
"87.18.255.91";"IT";17.229700;40.476100;"AS3269 Telecom Italia S.p.a.";"mlab3-trn01";0.075457;745373.037185;"0.004009999";"win32";"194.116.85.237";"speedtest";1340024493;49695.148378;0.071069;"7989d7c5-459e-4910-93c2-ffd113604f5d";3269;"13";"Taranto";15;6;2012;0;18;"20120618"
"188.217.129.219";"IT";14.333300;40.916700;"AS30722 Vodafone Omnitel N.V.";"mlab3-trn01";0.300843;824.599748;"0.004012999";"win32";"194.116.85.237";"bittorrent";1340024662;29714.839512;-1.000000;"bb6c2e6b-7f94-482d-ab7a-ba9256571bd8";30722;"04";"Casalnuovo Di Napoli";15;6;2012;0;18;"20120618"
"81.174.11.50";"IT";8.650000;45.850000;"AS35612 NGI Spa";"mlab3-trn01";1.203212;87723.005663;"0.004012999";"darwin";"194.116.85.237";"speedtest";1340024667;46468.571828;0.088910;"04eb82ec-76b3-4615-b25a-7c0279090671";35612;"09";"Besozzo";15;6;2012;0;18;"20120618"
"93.35.249.45";"IT";9.333300;45.900000;"AS12874 Fastweb SpA";"mlab3-trn01";0.031155;844323.793747;"0.004011999";"win32";"194.116.85.237";"speedtest";1340024698;42616.902940;0.034379;"9a8fa0ab-ee51-4da8-b32c-4f50bc470f20";12874;"09";"Abbadia Lariana";15;6;2012;0;18;"20120618"
"151.49.229.123";"IT";13.780000;45.648600;"AS1267 WIND Telecomunicazioni S.p.A.";"mlab3-trn01";0.027647;425131.234505;"0.004011999";"linux2";"194.116.85.237";"bittorrent";1340024858;53368.260090;-1.000000;"db4c1f00-a6b9-40ad-b36d-a2fad669a491";1267;"06";"Trieste";15;6;2012;0;18;"20120618"
"2.225.231.97";"IT";7.666700;45.050000;"AS12874 Fastweb SpA";"mlab3-trn01";0.011693;1111253.940418;"0.004012999";"win32";"194.116.85.237";"bittorrent";1340025011;1177706.222261;-1.000000;"252a836b-55fe-43a0-93e7-d33c5d47fae3";12874;"12";"Torino";15;6;2012;0;18;"20120618"
"95.229.187.136";"IT";12.833300;42.833300;"AS3269 Telecom Italia S.p.a.";"mlab3-trn01";0.043196;849781.260120;"0.004012999";"win32";"194.116.85.237";"bittorrent";1340025074;79098.104451;-1.000000;"a4010725-b228-4400-bd21-b9e05989bafb";3269;"";"";15;6;2012;0;18;"20120618"
"188.218.203.155";"IT";18.166700;40.300000;"AS30722 Vodafone Omnitel N.V.";"mlab3-trn01";0.061580;309985.741458;"0.004009999";"win32";"194.116.85.237";"speedtest";1340025595;56018.299833;0.066340;"1a885600-ab28-499c-8adf-fb4b2b758c63";30722;"13";"San Cesario";15;6;2012;0;18;"20120618"
"85.18.46.24";"IT";9.200000;45.466700;"AS12874 Fastweb SpA";"mlab3-trn01";0.013061;11350445.255200;"0.004012999";"linux2";"194.116.85.237";"speedtest";1340025193;8926631.091350;0.009759;"6c471e39-d901-41fa-9266-23795dce3dc5";12874;"09";"Milan";15;6;2012;0;18;"20120618"
"109.234.63.11";"IT";12.833300;42.833300;"AS43989 Ehinet Srl";"mlab3-trn01";0.038797;458934.821422;"0.004009999";"win32";"194.116.85.237";"speedtest";1340025225;59594.069602;0.030396;"5d6312ec-b414-42e6-8e89-702c7b4fd5e8";43989;"";"";15;6;2012;0;18;"20120618"
"151.60.120.179";"IT";7.316700;44.633300;"AS1267 WIND Telecomunicazioni S.p.A.";"mlab3-trn01";0.034991;125867.382885;"0.004012999";"linux2";"194.116.85.237";"bittorrent";1340025302;61089.141899;-1.000000;"ce15cdd9-fbc9-4be9-8f83-94df036818bb";1267;"12";"Sanfront";15;6;2012;0;18;"20120618"
"147.162.42.20";"IT";11.883300;45.416700;"AS137 GARR Italian academic and research network";"mlab3-trn01";0.010205;7569486.957890;"0.004010999";"linux2";"194.116.85.237";"speedtest";1340025330;8303416.859870;0.011980;"727d6a40-2b78-4641-8061-04b6a384e6a6";137;"20";"Padova";15;6;2012;0;18;"20120618"
"85.18.117.112";"IT";7.883300;45.183300;"AS12874 Fastweb SpA";"mlab3-trn01";0.011364;1251675.814410;"0.004012999";"darwin";"194.116.85.237";"speedtest";1340025457;989107.996323;0.060927;"e28f6cdb-f2d1-41fe-bb40-53e7a0b0e31d";12874;"12";"Chivasso";15;6;2012;0;18;"20120618"
"2.227.55.184";"IT";12.500000;41.666700;"AS12874 Fastweb SpA";"mlab3-trn01";0.038524;873814.342145;"0.004012999";"linux2";"194.116.85.237";"bittorrent";1340025497;107910.515780;-1.000000;"202944e6-094c-4bb9-86da-7234fa3c010e";12874;"07";"Pomezia";15;6;2012;0;18;"20120618"
"79.4.10.186";"IT";12.833300;42.833300;"AS3269 Telecom Italia S.p.a.";"mlab3-trn01";0.057743;798172.743627;"0.004005999";"win32";"194.116.85.237";"speedtest";1340025725;38791.377825;0.063481;"54ca976f-8551-47fc-bce1-b06f00a12720";3269;"";"";15;6;2012;0;18;"20120618"
"130.192.91.211";"IT";7.666700;45.050000;"AS137 GARR Italian academic and research network";"mlab3-trn01";0.004839;11005486.133965;"0.004012999";"win32";"194.116.85.237";"bittorrent";1340025884;843938.513750;-1.000000;"cadc2d8d-b4b9-491c-be07-81ba3b638dc9";137;"12";"Torino";15;6;2012;0;18;"20120618"
"87.18.255.91";"IT";17.229700;40.476100;"AS3269 Telecom Italia S.p.a.";"mlab3-trn01";0.066124;552853.934632;"0.004009999";"win32";"194.116.85.237";"bittorrent";1340026084;47690.861155;-1.000000;"7989d7c5-459e-4910-93c2-ffd113604f5d";3269;"13";"Taranto";15;6;2012;0;18;"20120618"
"81.174.47.101";"IT";12.833300;42.833300;"AS35612 NGI Spa";"mlab3-trn01";0.014377;304624.886758;"0.004012999";"darwin";"194.116.85.237";"bittorrent";1340026283;113075.623631;-1.000000;"59a9e8e1-3618-48e2-adea-6559f48400b8";35612;"";"";15;6;2012;0;18;"20120618"
"188.11.197.8";"IT";12.483300;41.900000;"AS3269 Telecom Italia S.p.a.";"mlab3-trn01";0.037230;1365011.366180;"0.004012999";"darwin";"194.116.85.237";"bittorrent";1340027053;84937.912548;-1.000000;"c671e4d7-9027-4ae8-9058-ad41f0746af0";3269;"07";"Rome";15;6;2012;0;18;"20120618"
"188.152.94.198";"IT";12.833300;42.833300;"AS44957 Vodafone Omnitel N.V.";"mlab3-trn01";0.049848;922064.824007;"0.004012999";"linux2";"194.116.85.237";"bittorrent";1340027118;49104.640414;-1.000000;"b6f7bc90-fab9-4db0-af8a-1737ebd554f1";44957;"";"";15;6;2012;0;18;"20120618"
"87.8.229.178";"IT";7.666700;45.050000;"AS3269 Telecom Italia S.p.a.";"mlab3-trn01";0.033969;577548.312728;"0.004012999";"win32";"194.116.85.237";"bittorrent";1340027171;49653.178196;-1.000000;"d6bbc582-d8eb-4ead-ba2c-3fffeda97549";3269;"12";"Torino";15;6;2012;0;18;"20120618"
"2.225.128.51";"IT";7.666700;45.050000;"AS12874 Fastweb SpA";"mlab3-trn01";0.029077;425866.326972;"0.004012999";"darwin";"194.116.85.237";"speedtest";1340027199;57059.803088;0.031979;"28ba3b2e-cd9a-4c00-8b29-33e0cfe5c596";12874;"12";"Torino";15;6;2012;0;18;"20120618"
"82.50.16.67";"IT";11.583300;44.400000;"AS3269 Telecom Italia S.p.a.";"mlab3-trn01";0.048090;1007453.030930;"0.004008999";"darwin";"194.116.85.237";"speedtest";1340027311;79677.137426;0.052302;"470583b1-76be-479b-a12e-d79962295075";3269;"05";"Castel San Pietro Terme";15;6;2012;0;18;"20120618"
"2.230.212.185";"IT";7.666700;45.050000;"AS12874 Fastweb SpA";"mlab3-trn01";0.011159;1222280.241220;"0.004012999";"win32";"194.116.85.237";"speedtest";1340027329;1097620.479930;0.011073;"93a97de3-c431-4df5-a005-ea55834352bd";12874;"12";"Torino";15;6;2012;0;18;"20120618"
"188.10.100.91";"IT";9.116700;45.683300;"AS3269 Telecom Italia S.p.a.";"mlab3-trn01";0.041351;839563.686921;"0.004012999";"win32";"194.116.85.237";"bittorrent";1340027373;50165.366369;-1.000000;"a0bc9ac6-3c40-4f42-be91-07152ae8b8fb";3269;"09";"Lentate Sul Seveso";15;6;2012;0;18;"20120618"
"87.4.83.224";"IT";16.483300;41.116700;"AS3269 Telecom Italia S.p.a.";"mlab3-trn01";0.063572;145524.815555;"0.004012999";"darwin";"194.116.85.237";"speedtest";1340027414;38758.304360;0.171092;"8c3b14ba-e923-48bd-8f2e-da456a7f071f";3269;"13";"Ruvo Di Puglia";15;6;2012;0;18;"20120618"
"79.21.151.153";"IT";9.266700;45.583300;"AS3269 Telecom Italia S.p.a.";"mlab3-trn01";0.139877;709648.408703;"0.004012999";"win32";"194.116.85.237";"bittorrent";1340027597;50409.085796;-1.000000;"991257a9-87dd-455d-863e-b266080097e3";3269;"09";"Monza";15;6;2012;0;18;"20120618"
"151.65.28.229";"IT";9.016700;44.983300;"AS1267 WIND Telecomunicazioni S.p.A.";"mlab3-trn01";0.020828;677616.619979;"0.004012999";"win32";"194.116.85.237";"speedtest";1340027647;66665.663717;0.030336;"a5016d11-f6c1-4d6d-a30f-48088faa5e70";1267;"09";"Voghera";15;6;2012;0;18;"20120618"
"85.18.28.68";"IT";12.833300;42.833300;"AS12874 Fastweb SpA";"mlab3-trn01";0.015358;134413.723078;"0.004009999";"win32";"194.116.85.237";"bittorrent";1340027658;121275.801166;-1.000000;"209e0493-6ac3-47f4-8a7e-513e3ce88ea8";12874;"";"";15;6;2012;0;18;"20120618"
"2.225.231.97";"IT";7.666700;45.050000;"AS12874 Fastweb SpA";"mlab3-trn01";0.037875;955557.079633;"0.004012999";"win32";"194.116.85.237";"bittorrent";1340027842;1148260.085518;-1.000000;"252a836b-55fe-43a0-93e7-d33c5d47fae3";12874;"12";"Torino";15;6;2012;0;18;"20120618"
"93.35.229.140";"IT";9.233300;45.700000;"AS12874 Fastweb SpA";"mlab3-trn01";0.029871;849397.422323;"0.004011999";"win32";"194.116.85.237";"speedtest";1340027911;43980.484825;0.035600;"9a8fa0ab-ee51-4da8-b32c-4f50bc470f20";12874;"09";"Giussano";15;6;2012;0;18;"20120618"
"82.50.179.233";"IT";12.326700;45.438600;"AS3269 Telecom Italia S.p.a.";"mlab3-trn01";0.490327;385708.431526;"0.004012999";"darwin";"194.116.85.237";"bittorrent";1340028056;36804.548697;-1.000000;"d2acd4a2-202f-465b-8502-2d0b1d7a5fd0";3269;"20";"Venezia";16;6;2012;0;18;"20120618"
"95.249.243.52";"IT";11.850000;45.650000;"AS3269 Telecom Italia S.p.a.";"mlab3-trn01";0.049754;271330.874910;"0.004012999";"win32";"194.116.85.237";"bittorrent";1340028070;12718.746653;-1.000000;"97b0c82a-c0a8-4adc-aed6-a65b4d93c3d6";3269;"20";"San Martino Di Lupari";16;6;2012;0;18;"20120618"
"147.162.42.20";"IT";11.883300;45.416700;"AS137 GARR Italian academic and research network";"mlab3-trn01";0.010528;8140639.529230;"0.004010999";"linux2";"194.116.85.237";"speedtest";1340028204;7918566.786850;0.012091;"727d6a40-2b78-4641-8061-04b6a384e6a6";137;"20";"Padova";16;6;2012;0;18;"20120618"
"2.36.37.80";"IT";7.666700;45.050000;"AS30722 Vodafone Omnitel N.V.";"mlab3-trn01";0.040923;773533.882006;"0.004012999";"win32";"194.116.85.237";"speedtest";1340028248;30565.051578;0.046668;"dd1eb1c2-416e-467c-b945-ec64ed841caa";30722;"12";"Torino";16;6;2012;0;18;"20120618"
"80.117.83.96";"IT";12.833300;42.833300;"AS3269 Telecom Italia S.p.a.";"mlab3-trn01";0.024096;829796.351636;"0.004012999";"win32";"194.116.85.237";"bittorrent";1340028377;39422.914263;-1.000000;"25353fbe-ce56-4192-a803-65a63443c70a";3269;"";"";16;6;2012;0;18;"20120618"
"37.116.41.81";"IT";8.866700;44.900000;"AS30722 Vodafone Omnitel N.V.";"mlab3-trn01";0.037387;668428.048974;"0.004012999";"win32";"194.116.85.237";"bittorrent";1340028756;60702.229611;-1.000000;"19176454-a721-4c97-8342-b9cf8e375390";30722;"12";"Tortona";16;6;2012;0;18;"20120618"
"81.174.11.50";"IT";8.650000;45.850000;"AS35612 NGI Spa";"mlab3-trn01";0.149597;136814.219954;"0.004012999";"darwin";"194.116.85.237";"bittorrent";1340029047;47515.595153;-1.000000;"04eb82ec-76b3-4615-b25a-7c0279090671";35612;"09";"Besozzo";16;6;2012;0;18;"20120618"
"78.14.224.92";"IT";9.116700;45.766700;"AS8612 Tiscali Italia S.P.A.";"mlab3-trn01";0.033564;358311.034654;"0.004012999";"darwin";"194.116.85.237";"speedtest";1340029067;22257.946046;0.039709;"39792736-bd8b-4a56-942d-1cc983336add";8612;"09";"Lurago D'erba";16;6;2012;0;18;"20120618"
"85.18.28.68";"IT";12.833300;42.833300;"AS12874 Fastweb SpA";"mlab3-trn01";0.016458;133117.397849;"0.004009999";"win32";"194.116.85.237";"speedtest";1340029380;153162.321741;0.018649;"209e0493-6ac3-47f4-8a7e-513e3ce88ea8";12874;"";"";16;6;2012;0;18;"20120618"
"31.189.45.76";"IT";12.833300;42.833300;"AS24608 H3G S.p.A.";"mlab3-trn01";0.130841;159447.580530;"0.004012999";"win32";"194.116.85.237";"bittorrent";1340029210;130673.266748;-1.000000;"43e189b1-5c5f-4b85-a1d1-ac76b3b89286";24608;"";"";16;6;2012;0;18;"20120618"
"79.20.70.163";"IT";8.066600;45.572300;"AS3269 Telecom Italia S.p.a.";"mlab3-trn01";0.042425;721315.887475;"0.004012999";"darwin";"194.116.85.237";"bittorrent";1340029214;41383.218203;-1.000000;"e838c543-3d44-45bd-9a51-ed5e3c0d7d06";3269;"12";"Biella";16;6;2012;0;18;"20120618"
"2.225.231.97";"IT";7.666700;45.050000;"AS12874 Fastweb SpA";"mlab3-trn01";0.015859;771731.722277;"0.004012999";"win32";"194.116.85.237";"speedtest";1340029259;1079831.862600;0.013205;"252a836b-55fe-43a0-93e7-d33c5d47fae3";12874;"12";"Torino";16;6;2012;0;18;"20120618"
"85.18.117.112";"IT";7.883300;45.183300;"AS12874 Fastweb SpA";"mlab3-trn01";0.014532;686627.453773;"0.004012999";"darwin";"194.116.85.237";"bittorrent";1340030161;639537.940006;-1.000000;"e28f6cdb-f2d1-41fe-bb40-53e7a0b0e31d";12874;"12";"Chivasso";16;6;2012;0;18;"20120618"
"2.230.212.185";"IT";7.666700;45.050000;"AS12874 Fastweb SpA";"mlab3-trn01";0.010027;1249534.901970;"0.004012999";"win32";"194.116.85.237";"speedtest";1340030288;1147373.072780;0.009867;"93a97de3-c431-4df5-a005-ea55834352bd";12874;"12";"Torino";16;6;2012;0;18;"20120618"
"151.65.28.229";"IT";9.016700;44.983300;"AS1267 WIND Telecomunicazioni S.p.A.";"mlab3-trn01";0.022592;584417.023915;"0.004012999";"win32";"194.116.85.237";"speedtest";1340030605;64049.859488;0.031605;"a5016d11-f6c1-4d6d-a30f-48088faa5e70";1267;"09";"Voghera";16;6;2012;0;18;"20120618"
"130.192.91.211";"IT";7.666700;45.050000;"AS137 GARR Italian academic and research network";"mlab3-trn01";0.002549;11683889.526600;"0.004012999";"linux2";"194.116.85.237";"speedtest";1340030811;1062214.758360;0.006327;"91708cf1-7028-4b58-9520-faea0010494c";137;"12";"Torino";16;6;2012;0;18;"20120618"
"188.218.203.155";"IT";18.166700;40.300000;"AS30722 Vodafone Omnitel N.V.";"mlab3-trn01";0.060905;590698.583418;"0.004009999";"win32";"194.116.85.237";"speedtest";1340031344;56413.019623;0.066702;"1a885600-ab28-499c-8adf-fb4b2b758c63";30722;"13";"San Cesario";16;6;2012;0;18;"20120618"
"109.234.63.11";"IT";12.833300;42.833300;"AS43989 Ehinet Srl";"mlab3-trn01";0.053537;385704.765303;"0.004009999";"win32";"194.116.85.237";"speedtest";1340030995;30173.821548;0.026893;"5d6312ec-b414-42e6-8e89-702c7b4fd5e8";43989;"";"";16;6;2012;0;18;"20120618"
"81.174.47.101";"IT";12.833300;42.833300;"AS35612 NGI Spa";"mlab3-trn01";0.014166;836485.219445;"0.004012999";"darwin";"194.116.85.237";"speedtest";1340031107;112815.396450;0.018609;"59a9e8e1-3618-48e2-adea-6559f48400b8";35612;"";"";16;6;2012;0;18;"20120618"
"31.185.19.156";"IT";12.566700;43.050000;"AS47187 Forinicom S.r.l.";"mlab3-trn01";0.026684;48071.952767;"0.004012999";"win32";"194.116.85.237";"speedtest";1340031263;29430.303324;0.029377;"2a30a2a8-273c-4b16-9671-803dc3d96492";47187;"18";"Santa Maria Degli Angeli";16;6;2012;0;18;"20120618"
"195.110.137.171";"IT";12.483300;41.900000;"AS5396 MC-link Spa";"mlab3-trn01";0.035190;644920.343270;"0.004012999";"darwin";"194.116.85.237";"bittorrent";1340031290;33168.126478;-1.000000;"2d27e34d-ed0a-4c70-8dc2-070f5a0499a1";5396;"07";"Rome";16;6;2012;0;18;"20120618"
"188.216.124.199";"IT";7.666700;45.050000;"AS30722 Vodafone Omnitel N.V.";"mlab3-trn01";0.044376;796568.933275;"0.004012999";"darwin";"194.116.85.237";"speedtest";1340031333;65443.470147;0.051012;"821aa4b7-0495-4899-9210-11d94170a73b";30722;"12";"Torino";16;6;2012;0;18;"20120618"
"188.152.94.198";"IT";12.833300;42.833300;"AS44957 Vodafone Omnitel N.V.";"mlab3-trn01";0.047538;868405.087086;"0.004012999";"linux2";"194.116.85.237";"speedtest";1340031425;49661.909026;0.053848;"b6f7bc90-fab9-4db0-af8a-1737ebd554f1";44957;"";"";16;6;2012;0;18;"20120618"
"85.18.117.112";"IT";7.883300;45.183300;"AS12874 Fastweb SpA";"mlab3-trn01";0.007445;1754354.565190;"0.004012999";"darwin";"194.116.85.237";"speedtest";1340031725;1462031.756570;0.011802;"e28f6cdb-f2d1-41fe-bb40-53e7a0b0e31d";12874;"12";"Chivasso";17;6;2012;0;18;"20120618"
"87.4.74.136";"IT";8.850000;44.716700;"AS3269 Telecom Italia S.p.a.";"mlab3-trn01";0.832691;41515.042014;"0.004012999";"win32";"194.116.85.237";"bittorrent";1340031953;23044.310971;-1.000000;"d8a56420-51dd-4f7f-811c-30fa9ca36858";3269;"12";"Serravalle Scrivia";17;6;2012;0;18;"20120618"
"81.174.11.50";"IT";8.650000;45.850000;"AS35612 NGI Spa";"mlab3-trn01";0.083681;441496.002626;"0.004012999";"darwin";"194.116.85.237";"bittorrent";1340031960;36031.704948;-1.000000;"04eb82ec-76b3-4615-b25a-7c0279090671";35612;"09";"Besozzo";17;6;2012;0;18;"20120618"
"2.225.128.51";"IT";7.666700;45.050000;"AS12874 Fastweb SpA";"mlab3-trn01";0.030174;431400.946101;"0.004012999";"darwin";"194.116.85.237";"bittorrent";1340032034;61718.194996;-1.000000;"28ba3b2e-cd9a-4c00-8b29-33e0cfe5c596";12874;"12";"Torino";17;6;2012;0;18;"20120618"
"94.33.1.179";"IT";9.216700;45.550000;"AS8612 Tiscali Italia S.P.A.";"mlab3-trn01";0.028527;994465.960202;"0.004012999";"linux2";"194.116.85.237";"bittorrent";1340032111;107578.670280;-1.000000;"c8e22a26-c7da-46ee-8473-787638c3fd84";8612;"09";"Cinisello Balsamo";17;6;2012;0;18;"20120618"
"188.10.100.91";"IT";9.116700;45.683300;"AS3269 Telecom Italia S.p.a.";"mlab3-trn01";0.042142;856990.031664;"0.004012999";"win32";"194.116.85.237";"speedtest";1340032241;28362.930751;0.048881;"a0bc9ac6-3c40-4f42-be91-07152ae8b8fb";3269;"09";"Lentate Sul Seveso";17;6;2012;0;18;"20120618"
"93.62.73.167";"IT";7.666700;45.050000;"AS12874 Fastweb SpA";"mlab3-trn01";0.032942;2052977.170944;"0.004012999";"win32";"194.116.85.237";"bittorrent";1340032391;77288.977774;-1.000000;"ba264b82-0dde-485e-bdfd-b866b37d1bf8";12874;"12";"Torino";17;6;2012;0;18;"20120618"
"87.18.255.91";"IT";17.229700;40.476100;"AS3269 Telecom Italia S.p.a.";"mlab3-trn01";0.064673;632688.651171;"0.004009999";"win32";"194.116.85.237";"bittorrent";1340032395;48709.662327;-1.000000;"7989d7c5-459e-4910-93c2-ffd113604f5d";3269;"13";"Taranto";17;6;2012;0;18;"20120618"
"80.180.128.61";"IT";9.666700;45.016700;"AS3269 Telecom Italia S.p.a.";"mlab3-trn01";0.029216;1719014.347996;"0.004012999";"win32";"194.116.85.237";"bittorrent";1340032406;95796.785940;-1.000000;"a6b33ac3-0345-4892-98b5-ad125988a24b";3269;"05";"Piacenza";17;6;2012;0;18;"20120618"
"85.18.46.24";"IT";9.200000;45.466700;"AS12874 Fastweb SpA";"mlab3-trn01";0.004952;11705908.433236;"0.004012999";"linux2";"194.116.85.237";"bittorrent";1340032432;11657812.307526;-1.000000;"6c471e39-d901-41fa-9266-23795dce3dc5";12874;"09";"Milan";17;6;2012;0;18;"20120618"
"151.49.229.123";"IT";13.780000;45.648600;"AS1267 WIND Telecomunicazioni S.p.A.";"mlab3-trn01";0.024607;802022.971526;"0.004011999";"linux2";"194.116.85.237";"speedtest";1340032471;53755.718035;0.029373;"db4c1f00-a6b9-40ad-b36d-a2fad669a491";1267;"06";"Trieste";17;6;2012;0;18;"20120618"
"79.20.70.163";"IT";8.066600;45.572300;"AS3269 Telecom Italia S.p.a.";"mlab3-trn01";0.041964;489301.524480;"0.004012999";"darwin";"194.116.85.237";"bittorrent";1340032525;40331.744885;-1.000000;"432d3481-f83e-450d-b373-e60ae5f17efe";3269;"12";"Biella";17;6;2012;0;18;"20120618"
"79.13.203.101";"IT";10.100000;44.083300;"AS3269 Telecom Italia S.p.a.";"mlab3-trn01";0.044897;735513.075181;"0.004009999";"win32";"194.116.85.237";"speedtest";1340032553;46249.487542;0.051464;"ae73866b-a211-42d8-b6f2-d31777806a2e";3269;"16";"Carrara";17;6;2012;0;18;"20120618"
"134.255.175.21";"IT";13.216700;43.366700;"AS198292 Wave-Max S.r.L.";"mlab3-trn01";0.088590;140199.507012;"0.004012999";"win32";"194.116.85.237";"speedtest";1340032594;45669.268491;0.090343;"708a55f0-3758-4099-a346-23683a39926d";198292;"10";"Cingoli";17;6;2012;0;18;"20120618"
"31.196.6.210";"IT";12.833300;42.833300;"AS3269 Telecom Italia S.p.a.";"mlab3-trn01";0.018929;166776.024991;"0.004012999";"win32";"194.116.85.237";"speedtest";1340032763;207699.667793;0.016832;"8f96be96-0318-4e62-a639-7816bf69ae7b";3269;"";"";17;6;2012;0;18;"20120618"
"188.216.124.199";"IT";7.666700;45.050000;"AS30722 Vodafone Omnitel N.V.";"mlab3-trn01";0.187940;615506.485172;"0.004012999";"darwin";"194.116.85.237";"bittorrent";1340032747;65105.732163;-1.000000;"821aa4b7-0495-4899-9210-11d94170a73b";30722;"12";"Torino";17;6;2012;0;18;"20120618"
"62.98.65.177";"IT";14.250000;40.833300;"AS1267 WIND Telecomunicazioni S.p.A.";"mlab3-trn01";0.030693;642380.447951;"0.004012999";"win32";"194.116.85.237";"speedtest";1340032899;39666.078111;0.040975;"2d006d8d-7c04-46bb-b056-798468ee365e";1267;"04";"Napoli";17;6;2012;0;18;"20120618"
"85.18.116.244";"IT";8.900000;45.400000;"AS12874 Fastweb SpA";"mlab3-trn01";0.004964;9866290.524608;"0.004012999";"linux2";"194.116.85.237";"bittorrent";1340032944;6950384.063110;-1.000000;"c76e28cf-4020-40f2-ae3f-39482e23ced0";12874;"09";"Abbiategrasso";17;6;2012;0;18;"20120618"
"151.60.120.179";"IT";7.316700;44.633300;"AS1267 WIND Telecomunicazioni S.p.A.";"mlab3-trn01";0.149608;202033.164624;"0.004012999";"linux2";"194.116.85.237";"speedtest";1340033002;61861.982480;0.107430;"ce15cdd9-fbc9-4be9-8f83-94df036818bb";1267;"12";"Sanfront";17;6;2012;0;18;"20120618"
"149.132.117.110";"IT";9.200000;45.466700;"AS137 GARR Italian academic and research network";"mlab3-trn01";0.004824;8938710.663460;"0.004012999";"darwin";"194.116.85.237";"speedtest";1340033200;11292540.662500;0.006228;"c9d3d685-6087-4faf-a87c-eb1dfaa2b53c";137;"18";"Milan";17;6;2012;0;18;"20120618"
"87.8.229.178";"IT";7.666700;45.050000;"AS3269 Telecom Italia S.p.a.";"mlab3-trn01";0.036212;577478.332066;"0.004012999";"win32";"194.116.85.237";"bittorrent";1340033302;49861.225078;-1.000000;"d6bbc582-d8eb-4ead-ba2c-3fffeda97549";3269;"12";"Torino";17;6;2012;0;18;"20120618"
"93.38.84.118";"IT";7.666700;45.050000;"AS12874 Fastweb SpA";"mlab3-trn01";0.013379;647093.690661;"0.004012999";"darwin";"194.116.85.237";"speedtest";1340033341;108288.404245;0.018376;"9862a835-84ea-47e3-9817-0036cae1dff1";12874;"12";"Torino";17;6;2012;0;18;"20120618"
"188.10.109.16";"IT";9.187800;45.461200;"AS3269 Telecom Italia S.p.a.";"mlab3-trn01";0.027552;1043544.027980;"0.004012999";"win32";"194.116.85.237";"speedtest";1340033825;67375.652988;0.031378;"fabd9ec4-04a0-49f7-9afc-39e5f8c565ba";3269;"09";"Milan";17;6;2012;0;18;"20120618"
"87.18.255.91";"IT";17.229700;40.476100;"AS3269 Telecom Italia S.p.a.";"mlab3-trn01";0.064084;326092.900259;"0.004009999";"win32";"194.116.85.237";"speedtest";1340033958;48200.619074;0.070573;"7989d7c5-459e-4910-93c2-ffd113604f5d";3269;"13";"Taranto";17;6;2012;0;18;"20120618"
"2.36.37.80";"IT";7.666700;45.050000;"AS30722 Vodafone Omnitel N.V.";"mlab3-trn01";0.039623;826227.629255;"0.004012999";"win32";"194.116.85.237";"speedtest";1340033970;32059.324932;0.046839;"dd1eb1c2-416e-467c-b945-ec64ed841caa";30722;"12";"Torino";17;6;2012;0;18;"20120618"
"151.73.33.145";"IT";14.566700;40.733300;"AS1267 WIND Telecomunicazioni S.p.A.";"mlab3-trn01";0.034885;726385.587671;"0.004009999";"win32";"194.116.85.237";"speedtest";1340034041;43096.715263;0.042688;"23d04e8c-1632-480a-8b47-f5057b877ee1";1267;"04";"Angri";17;6;2012;0;18;"20120618"
"188.152.94.198";"IT";12.833300;42.833300;"AS44957 Vodafone Omnitel N.V.";"mlab3-trn01";0.051694;869624.349462;"0.004012999";"linux2";"194.116.85.237";"speedtest";1340034299;49763.755589;0.054179;"b6f7bc90-fab9-4db0-af8a-1737ebd554f1";44957;"";"";17;6;2012;0;18;"20120618"
"188.217.129.219";"IT";14.333300;40.916700;"AS30722 Vodafone Omnitel N.V.";"mlab3-trn01";0.060509;110171.724853;"0.004012999";"win32";"194.116.85.237";"speedtest";1340034586;22529.448303;0.192303;"bb6c2e6b-7f94-482d-ab7a-ba9256571bd8";30722;"04";"Casalnuovo Di Napoli";17;6;2012;0;18;"20120618"
"151.65.28.229";"IT";9.016700;44.983300;"AS1267 WIND Telecomunicazioni S.p.A.";"mlab3-trn01";0.019451;740530.913823;"0.004012999";"win32";"194.116.85.237";"bittorrent";1340035048;98344.831571;-1.000000;"a5016d11-f6c1-4d6d-a30f-48088faa5e70";1267;"09";"Voghera";17;6;2012;0;18;"20120618"
"93.62.73.167";"IT";7.666700;45.050000;"AS12874 Fastweb SpA";"mlab3-trn01";0.031438;1767918.874195;"0.004012999";"win32";"194.116.85.237";"bittorrent";1340035301;76970.588405;-1.000000;"ba264b82-0dde-485e-bdfd-b866b37d1bf8";12874;"12";"Torino";18;6;2012;0;18;"20120618"
"134.255.175.21";"IT";13.216700;43.366700;"AS198292 Wave-Max S.r.L.";"mlab3-trn01";0.093070;432469.288057;"0.004012999";"win32";"194.116.85.237";"speedtest";1340035387;45086.610569;0.088587;"708a55f0-3758-4099-a346-23683a39926d";198292;"10";"Cingoli";18;6;2012;0;18;"20120618"
"85.18.29.42";"IT";9.200000;45.466700;"AS12874 Fastweb SpA";"mlab3-trn01";0.006343;1146365.866610;"0.004012999";"darwin";"194.116.85.237";"speedtest";1340035501;1172504.218360;0.007643;"2c46fdf6-7306-4016-9a75-e529fa590549";12874;"09";"Milan";18;6;2012;0;18;"20120618"
"87.18.255.91";"IT";17.229700;40.476100;"AS3269 Telecom Italia S.p.a.";"mlab3-trn01";0.063640;354935.008537;"0.004009999";"win32";"194.116.85.237";"bittorrent";1340035556;49490.115650;-1.000000;"7989d7c5-459e-4910-93c2-ffd113604f5d";3269;"13";"Taranto";18;6;2012;0;18;"20120618"
"195.110.137.171";"IT";12.483300;41.900000;"AS5396 MC-link Spa";"mlab3-trn01";0.036190;642624.455952;"0.004012999";"darwin";"194.116.85.237";"speedtest";1340035809;32989.289626;0.126777;"2d27e34d-ed0a-4c70-8dc2-070f5a0499a1";5396;"07";"Rome";18;6;2012;0;18;"20120618"
"2.227.55.184";"IT";12.500000;41.666700;"AS12874 Fastweb SpA";"mlab3-trn01";0.038495;833723.793300;"0.004012999";"linux2";"194.116.85.237";"speedtest";1340035981;107929.158019;0.041583;"202944e6-094c-4bb9-86da-7234fa3c010e";12874;"07";"Pomezia";18;6;2012;0;18;"20120618"
"95.229.187.136";"IT";12.833300;42.833300;"AS3269 Telecom Italia S.p.a.";"mlab3-trn01";0.044289;798246.145452;"0.004012999";"win32";"194.116.85.237";"speedtest";1340036061;75925.344473;0.047945;"a4010725-b228-4400-bd21-b9e05989bafb";3269;"";"";18;6;2012;0;18;"20120618"
"151.64.147.108";"IT";9.187800;45.461200;"AS1267 WIND Telecomunicazioni S.p.A.";"mlab3-trn01";0.018573;320677.507713;"0.004012999";"darwin";"194.116.85.237";"speedtest";1340036149;66050.654327;0.023111;"e10426cb-5035-441b-b484-603a906f7b30";1267;"09";"Milan";18;6;2012;0;18;"20120618"
"87.4.74.136";"IT";8.850000;44.716700;"AS3269 Telecom Italia S.p.a.";"mlab3-trn01";0.065209;61714.249242;"0.004012999";"win32";"194.116.85.237";"speedtest";1340036243;26788.074318;0.070324;"d8a56420-51dd-4f7f-811c-30fa9ca36858";3269;"12";"Serravalle Scrivia";18;6;2012;0;18;"20120618"
"85.18.28.68";"IT";12.833300;42.833300;"AS12874 Fastweb SpA";"mlab3-trn01";0.017873;83972.092322;"0.004009999";"win32";"194.116.85.237";"bittorrent";1340036310;119767.804647;-1.000000;"209e0493-6ac3-47f4-8a7e-513e3ce88ea8";12874;"";"";18;6;2012;0;18;"20120618"
"94.33.1.179";"IT";9.216700;45.550000;"AS8612 Tiscali Italia S.P.A.";"mlab3-trn01";0.029577;1054019.990340;"0.004012999";"linux2";"194.116.85.237";"speedtest";1340036616;94966.217537;0.031410;"c8e22a26-c7da-46ee-8473-787638c3fd84";8612;"09";"Cinisello Balsamo";18;6;2012;0;18;"20120618"
"151.84.8.247";"IT";12.833300;42.833300;"AS1267 WIND Telecomunicazioni S.p.A.";"mlab3-trn01";0.011852;659498.588679;"0.004012999";"win32";"194.116.85.237";"bittorrent";1340036700;67453.923854;-1.000000;"b353b7de-8e59-4c6c-bafb-ad7b97cd805a";1267;"";"";18;6;2012;0;18;"20120618"
"188.216.124.199";"IT";7.666700;45.050000;"AS30722 Vodafone Omnitel N.V.";"mlab3-trn01";0.042392;789459.657098;"0.004012999";"darwin";"194.116.85.237";"speedtest";1340036972;65431.451652;0.049998;"821aa4b7-0495-4899-9210-11d94170a73b";30722;"12";"Torino";18;6;2012;0;18;"20120618"
"85.18.29.42";"IT";9.200000;45.466700;"AS12874 Fastweb SpA";"mlab3-trn01";0.006995;1148927.815131;"0.004012999";"darwin";"194.116.85.237";"bittorrent";1340037022;1187900.341566;-1.000000;"2c46fdf6-7306-4016-9a75-e529fa590549";12874;"09";"Milan";18;6;2012;0;18;"20120618"
"188.10.100.91";"IT";9.116700;45.683300;"AS3269 Telecom Italia S.p.a.";"mlab3-trn01";0.042334;836795.202765;"0.004012999";"win32";"194.116.85.237";"bittorrent";1340037107;50209.063714;-1.000000;"a0bc9ac6-3c40-4f42-be91-07152ae8b8fb";3269;"09";"Lentate Sul Seveso";18;6;2012;0;18;"20120618"
"93.50.201.172";"IT";7.666700;45.050000;"AS12874 Fastweb SpA";"mlab3-trn01";0.018932;758542.131656;"0.004012999";"win32";"194.116.85.237";"speedtest";1340037625;278257.600916;0.020992;"82d7cd8b-95b2-4fb4-be64-f55010d39d3e";12874;"12";"Torino";18;6;2012;0;18;"20120618"
"85.18.28.68";"IT";12.833300;42.833300;"AS12874 Fastweb SpA";"mlab3-trn01";0.016372;133173.573197;"0.004009999";"win32";"194.116.85.237";"speedtest";1340038028;152313.994689;0.018359;"209e0493-6ac3-47f4-8a7e-513e3ce88ea8";12874;"";"";18;6;2012;0;18;"20120618"
"151.25.149.199";"IT";13.250000;41.700000;"AS1267 WIND Telecomunicazioni S.p.A.";"mlab3-trn01";0.023447;1906348.591382;"0.004012999";"darwin";"194.116.85.237";"bittorrent";1340037780;105199.531003;-1.000000;"2db37ed2-fec6-4c7a-947f-fbfa8575dbeb";1267;"07";"Ferentino";18;6;2012;0;18;"20120618"
"188.11.197.8";"IT";12.483300;41.900000;"AS3269 Telecom Italia S.p.a.";"mlab3-trn01";0.037875;1293216.051870;"0.004012999";"darwin";"194.116.85.237";"speedtest";1340037896;89680.617318;0.041942;"c671e4d7-9027-4ae8-9058-ad41f0746af0";3269;"07";"Rome";18;6;2012;0;18;"20120618"
"95.237.222.196";"IT";7.666700;45.050000;"AS3269 Telecom Italia S.p.a.";"mlab3-trn01";0.040951;136167.275485;"0.004012999";"win32";"194.116.85.237";"bittorrent";1340038040;48121.190560;-1.000000;"47bce1bd-51cc-4815-b6db-71ab66220dd6";3269;"12";"Torino";18;6;2012;0;18;"20120618"
"109.234.63.11";"IT";12.833300;42.833300;"AS43989 Ehinet Srl";"mlab3-trn01";0.046699;274835.545239;"0.004009999";"win32";"194.116.85.237";"bittorrent";1340038206;21920.834067;-1.000000;"5d6312ec-b414-42e6-8e89-702c7b4fd5e8";43989;"";"";18;6;2012;0;18;"20120618"
"147.162.42.20";"IT";11.883300;45.416700;"AS137 GARR Italian academic and research network";"mlab3-trn01";0.010369;8928837.540229;"0.004010999";"linux2";"194.116.85.237";"bittorrent";1340038262;9033920.057088;-1.000000;"727d6a40-2b78-4641-8061-04b6a384e6a6";137;"20";"Padova";18;6;2012;0;18;"20120618"
"94.36.33.130";"IT";8.950000;44.416700;"AS8612 Tiscali Italia S.P.A.";"mlab3-trn01";0.027699;862059.556421;"0.004012999";"darwin";"194.116.85.237";"bittorrent";1340038272;52238.234524;-1.000000;"894fe1ee-9250-416a-98be-74dd024aea06";8612;"08";"Genova";18;6;2012;0;18;"20120618"
"31.185.19.156";"IT";12.566700;43.050000;"AS47187 Forinicom S.r.l.";"mlab3-trn01";0.042674;47794.246635;"0.004012999";"win32";"194.116.85.237";"bittorrent";1340038373;38132.918057;-1.000000;"2a30a2a8-273c-4b16-9671-803dc3d96492";47187;"18";"Santa Maria Degli Angeli";18;6;2012;0;18;"20120618"
"188.216.124.199";"IT";7.666700;45.050000;"AS30722 Vodafone Omnitel N.V.";"mlab3-trn01";0.046194;841255.776301;"0.004012999";"darwin";"194.116.85.237";"bittorrent";1340038385;65053.610725;-1.000000;"821aa4b7-0495-4899-9210-11d94170a73b";30722;"12";"Torino";18;6;2012;0;18;"20120618"
"85.18.29.42";"IT";9.200000;45.466700;"AS12874 Fastweb SpA";"mlab3-trn01";0.006350;1161183.819580;"0.004012999";"darwin";"194.116.85.237";"speedtest";1340038542;1167570.396810;0.007728;"2c46fdf6-7306-4016-9a75-e529fa590549";12874;"09";"Milan";18;6;2012;0;18;"20120618"
"151.73.33.145";"IT";14.566700;40.733300;"AS1267 WIND Telecomunicazioni S.p.A.";"mlab3-trn01";0.033262;38116.572578;"0.004009999";"win32";"194.116.85.237";"bittorrent";1340038548;52585.289871;-1.000000;"23d04e8c-1632-480a-8b47-f5057b877ee1";1267;"04";"Angri";18;6;2012;0;18;"20120618"
"217.133.46.117";"IT";11.316700;43.583300;"AS8612 Tiscali Italia S.P.A.";"mlab3-trn01";0.030300;1687820.201569;"0.004012999";"win32";"194.116.85.237";"bittorrent";1340038553;105780.314538;-1.000000;"2765e625-af97-4607-9fbe-b7195291ba59";8612;"16";"Greve";18;6;2012;0;18;"20120618"
"188.152.94.198";"IT";12.833300;42.833300;"AS44957 Vodafone Omnitel N.V.";"mlab3-trn01";0.047740;920206.495855;"0.004012999";"linux2";"194.116.85.237";"bittorrent";1340038613;46769.186597;-1.000000;"b6f7bc90-fab9-4db0-af8a-1737ebd554f1";44957;"";"";18;6;2012;0;18;"20120618"
"81.174.11.50";"IT";8.650000;45.850000;"AS35612 NGI Spa";"mlab3-trn01";0.058823;184938.379793;"0.004012999";"darwin";"194.116.85.237";"speedtest";1340038614;50608.584348;0.068517;"04eb82ec-76b3-4615-b25a-7c0279090671";35612;"09";"Besozzo";18;6;2012;0;18;"20120618"
"151.64.147.108";"IT";9.187800;45.461200;"AS1267 WIND Telecomunicazioni S.p.A.";"mlab3-trn01";0.015309;911658.385049;"0.004012999";"darwin";"194.116.85.237";"speedtest";1340038952;67164.463420;0.019387;"e10426cb-5035-441b-b484-603a906f7b30";1267;"09";"Milan";19;6;2012;0;18;"20120618"
"130.192.91.211";"IT";7.666700;45.050000;"AS137 GARR Italian academic and research network";"mlab3-trn01";0.002946;11198370.261800;"0.004012999";"linux2";"194.116.85.237";"speedtest";1340039416;1325473.281790;0.005784;"91708cf1-7028-4b58-9520-faea0010494c";137;"12";"Torino";19;6;2012;0;18;"20120618"
"188.11.197.8";"IT";12.483300;41.900000;"AS3269 Telecom Italia S.p.a.";"mlab3-trn01";0.037941;1270963.861620;"0.004012999";"darwin";"194.116.85.237";"bittorrent";1340039446;85642.312083;-1.000000;"c671e4d7-9027-4ae8-9058-ad41f0746af0";3269;"07";"Rome";19;6;2012;0;18;"20120618"
"188.218.203.155";"IT";18.166700;40.300000;"AS30722 Vodafone Omnitel N.V.";"mlab3-trn01";0.074236;595328.462920;"0.004009999";"win32";"194.116.85.237";"speedtest";1340039997;56065.309424;0.066770;"1a885600-ab28-499c-8adf-fb4b2b758c63";30722;"13";"San Cesario";19;6;2012;0;18;"20120618"
"94.36.33.130";"IT";8.950000;44.416700;"AS8612 Tiscali Italia S.P.A.";"mlab3-trn01";0.026830;835877.001526;"0.004012999";"darwin";"194.116.85.237";"speedtest";1340039714;51878.084379;0.031900;"894fe1ee-9250-416a-98be-74dd024aea06";8612;"08";"Genova";19;6;2012;0;18;"20120618"
"188.216.124.199";"IT";7.666700;45.050000;"AS30722 Vodafone Omnitel N.V.";"mlab3-trn01";0.043339;793159.440511;"0.004012999";"darwin";"194.116.85.237";"speedtest";1340039792;63676.092448;0.050528;"821aa4b7-0495-4899-9210-11d94170a73b";30722;"12";"Torino";19;6;2012;0;18;"20120618"
"85.18.29.42";"IT";9.200000;45.466700;"AS12874 Fastweb SpA";"mlab3-trn01";0.006103;1152871.124448;"0.004012999";"darwin";"194.116.85.237";"bittorrent";1340040062;1176220.263593;-1.000000;"2c46fdf6-7306-4016-9a75-e529fa590549";12874;"09";"Milan";19;6;2012;0;18;"20120618"
"62.98.65.177";"IT";14.250000;40.833300;"AS1267 WIND Telecomunicazioni S.p.A.";"mlab3-trn01";0.069965;421488.523660;"0.004012999";"win32";"194.116.85.237";"bittorrent";1340040214;41335.049694;-1.000000;"2d006d8d-7c04-46bb-b056-798468ee365e";1267;"04";"Napoli";19;6;2012;0;18;"20120618"
"188.10.100.91";"IT";9.116700;45.683300;"AS3269 Telecom Italia S.p.a.";"mlab3-trn01";0.040762;834874.752240;"0.004012999";"win32";"194.116.85.237";"bittorrent";1340040354;50140.156479;-1.000000;"a0bc9ac6-3c40-4f42-be91-07152ae8b8fb";3269;"09";"Lentate Sul Seveso";19;6;2012;0;18;"20120618"
"79.13.203.101";"IT";10.100000;44.083300;"AS3269 Telecom Italia S.p.a.";"mlab3-trn01";0.044379;762936.327224;"0.004009999";"win32";"194.116.85.237";"bittorrent";1340040609;49714.546766;-1.000000;"ae73866b-a211-42d8-b6f2-d31777806a2e";3269;"16";"Carrara";19;6;2012;0;18;"20120618"
"151.64.56.23";"IT";9.116700;45.683300;"AS1267 WIND Telecomunicazioni S.p.A.";"mlab3-trn01";0.018946;696338.402937;"0.004012999";"linux2";"194.116.85.237";"bittorrent";1340040673;22300.107435;-1.000000;"122a0eee-5444-44b6-9181-38ffae82c977";1267;"09";"Lentate Sul Seveso";19;6;2012;0;18;"20120618"
"188.216.183.24";"IT";12.833300;42.833300;"AS30722 Vodafone Omnitel N.V.";"mlab3-trn01";0.052317;807754.050836;"0.004012999";"darwin";"194.116.85.237";"speedtest";1340040826;65289.652575;0.058201;"eb287f52-d429-4a32-aa75-ba1fd1cf87d2";30722;"";"";19;6;2012;0;18;"20120618"
"151.65.12.225";"IT";10.250000;45.550000;"AS1267 WIND Telecomunicazioni S.p.A.";"mlab3-trn01";0.021817;513925.052984;"0.004012999";"win32";"194.116.85.237";"bittorrent";1340040929;103536.366202;-1.000000;"a5016d11-f6c1-4d6d-a30f-48088faa5e70";1267;"09";"Brescia";19;6;2012;0;18;"20120618"
"2.36.37.80";"IT";7.666700;45.050000;"AS30722 Vodafone Omnitel N.V.";"mlab3-trn01";0.041275;876199.916239;"0.004012999";"win32";"194.116.85.237";"bittorrent";1340041132;54478.497163;-1.000000;"dd1eb1c2-416e-467c-b945-ec64ed841caa";30722;"12";"Torino";19;6;2012;0;18;"20120618"
"147.162.42.20";"IT";11.883300;45.416700;"AS137 GARR Italian academic and research network";"mlab3-trn01";0.010171;9245778.349970;"0.004010999";"linux2";"194.116.85.237";"bittorrent";1340041135;8781326.924315;-1.000000;"727d6a40-2b78-4641-8061-04b6a384e6a6";137;"20";"Padova";19;6;2012;0;18;"20120618"
"94.36.33.130";"IT";8.950000;44.416700;"AS8612 Tiscali Italia S.P.A.";"mlab3-trn01";0.029005;861833.485134;"0.004012999";"darwin";"194.116.85.237";"bittorrent";1340041164;51867.886103;-1.000000;"894fe1ee-9250-416a-98be-74dd024aea06";8612;"08";"Genova";19;6;2012;0;18;"20120618"
"93.62.242.110";"IT";12.029400;45.421400;"AS12874 Fastweb SpA";"mlab3-trn01";0.015081;437061.095301;"0.004012999";"darwin";"194.116.85.237";"bittorrent";1340041311;433066.498033;-1.000000;"9905faad-2379-4ce5-bea7-d26dfd5ef167";12874;"20";"Fiesso D'artico";19;6;2012;0;18;"20120618"
"78.14.224.92";"IT";9.116700;45.766700;"AS8612 Tiscali Italia S.P.A.";"mlab3-trn01";0.035839;492371.256424;"0.004012999";"darwin";"194.116.85.237";"speedtest";1340041324;26908.924034;0.039889;"39792736-bd8b-4a56-942d-1cc983336add";8612;"09";"Lurago D'erba";19;6;2012;0;18;"20120618"
"78.13.176.56";"IT";11.250000;43.766700;"AS8612 Tiscali Italia S.P.A.";"mlab3-trn01";0.107339;635085.049060;"0.004012999";"darwin";"194.116.85.237";"bittorrent";1340041397;40420.007883;-1.000000;"5f59af2e-2b13-403e-ba8c-0801e50c8913";8612;"16";"Florence";19;6;2012;0;18;"20120618"
"2.40.143.189";"IT";13.450000;43.300000;"AS30722 Vodafone Omnitel N.V.";"mlab3-trn01";0.086180;10932.040321;"0.004012999";"darwin";"194.116.85.237";"bittorrent";1340041576;6476.802238;-1.000000;"3316da08-88a1-4b42-99ea-92218bc666a8";30722;"10";"Macerata";19;6;2012;0;18;"20120618"
"93.34.128.182";"IT";9.200000;45.466700;"AS12874 Fastweb SpA";"mlab3-trn01";0.006868;1154898.219650;"0.004008999";"linux2";"194.116.85.237";"speedtest";1340041714;1160510.368660;0.010048;"3a436766-5606-4f4e-98ae-e6e71385d6fd";12874;"09";"Milan";19;6;2012;0;18;"20120618"
"79.30.49.39";"IT";8.950000;44.416700;"AS3269 Telecom Italia S.p.a.";"mlab3-trn01";0.071751;67860.183419;"0.004012999";"win32";"194.116.85.237";"speedtest";1340041828;17625.086400;0.085495;"14b0478f-78ea-46ec-8409-548af450a827";3269;"08";"Genova";19;6;2012;0;18;"20120618"
"93.66.116.63";"IT";12.833300;42.833300;"AS30722 Vodafone Omnitel N.V.";"mlab3-trn01";0.048878;251238.628689;"0.004012999";"darwin";"194.116.85.237";"bittorrent";1340041873;61294.874127;-1.000000;"e03eb71c-5d1f-41bc-9e20-cd6dfc7634e9";30722;"";"";19;6;2012;0;18;"20120618"
"79.20.70.163";"IT";8.066600;45.572300;"AS3269 Telecom Italia S.p.a.";"mlab3-trn01";0.044358;840649.435890;"0.004012999";"darwin";"194.116.85.237";"bittorrent";1340041894;38187.852962;-1.000000;"432d3481-f83e-450d-b373-e60ae5f17efe";3269;"12";"Biella";19;6;2012;0;18;"20120618"
"88.47.41.57";"IT";12.833300;42.833300;"AS3269 Telecom Italia S.p.a.";"mlab3-trn01";0.045701;466361.096587;"0.004012999";"win32";"194.116.85.237";"speedtest";1340041983;47022.100296;0.051245;"ec2e71be-f555-4dee-b674-bc8e80a61d77";3269;"";"";19;6;2012;0;18;"20120618"
"93.35.208.89";"IT";9.366700;45.850000;"AS12874 Fastweb SpA";"mlab3-trn01";0.029980;820831.603761;"0.004011999";"win32";"194.116.85.237";"speedtest";1340041953;29212.163764;0.033799;"9a8fa0ab-ee51-4da8-b32c-4f50bc470f20";12874;"09";"Malgrate";19;6;2012;0;18;"20120618"
"95.236.109.240";"IT";11.133300;46.066700;"AS3269 Telecom Italia S.p.a.";"mlab3-trn01";0.034396;1239399.610351;"0.004012999";"darwin";"194.116.85.237";"bittorrent";1340042051;125026.931329;-1.000000;"3a2b787f-c941-4b74-b356-2363c9904a6c";3269;"17";"Trento";19;6;2012;0;18;"20120618"
"188.152.109.177";"IT";7.666700;45.050000;"AS44957 Vodafone Omnitel N.V.";"mlab3-trn01";0.049345;492409.405128;"0.004012999";"darwin";"194.116.85.237";"bittorrent";1340042085;50290.134064;-1.000000;"fd2cba45-5000-4263-b0bc-8c4a654ac411";44957;"12";"Torino";19;6;2012;0;18;"20120618"
"151.65.186.18";"IT";10.250000;45.550000;"AS1267 WIND Telecomunicazioni S.p.A.";"mlab3-trn01";0.025326;32382.070838;"0.004012999";"win32";"194.116.85.237";"speedtest";1340042533;68459.299843;0.033083;"a5016d11-f6c1-4d6d-a30f-48088faa5e70";1267;"09";"Brescia";20;6;2012;0;18;"20120618"
"79.20.199.38";"IT";8.250000;44.133300;"AS3269 Telecom Italia S.p.a.";"mlab3-trn01";0.050400;454797.742005;"0.004012999";"darwin";"194.116.85.237";"speedtest";1340042498;48862.511023;0.056678;"a55fc3a4-6716-42c1-ba71-2271ab7783ac";3269;"08";"Loano";20;6;2012;0;18;"20120618"
"109.234.63.11";"IT";12.833300;42.833300;"AS43989 Ehinet Srl";"mlab3-trn01";0.047986;387761.558156;"0.004009999";"win32";"194.116.85.237";"speedtest";1340042517;31716.691500;0.030490;"5d6312ec-b414-42e6-8e89-702c7b4fd5e8";43989;"";"";20;6;2012;0;18;"20120618"
"2.36.37.80";"IT";7.666700;45.050000;"AS30722 Vodafone Omnitel N.V.";"mlab3-trn01";0.040797;829891.953238;"0.004012999";"win32";"194.116.85.237";"speedtest";1340042558;32585.803689;0.046901;"dd1eb1c2-416e-467c-b945-ec64ed841caa";30722;"12";"Torino";20;6;2012;0;18;"20120618"
"147.162.42.20";"IT";11.883300;45.416700;"AS137 GARR Italian academic and research network";"mlab3-trn01";0.010017;8820880.338740;"0.004010999";"linux2";"194.116.85.237";"speedtest";1340042572;8338518.365500;0.011734;"727d6a40-2b78-4641-8061-04b6a384e6a6";137;"20";"Padova";20;6;2012;0;18;"20120618"
"93.36.123.23";"IT";9.300000;45.616700;"AS12874 Fastweb SpA";"mlab3-trn01";0.011787;655625.899742;"0.004012999";"darwin";"194.116.85.237";"bittorrent";1340042664;15347.584430;-1.000000;"1ac06ae7-306c-4ad7-a420-41b7f457fa4e";12874;"09";"Villasanta";20;6;2012;0;18;"20120618"
"84.221.231.178";"IT";7.666700;45.050000;"AS8612 Tiscali Italia S.P.A.";"mlab3-trn01";0.024215;1989852.168958;"0.004012999";"darwin";"194.116.85.237";"bittorrent";1340042823;105055.183542;-1.000000;"7e3598a2-40f8-4213-beaa-47abf033b292";8612;"12";"Torino";20;6;2012;0;18;"20120618"
"151.49.229.123";"IT";13.780000;45.648600;"AS1267 WIND Telecomunicazioni S.p.A.";"mlab3-trn01";0.028541;98428.610202;"0.004011999";"linux2";"194.116.85.237";"bittorrent";1340043194;53335.843346;-1.000000;"db4c1f00-a6b9-40ad-b36d-a2fad669a491";1267;"06";"Trieste";20;6;2012;0;18;"20120618"
"149.132.117.110";"IT";9.200000;45.466700;"AS137 GARR Italian academic and research network";"mlab3-trn01";0.004877;10826152.769500;"0.004012999";"darwin";"194.116.85.237";"speedtest";1340043352;11171712.222800;0.006234;"c9d3d685-6087-4faf-a87c-eb1dfaa2b53c";137;"18";"Milan";20;6;2012;0;18;"20120618"
"84.222.108.196";"IT";11.866700;44.583300;"AS8612 Tiscali Italia S.P.A.";"mlab3-trn01";0.056581;348968.377593;"0.004012999";"darwin";"194.116.85.237";"bittorrent";1340043407;43896.228614;-1.000000;"8c002889-ba22-4c1b-a026-e262143a9d1d";8612;"05";"San Biagio";20;6;2012;0;18;"20120618"
"93.66.116.63";"IT";12.833300;42.833300;"AS30722 Vodafone Omnitel N.V.";"mlab3-trn01";0.051121;244397.289807;"0.004012999";"darwin";"194.116.85.237";"speedtest";1340043457;62302.440849;0.054233;"e03eb71c-5d1f-41bc-9e20-cd6dfc7634e9";30722;"";"";20;6;2012;0;18;"20120618"
"95.236.109.240";"IT";11.133300;46.066700;"AS3269 Telecom Italia S.p.a.";"mlab3-trn01";0.035201;1159921.734750;"0.004012999";"darwin";"194.116.85.237";"speedtest";1340043496;101643.128815;0.039711;"3a2b787f-c941-4b74-b356-2363c9904a6c";3269;"17";"Trento";20;6;2012;0;18;"20120618"
"2.230.212.185";"IT";7.666700;45.050000;"AS12874 Fastweb SpA";"mlab3-trn01";0.019530;659461.629347;"0.004012999";"win32";"194.116.85.237";"bittorrent";1340043538;1039591.280556;-1.000000;"93a97de3-c431-4df5-a005-ea55834352bd";12874;"12";"Torino";20;6;2012;0;18;"20120618"
"130.192.91.211";"IT";7.666700;45.050000;"AS137 GARR Italian academic and research network";"mlab3-trn01";0.002280;11747005.468484;"0.004012999";"linux2";"194.116.85.237";"bittorrent";1340043722;11766168.425879;-1.000000;"91708cf1-7028-4b58-9520-faea0010494c";137;"12";"Torino";20;6;2012;0;18;"20120618"
"109.234.63.11";"IT";12.833300;42.833300;"AS43989 Ehinet Srl";"mlab3-trn01";0.043076;412710.849555;"0.004009999";"win32";"194.116.85.237";"bittorrent";1340043946;12783.256282;-1.000000;"5d6312ec-b414-42e6-8e89-702c7b4fd5e8";43989;"";"";20;6;2012;0;18;"20120618"
"81.174.47.101";"IT";12.833300;42.833300;"AS35612 NGI Spa";"mlab3-trn01";0.014967;1217001.387440;"0.004012999";"darwin";"194.116.85.237";"speedtest";1340043957;112935.040980;0.019620;"59a9e8e1-3618-48e2-adea-6559f48400b8";35612;"";"";20;6;2012;0;18;"20120618"
"94.36.33.130";"IT";8.950000;44.416700;"AS8612 Tiscali Italia S.P.A.";"mlab3-trn01";0.025754;856295.505698;"0.004012999";"darwin";"194.116.85.237";"bittorrent";1340044057;52366.216153;-1.000000;"894fe1ee-9250-416a-98be-74dd024aea06";8612;"08";"Genova";20;6;2012;0;18;"20120618"
"31.185.19.156";"IT";12.566700;43.050000;"AS47187 Forinicom S.r.l.";"mlab3-trn01";0.042609;47544.879681;"0.004012999";"win32";"194.116.85.237";"bittorrent";1340044057;48042.006784;-1.000000;"2a30a2a8-273c-4b16-9671-803dc3d96492";47187;"18";"Santa Maria Degli Angeli";20;6;2012;0;18;"20120618"
"81.174.37.39";"IT";9.200000;45.466700;"AS35612 NGI Spa";"mlab3-trn01";0.077410;557194.868104;"0.004012999";"darwin";"194.116.85.237";"speedtest";1340044127;121083.615800;0.047152;"40b77977-9095-4ac0-82ab-5053c835779f";35612;"09";"Milan";20;6;2012;0;18;"20120618"
"217.133.46.117";"IT";11.316700;43.583300;"AS8612 Tiscali Italia S.P.A.";"mlab3-trn01";0.029211;1688661.930176;"0.004012999";"win32";"194.116.85.237";"bittorrent";1340044310;90202.320643;-1.000000;"2765e625-af97-4607-9fbe-b7195291ba59";8612;"16";"Greve";20;6;2012;0;18;"20120618"
"93.37.201.95";"IT";11.540300;45.545900;"AS12874 Fastweb SpA";"mlab3-trn01";0.016233;649409.793206;"0.004009999";"win32";"194.116.85.237";"speedtest";1340044509;58362.546785;0.024972;"f694efd4-f67c-4411-8e45-1c801f5c4061";12874;"20";"Vicenza";20;6;2012;0;18;"20120618"
"83.211.172.129";"IT";13.566700;42.583300;"AS15589 Clouditalia Communications S.p.A.";"mlab3-trn01";0.039887;272429.092331;"0.004012999";"win32";"194.116.85.237";"speedtest";1340044770;30991.919975;0.034888;"b6e23738-aa63-4482-8754-26d879467631";15589;"01";"Altavilla";20;6;2012;0;18;"20120618"
"2.225.128.51";"IT";7.666700;45.050000;"AS12874 Fastweb SpA";"mlab3-trn01";0.027680;436345.771210;"0.004012999";"darwin";"194.116.85.237";"bittorrent";1340044926;61755.731751;-1.000000;"28ba3b2e-cd9a-4c00-8b29-33e0cfe5c596";12874;"12";"Torino";20;6;2012;0;18;"20120618"
"151.65.186.18";"IT";10.250000;45.550000;"AS1267 WIND Telecomunicazioni S.p.A.";"mlab3-trn01";0.035389;581190.800553;"0.004012999";"win32";"194.116.85.237";"speedtest";1340045430;65767.072481;0.030097;"a5016d11-f6c1-4d6d-a30f-48088faa5e70";1267;"09";"Brescia";20;6;2012;0;18;"20120618"
"81.174.47.101";"IT";12.833300;42.833300;"AS35612 NGI Spa";"mlab3-trn01";0.014265;534550.574426;"0.004012999";"darwin";"194.116.85.237";"bittorrent";1340045572;83698.530988;-1.000000;"59a9e8e1-3618-48e2-adea-6559f48400b8";35612;"";"";20;6;2012;0;18;"20120618"
"95.237.222.196";"IT";7.666700;45.050000;"AS3269 Telecom Italia S.p.a.";"mlab3-trn01";0.042620;364189.744270;"0.004012999";"win32";"194.116.85.237";"speedtest";1340045621;48943.301521;0.046677;"47bce1bd-51cc-4815-b6db-71ab66220dd6";3269;"12";"Torino";20;6;2012;0;18;"20120618"
"93.36.123.23";"IT";9.300000;45.616700;"AS12874 Fastweb SpA";"mlab3-trn01";0.011481;655650.906664;"0.004012999";"darwin";"194.116.85.237";"bittorrent";1340045657;59575.787963;-1.000000;"1ac06ae7-306c-4ad7-a420-41b7f457fa4e";12874;"09";"Villasanta";20;6;2012;0;18;"20120618"
"151.33.118.238";"IT";7.516700;45.066700;"AS1267 WIND Telecomunicazioni S.p.A.";"mlab3-trn01";0.109092;396033.511543;"0.004011999";"win32";"194.116.85.237";"speedtest";1340045832;53203.352511;0.016082;"d9b73a6d-f8f5-4b51-ad98-19348e823a58";1267;"12";"Rivoli";20;6;2012;0;18;"20120618"
"2.227.117.130";"IT";12.833300;42.833300;"AS12874 Fastweb SpA";"mlab3-trn01";0.066834;597948.646374;"0.004012999";"win32";"194.116.85.237";"speedtest";1340045929;56771.095225;0.070838;"5153657e-8b21-4e60-a99c-70ba473d51de";12874;"";"";20;6;2012;0;18;"20120618"
"151.66.214.95";"IT";12.833300;42.833300;"AS1267 WIND Telecomunicazioni S.p.A.";"mlab3-trn01";0.023498;221895.931644;"0.004012999";"darwin";"194.116.85.237";"bittorrent";1340046032;53648.937251;-1.000000;"c68a8737-d4bf-4091-a499-f0a98b3059f8";1267;"";"";21;6;2012;0;18;"20120618"
"93.32.51.187";"IT";9.200000;45.466700;"AS12874 Fastweb SpA";"mlab3-trn01";0.014566;803961.522276;"0.004012999";"darwin";"194.116.85.237";"speedtest";1340046265;976642.653638;0.019361;"02b45d50-da10-46a8-baa8-1a137c9ecf76";12874;"09";"Milan";21;6;2012;0;18;"20120618"
"93.35.236.92";"IT";9.233300;45.683300;"AS12874 Fastweb SpA";"mlab3-trn01";0.036295;225344.181271;"0.004011999";"win32";"194.116.85.237";"bittorrent";1340046348;48560.657289;-1.000000;"9a8fa0ab-ee51-4da8-b32c-4f50bc470f20";12874;"09";"Carate Brianza";21;6;2012;0;18;"20120618"
"195.110.137.171";"IT";12.483300;41.900000;"AS5396 MC-link Spa";"mlab3-trn01";0.036548;109600.896565;"0.004012999";"darwin";"194.116.85.237";"bittorrent";1340046385;33062.114110;-1.000000;"2d27e34d-ed0a-4c70-8dc2-070f5a0499a1";5396;"07";"Rome";21;6;2012;0;18;"20120618"
"95.252.40.120";"IT";9.466700;45.683300;"AS3269 Telecom Italia S.p.a.";"mlab3-trn01";0.037407;776782.237408;"0.004012999";"linux2";"194.116.85.237";"speedtest";1340046402;50207.657981;0.041037;"a4fb4910-ec49-4ae0-91f7-a2e3e4aa9e45";3269;"09";"Calusco D'adda";21;6;2012;0;18;"20120618"
"79.41.215.191";"IT";7.666700;45.050000;"AS3269 Telecom Italia S.p.a.";"mlab3-trn01";0.043463;241603.926322;"0.004012999";"darwin";"194.116.85.237";"speedtest";1340046452;36624.166125;0.051915;"54b1973f-e000-498d-8aee-038597e2696e";3269;"12";"Torino";21;6;2012;0;18;"20120618"
"130.192.91.211";"IT";7.666700;45.050000;"AS137 GARR Italian academic and research network";"mlab3-trn01";0.002187;11735666.843921;"0.004012999";"linux2";"194.116.85.237";"bittorrent";1340046590;11765382.345454;-1.000000;"91708cf1-7028-4b58-9520-faea0010494c";137;"12";"Torino";21;6;2012;0;18;"20120618"
"87.11.255.90";"IT";17.229700;40.476100;"AS3269 Telecom Italia S.p.a.";"mlab3-trn01";0.065902;684856.879994;"0.004009999";"win32";"194.116.85.237";"speedtest";1340046580;49604.956815;0.071436;"7989d7c5-459e-4910-93c2-ffd113604f5d";3269;"13";"Taranto";21;6;2012;0;18;"20120618"
"149.132.117.110";"IT";9.200000;45.466700;"AS137 GARR Italian academic and research network";"mlab3-trn01";0.004603;10683172.603400;"0.004012999";"darwin";"194.116.85.237";"speedtest";1340046795;11191291.270600;0.006240;"c9d3d685-6087-4faf-a87c-eb1dfaa2b53c";137;"18";"Milan";21;6;2012;0;18;"20120618"
"188.216.124.199";"IT";7.666700;45.050000;"AS30722 Vodafone Omnitel N.V.";"mlab3-trn01";0.118085;843703.448784;"0.004012999";"darwin";"194.116.85.237";"bittorrent";1340046841;64611.225716;-1.000000;"821aa4b7-0495-4899-9210-11d94170a73b";30722;"12";"Torino";21;6;2012;0;18;"20120618"
"147.162.42.20";"IT";11.883300;45.416700;"AS137 GARR Italian academic and research network";"mlab3-trn01";0.010255;8971299.099703;"0.004010999";"linux2";"194.116.85.237";"bittorrent";1340046883;9060613.553290;-1.000000;"727d6a40-2b78-4641-8061-04b6a384e6a6";137;"20";"Padova";21;6;2012;0;18;"20120618"
"31.185.19.156";"IT";12.566700;43.050000;"AS47187 Forinicom S.r.l.";"mlab3-trn01";0.037606;47607.622438;"0.004012999";"win32";"194.116.85.237";"bittorrent";1340046896;47913.025912;-1.000000;"2a30a2a8-273c-4b16-9671-803dc3d96492";47187;"18";"Santa Maria Degli Angeli";21;6;2012;0;18;"20120618"
"81.174.37.39";"IT";9.200000;45.466700;"AS35612 NGI Spa";"mlab3-trn01";0.063929;560441.971833;"0.004012999";"darwin";"194.116.85.237";"speedtest";1340047101;124986.430808;0.064477;"40b77977-9095-4ac0-82ab-5053c835779f";35612;"09";"Milan";21;6;2012;0;18;"20120618"
"95.237.222.196";"IT";7.666700;45.050000;"AS3269 Telecom Italia S.p.a.";"mlab3-trn01";0.041594;381176.885902;"0.004012999";"win32";"194.116.85.237";"bittorrent";1340047169;48054.032403;-1.000000;"47bce1bd-51cc-4815-b6db-71ab66220dd6";3269;"12";"Torino";21;6;2012;0;18;"20120618"
"79.0.144.41";"IT";10.233300;45.650000;"AS3269 Telecom Italia S.p.a.";"mlab3-trn01";0.060338;539458.951885;"0.004009999";"win32";"194.116.85.237";"bittorrent";1340047190;9468.480803;-1.000000;"6cb01856-9933-4988-87fe-32c12ca4ed72";3269;"09";"Pieve";21;6;2012;0;18;"20120618"
"151.32.246.63";"IT";7.666700;45.050000;"AS1267 WIND Telecomunicazioni S.p.A.";"mlab3-trn01";0.014658;26224.289458;"0.004012999";"win32";"194.116.85.237";"speedtest";1340047454;104232.426782;0.017715;"f9c418c2-bbb0-418e-9243-e47b6ed54170";1267;"12";"Torino";21;6;2012;0;18;"20120618"
"62.98.65.177";"IT";14.250000;40.833300;"AS1267 WIND Telecomunicazioni S.p.A.";"mlab3-trn01";0.033692;35233.524577;"0.004012999";"win32";"194.116.85.237";"speedtest";1340047543;40484.953265;0.047132;"2d006d8d-7c04-46bb-b056-798468ee365e";1267;"04";"Napoli";21;6;2012;0;18;"20120618"
"79.6.133.81";"IT";9.200000;45.466700;"AS3269 Telecom Italia S.p.a.";"mlab3-trn01";0.024776;921478.005982;"0.004012999";"win32";"194.116.85.237";"bittorrent";1340047616;73268.006404;-1.000000;"fabd9ec4-04a0-49f7-9afc-39e5f8c565ba";3269;"09";"Milan";21;6;2012;0;18;"20120618"
"82.57.12.248";"IT";17.216700;41.000000;"AS3269 Telecom Italia S.p.a.";"mlab3-trn01";0.059829;813022.229693;"0.004012999";"win32";"194.116.85.237";"bittorrent";1340048162;48354.775080;-1.000000;"f201d94b-ffc9-44aa-ac62-215bbc3baddd";3269;"13";"Polignano A Mare";21;6;2012;0;18;"20120618"
"87.11.255.90";"IT";17.229700;40.476100;"AS3269 Telecom Italia S.p.a.";"mlab3-trn01";0.076393;744157.462973;"0.004009999";"win32";"194.116.85.237";"bittorrent";1340048172;49649.913503;-1.000000;"7989d7c5-459e-4910-93c2-ffd113604f5d";3269;"13";"Taranto";21;6;2012;0;18;"20120618"
"93.62.242.110";"IT";12.029400;45.421400;"AS12874 Fastweb SpA";"mlab3-trn01";0.014105;433243.142978;"0.004012999";"darwin";"194.116.85.237";"speedtest";1340048532;434503.439824;0.017370;"9905faad-2379-4ce5-bea7-d26dfd5ef167";12874;"20";"Fiesso D'artico";21;6;2012;0;18;"20120618"
"80.182.50.90";"IT";12.833300;42.833300;"AS3269 Telecom Italia S.p.a.";"mlab3-trn01";0.034208;828874.693966;"0.004012999";"darwin";"194.116.85.237";"speedtest";1340049065;46589.347161;0.040976;"b78c474f-55bd-448a-8e4f-7b197dfe68ad";3269;"";"";21;6;2012;0;18;"20120618"
"78.13.176.56";"IT";11.250000;43.766700;"AS8612 Tiscali Italia S.P.A.";"mlab3-trn01";0.090478;393469.854565;"0.004012999";"darwin";"194.116.85.237";"speedtest";1340049319;23836.089875;0.044205;"5f59af2e-2b13-403e-ba8c-0801e50c8913";8612;"16";"Florence";21;6;2012;0;18;"20120618"
"151.74.87.43";"IT";12.833300;42.833300;"AS1267 WIND Telecomunicazioni S.p.A.";"mlab3-trn01";0.051792;5986.077742;"0.004012999";"win32";"194.116.85.237";"speedtest";1340049501;67239.811157;0.055851;"5ee07960-742a-4487-b2fc-f4110f54b74a";1267;"";"";21;6;2012;0;18;"20120618"
"188.216.124.199";"IT";7.666700;45.050000;"AS30722 Vodafone Omnitel N.V.";"mlab3-trn01";0.223182;838596.635190;"0.004012999";"darwin";"194.116.85.237";"bittorrent";1340049660;64763.237626;-1.000000;"821aa4b7-0495-4899-9210-11d94170a73b";30722;"12";"Torino";22;6;2012;0;18;"20120618"
"87.11.255.90";"IT";17.229700;40.476100;"AS3269 Telecom Italia S.p.a.";"mlab3-trn01";0.063670;634927.017264;"0.004009999";"win32";"194.116.85.237";"speedtest";1340049733;49356.140579;0.073245;"7989d7c5-459e-4910-93c2-ffd113604f5d";3269;"13";"Taranto";22;6;2012;0;18;"20120618"
"109.234.63.11";"IT";12.833300;42.833300;"AS43989 Ehinet Srl";"mlab3-trn01";0.042966;366788.579110;"0.004009999";"win32";"194.116.85.237";"bittorrent";1340049756;40897.885462;-1.000000;"5d6312ec-b414-42e6-8e89-702c7b4fd5e8";43989;"";"";22;6;2012;0;18;"20120618"
"79.0.144.41";"IT";10.233300;45.650000;"AS3269 Telecom Italia S.p.a.";"mlab3-trn01";0.102490;410747.902942;"0.004009999";"win32";"194.116.85.237";"bittorrent";1340050431;8670.977240;-1.000000;"6cb01856-9933-4988-87fe-32c12ca4ed72";3269;"09";"Pieve";22;6;2012;0;18;"20120618"
"81.174.47.101";"IT";12.833300;42.833300;"AS35612 NGI Spa";"mlab3-trn01";0.014109;496320.527693;"0.004012999";"darwin";"194.116.85.237";"speedtest";1340050433;112044.918555;0.019265;"59a9e8e1-3618-48e2-adea-6559f48400b8";35612;"";"";22;6;2012;0;18;"20120618"
"134.255.175.21";"IT";13.216700;43.366700;"AS198292 Wave-Max S.r.L.";"mlab3-trn01";0.093997;131124.452792;"0.004012999";"win32";"194.116.85.237";"bittorrent";1340050775;44341.362136;-1.000000;"708a55f0-3758-4099-a346-23683a39926d";198292;"10";"Cingoli";22;6;2012;0;18;"20120618"
"130.192.91.211";"IT";7.666700;45.050000;"AS137 GARR Italian academic and research network";"mlab3-trn01";0.002317;11731388.009600;"0.004012999";"linux2";"194.116.85.237";"speedtest";1340050889;1507190.079800;0.005832;"91708cf1-7028-4b58-9520-faea0010494c";137;"12";"Torino";22;6;2012;0;18;"20120618"
"80.117.83.96";"IT";12.833300;42.833300;"AS3269 Telecom Italia S.p.a.";"mlab3-trn01";0.024814;834877.261973;"0.004012999";"win32";"194.116.85.237";"bittorrent";1340050928;39730.583424;-1.000000;"25353fbe-ce56-4192-a803-65a63443c70a";3269;"";"";22;6;2012;0;18;"20120618"
"188.216.124.199";"IT";7.666700;45.050000;"AS30722 Vodafone Omnitel N.V.";"mlab3-trn01";0.044255;787542.526851;"0.004012999";"darwin";"194.116.85.237";"speedtest";1340051068;63109.248919;0.049548;"821aa4b7-0495-4899-9210-11d94170a73b";30722;"12";"Torino";22;6;2012;0;18;"20120618"
"109.234.63.11";"IT";12.833300;42.833300;"AS43989 Ehinet Srl";"mlab3-trn01";0.015070;422254.022967;"0.004009999";"win32";"194.116.85.237";"speedtest";1340051195;37204.377108;0.042220;"5d6312ec-b414-42e6-8e89-702c7b4fd5e8";43989;"";"";22;6;2012;0;18;"20120618"
"79.20.70.163";"IT";8.066600;45.572300;"AS3269 Telecom Italia S.p.a.";"mlab3-trn01";0.042339;809743.121809;"0.004012999";"darwin";"194.116.85.237";"bittorrent";1340051249;41305.357938;-1.000000;"432d3481-f83e-450d-b373-e60ae5f17efe";3269;"12";"Biella";22;6;2012;0;18;"20120618"
"95.252.40.120";"IT";9.466700;45.683300;"AS3269 Telecom Italia S.p.a.";"mlab3-trn01";0.039244;816461.055523;"0.004012999";"linux2";"194.116.85.237";"bittorrent";1340051301;45530.133087;-1.000000;"a4fb4910-ec49-4ae0-91f7-a2e3e4aa9e45";3269;"09";"Calusco D'adda";22;6;2012;0;18;"20120618"
"87.11.255.90";"IT";17.229700;40.476100;"AS3269 Telecom Italia S.p.a.";"mlab3-trn01";0.063885;793247.361259;"0.004009999";"win32";"194.116.85.237";"bittorrent";1340051324;49626.271013;-1.000000;"7989d7c5-459e-4910-93c2-ffd113604f5d";3269;"13";"Taranto";22;6;2012;0;18;"20120618"
"130.192.91.213";"IT";7.666700;45.050000;"AS137 GARR Italian academic and research network";"mlab3-trn01";0.002212;11769043.705583;"0.004012999";"linux2";"194.116.85.237";"bittorrent";1340051621;11768237.132305;-1.000000;"cd78793c-1e3b-4944-b4b2-9768fc1cdb97";137;"12";"Torino";22;6;2012;0;18;"20120618"
"79.13.203.101";"IT";10.100000;44.083300;"AS3269 Telecom Italia S.p.a.";"mlab3-trn01";0.045367;735824.127172;"0.004009999";"win32";"194.116.85.237";"speedtest";1340051888;46262.905021;0.051468;"ae73866b-a211-42d8-b6f2-d31777806a2e";3269;"16";"Carrara";22;6;2012;0;18;"20120618"
"94.36.27.108";"IT";9.833300;44.116700;"AS8612 Tiscali Italia S.P.A.";"mlab3-trn01";0.028213;864168.170345;"0.004012999";"win32";"194.116.85.237";"bittorrent";1340052094;53502.247242;-1.000000;"43824351-60f0-4924-9794-e14a103734ad";8612;"08";"La Spezia";22;6;2012;0;18;"20120618"
"2.37.33.36";"IT";11.000000;45.450000;"AS30722 Vodafone Omnitel N.V.";"mlab3-trn01";0.051239;744355.944342;"0.004012999";"win32";"194.116.85.237";"speedtest";1340052168;40145.196874;0.060910;"fbf16a61-0135-4285-b426-89f0f0e74041";30722;"20";"Verona";22;6;2012;0;18;"20120618"
"79.6.133.81";"IT";9.200000;45.466700;"AS3269 Telecom Italia S.p.a.";"mlab3-trn01";0.025840;1014982.491490;"0.004012999";"win32";"194.116.85.237";"speedtest";1340052188;71608.789580;0.030879;"fabd9ec4-04a0-49f7-9afc-39e5f8c565ba";3269;"09";"Milan";22;6;2012;0;18;"20120618"
"151.32.58.7";"IT";7.600000;45.233300;"AS1267 WIND Telecomunicazioni S.p.A.";"mlab3-trn01";0.011782;23940.270137;"0.004012999";"linux2";"194.116.85.237";"bittorrent";1340052231;52670.040085;-1.000000;"e58cbc1f-8414-4fe3-8578-f8c48106d21d";1267;"12";"Ciriè";22;6;2012;0;18;"20120618"
"2.36.184.63";"IT";9.200000;45.466700;"AS30722 Vodafone Omnitel N.V.";"mlab3-trn01";0.053453;469073.167713;"0.004011999";"win32";"194.116.85.237";"bittorrent";1340052259;36176.677815;-1.000000;"60e4ddb8-b47b-4b72-a668-dea9c263699a";30722;"09";"Milan";22;6;2012;0;18;"20120618"
"80.117.83.96";"IT";12.833300;42.833300;"AS3269 Telecom Italia S.p.a.";"mlab3-trn01";0.023674;788135.990790;"0.004012999";"win32";"194.116.85.237";"speedtest";1340052334;40073.828978;0.030913;"25353fbe-ce56-4192-a803-65a63443c70a";3269;"";"";22;6;2012;0;18;"20120618"
"78.15.46.43";"IT";12.833300;42.833300;"AS8612 Tiscali Italia S.P.A.";"mlab3-trn01";0.119867;1246008.721450;"0.004012999";"win32";"194.116.85.237";"speedtest";1340052482;102113.443587;0.052560;"d237f6e8-0a11-4e9f-ac65-e61bb30f503f";8612;"";"";22;6;2012;0;18;"20120618"
"84.221.231.178";"IT";7.666700;45.050000;"AS8612 Tiscali Italia S.P.A.";"mlab3-trn01";0.021441;1118379.995270;"0.004012999";"darwin";"194.116.85.237";"speedtest";1340052826;94053.990210;0.028175;"7e3598a2-40f8-4213-beaa-47abf033b292";8612;"12";"Torino";22;6;2012;0;18;"20120618"
"79.40.72.170";"IT";8.700000;45.466700;"AS3269 Telecom Italia S.p.a.";"mlab3-trn01";0.029154;1456590.786390;"0.004012999";"win32";"194.116.85.237";"speedtest";1340053184;101399.214287;0.033128;"dfb9440f-b9f6-431b-b2f8-5386b49d1b01";3269;"12";"Romentino";22;6;2012;0;18;"20120618"
"134.255.175.21";"IT";13.216700;43.366700;"AS198292 Wave-Max S.r.L.";"mlab3-trn01";0.092733;184049.559833;"0.004012999";"win32";"194.116.85.237";"bittorrent";1340053563;45195.912645;-1.000000;"708a55f0-3758-4099-a346-23683a39926d";198292;"10";"Cingoli";23;6;2012;0;18;"20120618"
"2.36.37.80";"IT";7.666700;45.050000;"AS30722 Vodafone Omnitel N.V.";"mlab3-trn01";0.051285;363886.179917;"0.004012999";"win32";"194.116.85.237";"speedtest";1340053571;27146.310271;0.097572;"dd1eb1c2-416e-467c-b945-ec64ed841caa";30722;"12";"Torino";23;6;2012;0;18;"20120618"
"87.4.74.136";"IT";8.850000;44.716700;"AS3269 Telecom Italia S.p.a.";"mlab3-trn01";0.133756;70663.420632;"0.004012999";"win32";"194.116.85.237";"speedtest";1340053587;18203.973360;0.071718;"d8a56420-51dd-4f7f-811c-30fa9ca36858";3269;"12";"Serravalle Scrivia";23;6;2012;0;18;"20120618"
"188.10.138.185";"IT";12.833300;42.833300;"AS3269 Telecom Italia S.p.a.";"mlab3-trn01";0.043731;721024.967026;"0.004012999";"darwin";"194.116.85.237";"speedtest";1340053466;48973.232239;0.052531;"d2acd4a2-202f-465b-8502-2d0b1d7a5fd0";3269;"";"";23;6;2012;0;18;"20120618"
"82.50.16.67";"IT";11.583300;44.400000;"AS3269 Telecom Italia S.p.a.";"mlab3-trn01";0.049097;898284.651914;"0.004008999";"darwin";"194.116.85.237";"speedtest";1340053604;58470.488884;0.052251;"470583b1-76be-479b-a12e-d79962295075";3269;"05";"Castel San Pietro Terme";23;6;2012;0;18;"20120618"
"81.174.47.101";"IT";12.833300;42.833300;"AS35612 NGI Spa";"mlab3-trn01";0.014759;401818.952691;"0.004012999";"darwin";"194.116.85.237";"speedtest";1340053646;112332.610301;0.029576;"59a9e8e1-3618-48e2-adea-6559f48400b8";35612;"";"";23;6;2012;0;18;"20120618"
"2.227.117.130";"IT";12.833300;42.833300;"AS12874 Fastweb SpA";"mlab3-trn01";0.067302;537733.544701;"0.004012999";"win32";"194.116.85.237";"bittorrent";1340053680;59799.971848;-1.000000;"5153657e-8b21-4e60-a99c-70ba473d51de";12874;"";"";23;6;2012;0;18;"20120618"
"80.117.83.96";"IT";12.833300;42.833300;"AS3269 Telecom Italia S.p.a.";"mlab3-trn01";0.023148;842464.969780;"0.004012999";"win32";"194.116.85.237";"bittorrent";1340053742;38585.022791;-1.000000;"25353fbe-ce56-4192-a803-65a63443c70a";3269;"";"";23;6;2012;0;18;"20120618"
"151.66.214.95";"IT";12.833300;42.833300;"AS1267 WIND Telecomunicazioni S.p.A.";"mlab3-trn01";0.021495;16406.760817;"0.004012999";"darwin";"194.116.85.237";"speedtest";1340053827;51503.688300;0.023666;"c68a8737-d4bf-4091-a499-f0a98b3059f8";1267;"";"";23;6;2012;0;18;"20120618"
"151.33.118.238";"IT";7.516700;45.066700;"AS1267 WIND Telecomunicazioni S.p.A.";"mlab3-trn01";0.189605;75527.729954;"0.004011999";"win32";"194.116.85.237";"bittorrent";1340054103;53864.326083;-1.000000;"d9b73a6d-f8f5-4b51-ad98-19348e823a58";1267;"12";"Rivoli";23;6;2012;0;18;"20120618"
"79.41.80.159";"IT";12.833300;42.833300;"AS3269 Telecom Italia S.p.a.";"mlab3-trn01";0.036166;188352.695735;"0.004012999";"win32";"194.116.85.237";"bittorrent";1340054302;50357.122602;-1.000000;"82d91f18-b22f-4114-9d5f-c95a1ed7ad87";3269;"";"";23;6;2012;0;18;"20120618"
"78.12.250.244";"IT";9.200000;45.466700;"AS8612 Tiscali Italia S.P.A.";"mlab3-trn01";0.023934;857807.677556;"0.004012999";"linux2";"194.116.85.237";"bittorrent";1340054482;54417.903141;-1.000000;"e2f84365-e2b5-460c-8aa9-9842e667a0e1";8612;"09";"Milan";23;6;2012;0;18;"20120618"
"88.47.41.57";"IT";12.833300;42.833300;"AS3269 Telecom Italia S.p.a.";"mlab3-trn01";0.045645;760868.397205;"0.004012999";"win32";"194.116.85.237";"bittorrent";1340054845;46478.006099;-1.000000;"ec2e71be-f555-4dee-b674-bc8e80a61d77";3269;"";"";23;6;2012;0;18;"20120618"
"80.182.50.90";"IT";12.833300;42.833300;"AS3269 Telecom Italia S.p.a.";"mlab3-trn01";0.034622;828798.994582;"0.004012999";"darwin";"194.116.85.237";"speedtest";1340054903;49769.114005;0.042223;"b78c474f-55bd-448a-8e4f-7b197dfe68ad";3269;"";"";23;6;2012;0;18;"20120618"
"149.132.117.110";"IT";9.200000;45.466700;"AS137 GARR Italian academic and research network";"mlab3-trn01";0.004528;12421.344746;"0.004012999";"darwin";"194.116.85.237";"bittorrent";1340054933;10883.221753;-1.000000;"c9d3d685-6087-4faf-a87c-eb1dfaa2b53c";137;"18";"Milan";23;6;2012;0;18;"20120618"
"2.36.37.80";"IT";7.666700;45.050000;"AS30722 Vodafone Omnitel N.V.";"mlab3-trn01";0.040464;833200.474835;"0.004012999";"win32";"194.116.85.237";"bittorrent";1340055007;53504.906075;-1.000000;"dd1eb1c2-416e-467c-b945-ec64ed841caa";30722;"12";"Torino";23;6;2012;0;18;"20120618"
"79.0.144.41";"IT";10.233300;45.650000;"AS3269 Telecom Italia S.p.a.";"mlab3-trn01";0.126122;138237.398311;"0.004009999";"win32";"194.116.85.237";"speedtest";1340055231;7584.228747;0.532009;"6cb01856-9933-4988-87fe-32c12ca4ed72";3269;"09";"Pieve";23;6;2012;0;18;"20120618"
"79.6.133.81";"IT";9.200000;45.466700;"AS3269 Telecom Italia S.p.a.";"mlab3-trn01";0.026047;1016023.007560;"0.004012999";"win32";"194.116.85.237";"speedtest";1340055247;71070.266564;0.030986;"fabd9ec4-04a0-49f7-9afc-39e5f8c565ba";3269;"09";"Milan";23;6;2012;0;18;"20120618"
"79.6.168.185";"IT";7.666700;45.050000;"AS3269 Telecom Italia S.p.a.";"mlab3-trn01";0.041119;408991.247586;"0.004012999";"darwin";"194.116.85.237";"speedtest";1340055271;20388.534618;0.047777;"1882087f-613f-42de-851b-c636718c078b";3269;"12";"Torino";23;6;2012;0;18;"20120618"
"2.227.117.130";"IT";12.833300;42.833300;"AS12874 Fastweb SpA";"mlab3-trn01";0.111171;39790.296323;"0.004012999";"win32";"194.116.85.237";"speedtest";1340055277;33168.077854;0.129310;"5153657e-8b21-4e60-a99c-70ba473d51de";12874;"";"";23;6;2012;0;18;"20120618"
"82.57.12.248";"IT";17.216700;41.000000;"AS3269 Telecom Italia S.p.a.";"mlab3-trn01";0.060280;691371.880139;"0.004012999";"win32";"194.116.85.237";"speedtest";1340055305;48656.446248;0.067712;"f201d94b-ffc9-44aa-ac62-215bbc3baddd";3269;"13";"Polignano A Mare";23;6;2012;0;18;"20120618"
"195.110.137.171";"IT";12.483300;41.900000;"AS5396 MC-link Spa";"mlab3-trn01";0.036197;631354.099205;"0.004012999";"darwin";"194.116.85.237";"bittorrent";1340055564;30299.960150;-1.000000;"2d27e34d-ed0a-4c70-8dc2-070f5a0499a1";5396;"07";"Rome";23;6;2012;0;18;"20120618"
"79.27.89.167";"IT";12.483300;41.900000;"AS3269 Telecom Italia S.p.a.";"mlab3-trn01";0.037376;1160114.954006;"0.004012999";"darwin";"194.116.85.237";"bittorrent";1340055858;90929.553930;-1.000000;"c671e4d7-9027-4ae8-9058-ad41f0746af0";3269;"07";"Rome";23;6;2012;0;18;"20120618"
"79.20.70.163";"IT";8.066600;45.572300;"AS3269 Telecom Italia S.p.a.";"mlab3-trn01";0.042594;798835.560957;"0.004012999";"darwin";"194.116.85.237";"speedtest";1340055921;41377.599992;0.047821;"432d3481-f83e-450d-b373-e60ae5f17efe";3269;"12";"Biella";23;6;2012;0;18;"20120618"
"84.222.108.196";"IT";11.866700;44.583300;"AS8612 Tiscali Italia S.P.A.";"mlab3-trn01";0.052561;361667.715656;"0.004012999";"darwin";"194.116.85.237";"bittorrent";1340055947;39657.313586;-1.000000;"8c002889-ba22-4c1b-a026-e262143a9d1d";8612;"05";"San Biagio";23;6;2012;0;18;"20120618"
"87.11.255.90";"IT";17.229700;40.476100;"AS3269 Telecom Italia S.p.a.";"mlab3-trn01";0.073733;689738.807230;"0.004009999";"win32";"194.116.85.237";"speedtest";1340056040;42730.751853;0.116407;"7989d7c5-459e-4910-93c2-ffd113604f5d";3269;"13";"Taranto";23;6;2012;0;18;"20120618"
"95.237.222.196";"IT";7.666700;45.050000;"AS3269 Telecom Italia S.p.a.";"mlab3-trn01";0.041666;381480.091862;"0.004012999";"win32";"194.116.85.237";"bittorrent";1340056420;46566.535102;-1.000000;"47bce1bd-51cc-4815-b6db-71ab66220dd6";3269;"12";"Torino";23;6;2012;0;18;"20120618"
"78.14.224.92";"IT";9.116700;45.766700;"AS8612 Tiscali Italia S.P.A.";"mlab3-trn01";0.202788;44562.622436;"0.004012999";"darwin";"194.116.85.237";"bittorrent";1340056443;21287.356822;-1.000000;"39792736-bd8b-4a56-942d-1cc983336add";8612;"09";"Lurago D'erba";23;6;2012;0;18;"20120618"
"79.9.218.223";"IT";12.483300;41.900000;"AS3269 Telecom Italia S.p.a.";"mlab3-trn01";0.037996;788614.081619;"0.004012999";"darwin";"194.116.85.237";"speedtest";1340056615;93356.701501;0.043481;"4372ef01-dfbb-4175-8485-4bcfde678997";3269;"07";"Rome";23;6;2012;0;18;"20120618"
"82.57.12.248";"IT";17.216700;41.000000;"AS3269 Telecom Italia S.p.a.";"mlab3-trn01";0.058866;840763.333481;"0.004012999";"win32";"194.116.85.237";"bittorrent";1340056741;49227.446323;-1.000000;"f201d94b-ffc9-44aa-ac62-215bbc3baddd";3269;"13";"Polignano A Mare";23;6;2012;0;18;"20120618"
"2.227.117.130";"IT";12.833300;42.833300;"AS12874 Fastweb SpA";"mlab3-trn01";0.069139;32392.415208;"0.004012999";"win32";"194.116.85.237";"bittorrent";1340056913;33796.831163;-1.000000;"5153657e-8b21-4e60-a99c-70ba473d51de";12874;"";"";0;6;2012;1;19;"20120618"
"109.234.63.11";"IT";12.833300;42.833300;"AS43989 Ehinet Srl";"mlab3-trn01";0.045962;319725.916225;"0.004009999";"win32";"194.116.85.237";"speedtest";1340056974;39380.302702;0.059760;"5d6312ec-b414-42e6-8e89-702c7b4fd5e8";43989;"";"";0;6;2012;1;19;"20120618"
"130.192.91.213";"IT";7.666700;45.050000;"AS137 GARR Italian academic and research network";"mlab3-trn01";0.001777;11769212.925553;"0.004012999";"linux2";"194.116.85.237";"bittorrent";1340057609;11768152.898736;-1.000000;"cd78793c-1e3b-4944-b4b2-9768fc1cdb97";137;"12";"Torino";0;6;2012;1;19;"20120618"
"87.11.255.90";"IT";17.229700;40.476100;"AS3269 Telecom Italia S.p.a.";"mlab3-trn01";0.076710;797190.012385;"0.004009999";"win32";"194.116.85.237";"bittorrent";1340057632;49286.778783;-1.000000;"7989d7c5-459e-4910-93c2-ffd113604f5d";3269;"13";"Taranto";0;6;2012;1;19;"20120618"
"95.245.73.46";"IT";8.200000;44.900000;"AS3269 Telecom Italia S.p.a.";"mlab3-trn01";0.048116;719277.858825;"0.004009999";"win32";"194.116.85.237";"speedtest";1340057659;96473.777934;0.031750;"43fc56b7-cfe0-496f-a712-ead0946dc63a";3269;"12";"Asti";0;6;2012;1;19;"20120618"
"87.15.124.177";"IT";8.950000;44.416700;"AS3269 Telecom Italia S.p.a.";"mlab3-trn01";0.058062;464571.980744;"0.004012999";"win32";"194.116.85.237";"speedtest";1340057793;46770.004650;0.054522;"8855f6ca-5043-4b7e-abfd-f4a8ef04d556";3269;"08";"Genova";0;6;2012;1;19;"20120618"
"82.50.16.67";"IT";11.583300;44.400000;"AS3269 Telecom Italia S.p.a.";"mlab3-trn01";0.048596;1087322.856352;"0.004008999";"darwin";"194.116.85.237";"bittorrent";1340058033;80161.652191;-1.000000;"470583b1-76be-479b-a12e-d79962295075";3269;"05";"Castel San Pietro Terme";0;6;2012;1;19;"20120618"
"93.35.82.167";"IT";9.187800;45.461200;"AS12874 Fastweb SpA";"mlab3-trn01";0.046113;635124.973686;"0.004012999";"win32";"194.116.85.237";"speedtest";1340058190;610353.513967;0.010574;"a74b42dc-9390-4a0a-b2b2-2173de36eb4c";12874;"09";"Milan";0;6;2012;1;19;"20120618"
"151.51.238.160";"IT";13.778400;45.653600;"AS1267 WIND Telecomunicazioni S.p.A.";"mlab3-trn01";0.024666;800884.541908;"0.004011999";"linux2";"194.116.85.237";"bittorrent";1340058688;50402.757259;-1.000000;"db4c1f00-a6b9-40ad-b36d-a2fad669a491";1267;"06";"Trieste";0;6;2012;1;19;"20120618"
"78.12.250.244";"IT";9.200000;45.466700;"AS8612 Tiscali Italia S.P.A.";"mlab3-trn01";0.020437;835772.638366;"0.004012999";"linux2";"194.116.85.237";"speedtest";1340058830;54896.712463;0.027159;"e2f84365-e2b5-460c-8aa9-9842e667a0e1";8612;"09";"Milan";0;6;2012;1;19;"20120618"
"95.245.73.46";"IT";8.200000;44.900000;"AS3269 Telecom Italia S.p.a.";"mlab3-trn01";0.037935;715860.373976;"0.004009999";"win32";"194.116.85.237";"bittorrent";1340059098;93505.018285;-1.000000;"43fc56b7-cfe0-496f-a712-ead0946dc63a";3269;"12";"Asti";0;6;2012;1;19;"20120618"
"87.4.74.136";"IT";8.850000;44.716700;"AS3269 Telecom Italia S.p.a.";"mlab3-trn01";0.443733;51915.015570;"0.004012999";"win32";"194.116.85.237";"speedtest";1340059327;11881.480641;0.324496;"d8a56420-51dd-4f7f-811c-30fa9ca36858";3269;"12";"Serravalle Scrivia";0;6;2012;1;19;"20120618"
"2.37.33.36";"IT";11.000000;45.450000;"AS30722 Vodafone Omnitel N.V.";"mlab3-trn01";0.053034;488087.514642;"0.004012999";"win32";"194.116.85.237";"bittorrent";1340059364;50264.361302;-1.000000;"fbf16a61-0135-4285-b426-89f0f0e74041";30722;"20";"Verona";0;6;2012;1;19;"20120618"
"79.9.218.223";"IT";12.483300;41.900000;"AS3269 Telecom Italia S.p.a.";"mlab3-trn01";0.037149;732913.784077;"0.004012999";"darwin";"194.116.85.237";"speedtest";1340059672;93364.533068;0.042460;"4372ef01-dfbb-4175-8485-4bcfde678997";3269;"07";"Rome";0;6;2012;1;19;"20120618"
"2.230.212.185";"IT";7.666700;45.050000;"AS12874 Fastweb SpA";"mlab3-trn01";0.011225;903919.152162;"0.004012999";"win32";"194.116.85.237";"bittorrent";1340059853;187162.436185;-1.000000;"93a97de3-c431-4df5-a005-ea55834352bd";12874;"12";"Torino";0;6;2012;1;19;"20120618"
"79.13.203.101";"IT";10.100000;44.083300;"AS3269 Telecom Italia S.p.a.";"mlab3-trn01";0.044230;762721.489226;"0.004009999";"win32";"194.116.85.237";"bittorrent";1340059934;38474.788772;-1.000000;"ae73866b-a211-42d8-b6f2-d31777806a2e";3269;"16";"Carrara";0;6;2012;1;19;"20120618"
"151.51.238.160";"IT";13.778400;45.653600;"AS1267 WIND Telecomunicazioni S.p.A.";"mlab3-trn01";0.025290;764209.330385;"0.004011999";"linux2";"194.116.85.237";"speedtest";1340060207;51299.058724;0.029845;"db4c1f00-a6b9-40ad-b36d-a2fad669a491";1267;"06";"Trieste";0;6;2012;1;19;"20120618"
"95.245.73.46";"IT";8.200000;44.900000;"AS3269 Telecom Italia S.p.a.";"mlab3-trn01";0.080723;509924.222714;"0.004009999";"win32";"194.116.85.237";"speedtest";1340060538;74883.195387;0.070848;"43fc56b7-cfe0-496f-a712-ead0946dc63a";3269;"12";"Asti";1;6;2012;1;19;"20120618"
"62.98.65.177";"IT";14.250000;40.833300;"AS1267 WIND Telecomunicazioni S.p.A.";"mlab3-trn01";0.036549;662356.372513;"0.004012999";"win32";"194.116.85.237";"bittorrent";1340060829;40907.866138;-1.000000;"2d006d8d-7c04-46bb-b056-798468ee365e";1267;"04";"Napoli";1;6;2012;1;19;"20120618"
"147.162.42.20";"IT";11.883300;45.416700;"AS137 GARR Italian academic and research network";"mlab3-trn01";0.010013;9358508.616326;"0.004010999";"linux2";"194.116.85.237";"bittorrent";1340061251;8902668.665633;-1.000000;"727d6a40-2b78-4641-8061-04b6a384e6a6";137;"20";"Padova";1;6;2012;1;19;"20120618"
"79.6.133.81";"IT";9.200000;45.466700;"AS3269 Telecom Italia S.p.a.";"mlab3-trn01";0.025612;1015593.492140;"0.004012999";"win32";"194.116.85.237";"speedtest";1340061350;71787.040799;0.030828;"fabd9ec4-04a0-49f7-9afc-39e5f8c565ba";3269;"09";"Milan";1;6;2012;1;19;"20120618"
"82.58.179.110";"IT";7.666700;45.050000;"AS3269 Telecom Italia S.p.a.";"mlab3-trn01";0.040613;624007.487379;"0.004012999";"darwin";"194.116.85.237";"speedtest";1340062007;44441.400680;0.046045;"e28f6cdb-f2d1-41fe-bb40-53e7a0b0e31d";3269;"12";"Torino";1;6;2012;1;19;"20120618"
"78.14.224.92";"IT";9.116700;45.766700;"AS8612 Tiscali Italia S.P.A.";"mlab3-trn01";0.036931;148960.842357;"0.004012999";"darwin";"194.116.85.237";"bittorrent";1340062143;21807.830694;-1.000000;"39792736-bd8b-4a56-942d-1cc983336add";8612;"09";"Lurago D'erba";1;6;2012;1;19;"20120618"
"87.4.74.136";"IT";8.850000;44.716700;"AS3269 Telecom Italia S.p.a.";"mlab3-trn01";0.691166;16177.313092;"0.004012999";"win32";"194.116.85.237";"speedtest";1340062223;25263.625347;0.612579;"d8a56420-51dd-4f7f-811c-30fa9ca36858";3269;"12";"Serravalle Scrivia";1;6;2012;1;19;"20120618"
"87.11.255.90";"IT";17.229700;40.476100;"AS3269 Telecom Italia S.p.a.";"mlab3-trn01";0.062620;676273.598443;"0.004009999";"win32";"194.116.85.237";"speedtest";1340062344;48951.213781;0.070767;"7989d7c5-459e-4910-93c2-ffd113604f5d";3269;"13";"Taranto";1;6;2012;1;19;"20120618"
"147.162.42.20";"IT";11.883300;45.416700;"AS137 GARR Italian academic and research network";"mlab3-trn01";0.010046;8669590.482420;"0.004010999";"linux2";"194.116.85.237";"speedtest";1340062687;8459322.983870;0.011759;"727d6a40-2b78-4641-8061-04b6a384e6a6";137;"20";"Padova";1;6;2012;1;19;"20120618"
"2.227.117.130";"IT";12.833300;42.833300;"AS12874 Fastweb SpA";"mlab3-trn01";0.063668;505187.048248;"0.004012999";"win32";"194.116.85.237";"bittorrent";1340063115;53939.161956;-1.000000;"5153657e-8b21-4e60-a99c-70ba473d51de";12874;"";"";1;6;2012;1;19;"20120618"
"2.40.147.27";"IT";13.533300;43.400000;"AS30722 Vodafone Omnitel N.V.";"mlab3-trn01";0.089941;98891.596185;"0.004012999";"linux2";"194.116.85.237";"bittorrent";1340063434;48276.650917;-1.000000;"eb8869ce-907b-427c-a855-d28cd1d353e2";30722;"10";"Recanati";1;6;2012;1;19;"20120618"
"79.20.70.163";"IT";8.066600;45.572300;"AS3269 Telecom Italia S.p.a.";"mlab3-trn01";0.041731;808103.382772;"0.004012999";"darwin";"194.116.85.237";"speedtest";1340063547;41348.742861;0.048075;"e838c543-3d44-45bd-9a51-ed5e3c0d7d06";3269;"12";"Biella";1;6;2012;1;19;"20120618"
"79.20.70.163";"IT";8.066600;45.572300;"AS3269 Telecom Italia S.p.a.";"mlab3-trn01";0.041662;826908.277667;"0.004012999";"darwin";"194.116.85.237";"bittorrent";1340063714;41420.864605;-1.000000;"432d3481-f83e-450d-b373-e60ae5f17efe";3269;"12";"Biella";1;6;2012;1;19;"20120618"
"74.103.162.36";"US";-75.114700;40.427800;"AS701 MCI Communications Services, Inc. d/b/a Verizon Business";"mlab2-lga02";0.013839;1884019.040210;"0.004012999";"darwin";"38.106.70.159";"speedtest";1339977946;664688.834230;0.017351;"4eec0d76-fa70-4b4c-91f9-8cb1b74b0682";701;"PA";"Pipersville";0;6;2012;0;18;"20120618"
"68.40.185.45";"US";-83.740900;42.277600;"AS7922 Comcast Cable Communications, Inc.";"mlab2-lga02";0.042690;1711475.997010;"0.004012999";"darwin";"38.106.70.159";"speedtest";1339978731;760169.539187;0.056775;"f77a7853-1ba8-4219-aa2c-2157b5e89023";7922;"MI";"Ann Arbor";0;6;2012;0;18;"20120618"
"65.32.77.45";"US";-97.000000;38.000000;"AS33363 BRIGHT HOUSE NETWORKS, LLC";"mlab2-lga02";0.064193;1576428.621505;"0.004012999";"win32";"38.106.70.159";"bittorrent";1339978847;211095.837391;-1.000000;"29daca95-9628-479f-b4be-ee35e322c612";33363;"";"";0;6;2012;0;18;"20120618"
"66.66.21.182";"US";-77.602400;43.185800;"AS11351 Time Warner Cable Internet LLC";"mlab2-lga02";0.048839;2474591.186370;"0.004012999";"win32";"38.106.70.159";"speedtest";1339978899;573314.220215;0.048383;"b4fb3816-21d6-43b3-91fc-aabe40980e90";11351;"NY";"Rochester";0;6;2012;0;18;"20120618"
"99.21.145.140";"US";-121.382800;38.626300;"AS7132 AS for SBIS-AS";"mlab2-lga02";0.100655;993823.121567;"0.004012999";"win32";"38.106.70.159";"speedtest";1339979672;158999.409301;0.098567;"ebeab1c8-defc-4fef-8be3-daa7088a0954";7132;"CA";"Sacramento";0;6;2012;0;18;"20120618"
"67.174.9.121";"US";-87.819700;41.894000;"AS7922 Comcast Cable Communications, Inc.";"mlab2-lga02";0.050091;2249021.222820;"0.004012999";"win32";"38.106.70.159";"speedtest";1339979857;509797.169699;0.036815;"bdaf2367-a776-4a1f-9c03-a75a6b08c6b1";7922;"IL";"River Forest";0;6;2012;0;18;"20120618"
"108.0.16.252";"US";-118.142300;33.771100;"AS701 MCI Communications Services, Inc. d/b/a Verizon Business";"mlab2-lga02";0.094233;1576129.157940;"0.004012999";"darwin";"38.106.70.159";"speedtest";1339980315;470820.592875;0.096311;"b13eed9c-7499-4364-89ba-e85068191268";701;"CA";"Long Beach";0;6;2012;0;18;"20120618"
"108.0.16.252";"US";-118.142300;33.771100;"AS701 MCI Communications Services, Inc. d/b/a Verizon Business";"mlab2-lga02";0.316130;461696.708949;"0.004012999";"darwin";"38.106.70.159";"bittorrent";1339981822;606223.212046;-1.000000;"b13eed9c-7499-4364-89ba-e85068191268";701;"CA";"Long Beach";1;6;2012;0;18;"20120618"
"72.81.232.139";"US";-76.837500;39.174900;"AS701 MCI Communications Services, Inc. d/b/a Verizon Business";"mlab2-lga02";0.047194;1588956.976680;"0.004012999";"darwin";"38.106.70.159";"speedtest";1339981893;227435.211276;0.062479;"5d2377cf-2e67-40be-b1dc-e439a545da6f";701;"MD";"Columbia";1;6;2012;0;18;"20120618"
"71.190.171.206";"US";-73.525400;40.767000;"AS701 MCI Communications Services, Inc. d/b/a Verizon Business";"mlab2-lga02";0.014351;3444473.554410;"0.004012999";"linux2";"38.106.70.159";"speedtest";1339982279;3195789.385350;0.015526;"dfd87da2-1968-48ac-9bd2-5469644e29e4";701;"NY";"Hicksville";1;6;2012;0;18;"20120618"
"132.161.219.98";"US";-92.717600;41.721700;"AS22949 Grinnell College";"mlab2-lga02";0.069984;310884.508173;"0.004012999";"win32";"38.106.70.159";"speedtest";1339983143;697022.758732;0.066466;"de23301c-c09c-4e47-aa2b-90a625720856";22949;"IA";"Grinnell";1;6;2012;0;18;"20120618"
"68.40.93.208";"US";-82.582300;42.637600;"AS7922 Comcast Cable Communications, Inc.";"mlab2-lga02";0.054277;386628.039907;"0.004011999";"win32";"38.106.70.159";"speedtest";1339983865;423726.760286;0.053536;"5ddd06da-64ad-444c-b2c0-525541d4d177";7922;"MI";"Algonac";1;6;2012;0;18;"20120618"
"71.65.103.69";"US";-83.902700;39.678000;"AS10796 Time Warner Cable Internet LLC";"mlab2-lga02";0.044399;2003097.792070;"0.004012999";"win32";"38.106.70.159";"speedtest";1339984102;112436.821327;0.039204;"6d6c74dc-a35c-4d7b-b891-d665072442c5";10796;"OH";"Xenia";1;6;2012;0;18;"20120618"
"208.57.38.36";"US";-117.164900;32.807200;"AS14265 Telepacific Communications";"mlab2-lga02";0.095201;178137.661296;"0.004011999";"linux2";"38.106.70.159";"bittorrent";1339984548;178316.860111;-1.000000;"71bb2b47-414f-414d-b8ff-f1237c21f432";14265;"CA";"San Diego";1;6;2012;0;18;"20120618"
"173.186.209.95";"US";-84.200300;30.975400;"AS7029 Windstream Communications Inc";"mlab2-lga02";0.092228;167789.660390;"0.004011999";"win32";"38.106.70.159";"speedtest";1339984706;78303.860663;0.100641;"de6fbf44-b9c6-4959-9089-5bd76562acd2";7029;"GA";"Cairo";1;6;2012;0;18;"20120618"
"75.145.125.61";"US";-104.984700;39.739200;"AS7922 Comcast Cable Communications, Inc.";"mlab2-lga02";0.065943;2770833.230340;"0.004012999";"linux2";"38.106.70.159";"speedtest";1339985111;1024123.850590;0.063109;"d3080793-9920-4346-9c49-3a102587393e";7922;"CO";"Denver";2;6;2012;0;18;"20120618"
"70.122.243.11";"US";-97.015000;32.954600;"AS11427 Time Warner Cable Internet LLC";"mlab2-lga02";0.059048;1927219.971480;"0.004012999";"win32";"38.106.70.159";"speedtest";1339987483;509806.153136;0.064585;"bab8f612-1f34-46c2-a83e-fbaa7a2f8fa7";11427;"TX";"Coppell";2;6;2012;0;18;"20120618"
"71.237.28.39";"US";-104.984700;39.739200;"AS7922 Comcast Cable Communications, Inc.";"mlab2-lga02";0.057400;953041.256054;"0.004012999";"darwin";"38.106.70.159";"speedtest";1339988195;378416.531516;0.072173;"95e96326-78fe-4507-8b06-f60611a1b7ad";7922;"CO";"Denver";2;6;2012;0;18;"20120618"
"184.177.72.227";"US";-97.000000;38.000000;"AS22773 Cox Communications Inc.";"mlab2-lga02";0.082107;304451.673735;"0.004012999";"win32";"38.106.70.159";"speedtest";1339988214;549217.357997;0.086203;"e9aa2936-1c50-4b9d-89e4-2daad232b753";22773;"";"";2;6;2012;0;18;"20120618"
"65.32.77.45";"US";-97.000000;38.000000;"AS33363 BRIGHT HOUSE NETWORKS, LLC";"mlab2-lga02";0.062175;1757265.192434;"0.004012999";"win32";"38.106.70.159";"bittorrent";1339988432;229650.267452;-1.000000;"29daca95-9628-479f-b4be-ee35e322c612";33363;"";"";3;6;2012;0;18;"20120618"
"207.231.92.41";"US";-121.370600;38.784300;"AS14051 Roseville Telephone Company";"mlab2-lga02";0.704181;2240166.242725;"0.004012999";"win32";"38.106.70.159";"bittorrent";1339988602;723476.265080;-1.000000;"cb121e1a-4701-4c5a-91b5-29c9df2b10c0";14051;"CA";"Roseville";3;6;2012;0;18;"20120618"
"71.58.226.44";"US";-75.961500;41.249000;"AS7922 Comcast Cable Communications, Inc.";"mlab2-lga02";0.035800;3180519.692330;"0.004012999";"win32";"38.106.70.159";"speedtest";1339988781;728317.092379;0.039403;"fb6cc5ca-37c3-44c5-8176-4a40a17f217a";7922;"PA";"Plymouth";3;6;2012;0;18;"20120618"
"24.22.135.177";"US";-122.332100;47.606200;"AS7922 Comcast Cable Communications, Inc.";"mlab2-lga02";0.084138;2111906.397080;"0.004012999";"linux2";"38.106.70.159";"speedtest";1339989030;272244.222052;0.088923;"04cea472-6610-42db-acd2-c644a3d4447f";7922;"WA";"Seattle";3;6;2012;0;18;"20120618"
"76.169.71.176";"US";-118.273400;33.963800;"AS20001 Time Warner Cable Internet LLC";"mlab2-lga02";0.102232;1446865.907940;"0.004011999";"win32";"38.106.70.159";"speedtest";1339989364;117441.842864;0.087864;"2f0c137b-7982-4d9c-b50a-c362f2d810e0";20001;"CA";"Los Angeles";3;6;2012;0;18;"20120618"
"98.157.202.20";"US";-87.413900;39.466700;"AS10796 Time Warner Cable Internet LLC";"mlab2-lga02";0.075294;1103730.239520;"0.004011999";"win32";"38.106.70.159";"speedtest";1339989596;94856.626939;0.061421;"9c0fa0e1-b625-407b-8e5d-f979a63c0e77";10796;"IN";"Terre Haute";3;6;2012;0;18;"20120618"
"132.161.219.98";"US";-92.717600;41.721700;"AS22949 Grinnell College";"mlab2-lga02";0.061380;864662.320108;"0.004012999";"win32";"38.106.70.159";"bittorrent";1339990239;380551.676841;-1.000000;"de23301c-c09c-4e47-aa2b-90a625720856";22949;"IA";"Grinnell";3;6;2012;0;18;"20120618"
"96.2.48.78";"US";-96.983300;42.836900;"AS11232 Midcontinent Media, Inc.";"mlab2-lga02";0.066100;866905.089482;"0.004011999";"win32";"38.106.70.159";"speedtest";1339990253;539207.850605;0.067893;"a7ed429a-44c3-4195-a0e5-7eac41680125";11232;"SD";"Vermillion";3;6;2012;0;18;"20120618"
"69.144.10.64";"US";-108.454100;43.769800;"AS33588 Bresnan Communications, LLC.";"mlab2-lga02";0.130236;426864.056417;"0.004012999";"win32";"38.106.70.159";"bittorrent";1339990466;250612.961135;-1.000000;"eacc891a-5915-4c63-a32a-7240664eaf5a";33588;"WY";"Thermopolis";3;6;2012;0;18;"20120618"
"98.157.202.20";"US";-87.413900;39.466700;"AS10796 Time Warner Cable Internet LLC";"mlab2-lga02";0.043828;1591209.926706;"0.004011999";"win32";"38.106.70.159";"bittorrent";1339990993;115256.752909;-1.000000;"9c0fa0e1-b625-407b-8e5d-f979a63c0e77";10796;"IN";"Terre Haute";3;6;2012;0;18;"20120618"
"75.25.120.24";"US";-122.030700;37.353700;"AS7018 AT&T Services, Inc.";"mlab2-lga02";0.099499;355653.495821;"0.004012999";"darwin";"38.106.70.159";"bittorrent";1339991196;115403.294937;-1.000000;"1ce7a86b-b408-4815-ae8b-bf0652a278f3";7018;"CA";"Sunnyvale";3;6;2012;0;18;"20120618"
"67.174.9.121";"US";-87.819700;41.894000;"AS7922 Comcast Cable Communications, Inc.";"mlab2-lga02";0.033571;2043267.204450;"0.004012999";"win32";"38.106.70.159";"speedtest";1339991603;515680.101793;0.037734;"bdaf2367-a776-4a1f-9c03-a75a6b08c6b1";7922;"IL";"River Forest";3;6;2012;0;18;"20120618"
"98.157.202.20";"US";-87.413900;39.466700;"AS10796 Time Warner Cable Internet LLC";"mlab2-lga02";0.133968;1078524.798330;"0.004011999";"win32";"38.106.70.159";"speedtest";1339992396;112791.413533;0.122982;"9c0fa0e1-b625-407b-8e5d-f979a63c0e77";10796;"IN";"Terre Haute";4;6;2012;0;18;"20120618"
"76.112.203.189";"US";-83.144600;42.489500;"AS7922 Comcast Cable Communications, Inc.";"mlab2-lga02";0.040999;1610920.974140;"0.004012999";"win32";"38.106.70.159";"speedtest";1339992703;767017.093858;0.043552;"5cb4931f-bf67-49bf-a4ec-d36d7495a682";7922;"MI";"Royal Oak";4;6;2012;0;18;"20120618"
"71.58.226.44";"US";-75.961500;41.249000;"AS7922 Comcast Cable Communications, Inc.";"mlab2-lga02";0.087537;2493930.960255;"0.004012999";"win32";"38.106.70.159";"bittorrent";1339992995;668985.478780;-1.000000;"fb6cc5ca-37c3-44c5-8176-4a40a17f217a";7922;"PA";"Plymouth";4;6;2012;0;18;"20120618"
"68.40.93.208";"US";-82.582300;42.637600;"AS7922 Comcast Cable Communications, Inc.";"mlab2-lga02";0.049210;2033165.857440;"0.004011999";"win32";"38.106.70.159";"speedtest";1339993397;444766.009152;0.047390;"5ddd06da-64ad-444c-b2c0-525541d4d177";7922;"MI";"Algonac";4;6;2012;0;18;"20120618"
"98.206.101.228";"US";-87.655100;41.937300;"AS7922 Comcast Cable Communications, Inc.";"mlab2-lga02";0.031288;2744426.533993;"0.004012999";"win32";"38.106.70.159";"bittorrent";1339993422;519231.356642;-1.000000;"1b8a7968-95b4-4827-8260-84d7e02b3d53";7922;"IL";"Chicago";4;6;2012;0;18;"20120618"
"99.104.57.129";"US";-87.701600;41.975900;"AS7018 AT&T Services, Inc.";"mlab2-lga02";0.347093;166039.072426;"0.004012999";"darwin";"38.106.70.159";"bittorrent";1339994770;10615.403639;-1.000000;"d6f10baf-3b6d-47fb-999c-6d4188d2d4b2";7018;"IL";"Chicago";4;6;2012;0;18;"20120618"
"66.188.113.29";"US";-97.000000;38.000000;"AS20115 Charter Communications";"mlab2-lga02";0.046613;1693102.564905;"0.004012999";"darwin";"38.106.70.159";"bittorrent";1339995001;380963.705256;-1.000000;"3f295a53-7a79-47cb-bd75-f79b53a6ae22";20115;"";"";4;6;2012;0;18;"20120618"
"67.168.59.54";"US";-122.668000;48.185500;"AS7922 Comcast Cable Communications, Inc.";"mlab2-lga02";0.086167;2170210.215975;"0.004012999";"win32";"38.106.70.159";"bittorrent";1339995231;708895.929818;-1.000000;"ea22d474-846e-407d-9ebe-cd03ff0d64f4";7922;"WA";"Coupeville";4;6;2012;0;18;"20120618"
"98.243.192.146";"US";-84.594100;42.860200;"AS7922 Comcast Cable Communications, Inc.";"mlab2-lga02";0.040603;1441032.024700;"0.004012999";"darwin";"38.106.70.159";"speedtest";1339996961;463196.892620;0.047108;"69a61dac-c7ac-4b16-b86b-4bd2f3990f62";7922;"MI";"Dewitt";5;6;2012;0;18;"20120618"
"209.155.86.74";"US";-77.426000;43.100500;"AS1785 PaeTec Communications, Inc.";"mlab2-lga02";0.024018;357868.278678;"0.004012999";"win32";"38.106.70.159";"bittorrent";1339998981;60599.121821;-1.000000;"4841c017-4566-4afc-a805-ba458ccb2be1";1785;"NY";"Fairport";5;6;2012;0;18;"20120618"
"65.32.77.45";"US";-97.000000;38.000000;"AS33363 BRIGHT HOUSE NETWORKS, LLC";"mlab2-lga02";0.065929;2017052.065760;"0.004012999";"win32";"38.106.70.159";"speedtest";1339999550;228692.256818;0.065122;"29daca95-9628-479f-b4be-ee35e322c612";33363;"";"";6;6;2012;0;18;"20120618"
"72.181.251.247";"US";-96.771500;32.833900;"AS11427 Time Warner Cable Internet LLC";"mlab2-lga02";0.053538;1013722.547940;"0.004012999";"darwin";"38.106.70.159";"speedtest";1340000220;217629.620599;0.060214;"f6add6e0-3bfa-4414-8fb5-1ec8432ae8bf";11427;"TX";"Dallas";6;6;2012;0;18;"20120618"
"67.172.130.152";"US";-104.821400;38.833900;"AS7922 Comcast Cable Communications, Inc.";"mlab2-lga02";0.064768;2923209.108560;"0.004012999";"darwin";"38.106.70.159";"speedtest";1340001181;409857.464974;0.062107;"e83583f7-4c54-4291-a929-2fd12fd286f5";7922;"CO";"Colorado Springs";6;6;2012;0;18;"20120618"
"72.81.232.139";"US";-76.837500;39.174900;"AS701 MCI Communications Services, Inc. d/b/a Verizon Business";"mlab2-lga02";0.027127;1267791.301710;"0.004012999";"darwin";"38.106.70.159";"speedtest";1340001511;237268.835317;0.086195;"5d2377cf-2e67-40be-b1dc-e439a545da6f";701;"MD";"Columbia";6;6;2012;0;18;"20120618"
"75.127.236.122";"US";-97.000000;38.000000;"AS6128 Cablevision Systems Corp.";"mlab2-lga02";0.012200;4076412.371210;"0.004012999";"win32";"38.106.70.159";"speedtest";1340001754;649439.126170;0.015728;"560c097a-1dfa-4e05-9893-bdc56e35afc3";6128;"";"";6;6;2012;0;18;"20120618"
"76.10.12.242";"US";-88.242600;40.112500;"AS46925 PAVLOV MEDIA INC";"mlab2-lga02";0.035135;1679246.326460;"0.004012999";"win32";"38.106.70.159";"speedtest";1340002197;1752038.460500;0.034787;"b2c93218-2fa2-4a04-be8b-f4553cb22e1a";46925;"IL";"Champaign";6;6;2012;0;18;"20120618"
"98.214.132.10";"US";-89.589000;40.693600;"AS7922 Comcast Cable Communications, Inc.";"mlab2-lga02";0.044536;4415752.368540;"0.004012999";"darwin";"38.106.70.159";"speedtest";1340002456;763536.936081;0.049920;"ac008ee9-df9b-425b-a370-34b57dce1b90";7922;"IL";"Peoria";6;6;2012;0;18;"20120618"
"209.155.86.74";"US";-77.426000;43.100500;"AS1785 PaeTec Communications, Inc.";"mlab2-lga02";0.024801;353523.711393;"0.004012999";"win32";"38.106.70.159";"speedtest";1340005954;59493.873868;0.026136;"4841c017-4566-4afc-a805-ba458ccb2be1";1785;"NY";"Fairport";7;6;2012;0;18;"20120618"
"98.124.100.208";"US";-80.038400;33.118000;"AS16863 Home Telephone Company, Inc.";"mlab2-lga02";0.047970;700521.958794;"0.004012999";"linux2";"38.106.70.159";"bittorrent";1340006321;196457.228725;-1.000000;"adcd5d0f-b5f4-47e4-9505-249669f515a0";16863;"SC";"Moncks Corner";7;6;2012;0;18;"20120618"
"68.40.93.208";"US";-82.582300;42.637600;"AS7922 Comcast Cable Communications, Inc.";"mlab2-lga02";0.045298;1680503.555320;"0.004011999";"win32";"38.106.70.159";"speedtest";1340006651;445705.104106;0.047853;"5ddd06da-64ad-444c-b2c0-525541d4d177";7922;"MI";"Algonac";8;6;2012;0;18;"20120618"
"68.48.221.17";"US";-76.837500;39.174900;"AS7922 Comcast Cable Communications, Inc.";"mlab2-lga02";0.016897;3126071.016310;"0.004012999";"darwin";"38.106.70.159";"speedtest";1340007686;712795.632398;0.103088;"4162ce8a-78ab-4a68-9407-13618360662f";7922;"MD";"Columbia";8;6;2012;0;18;"20120618"
"99.99.213.185";"US";-85.882800;42.855500;"AS7018 AT&T Services, Inc.";"mlab2-lga02";0.052173;1405776.657393;"0.004012999";"linux2";"38.106.70.159";"bittorrent";1340009116;184031.387596;-1.000000;"22998df3-a92a-4573-b9f5-476782c2c770";7018;"MI";"Hudsonville";8;6;2012;0;18;"20120618"
"132.161.219.98";"US";-92.717600;41.721700;"AS22949 Grinnell College";"mlab2-lga02";0.056014;1331172.979113;"0.004012999";"win32";"38.106.70.159";"bittorrent";1340010155;347668.601562;-1.000000;"de23301c-c09c-4e47-aa2b-90a625720856";22949;"IA";"Grinnell";9;6;2012;0;18;"20120618"
"173.160.133.65";"US";-122.449200;47.151100;"AS7922 Comcast Cable Communications, Inc.";"mlab2-lga02";0.089070;455301.334596;"0.004012999";"win32";"38.106.70.159";"bittorrent";1340010402;309639.243037;-1.000000;"cd29f4ce-ebe9-47c8-8b18-9406a9618ac1";7922;"WA";"Tacoma";9;6;2012;0;18;"20120618"
"71.192.154.157";"US";-71.051200;42.406300;"AS7922 Comcast Cable Communications, Inc.";"mlab2-lga02";0.056121;745207.325225;"0.004012999";"darwin";"38.106.70.159";"speedtest";1340011342;375180.929955;0.041337;"65fb0ed5-8aab-4ca3-973b-6f6abd2e24d4";7922;"MA";"Everett";9;6;2012;0;18;"20120618"
"207.231.92.41";"US";-121.370600;38.784300;"AS14051 Roseville Telephone Company";"mlab2-lga02";0.075249;2820411.319750;"0.004012999";"win32";"38.106.70.159";"speedtest";1340012937;1926886.499800;0.080225;"cb121e1a-4701-4c5a-91b5-29c9df2b10c0";14051;"CA";"Roseville";9;6;2012;0;18;"20120618"
"69.251.194.209";"US";-77.177000;39.175200;"AS7922 Comcast Cable Communications, Inc.";"mlab2-lga02";0.020091;1929162.048490;"0.004011999";"win32";"38.106.70.159";"speedtest";1340014325;518937.321739;0.021917;"5ab805cf-b023-4309-9496-d8b22873a074";7922;"MD";"Montgomery Village";10;6;2012;0;18;"20120618"
"98.214.132.10";"US";-89.589000;40.693600;"AS7922 Comcast Cable Communications, Inc.";"mlab2-lga02";0.044999;4088017.051190;"0.004012999";"darwin";"38.106.70.159";"speedtest";1340015207;699593.293937;0.049463;"ac008ee9-df9b-425b-a370-34b57dce1b90";7922;"IL";"Peoria";10;6;2012;0;18;"20120618"
"67.168.66.115";"US";-122.630500;48.321800;"AS7922 Comcast Cable Communications, Inc.";"mlab2-lga02";0.085060;1257277.666457;"0.004012999";"win32";"38.106.70.159";"bittorrent";1340015237;724126.310298;-1.000000;"3ee99b5a-2c05-4823-a555-34b90b697de5";7922;"WA";"Oak Harbor";10;6;2012;0;18;"20120618"
"68.40.185.45";"US";-83.740900;42.277600;"AS7922 Comcast Cable Communications, Inc.";"mlab2-lga02";0.043482;1532232.164390;"0.004012999";"darwin";"38.106.70.159";"speedtest";1340015432;410813.836496;0.047410;"f77a7853-1ba8-4219-aa2c-2157b5e89023";7922;"MI";"Ann Arbor";10;6;2012;0;18;"20120618"
"69.251.194.209";"US";-77.177000;39.175200;"AS7922 Comcast Cable Communications, Inc.";"mlab2-lga02";0.021315;7073216.231998;"0.004011999";"win32";"38.106.70.159";"bittorrent";1340015835;557593.676099;-1.000000;"5ab805cf-b023-4309-9496-d8b22873a074";7922;"MD";"Montgomery Village";10;6;2012;0;18;"20120618"
"74.93.119.149";"US";-77.460300;37.553800;"AS7922 Comcast Cable Communications, Inc.";"mlab2-lga02";0.026002;7074360.101380;"0.004012999";"win32";"38.106.70.159";"speedtest";1340016476;596870.630611;0.028677;"89137afb-b348-4f18-88b5-80cee829292f";7922;"VA";"Richmond";10;6;2012;0;18;"20120618"
"68.41.24.217";"US";-83.036000;42.724500;"AS7922 Comcast Cable Communications, Inc.";"mlab2-lga02";0.041109;3176428.558105;"0.004012999";"win32";"38.106.70.159";"bittorrent";1340017302;520154.207961;-1.000000;"7acc5903-5884-4564-add3-0be49e9fa576";7922;"MI";"Washington";11;6;2012;0;18;"20120618"
"69.143.19.17";"US";-77.104300;38.881000;"AS7922 Comcast Cable Communications, Inc.";"mlab2-lga02";0.022308;3028764.199800;"0.004012999";"darwin";"38.106.70.159";"speedtest";1340020400;475910.494306;0.026193;"9b4267aa-e8b7-40bb-a139-5ad1187a6f5d";7922;"VA";"Arlington";11;6;2012;0;18;"20120618"
"205.178.18.107";"US";-87.623800;41.884900;"AS6079 RCN";"mlab2-lga02";0.036394;2704901.433230;"0.004011999";"win32";"38.106.70.159";"speedtest";1340020526;205471.756705;0.031949;"e98788b3-c49f-4266-b003-f95ea1c0e2a0";6079;"IL";"Chicago";11;6;2012;0;18;"20120618"
"98.222.147.136";"US";-85.681400;40.411900;"AS7922 Comcast Cable Communications, Inc.";"mlab2-lga02";0.038187;3073319.770791;"0.004012999";"linux2";"38.106.70.159";"bittorrent";1340022739;527935.734622;-1.000000;"247a4b73-0dbb-440a-a85f-68d042f5a3a2";7922;"IN";"Fairmount";12;6;2012;0;18;"20120618"
"66.66.21.182";"US";-77.602400;43.185800;"AS11351 Time Warner Cable Internet LLC";"mlab2-lga02";0.045647;4630495.048111;"0.004012999";"win32";"38.106.70.159";"bittorrent";1340022831;644242.850330;-1.000000;"b4fb3816-21d6-43b3-91fc-aabe40980e90";11351;"NY";"Rochester";12;6;2012;0;18;"20120618"
"76.112.161.232";"US";-83.077200;42.375500;"AS7922 Comcast Cable Communications, Inc.";"mlab2-lga02";0.036814;570807.301097;"0.004012999";"win32";"38.106.70.159";"speedtest";1340022929;87654.553054;0.041310;"5cb4931f-bf67-49bf-a4ec-d36d7495a682";7922;"MI";"Detroit";12;6;2012;0;18;"20120618"
"69.251.194.209";"US";-77.177000;39.175200;"AS7922 Comcast Cable Communications, Inc.";"mlab2-lga02";0.019725;2813866.216770;"0.004011999";"win32";"38.106.70.159";"speedtest";1340023426;507530.795730;0.021928;"5ab805cf-b023-4309-9496-d8b22873a074";7922;"MD";"Montgomery Village";12;6;2012;0;18;"20120618"
"108.6.12.54";"US";-73.936100;40.740000;"AS701 MCI Communications Services, Inc. d/b/a Verizon Business";"mlab2-lga02";0.007863;3030029.489920;"0.004011999";"darwin";"38.106.70.159";"bittorrent";1340023669;775944.547574;-1.000000;"2e291570-e5e9-434c-8fc4-9496c5d43b52";701;"NY";"Long Island City";12;6;2012;0;18;"20120618"
"205.178.18.107";"US";-87.623800;41.884900;"AS6079 RCN";"mlab2-lga02";0.029996;2387534.998620;"0.004011999";"win32";"38.106.70.159";"speedtest";1340023708;240505.636080;0.031619;"e98788b3-c49f-4266-b003-f95ea1c0e2a0";6079;"IL";"Chicago";12;6;2012;0;18;"20120618"
"71.190.171.206";"US";-73.525400;40.767000;"AS701 MCI Communications Services, Inc. d/b/a Verizon Business";"mlab2-lga02";0.011939;3785012.794150;"0.004012999";"linux2";"38.106.70.159";"speedtest";1340024312;2827950.244440;0.009877;"dfd87da2-1968-48ac-9bd2-5469644e29e4";701;"NY";"Hicksville";12;6;2012;0;18;"20120618"
"70.114.2.130";"US";-98.399400;29.583400;"AS11427 Time Warner Cable Internet LLC";"mlab2-lga02";0.051167;757782.074222;"0.004012999";"linux2";"38.106.70.159";"bittorrent";1340024640;243704.544357;-1.000000;"eef1d069-de63-4f80-84c8-860f065b1f10";11427;"TX";"San Antonio";13;6;2012;0;18;"20120618"
"68.58.125.60";"US";-86.158000;39.768400;"AS7922 Comcast Cable Communications, Inc.";"mlab2-lga02";0.037628;1726182.421392;"0.004012999";"darwin";"38.106.70.159";"bittorrent";1340026259;521372.318816;-1.000000;"9ad7184c-eb25-4754-a40f-91e4262a9d35";7922;"IN";"Indianapolis";13;6;2012;0;18;"20120618"
"74.103.162.36";"US";-75.114700;40.427800;"AS701 MCI Communications Services, Inc. d/b/a Verizon Business";"mlab2-lga02";0.026290;1744410.213150;"0.004012999";"darwin";"38.106.70.159";"speedtest";1340026316;653177.286413;0.024452;"4eec0d76-fa70-4b4c-91f9-8cb1b74b0682";701;"PA";"Pipersville";13;6;2012;0;18;"20120618"
"98.203.140.223";"US";-122.304300;47.610200;"AS7922 Comcast Cable Communications, Inc.";"mlab2-lga02";0.086754;1591458.843720;"0.004012999";"linux2";"38.106.70.159";"speedtest";1340026222;360757.473134;0.090789;"4bf1068a-cabe-4254-a52f-c2914db03ade";7922;"WA";"Seattle";13;6;2012;0;18;"20120618"
"98.207.87.80";"US";-122.299100;37.409600;"AS7922 Comcast Cable Communications, Inc.";"mlab2-lga02";0.093121;2514342.015420;"0.004012999";"darwin";"38.106.70.159";"speedtest";1340026691;245506.865577;0.098195;"0f7d671c-779f-4f63-8f54-ca28fcc35fd6";7922;"CA";"Redwood City";13;6;2012;0;18;"20120618"
"67.172.130.152";"US";-104.821400;38.833900;"AS7922 Comcast Cable Communications, Inc.";"mlab2-lga02";0.059354;2901723.560010;"0.004012999";"darwin";"38.106.70.159";"speedtest";1340027260;327611.873041;0.063023;"e83583f7-4c54-4291-a929-2fd12fd286f5";7922;"CO";"Colorado Springs";13;6;2012;0;18;"20120618"
"173.246.102.187";"US";-76.612200;39.290400;"AS29169 Gandi SAS";"mlab2-lga02";0.009917;6237318.379696;"0.004011999";"linux2";"38.106.70.159";"bittorrent";1340028799;778971.241422;-1.000000;"a57cd6aa-6b9a-40e3-ae4c-0685546dd104";29169;"MD";"Baltimore";14;6;2012;0;18;"20120618"
"24.46.196.47";"US";-73.686200;40.793900;"AS6128 Cablevision Systems Corp.";"mlab2-lga02";0.010679;2626831.225295;"0.004012999";"win32";"38.106.70.159";"bittorrent";1340028825;262056.464686;-1.000000;"103cc2f1-ddd5-4016-83cc-cdd357e7a81a";6128;"NY";"Manhasset";14;6;2012;0;18;"20120618"
"75.145.125.61";"US";-104.984700;39.739200;"AS7922 Comcast Cable Communications, Inc.";"mlab2-lga02";0.074860;2813975.527610;"0.004012999";"linux2";"38.106.70.159";"speedtest";1340028899;1209921.158680;0.068177;"d3080793-9920-4346-9c49-3a102587393e";7922;"CO";"Denver";14;6;2012;0;18;"20120618"
"71.204.91.144";"US";-84.447700;34.119000;"AS7922 Comcast Cable Communications, Inc.";"mlab2-lga02";0.044003;1233306.262740;"0.004012999";"darwin";"38.106.70.159";"speedtest";1340028953;511573.386400;0.045332;"4b4fa0bc-987b-4105-9a0b-83e736a6503c";7922;"GA";"Woodstock";14;6;2012;0;18;"20120618"
"66.66.21.182";"US";-77.602400;43.185800;"AS11351 Time Warner Cable Internet LLC";"mlab2-lga02";0.047833;4280329.660560;"0.004012999";"win32";"38.106.70.159";"bittorrent";1340029337;583090.637548;-1.000000;"b4fb3816-21d6-43b3-91fc-aabe40980e90";11351;"NY";"Rochester";14;6;2012;0;18;"20120618"
"65.32.77.45";"US";-97.000000;38.000000;"AS33363 BRIGHT HOUSE NETWORKS, LLC";"mlab2-lga02";0.059976;3359210.269047;"0.004012999";"win32";"38.106.70.159";"bittorrent";1340029876;225029.311892;-1.000000;"29daca95-9628-479f-b4be-ee35e322c612";33363;"";"";14;6;2012;0;18;"20120618"
"96.2.48.78";"US";-96.983300;42.836900;"AS11232 Midcontinent Media, Inc.";"mlab2-lga02";0.063697;3963359.757650;"0.004012999";"win32";"38.106.70.159";"bittorrent";1340029926;628271.798490;-1.000000;"5445103e-8ecb-4c12-b5f3-066ee6208757";11232;"SD";"Vermillion";14;6;2012;0;18;"20120618"
"70.122.243.11";"US";-97.015000;32.954600;"AS11427 Time Warner Cable Internet LLC";"mlab2-lga02";0.072887;3382360.232280;"0.004012999";"win32";"38.106.70.159";"speedtest";1340029953;508494.866606;0.057628;"bab8f612-1f34-46c2-a83e-fbaa7a2f8fa7";11427;"TX";"Coppell";14;6;2012;0;18;"20120618"
"98.206.101.228";"US";-87.655100;41.937300;"AS7922 Comcast Cable Communications, Inc.";"mlab2-lga02";0.030998;3060036.858454;"0.004012999";"win32";"38.106.70.159";"bittorrent";1340030752;522233.172898;-1.000000;"1b8a7968-95b4-4827-8260-84d7e02b3d53";7922;"IL";"Chicago";14;6;2012;0;18;"20120618"
"206.255.246.41";"US";-94.740500;32.500700;"AS53508 Cablelynx";"mlab2-lga02";0.092474;1172237.644890;"0.004012999";"win32";"38.106.70.159";"speedtest";1340031516;169147.717159;0.058790;"3a5b4ca4-0887-432d-a115-9f646a867cdb";53508;"TX";"Longview";14;6;2012;0;18;"20120618"
"69.251.194.209";"US";-77.177000;39.175200;"AS7922 Comcast Cable Communications, Inc.";"mlab2-lga02";0.030467;1968881.486070;"0.004011999";"win32";"38.106.70.159";"speedtest";1340032570;574478.676337;0.022485;"5ab805cf-b023-4309-9496-d8b22873a074";7922;"MD";"Montgomery Village";15;6;2012;0;18;"20120618"
"71.192.154.157";"US";-71.051200;42.406300;"AS7922 Comcast Cable Communications, Inc.";"mlab2-lga02";0.037932;474666.395508;"0.004012999";"darwin";"38.106.70.159";"speedtest";1340032585;401717.743855;0.042645;"65fb0ed5-8aab-4ca3-973b-6f6abd2e24d4";7922;"MA";"Everett";15;6;2012;0;18;"20120618"
"96.2.48.78";"US";-96.983300;42.836900;"AS11232 Midcontinent Media, Inc.";"mlab2-lga02";0.261968;938603.601408;"0.004011999";"win32";"38.106.70.159";"bittorrent";1340032798;482848.381511;-1.000000;"a7ed429a-44c3-4195-a0e5-7eac41680125";11232;"SD";"Vermillion";15;6;2012;0;18;"20120618"
"173.160.133.65";"US";-122.449200;47.151100;"AS7922 Comcast Cable Communications, Inc.";"mlab2-lga02";0.089524;399466.264607;"0.004012999";"win32";"38.106.70.159";"speedtest";1340032821;376928.154493;0.089966;"cd29f4ce-ebe9-47c8-8b18-9406a9618ac1";7922;"WA";"Tacoma";15;6;2012;0;18;"20120618"
"24.111.85.175";"US";-97.440500;42.935900;"AS11232 Midcontinent Media, Inc.";"mlab2-lga02";0.055901;238608.670029;"0.004011999";"win32";"38.106.70.159";"speedtest";1340033213;546165.093202;0.057491;"d8e6a54b-6231-4d06-a9c1-bf3a10f484b1";11232;"SD";"Yankton";15;6;2012;0;18;"20120618"
"72.181.251.247";"US";-96.771500;32.833900;"AS11427 Time Warner Cable Internet LLC";"mlab2-lga02";0.051855;2470166.179582;"0.004012999";"darwin";"38.106.70.159";"bittorrent";1340033162;218719.605197;-1.000000;"ec56ca67-ca5b-4ee7-a615-8743ebac3e8a";11427;"TX";"Dallas";15;6;2012;0;18;"20120618"
"66.235.50.69";"US";-122.029600;47.586900;"AS23292 Broadstripe";"mlab2-lga02";0.098631;171847.858899;"0.004012999";"darwin";"38.106.70.159";"speedtest";1340033988;221738.077378;0.145224;"619f12e6-7e7a-4475-96aa-abb7e35e6c27";23292;"WA";"Sammamish";15;6;2012;0;18;"20120618"
"66.66.21.182";"US";-77.602400;43.185800;"AS11351 Time Warner Cable Internet LLC";"mlab2-lga02";0.066602;4482572.009632;"0.004012999";"win32";"38.106.70.159";"bittorrent";1340035842;587940.337291;-1.000000;"b4fb3816-21d6-43b3-91fc-aabe40980e90";11351;"NY";"Rochester";16;6;2012;0;18;"20120618"
"96.236.133.97";"US";-79.995900;40.440600;"AS701 MCI Communications Services, Inc. d/b/a Verizon Business";"mlab2-lga02";0.020928;173217.833438;"0.004012999";"linux2";"38.106.70.159";"speedtest";1340036042;253286.402956;0.035262;"002bd52f-5f9d-42eb-9ce6-e310c9db525a";701;"PA";"Pittsburgh";16;6;2012;0;18;"20120618"
"66.142.7.6";"US";-101.831300;35.222000;"AS2386 AT&T Data Communications Services";"mlab2-lga02";0.149751;9291.719496;"0.004012999";"linux2";"38.106.70.159";"speedtest";1340037024;24606.267817;0.341569;"e629a5ed-292e-4c20-860f-40ebe4624851";2386;"TX";"Amarillo";16;6;2012;0;18;"20120618"
"50.193.198.140";"US";-122.213500;47.463700;"AS7922 Comcast Cable Communications, Inc.";"mlab2-lga02";0.086265;454787.301199;"0.004011999";"win32";"38.106.70.159";"speedtest";1340037052;115920.141170;0.088046;"2b37de0c-5f49-4446-8b8f-3b2dad14fb61";7922;"WA";"Renton";16;6;2012;0;18;"20120618"
"67.168.59.54";"US";-122.668000;48.185500;"AS7922 Comcast Cable Communications, Inc.";"mlab2-lga02";0.098446;2384232.933813;"0.004012999";"win32";"38.106.70.159";"bittorrent";1340037449;711137.411868;-1.000000;"ea22d474-846e-407d-9ebe-cd03ff0d64f4";7922;"WA";"Coupeville";16;6;2012;0;18;"20120618"
"67.130.216.230";"US";-105.937800;35.687000;"AS209 NOVARTIS-DMZ-US";"mlab2-lga02";0.163704;169813.295793;"0.004012999";"win32";"38.106.70.159";"speedtest";1340037962;80758.842954;0.128572;"ee8fe911-f84d-4ab8-b486-dda4c138f932";209;"NM";"Santa Fe";16;6;2012;0;18;"20120618"
"99.92.88.210";"US";-122.030700;37.353700;"AS7018 AT&T Services, Inc.";"mlab2-lga02";0.099248;536563.975948;"0.004012999";"darwin";"38.106.70.159";"bittorrent";1340038170;182490.930230;-1.000000;"13cf72ab-670c-4dc7-8fad-aa9a41f4355d";7018;"CA";"Sunnyvale";16;6;2012;0;18;"20120618"
"71.237.28.39";"US";-104.984700;39.739200;"AS7922 Comcast Cable Communications, Inc.";"mlab2-lga02";0.056111;847830.769327;"0.004012999";"darwin";"38.106.70.159";"speedtest";1340038500;457533.601562;0.246134;"95e96326-78fe-4507-8b06-f60611a1b7ad";7922;"CO";"Denver";16;6;2012;0;18;"20120618"
"98.207.87.80";"US";-122.299100;37.409600;"AS7922 Comcast Cable Communications, Inc.";"mlab2-lga02";0.095718;2210046.112310;"0.004012999";"darwin";"38.106.70.159";"speedtest";1340038857;244730.784066;0.130206;"0f7d671c-779f-4f63-8f54-ca28fcc35fd6";7922;"CA";"Redwood City";17;6;2012;0;18;"20120618"
"68.41.24.217";"US";-83.036000;42.724500;"AS7922 Comcast Cable Communications, Inc.";"mlab2-lga02";0.042462;2680413.610778;"0.004012999";"win32";"38.106.70.159";"bittorrent";1340039236;523283.053976;-1.000000;"7acc5903-5884-4564-add3-0be49e9fa576";7922;"MI";"Washington";17;6;2012;0;18;"20120618"
"69.251.194.209";"US";-77.177000;39.175200;"AS7922 Comcast Cable Communications, Inc.";"mlab2-lga02";0.022277;2006063.372173;"0.004011999";"win32";"38.106.70.159";"bittorrent";1340040167;517340.723742;-1.000000;"5ab805cf-b023-4309-9496-d8b22873a074";7922;"MD";"Montgomery Village";17;6;2012;0;18;"20120618"
"99.99.213.185";"US";-85.882800;42.855500;"AS7018 AT&T Services, Inc.";"mlab2-lga02";0.052305;1094705.066000;"0.004012999";"linux2";"38.106.70.159";"speedtest";1340040366;180493.348693;0.056173;"22998df3-a92a-4573-b9f5-476782c2c770";7018;"MI";"Hudsonville";17;6;2012;0;18;"20120618"
"96.2.48.78";"US";-96.983300;42.836900;"AS11232 Midcontinent Media, Inc.";"mlab2-lga02";0.059730;945766.468672;"0.004011999";"win32";"38.106.70.159";"speedtest";1340040375;544057.975101;0.061959;"a7ed429a-44c3-4195-a0e5-7eac41680125";11232;"SD";"Vermillion";17;6;2012;0;18;"20120618"
"24.111.85.175";"US";-97.440500;42.935900;"AS11232 Midcontinent Media, Inc.";"mlab2-lga02";0.060702;263264.348279;"0.004011999";"win32";"38.106.70.159";"speedtest";1340041606;518009.431920;0.063738;"d8e6a54b-6231-4d06-a9c1-bf3a10f484b1";11232;"SD";"Yankton";17;6;2012;0;18;"20120618"
"99.130.96.199";"US";-117.490800;33.932900;"AS7018 AT&T Services, Inc.";"mlab2-lga02";0.094101;1030227.381408;"0.004012999";"linux2";"38.106.70.159";"bittorrent";1340041761;183823.025796;-1.000000;"0a3b2944-23c0-4116-a068-0d5627c0dec9";7018;"CA";"Riverside";17;6;2012;0;18;"20120618"
"96.236.133.97";"US";-79.995900;40.440600;"AS701 MCI Communications Services, Inc. d/b/a Verizon Business";"mlab2-lga02";0.024271;255997.821664;"0.004012999";"linux2";"38.106.70.159";"speedtest";1340041805;125258.249721;0.074099;"002bd52f-5f9d-42eb-9ce6-e310c9db525a";701;"PA";"Pittsburgh";17;6;2012;0;18;"20120618"
"68.41.24.217";"US";-83.036000;42.724500;"AS7922 Comcast Cable Communications, Inc.";"mlab2-lga02";0.042462;2688475.927219;"0.004012999";"win32";"38.106.70.159";"bittorrent";1340042366;518198.392359;-1.000000;"7acc5903-5884-4564-add3-0be49e9fa576";7922;"MI";"Washington";17;6;2012;0;18;"20120618"
"72.181.251.247";"US";-96.771500;32.833900;"AS11427 Time Warner Cable Internet LLC";"mlab2-lga02";0.052397;2369495.886315;"0.004012999";"darwin";"38.106.70.159";"bittorrent";1340042890;224005.681748;-1.000000;"ec56ca67-ca5b-4ee7-a615-8743ebac3e8a";11427;"TX";"Dallas";18;6;2012;0;18;"20120618"
"76.10.12.242";"US";-88.242600;40.112500;"AS46925 PAVLOV MEDIA INC";"mlab2-lga02";0.034206;1642538.852760;"0.004012999";"win32";"38.106.70.159";"speedtest";1340042911;1697360.963460;0.034714;"b2c93218-2fa2-4a04-be8b-f4553cb22e1a";46925;"IL";"Champaign";18;6;2012;0;18;"20120618"
"71.206.108.75";"US";-84.525500;42.742200;"AS7922 Comcast Cable Communications, Inc.";"mlab2-lga02";0.066082;139096.107805;"0.004011999";"win32";"38.106.70.159";"bittorrent";1340043034;75706.342196;-1.000000;"ffaa390e-2089-4db5-9b0b-c03d5eed4c9f";7922;"MI";"Lansing";18;6;2012;0;18;"20120618"
"216.56.28.137";"US";-91.347900;46.585600;"AS2381 WiscNet";"mlab2-lga02";0.047820;1329258.753120;"0.004012999";"win32";"38.106.70.159";"speedtest";1340044638;2521740.025540;0.049774;"0532f16b-ef24-4682-9ee3-3c919a655ab3";2381;"WI";"Iron River";18;6;2012;0;18;"20120618"
"108.6.12.54";"US";-73.936100;40.740000;"AS701 MCI Communications Services, Inc. d/b/a Verizon Business";"mlab2-lga02";0.009064;3047611.560959;"0.004011999";"darwin";"38.106.70.159";"bittorrent";1340044821;772972.364264;-1.000000;"2e291570-e5e9-434c-8fc4-9496c5d43b52";701;"NY";"Long Island City";18;6;2012;0;18;"20120618"
"68.41.24.217";"US";-83.036000;42.724500;"AS7922 Comcast Cable Communications, Inc.";"mlab2-lga02";0.042605;2637207.312099;"0.004012999";"win32";"38.106.70.159";"bittorrent";1340045499;520551.468779;-1.000000;"7acc5903-5884-4564-add3-0be49e9fa576";7922;"MI";"Washington";18;6;2012;0;18;"20120618"
"99.27.132.203";"US";-122.036300;37.368800;"AS7132 AS for SBIS-AS";"mlab2-lga02";0.084801;520581.503517;"0.004012999";"linux2";"38.106.70.159";"bittorrent";1340046393;73297.182872;-1.000000;"d0271e0a-854f-4f73-b087-7be4c60e4f8c";7132;"CA";"Sunnyvale";19;6;2012;0;18;"20120618"
"206.255.246.41";"US";-94.740500;32.500700;"AS53508 Cablelynx";"mlab2-lga02";0.054425;1192585.071160;"0.004012999";"win32";"38.106.70.159";"speedtest";1340046998;175496.029910;0.058067;"3a5b4ca4-0887-432d-a115-9f646a867cdb";53508;"TX";"Longview";19;6;2012;0;18;"20120618"
"50.12.211.162";"US";-93.263800;44.980000;"AS16586 CLEARWIRE - CLEAR WIRELESS LLC";"mlab2-lga02";0.099150;137437.362341;"0.004012999";"darwin";"38.106.70.159";"bittorrent";1340047167;149107.158828;-1.000000;"3955a411-3e83-4a8e-aa8e-165233e306e9";16586;"MN";"Minneapolis";19;6;2012;0;18;"20120618"
"67.168.59.54";"US";-122.668000;48.185500;"AS7922 Comcast Cable Communications, Inc.";"mlab2-lga02";0.088621;1448439.441370;"0.004012999";"win32";"38.106.70.159";"speedtest";1340047997;414725.355426;0.089165;"ea22d474-846e-407d-9ebe-cd03ff0d64f4";7922;"WA";"Coupeville";19;6;2012;0;18;"20120618"
"98.203.140.223";"US";-122.304300;47.610200;"AS7922 Comcast Cable Communications, Inc.";"mlab2-lga02";0.086442;1850711.294178;"0.004012999";"linux2";"38.106.70.159";"bittorrent";1340048279;488809.362913;-1.000000;"4bf1068a-cabe-4254-a52f-c2914db03ade";7922;"WA";"Seattle";19;6;2012;0;18;"20120618"
"70.114.2.130";"US";-98.399400;29.583400;"AS11427 Time Warner Cable Internet LLC";"mlab2-lga02";0.055554;1778988.401570;"0.004012999";"linux2";"38.106.70.159";"speedtest";1340049104;238071.414108;0.055718;"eef1d069-de63-4f80-84c8-860f065b1f10";11427;"TX";"San Antonio";19;6;2012;0;18;"20120618"
"71.206.108.75";"US";-84.525500;42.742200;"AS7922 Comcast Cable Communications, Inc.";"mlab2-lga02";0.047881;304138.236273;"0.004011999";"win32";"38.106.70.159";"bittorrent";1340049285;62897.233083;-1.000000;"ffaa390e-2089-4db5-9b0b-c03d5eed4c9f";7922;"MI";"Lansing";19;6;2012;0;18;"20120618"
"108.6.12.54";"US";-73.936100;40.740000;"AS701 MCI Communications Services, Inc. d/b/a Verizon Business";"mlab2-lga02";0.008089;3027194.760100;"0.004011999";"darwin";"38.106.70.159";"speedtest";1340049286;771944.906332;0.011287;"2e291570-e5e9-434c-8fc4-9496c5d43b52";701;"NY";"Long Island City";19;6;2012;0;18;"20120618"
"72.181.251.247";"US";-96.771500;32.833900;"AS11427 Time Warner Cable Internet LLC";"mlab2-lga02";0.052152;967875.678331;"0.004012999";"darwin";"38.106.70.159";"bittorrent";1340049386;223250.500131;-1.000000;"ec56ca67-ca5b-4ee7-a615-8743ebac3e8a";11427;"TX";"Dallas";19;6;2012;0;18;"20120618"
"50.193.198.140";"US";-122.213500;47.463700;"AS7922 Comcast Cable Communications, Inc.";"mlab2-lga02";0.085379;578795.328596;"0.004011999";"win32";"38.106.70.159";"speedtest";1340049937;378914.562734;0.089432;"2b37de0c-5f49-4446-8b8f-3b2dad14fb61";7922;"WA";"Renton";20;6;2012;0;18;"20120618"
"98.22.138.166";"US";-95.790800;36.052600;"AS7029 Windstream Communications Inc";"mlab2-lga02";0.396741;55503.978007;"0.004012999";"win32";"38.106.70.159";"bittorrent";1340050078;61642.739367;-1.000000;"eb27082c-e25b-4239-869e-8ba23d438a17";7029;"OK";"Broken Arrow";20;6;2012;0;18;"20120618"
"99.130.96.199";"US";-117.490800;33.932900;"AS7018 AT&T Services, Inc.";"mlab2-lga02";0.092682;1127960.008751;"0.004012999";"linux2";"38.106.70.159";"bittorrent";1340050571;184071.841743;-1.000000;"0a3b2944-23c0-4116-a068-0d5627c0dec9";7018;"CA";"Riverside";20;6;2012;0;18;"20120618"
"67.168.66.115";"US";-122.630500;48.321800;"AS7922 Comcast Cable Communications, Inc.";"mlab2-lga02";0.086091;1860177.789450;"0.004012999";"win32";"38.106.70.159";"speedtest";1340050903;627744.023392;0.086321;"3ee99b5a-2c05-4823-a555-34b90b697de5";7922;"WA";"Oak Harbor";20;6;2012;0;18;"20120618"
"173.246.102.187";"US";-76.612200;39.290400;"AS29169 Gandi SAS";"mlab2-lga02";0.010300;6448248.740921;"0.004011999";"linux2";"38.106.70.159";"bittorrent";1340051081;811630.804742;-1.000000;"a57cd6aa-6b9a-40e3-ae4c-0685546dd104";29169;"MD";"Baltimore";20;6;2012;0;18;"20120618"
"98.206.101.228";"US";-87.655100;41.937300;"AS7922 Comcast Cable Communications, Inc.";"mlab2-lga02";0.034883;2633762.108750;"0.004012999";"win32";"38.106.70.159";"speedtest";1340052051;447963.891991;0.033313;"1b8a7968-95b4-4827-8260-84d7e02b3d53";7922;"IL";"Chicago";20;6;2012;0;18;"20120618"
"74.103.162.36";"US";-75.114700;40.427800;"AS701 MCI Communications Services, Inc. d/b/a Verizon Business";"mlab2-lga02";0.015974;1879926.961610;"0.004012999";"darwin";"38.106.70.159";"speedtest";1340052103;663740.048315;0.017390;"4eec0d76-fa70-4b4c-91f9-8cb1b74b0682";701;"PA";"Pipersville";20;6;2012;0;18;"20120618"
"50.83.240.108";"US";-95.977900;45.232200;"AS30036 Mediacom Communications Corp";"mlab2-lga02";0.041719;1396366.717949;"0.004012999";"darwin";"38.106.70.159";"bittorrent";1340052361;294349.423040;-1.000000;"43af2f72-3dc4-4824-9ff7-faa06a3cb206";30036;"MN";"Appleton";20;6;2012;0;18;"20120618"
"75.132.191.176";"US";-89.899800;38.512100;"AS20115 Charter Communications";"mlab2-lga02";0.041326;2266036.533086;"0.004012999";"win32";"38.106.70.159";"bittorrent";1340052575;404746.906019;-1.000000;"c08311ac-7edd-4390-b447-4ca484b5dacc";20115;"IL";"Belleville";20;6;2012;0;18;"20120618"
"76.168.80.127";"US";-118.243700;34.052200;"AS20001 Time Warner Cable Internet LLC";"mlab2-lga02";0.088170;1943412.362080;"0.004012999";"darwin";"38.106.70.159";"speedtest";1340053165;118097.849881;0.091454;"90d62fdd-a880-469e-bb3b-4bf575cfed10";20001;"CA";"Los Angeles";20;6;2012;0;18;"20120618"
"67.172.130.152";"US";-104.821400;38.833900;"AS7922 Comcast Cable Communications, Inc.";"mlab2-lga02";0.075920;2904086.688020;"0.004012999";"darwin";"38.106.70.159";"speedtest";1340053330;440160.816137;0.062658;"e83583f7-4c54-4291-a929-2fd12fd286f5";7922;"CO";"Colorado Springs";21;6;2012;0;18;"20120618"
"216.56.28.137";"US";-91.347900;46.585600;"AS2381 WiscNet";"mlab2-lga02";0.054311;1226218.142620;"0.004012999";"win32";"38.106.70.159";"speedtest";1340054293;2114350.430910;0.056134;"0532f16b-ef24-4682-9ee3-3c919a655ab3";2381;"WI";"Iron River";21;6;2012;0;18;"20120618"
"50.193.198.140";"US";-122.213500;47.463700;"AS7922 Comcast Cable Communications, Inc.";"mlab2-lga02";0.086014;487836.895765;"0.004011999";"win32";"38.106.70.159";"bittorrent";1340054765;390658.651015;-1.000000;"2b37de0c-5f49-4446-8b8f-3b2dad14fb61";7922;"WA";"Renton";21;6;2012;0;18;"20120618"
"99.27.132.203";"US";-122.036300;37.368800;"AS7132 AS for SBIS-AS";"mlab2-lga02";0.084809;489906.352265;"0.004012999";"linux2";"38.106.70.159";"bittorrent";1340054795;76575.045025;-1.000000;"d0271e0a-854f-4f73-b087-7be4c60e4f8c";7132;"CA";"Sunnyvale";21;6;2012;0;18;"20120618"
"68.41.24.217";"US";-83.036000;42.724500;"AS7922 Comcast Cable Communications, Inc.";"mlab2-lga02";0.040778;2679121.314349;"0.004012999";"win32";"38.106.70.159";"bittorrent";1340054895;523460.089852;-1.000000;"7acc5903-5884-4564-add3-0be49e9fa576";7922;"MI";"Washington";21;6;2012;0;18;"20120618"
"99.130.96.199";"US";-117.490800;33.932900;"AS7018 AT&T Services, Inc.";"mlab2-lga02";0.092635;1256063.505340;"0.004012999";"linux2";"38.106.70.159";"speedtest";1340054971;176598.206061;0.094309;"0a3b2944-23c0-4116-a068-0d5627c0dec9";7018;"CA";"Riverside";21;6;2012;0;18;"20120618"
"98.251.77.68";"US";-83.949600;33.512000;"AS7922 Comcast Cable Communications, Inc.";"mlab2-lga02";0.041246;2866619.253070;"0.004011999";"win32";"38.106.70.159";"speedtest";1340056398;485233.170505;0.042144;"cbfab653-aed3-47c3-b7d0-e4159cab6582";7922;"GA";"Covington";21;6;2012;0;18;"20120618"
"76.24.39.72";"US";-71.691300;42.413600;"AS7922 Comcast Cable Communications, Inc.";"mlab2-lga02";0.021361;1522703.011972;"0.004012999";"win32";"38.106.70.159";"bittorrent";1340056963;459728.668666;-1.000000;"d7fbbeb1-8f79-4feb-9ab1-01beb7b970aa";7922;"MA";"Clinton";22;6;2012;0;18;"20120618"
"108.0.16.252";"US";-118.142300;33.771100;"AS701 MCI Communications Services, Inc. d/b/a Verizon Business";"mlab2-lga02";0.264242;615886.920342;"0.004012999";"darwin";"38.106.70.159";"bittorrent";1340057851;502826.151368;-1.000000;"b13eed9c-7499-4364-89ba-e85068191268";701;"CA";"Long Beach";22;6;2012;0;18;"20120618"
"173.160.133.65";"US";-122.449200;47.151100;"AS7922 Comcast Cable Communications, Inc.";"mlab2-lga02";0.089918;435350.545353;"0.004012999";"win32";"38.106.70.159";"bittorrent";1340057870;326869.844044;-1.000000;"cd29f4ce-ebe9-47c8-8b18-9406a9618ac1";7922;"WA";"Tacoma";22;6;2012;0;18;"20120618"
"68.40.93.208";"US";-82.582300;42.637600;"AS7922 Comcast Cable Communications, Inc.";"mlab2-lga02";0.047838;1225221.957195;"0.004011999";"win32";"38.106.70.159";"bittorrent";1340059228;398319.532831;-1.000000;"5ddd06da-64ad-444c-b2c0-525541d4d177";7922;"MI";"Algonac";22;6;2012;0;18;"20120618"
"64.13.104.81";"US";-77.026100;38.990700;"AS16586 CLEARWIRE - CLEAR WIRELESS LLC";"mlab2-lga02";0.184516;80442.988934;"0.004012999";"darwin";"38.106.70.159";"speedtest";1340060248;110149.006567;0.148931;"8a5f995c-e96b-4ee9-8332-ee1284a6fd58";16586;"MD";"Silver Spring";22;6;2012;0;18;"20120618"
"70.113.79.140";"US";-97.743100;30.267200;"AS11427 Time Warner Cable Internet LLC";"mlab2-lga02";0.051656;1314817.362070;"0.004012999";"win32";"38.106.70.159";"speedtest";1340060677;118502.134501;0.055495;"f957f544-b6fe-4e0c-b05d-e4a409241054";11427;"TX";"Austin";23;6;2012;0;18;"20120618"
"68.40.93.208";"US";-82.582300;42.637600;"AS7922 Comcast Cable Communications, Inc.";"mlab2-lga02";0.064124;491780.630376;"0.004011999";"win32";"38.106.70.159";"speedtest";1340060813;432478.452638;0.061607;"5ddd06da-64ad-444c-b2c0-525541d4d177";7922;"MI";"Algonac";23;6;2012;0;18;"20120618"
"205.178.18.107";"US";-87.623800;41.884900;"AS6079 RCN";"mlab2-lga02";0.029583;2519044.385816;"0.004011999";"win32";"38.106.70.159";"bittorrent";1340060916;242491.836880;-1.000000;"e98788b3-c49f-4266-b003-f95ea1c0e2a0";6079;"IL";"Chicago";23;6;2012;0;18;"20120618"
"173.160.133.65";"US";-122.449200;47.151100;"AS7922 Comcast Cable Communications, Inc.";"mlab2-lga02";0.087850;446573.916338;"0.004012999";"win32";"38.106.70.159";"bittorrent";1340060983;305546.119193;-1.000000;"cd29f4ce-ebe9-47c8-8b18-9406a9618ac1";7922;"WA";"Tacoma";23;6;2012;0;18;"20120618"
"209.155.86.74";"US";-77.426000;43.100500;"AS1785 PaeTec Communications, Inc.";"mlab2-lga02";0.051019;300970.454508;"0.004012999";"win32";"38.106.70.159";"speedtest";1340061761;59113.333641;0.057962;"4841c017-4566-4afc-a805-ba458ccb2be1";1785;"NY";"Fairport";23;6;2012;0;18;"20120618"
"67.168.66.115";"US";-122.630500;48.321800;"AS7922 Comcast Cable Communications, Inc.";"mlab2-lga02";0.094022;2321715.344394;"0.004012999";"win32";"38.106.70.159";"bittorrent";1340061764;701273.665738;-1.000000;"3ee99b5a-2c05-4823-a555-34b90b697de5";7922;"WA";"Oak Harbor";23;6;2012;0;18;"20120618"
"70.122.243.11";"US";-97.015000;32.954600;"AS11427 Time Warner Cable Internet LLC";"mlab2-lga02";0.054912;3731561.890153;"0.004012999";"win32";"38.106.70.159";"bittorrent";1340061779;624409.316444;-1.000000;"bab8f612-1f34-46c2-a83e-fbaa7a2f8fa7";11427;"TX";"Coppell";23;6;2012;0;18;"20120618"
"69.251.194.209";"US";-77.177000;39.175200;"AS7922 Comcast Cable Communications, Inc.";"mlab2-lga02";0.020995;2244585.110803;"0.004011999";"win32";"38.106.70.159";"bittorrent";1340062056;559583.745724;-1.000000;"5ab805cf-b023-4309-9496-d8b22873a074";7922;"MD";"Montgomery Village";23;6;2012;0;18;"20120618"
"71.237.28.39";"US";-104.984700;39.739200;"AS7922 Comcast Cable Communications, Inc.";"mlab2-lga02";0.053573;1124422.508955;"0.004012999";"darwin";"38.106.70.159";"bittorrent";1340062320;459644.845212;-1.000000;"95e96326-78fe-4507-8b06-f60611a1b7ad";7922;"CO";"Denver";23;6;2012;0;18;"20120618"
"108.0.16.252";"US";-118.142300;33.771100;"AS701 MCI Communications Services, Inc. d/b/a Verizon Business";"mlab2-lga02";0.077107;1639497.028260;"0.004012999";"darwin";"38.106.70.159";"speedtest";1340062332;625110.538086;0.081395;"b13eed9c-7499-4364-89ba-e85068191268";701;"CA";"Long Beach";23;6;2012;0;18;"20120618"
"96.2.48.78";"US";-96.983300;42.836900;"AS11232 Midcontinent Media, Inc.";"mlab2-lga02";0.067245;3063880.430860;"0.004012999";"win32";"38.106.70.159";"speedtest";1340062365;432262.376452;0.069934;"d4959228-fa29-4292-8c76-7ca9985284c9";11232;"SD";"Vermillion";23;6;2012;0;18;"20120618"
"71.118.241.200";"US";-118.880000;34.213300;"AS701 MCI Communications Services, Inc. d/b/a Verizon Business";"mlab2-lga02";0.090824;2562763.441940;"0.004012999";"darwin";"38.106.70.159";"speedtest";1340063968;1345423.546490;0.093969;"6240ede4-4770-4ab9-a1a5-5df49c84c463";701;"CA";"Thousand Oaks";23;6;2012;0;18;"20120618"
"58.96.114.83";"AU";115.861400;-31.952200;"AS10143 Exetel Pty Ltd";"mlab2-syd02";0.073204;768895.986440;"0.004011999";"win32";"175.45.79.32";"speedtest";1339977983;97459.460312;0.075100;"6fe26f55-7863-4a8e-915d-1e066fe772cc";10143;"08";"Perth";0;6;2012;0;18;"20120618"
"203.20.167.2";"AU";151.216700;-33.883300;"AS37998 St Vincents & Mater Health Sydney";"mlab2-syd02";0.049458;7025500.446760;"0.004011999";"win32";"175.45.79.32";"speedtest";1339983687;4499935.990090;0.019809;"69757534-ce26-4738-ad47-c9692c23fff0";37998;"02";"Darlinghurst";1;6;2012;0;18;"20120618"
"124.149.36.50";"AU";151.205500;-33.861500;"AS4802 iiNet Limited";"mlab2-syd02";0.014900;1123365.735098;"0.004012999";"darwin";"175.45.79.32";"bittorrent";1339984922;105664.294459;-1.000000;"55006e03-0757-4639-a9b7-34b02b3b1a04";4802;"02";"Sydney";2;6;2012;0;18;"20120618"
"58.96.114.83";"AU";115.861400;-31.952200;"AS10143 Exetel Pty Ltd";"mlab2-syd02";0.071615;665301.912768;"0.004011999";"win32";"175.45.79.32";"bittorrent";1339985342;102650.731450;-1.000000;"6fe26f55-7863-4a8e-915d-1e066fe772cc";10143;"08";"Perth";2;6;2012;0;18;"20120618"
"203.122.246.131";"AU";138.598600;-34.928700;"AS4739 Internode Pty Ltd";"mlab2-syd02";0.072401;570889.642311;"0.004012999";"darwin";"175.45.79.32";"bittorrent";1339985928;107954.671877;-1.000000;"dcaf924a-16d3-41ec-a1c4-e84d7f07760a";4739;"05";"Adelaide";2;6;2012;0;18;"20120618"
"124.149.36.50";"AU";151.205500;-33.861500;"AS4802 iiNet Limited";"mlab2-syd02";0.014409;1110585.563030;"0.004012999";"darwin";"175.45.79.32";"speedtest";1339989535;105311.845812;0.017634;"55006e03-0757-4639-a9b7-34b02b3b1a04";4802;"02";"Sydney";3;6;2012;0;18;"20120618"
"203.20.167.2";"AU";151.216700;-33.883300;"AS37998 St Vincents & Mater Health Sydney";"mlab2-syd02";0.016349;7269009.025330;"0.004012999";"win32";"175.45.79.32";"speedtest";1339989980;4857796.687150;0.004224;"b91792e2-6624-429b-ab27-6069ad893cca";37998;"02";"Darlinghurst";3;6;2012;0;18;"20120618"
"203.20.167.2";"AU";151.216700;-33.883300;"AS37998 St Vincents & Mater Health Sydney";"mlab2-syd02";0.056268;7410278.129350;"0.004011999";"win32";"175.45.79.32";"speedtest";1339990084;7093187.799970;0.016165;"69757534-ce26-4738-ad47-c9692c23fff0";37998;"02";"Darlinghurst";3;6;2012;0;18;"20120618"
"58.96.114.83";"AU";115.861400;-31.952200;"AS10143 Exetel Pty Ltd";"mlab2-syd02";0.077362;654672.486915;"0.004011999";"win32";"175.45.79.32";"bittorrent";1339991230;114725.920696;-1.000000;"6fe26f55-7863-4a8e-915d-1e066fe772cc";10143;"08";"Perth";3;6;2012;0;18;"20120618"
"124.149.36.50";"AU";151.205500;-33.861500;"AS4802 iiNet Limited";"mlab2-syd02";0.014318;1123528.760655;"0.004012999";"darwin";"175.45.79.32";"bittorrent";1339994150;106122.365247;-1.000000;"55006e03-0757-4639-a9b7-34b02b3b1a04";4802;"02";"Sydney";4;6;2012;0;18;"20120618"
"203.20.167.2";"AU";151.216700;-33.883300;"AS37998 St Vincents & Mater Health Sydney";"mlab2-syd02";0.056630;6918080.751840;"0.004011999";"win32";"175.45.79.32";"speedtest";1339996476;6813528.966810;0.018529;"69757534-ce26-4738-ad47-c9692c23fff0";37998;"02";"Darlinghurst";5;6;2012;0;18;"20120618"
"203.122.246.131";"AU";138.598600;-34.928700;"AS4739 Internode Pty Ltd";"mlab2-syd02";0.057927;376215.648668;"0.004012999";"darwin";"175.45.79.32";"speedtest";1339997341;104181.259914;0.073220;"dcaf924a-16d3-41ec-a1c4-e84d7f07760a";4739;"05";"Adelaide";5;6;2012;0;18;"20120618"
"203.20.167.2";"AU";151.216700;-33.883300;"AS37998 St Vincents & Mater Health Sydney";"mlab2-syd02";0.003004;160538.454535;"0.004012999";"win32";"175.45.79.32";"speedtest";1340002622;3391551.600210;0.004049;"b91792e2-6624-429b-ab27-6069ad893cca";37998;"02";"Darlinghurst";6;6;2012;0;18;"20120618"
"203.20.167.2";"AU";151.216700;-33.883300;"AS37998 St Vincents & Mater Health Sydney";"mlab2-syd02";0.001689;924424.186680;"0.004012999";"win32";"175.45.79.32";"speedtest";1340005769;4530809.662540;0.003418;"b91792e2-6624-429b-ab27-6069ad893cca";37998;"02";"Darlinghurst";7;6;2012;0;18;"20120618"
"203.122.246.131";"AU";138.598600;-34.928700;"AS4739 Internode Pty Ltd";"mlab2-syd02";0.216539;76920.991044;"0.004012999";"darwin";"175.45.79.32";"bittorrent";1340008853;99013.177474;-1.000000;"dcaf924a-16d3-41ec-a1c4-e84d7f07760a";4739;"05";"Adelaide";8;6;2012;0;18;"20120618"
"124.149.36.50";"AU";151.205500;-33.861500;"AS4802 iiNet Limited";"mlab2-syd02";0.014853;1110448.042950;"0.004012999";"darwin";"175.45.79.32";"speedtest";1340011078;105327.488004;0.017586;"55006e03-0757-4639-a9b7-34b02b3b1a04";4802;"02";"Sydney";9;6;2012;0;18;"20120618"
"58.96.114.83";"AU";115.861400;-31.952200;"AS10143 Exetel Pty Ltd";"mlab2-syd02";0.072372;203680.465160;"0.004011999";"win32";"175.45.79.32";"bittorrent";1340011924;87259.587872;-1.000000;"6fe26f55-7863-4a8e-915d-1e066fe772cc";10143;"08";"Perth";9;6;2012;0;18;"20120618"
"58.96.114.83";"AU";115.861400;-31.952200;"AS10143 Exetel Pty Ltd";"mlab2-syd02";0.089028;256356.103130;"0.004011999";"win32";"175.45.79.32";"bittorrent";1340014874;45784.597968;-1.000000;"6fe26f55-7863-4a8e-915d-1e066fe772cc";10143;"08";"Perth";10;6;2012;0;18;"20120618"
"124.149.36.50";"AU";151.205500;-33.861500;"AS4802 iiNet Limited";"mlab2-syd02";0.015182;1111277.752895;"0.004012999";"darwin";"175.45.79.32";"bittorrent";1340015693;105479.647229;-1.000000;"55006e03-0757-4639-a9b7-34b02b3b1a04";4802;"02";"Sydney";10;6;2012;0;18;"20120618"
"58.96.114.83";"AU";115.861400;-31.952200;"AS10143 Exetel Pty Ltd";"mlab2-syd02";0.071975;130184.602141;"0.004011999";"win32";"175.45.79.32";"bittorrent";1340017838;52498.605795;-1.000000;"6fe26f55-7863-4a8e-915d-1e066fe772cc";10143;"08";"Perth";11;6;2012;0;18;"20120618"
"203.20.167.2";"AU";151.216700;-33.883300;"AS37998 St Vincents & Mater Health Sydney";"mlab2-syd02";0.028006;9362913.787360;"0.004011999";"win32";"175.45.79.32";"speedtest";1340018848;8914513.654330;0.022608;"69757534-ce26-4738-ad47-c9692c23fff0";37998;"02";"Darlinghurst";11;6;2012;0;18;"20120618"
"220.237.12.58";"AU";145.083300;-37.716700;"AS4804 Microplex PTY LTD";"mlab2-syd02";0.027989;2275960.445750;"0.004011999";"win32";"175.45.79.32";"speedtest";1340020304;34504.257388;0.031013;"343beccc-13c6-4239-9232-3625f40b4228";4804;"07";"Watsonia";11;6;2012;0;18;"20120618"
"203.122.246.131";"AU";138.598600;-34.928700;"AS4739 Internode Pty Ltd";"mlab2-syd02";0.059643;625883.105403;"0.004012999";"darwin";"175.45.79.32";"bittorrent";1340025219;105788.780364;-1.000000;"dcaf924a-16d3-41ec-a1c4-e84d7f07760a";4739;"05";"Adelaide";13;6;2012;0;18;"20120618"
"124.168.20.100";"AU";151.205500;-33.861500;"AS4802 iiNet Limited";"mlab2-syd02";0.016684;916364.759943;"0.004012999";"darwin";"175.45.79.32";"speedtest";1340026461;100001.167973;0.019781;"55006e03-0757-4639-a9b7-34b02b3b1a04";4802;"02";"Sydney";13;6;2012;0;18;"20120618"
"124.168.20.100";"AU";151.205500;-33.861500;"AS4802 iiNet Limited";"mlab2-syd02";0.014920;989292.121737;"0.004012999";"darwin";"175.45.79.32";"bittorrent";1340028001;105776.386781;-1.000000;"55006e03-0757-4639-a9b7-34b02b3b1a04";4802;"02";"Sydney";14;6;2012;0;18;"20120618"
"124.168.20.100";"AU";151.205500;-33.861500;"AS4802 iiNet Limited";"mlab2-syd02";0.015876;976979.269477;"0.004012999";"darwin";"175.45.79.32";"speedtest";1340029536;105350.303320;0.018344;"55006e03-0757-4639-a9b7-34b02b3b1a04";4802;"02";"Sydney";14;6;2012;0;18;"20120618"
"203.122.246.131";"AU";138.598600;-34.928700;"AS4739 Internode Pty Ltd";"mlab2-syd02";0.059629;540953.499066;"0.004012999";"darwin";"175.45.79.32";"speedtest";1340030111;105464.604946;0.063525;"dcaf924a-16d3-41ec-a1c4-e84d7f07760a";4739;"05";"Adelaide";14;6;2012;0;18;"20120618"
"220.237.12.58";"AU";145.083300;-37.716700;"AS4804 Microplex PTY LTD";"mlab2-syd02";0.024637;2282300.788350;"0.004011999";"win32";"175.45.79.32";"speedtest";1340030263;42799.696275;0.025538;"343beccc-13c6-4239-9232-3625f40b4228";4804;"07";"Watsonia";14;6;2012;0;18;"20120618"
"220.237.12.58";"AU";145.083300;-37.716700;"AS4804 Microplex PTY LTD";"mlab2-syd02";0.024229;2378961.555719;"0.004011999";"win32";"175.45.79.32";"bittorrent";1340031823;45095.075442;-1.000000;"343beccc-13c6-4239-9232-3625f40b4228";4804;"07";"Watsonia";15;6;2012;0;18;"20120618"
"220.237.12.58";"AU";145.083300;-37.716700;"AS4804 Microplex PTY LTD";"mlab2-syd02";0.025676;2261252.459780;"0.004011999";"win32";"175.45.79.32";"speedtest";1340039601;60998.009456;0.027579;"343beccc-13c6-4239-9232-3625f40b4228";4804;"07";"Watsonia";17;6;2012;0;18;"20120618"
"124.168.20.100";"AU";151.205500;-33.861500;"AS4802 iiNet Limited";"mlab2-syd02";0.015276;989122.222397;"0.004012999";"darwin";"175.45.79.32";"bittorrent";1340043388;105951.922948;-1.000000;"55006e03-0757-4639-a9b7-34b02b3b1a04";4802;"02";"Sydney";18;6;2012;0;18;"20120618"
"203.122.246.131";"AU";138.598600;-34.928700;"AS4739 Internode Pty Ltd";"mlab2-syd02";0.059472;665172.762895;"0.004012999";"darwin";"175.45.79.32";"bittorrent";1340044775;106238.671776;-1.000000;"dcaf924a-16d3-41ec-a1c4-e84d7f07760a";4739;"05";"Adelaide";18;6;2012;0;18;"20120618"
"58.96.114.83";"AU";115.861400;-31.952200;"AS10143 Exetel Pty Ltd";"mlab2-syd02";0.071194;852815.634840;"0.004011999";"win32";"175.45.79.32";"bittorrent";1340047307;107452.673943;-1.000000;"6fe26f55-7863-4a8e-915d-1e066fe772cc";10143;"08";"Perth";19;6;2012;0;18;"20120618"
"58.96.114.83";"AU";115.861400;-31.952200;"AS10143 Exetel Pty Ltd";"mlab2-syd02";0.071313;711235.253358;"0.004011999";"win32";"175.45.79.32";"speedtest";1340048788;88584.967077;0.074602;"6fe26f55-7863-4a8e-915d-1e066fe772cc";10143;"08";"Perth";19;6;2012;0;18;"20120618"
"124.168.20.100";"AU";151.205500;-33.861500;"AS4802 iiNet Limited";"mlab2-syd02";0.015346;987766.892650;"0.004012999";"darwin";"175.45.79.32";"bittorrent";1340049541;104666.823470;-1.000000;"55006e03-0757-4639-a9b7-34b02b3b1a04";4802;"02";"Sydney";19;6;2012;0;18;"20120618"
"203.122.246.131";"AU";138.598600;-34.928700;"AS4739 Internode Pty Ltd";"mlab2-syd02";0.059219;620298.730539;"0.004012999";"darwin";"175.45.79.32";"speedtest";1340052918;105145.925147;0.062950;"dcaf924a-16d3-41ec-a1c4-e84d7f07760a";4739;"05";"Adelaide";20;6;2012;0;18;"20120618"
"203.122.246.131";"AU";138.598600;-34.928700;"AS4739 Internode Pty Ltd";"mlab2-syd02";0.080638;621271.653391;"0.004012999";"darwin";"175.45.79.32";"bittorrent";1340054549;106271.872195;-1.000000;"dcaf924a-16d3-41ec-a1c4-e84d7f07760a";4739;"05";"Adelaide";21;6;2012;0;18;"20120618"
"203.20.167.2";"AU";151.216700;-33.883300;"AS37998 St Vincents & Mater Health Sydney";"mlab2-syd02";0.000886;806076.290373;"0.004012999";"win32";"175.45.79.32";"speedtest";1340056022;10103339.211700;0.001326;"37c67e2f-0eee-4f8c-90b1-c76aad0b580e";37998;"02";"Darlinghurst";21;6;2012;0;18;"20120618"
"203.122.246.131";"AU";138.598600;-34.928700;"AS4739 Internode Pty Ltd";"mlab2-syd02";0.059801;546922.743613;"0.004012999";"darwin";"175.45.79.32";"speedtest";1340056177;102756.297043;0.076061;"dcaf924a-16d3-41ec-a1c4-e84d7f07760a";4739;"05";"Adelaide";21;6;2012;0;18;"20120618"
"203.20.167.2";"AU";151.216700;-33.883300;"AS37998 St Vincents & Mater Health Sydney";"mlab2-syd02";0.002008;9720249.606070;"0.004012999";"win32";"175.45.79.32";"speedtest";1340058511;4024465.448160;0.003485;"b91792e2-6624-429b-ab27-6069ad893cca";37998;"02";"Darlinghurst";22;6;2012;0;18;"20120618"
"203.20.167.2";"AU";151.216700;-33.883300;"AS37998 St Vincents & Mater Health Sydney";"mlab2-syd02";0.001644;9566127.457160;"0.004011999";"win32";"175.45.79.32";"speedtest";1340058540;7709341.569980;0.003449;"dfcb3c2e-91c7-49e0-9fbc-48fb488b227c";37998;"02";"Darlinghurst";22;6;2012;0;18;"20120618"
"58.96.114.83";"AU";115.861400;-31.952200;"AS10143 Exetel Pty Ltd";"mlab2-syd02";0.071132;575261.661888;"0.004011999";"win32";"175.45.79.32";"speedtest";1340063514;84503.470019;0.074734;"6fe26f55-7863-4a8e-915d-1e066fe772cc";10143;"08";"Perth";23;6;2012;0;18;"20120618"
"203.20.167.2";"AU";151.216700;-33.883300;"AS37998 St Vincents & Mater Health Sydney";"mlab2-syd02";0.043858;737519.163399;"0.004011999";"win32";"175.45.79.32";"speedtest";1340063698;6480132.424220;0.014112;"69757534-ce26-4738-ad47-c9692c23fff0";37998;"02";"Darlinghurst";23;6;2012;0;18;"20120618"
"62.57.164.27";"ES";2.174100;41.398400;"AS6739 Cableuropa - ONO";"mlab2-mad01";0.025293;2879307.124700;"0.004012999";"darwin";"213.200.103.160";"speedtest";1339978218;473065.541723;0.023311;"d819736b-5ed3-4984-b542-ae4ca3b45457";6739;"56";"Barcelona";0;6;2012;0;18;"20120618"
"62.57.164.27";"ES";2.174100;41.398400;"AS6739 Cableuropa - ONO";"mlab2-mad01";0.022934;2895182.259830;"0.004012999";"darwin";"213.200.103.160";"speedtest";1339981068;585002.149900;0.024268;"d819736b-5ed3-4984-b542-ae4ca3b45457";6739;"56";"Barcelona";0;6;2012;0;18;"20120618"
"109.69.8.72";"ES";2.174100;41.398400;"AS49835 Fundacio Privada per a la Xarxa Lliure, Oberta i Neutral, guifi.net";"mlab2-mad01";0.023679;952022.759652;"0.004012999";"linux2";"213.200.103.160";"speedtest";1339982571;692510.290219;0.023592;"71d22d52-7305-4391-9db4-e68d729b8d8e";49835;"56";"Barcelona";1;6;2012;0;18;"20120618"
"62.57.164.27";"ES";2.174100;41.398400;"AS6739 Cableuropa - ONO";"mlab2-mad01";0.021572;2973959.324410;"0.004012999";"darwin";"213.200.103.160";"speedtest";1339983922;578780.004730;0.023731;"d819736b-5ed3-4984-b542-ae4ca3b45457";6739;"56";"Barcelona";1;6;2012;0;18;"20120618"
"109.69.8.72";"ES";2.174100;41.398400;"AS49835 Fundacio Privada per a la Xarxa Lliure, Oberta i Neutral, guifi.net";"mlab2-mad01";0.025082;1064362.763427;"0.004012999";"linux2";"213.200.103.160";"bittorrent";1339984091;1064438.268757;-1.000000;"71d22d52-7305-4391-9db4-e68d729b8d8e";49835;"56";"Barcelona";1;6;2012;0;18;"20120618"
"62.57.164.27";"ES";2.174100;41.398400;"AS6739 Cableuropa - ONO";"mlab2-mad01";0.020713;2549004.217236;"0.004012999";"darwin";"213.200.103.160";"bittorrent";1339985348;629994.704051;-1.000000;"d819736b-5ed3-4984-b542-ae4ca3b45457";6739;"56";"Barcelona";2;6;2012;0;18;"20120618"
"62.57.164.27";"ES";2.174100;41.398400;"AS6739 Cableuropa - ONO";"mlab2-mad01";0.021486;2723624.363020;"0.004012999";"darwin";"213.200.103.160";"speedtest";1339986773;601000.413668;0.023183;"d819736b-5ed3-4984-b542-ae4ca3b45457";6739;"56";"Barcelona";2;6;2012;0;18;"20120618"
"109.69.8.72";"ES";2.174100;41.398400;"AS49835 Fundacio Privada per a la Xarxa Lliure, Oberta i Neutral, guifi.net";"mlab2-mad01";0.019986;1067006.105238;"0.004012999";"linux2";"213.200.103.160";"bittorrent";1339996279;1408563.266454;-1.000000;"71d22d52-7305-4391-9db4-e68d729b8d8e";49835;"56";"Barcelona";5;6;2012;0;18;"20120618"
"62.57.164.27";"ES";2.174100;41.398400;"AS6739 Cableuropa - ONO";"mlab2-mad01";0.024160;2776136.513251;"0.004012999";"darwin";"213.200.103.160";"bittorrent";1339996752;624416.505068;-1.000000;"d819736b-5ed3-4984-b542-ae4ca3b45457";6739;"56";"Barcelona";5;6;2012;0;18;"20120618"
"62.57.164.27";"ES";2.174100;41.398400;"AS6739 Cableuropa - ONO";"mlab2-mad01";0.024502;2645936.694520;"0.004012999";"darwin";"213.200.103.160";"speedtest";1340003879;600676.815306;0.021911;"d819736b-5ed3-4984-b542-ae4ca3b45457";6739;"56";"Barcelona";7;6;2012;0;18;"20120618"
"62.57.164.27";"ES";2.174100;41.398400;"AS6739 Cableuropa - ONO";"mlab2-mad01";0.023008;3461031.087227;"0.004012999";"darwin";"213.200.103.160";"bittorrent";1340005303;621097.222222;-1.000000;"d819736b-5ed3-4984-b542-ae4ca3b45457";6739;"56";"Barcelona";7;6;2012;0;18;"20120618"
"62.57.164.27";"ES";2.174100;41.398400;"AS6739 Cableuropa - ONO";"mlab2-mad01";0.154018;3309093.800170;"0.004012999";"darwin";"213.200.103.160";"speedtest";1340006730;513454.298579;0.025169;"d819736b-5ed3-4984-b542-ae4ca3b45457";6739;"56";"Barcelona";8;6;2012;0;18;"20120618"
"109.69.8.72";"ES";2.174100;41.398400;"AS49835 Fundacio Privada per a la Xarxa Lliure, Oberta i Neutral, guifi.net";"mlab2-mad01";0.023229;791545.220954;"0.004012999";"linux2";"213.200.103.160";"speedtest";1340006936;1148879.616840;0.023634;"71d22d52-7305-4391-9db4-e68d729b8d8e";49835;"56";"Barcelona";8;6;2012;0;18;"20120618"
"31.4.20.95";"ES";-4.000000;40.000000;"AS12430 VODAFONE ESPANA S.A.U.";"mlab2-mad01";0.127631;50557.193185;"0.004012999";"win32";"213.200.103.160";"speedtest";1340006992;148221.617641;0.218414;"655218da-a3ed-4cf6-8f08-e7b93feb2e1d";12430;"";"";8;6;2012;0;18;"20120618"
"62.57.164.27";"ES";2.174100;41.398400;"AS6739 Cableuropa - ONO";"mlab2-mad01";0.022339;2812696.069074;"0.004012999";"darwin";"213.200.103.160";"bittorrent";1340008157;604382.011915;-1.000000;"d819736b-5ed3-4984-b542-ae4ca3b45457";6739;"56";"Barcelona";8;6;2012;0;18;"20120618"
"109.69.8.72";"ES";2.174100;41.398400;"AS49835 Fundacio Privada per a la Xarxa Lliure, Oberta i Neutral, guifi.net";"mlab2-mad01";0.021052;983779.130156;"0.004012999";"linux2";"213.200.103.160";"speedtest";1340009975;1056745.799400;0.024695;"71d22d52-7305-4391-9db4-e68d729b8d8e";49835;"56";"Barcelona";8;6;2012;0;18;"20120618"
"62.57.164.27";"ES";2.174100;41.398400;"AS6739 Cableuropa - ONO";"mlab2-mad01";0.025830;2598742.585390;"0.004012999";"darwin";"213.200.103.160";"bittorrent";1340011012;617633.946776;-1.000000;"d819736b-5ed3-4984-b542-ae4ca3b45457";6739;"56";"Barcelona";9;6;2012;0;18;"20120618"
"109.69.8.72";"ES";2.174100;41.398400;"AS49835 Fundacio Privada per a la Xarxa Lliure, Oberta i Neutral, guifi.net";"mlab2-mad01";0.023473;931507.950699;"0.004012999";"linux2";"213.200.103.160";"bittorrent";1340011505;525310.789610;-1.000000;"71d22d52-7305-4391-9db4-e68d729b8d8e";49835;"56";"Barcelona";9;6;2012;0;18;"20120618"
"109.69.8.72";"ES";2.174100;41.398400;"AS49835 Fundacio Privada per a la Xarxa Lliure, Oberta i Neutral, guifi.net";"mlab2-mad01";0.149688;218846.081894;"0.004012999";"linux2";"213.200.103.160";"speedtest";1340013058;293637.065535;0.124976;"71d22d52-7305-4391-9db4-e68d729b8d8e";49835;"56";"Barcelona";9;6;2012;0;18;"20120618"
"91.126.133.237";"ES";-4.000000;40.000000;"AS35699 Adamo Telecom Iberia S.A";"mlab2-mad01";0.032077;1622004.105580;"0.004011999";"win32";"213.200.103.160";"speedtest";1340015796;633301.737136;0.023333;"ca5ae8d4-9c43-48ee-a04a-b6da82b73b7d";35699;"";"";10;6;2012;0;18;"20120618"
"109.69.8.72";"ES";2.174100;41.398400;"AS49835 Fundacio Privada per a la Xarxa Lliure, Oberta i Neutral, guifi.net";"mlab2-mad01";0.021331;492003.411532;"0.004012999";"linux2";"213.200.103.160";"speedtest";1340016141;183345.454982;0.027574;"71d22d52-7305-4391-9db4-e68d729b8d8e";49835;"56";"Barcelona";10;6;2012;0;18;"20120618"
"62.57.164.27";"ES";2.174100;41.398400;"AS6739 Cableuropa - ONO";"mlab2-mad01";0.026388;2463260.848847;"0.004012999";"darwin";"213.200.103.160";"bittorrent";1340016714;599079.038988;-1.000000;"d819736b-5ed3-4984-b542-ae4ca3b45457";6739;"56";"Barcelona";10;6;2012;0;18;"20120618"
"109.69.8.72";"ES";2.174100;41.398400;"AS49835 Fundacio Privada per a la Xarxa Lliure, Oberta i Neutral, guifi.net";"mlab2-mad01";0.024604;1063232.957487;"0.004012999";"linux2";"213.200.103.160";"bittorrent";1340017668;1396412.520491;-1.000000;"71d22d52-7305-4391-9db4-e68d729b8d8e";49835;"56";"Barcelona";11;6;2012;0;18;"20120618"
"91.126.133.237";"ES";-4.000000;40.000000;"AS35699 Adamo Telecom Iberia S.A";"mlab2-mad01";0.018774;1365899.672280;"0.004011999";"win32";"213.200.103.160";"speedtest";1340018794;660306.668290;0.018452;"ca5ae8d4-9c43-48ee-a04a-b6da82b73b7d";35699;"";"";11;6;2012;0;18;"20120618"
"62.57.164.27";"ES";2.174100;41.398400;"AS6739 Cableuropa - ONO";"mlab2-mad01";0.025109;3575233.503700;"0.004012999";"darwin";"213.200.103.160";"speedtest";1340020991;511414.620518;0.029124;"d819736b-5ed3-4984-b542-ae4ca3b45457";6739;"56";"Barcelona";12;6;2012;0;18;"20120618"
"109.69.8.72";"ES";2.174100;41.398400;"AS49835 Fundacio Privada per a la Xarxa Lliure, Oberta i Neutral, guifi.net";"mlab2-mad01";0.018701;871377.661111;"0.004012999";"linux2";"213.200.103.160";"speedtest";1340022240;396756.730484;0.024527;"71d22d52-7305-4391-9db4-e68d729b8d8e";49835;"56";"Barcelona";12;6;2012;0;18;"20120618"
"62.57.164.27";"ES";2.174100;41.398400;"AS6739 Cableuropa - ONO";"mlab2-mad01";0.036309;2325901.255298;"0.004012999";"darwin";"213.200.103.160";"bittorrent";1340022419;622988.831054;-1.000000;"d819736b-5ed3-4984-b542-ae4ca3b45457";6739;"56";"Barcelona";12;6;2012;0;18;"20120618"
"109.69.8.72";"ES";2.174100;41.398400;"AS49835 Fundacio Privada per a la Xarxa Lliure, Oberta i Neutral, guifi.net";"mlab2-mad01";0.026358;828119.918548;"0.004012999";"linux2";"213.200.103.160";"speedtest";1340025285;1063003.315440;0.025055;"71d22d52-7305-4391-9db4-e68d729b8d8e";49835;"56";"Barcelona";13;6;2012;0;18;"20120618"
"62.57.164.27";"ES";2.174100;41.398400;"AS6739 Cableuropa - ONO";"mlab2-mad01";0.022101;3126872.943090;"0.004012999";"darwin";"213.200.103.160";"speedtest";1340026697;472696.655376;0.026691;"d819736b-5ed3-4984-b542-ae4ca3b45457";6739;"56";"Barcelona";13;6;2012;0;18;"20120618"
"109.69.8.72";"ES";2.174100;41.398400;"AS49835 Fundacio Privada per a la Xarxa Lliure, Oberta i Neutral, guifi.net";"mlab2-mad01";0.025007;1084849.589906;"0.004012999";"linux2";"213.200.103.160";"bittorrent";1340026806;887502.740925;-1.000000;"71d22d52-7305-4391-9db4-e68d729b8d8e";49835;"56";"Barcelona";13;6;2012;0;18;"20120618"
"91.126.133.237";"ES";-4.000000;40.000000;"AS35699 Adamo Telecom Iberia S.A";"mlab2-mad01";0.053621;1981921.231000;"0.004011999";"win32";"213.200.103.160";"speedtest";1340027776;913200.148991;0.042568;"ca5ae8d4-9c43-48ee-a04a-b6da82b73b7d";35699;"";"";13;6;2012;0;18;"20120618"
"62.57.164.27";"ES";2.174100;41.398400;"AS6739 Cableuropa - ONO";"mlab2-mad01";0.024409;2354639.230512;"0.004012999";"darwin";"213.200.103.160";"bittorrent";1340028124;624427.468909;-1.000000;"d819736b-5ed3-4984-b542-ae4ca3b45457";6739;"56";"Barcelona";14;6;2012;0;18;"20120618"
"109.69.8.72";"ES";2.174100;41.398400;"AS49835 Fundacio Privada per a la Xarxa Lliure, Oberta i Neutral, guifi.net";"mlab2-mad01";0.027800;904917.064743;"0.004012999";"linux2";"213.200.103.160";"bittorrent";1340029854;913760.034203;-1.000000;"71d22d52-7305-4391-9db4-e68d729b8d8e";49835;"56";"Barcelona";14;6;2012;0;18;"20120618"
"109.69.8.72";"ES";2.174100;41.398400;"AS49835 Fundacio Privada per a la Xarxa Lliure, Oberta i Neutral, guifi.net";"mlab2-mad01";0.029953;761917.435326;"0.004012999";"linux2";"213.200.103.160";"speedtest";1340031378;1202182.114860;0.050491;"71d22d52-7305-4391-9db4-e68d729b8d8e";49835;"56";"Barcelona";14;6;2012;0;18;"20120618"
"91.126.133.237";"ES";-4.000000;40.000000;"AS35699 Adamo Telecom Iberia S.A";"mlab2-mad01";0.016329;1742724.623648;"0.004011999";"win32";"213.200.103.160";"bittorrent";1340032262;910981.099935;-1.000000;"ca5ae8d4-9c43-48ee-a04a-b6da82b73b7d";35699;"";"";15;6;2012;0;18;"20120618"
"91.126.133.237";"ES";-4.000000;40.000000;"AS35699 Adamo Telecom Iberia S.A";"mlab2-mad01";0.014306;1882914.994170;"0.004011999";"win32";"213.200.103.160";"speedtest";1340033755;1361774.965180;0.014957;"ca5ae8d4-9c43-48ee-a04a-b6da82b73b7d";35699;"";"";15;6;2012;0;18;"20120618"
"109.69.8.72";"ES";2.174100;41.398400;"AS49835 Fundacio Privada per a la Xarxa Lliure, Oberta i Neutral, guifi.net";"mlab2-mad01";0.023385;793647.481829;"0.004012999";"linux2";"213.200.103.160";"speedtest";1340034425;784338.403362;0.025872;"71d22d52-7305-4391-9db4-e68d729b8d8e";49835;"56";"Barcelona";15;6;2012;0;18;"20120618"
"91.126.133.237";"ES";-4.000000;40.000000;"AS35699 Adamo Telecom Iberia S.A";"mlab2-mad01";0.014653;1667685.510530;"0.004011999";"win32";"213.200.103.160";"speedtest";1340036746;908910.649667;0.016025;"ca5ae8d4-9c43-48ee-a04a-b6da82b73b7d";35699;"";"";16;6;2012;0;18;"20120618"
"77.208.93.143";"ES";-4.000000;40.000000;"AS12430 VODAFONE ESPANA S.A.U.";"mlab2-mad01";0.117236;59286.531984;"0.004012999";"win32";"213.200.103.160";"bittorrent";1340037914;44995.500902;-1.000000;"655218da-a3ed-4cf6-8f08-e7b93feb2e1d";12430;"";"";16;6;2012;0;18;"20120618"
"62.57.164.27";"ES";2.174100;41.398400;"AS6739 Cableuropa - ONO";"mlab2-mad01";0.021224;2680219.674347;"0.004012999";"darwin";"213.200.103.160";"bittorrent";1340039531;628037.677070;-1.000000;"d819736b-5ed3-4984-b542-ae4ca3b45457";6739;"56";"Barcelona";17;6;2012;0;18;"20120618"
"62.57.164.27";"ES";2.174100;41.398400;"AS6739 Cableuropa - ONO";"mlab2-mad01";0.021131;2716784.352558;"0.004012999";"darwin";"213.200.103.160";"bittorrent";1340042383;625348.834524;-1.000000;"d819736b-5ed3-4984-b542-ae4ca3b45457";6739;"56";"Barcelona";17;6;2012;0;18;"20120618"
"109.69.8.72";"ES";2.174100;41.398400;"AS49835 Fundacio Privada per a la Xarxa Lliure, Oberta i Neutral, guifi.net";"mlab2-mad01";0.031848;996111.134615;"0.004012999";"linux2";"213.200.103.160";"speedtest";1340043577;623072.571260;0.026955;"71d22d52-7305-4391-9db4-e68d729b8d8e";49835;"56";"Barcelona";18;6;2012;0;18;"20120618"
"62.57.164.27";"ES";2.174100;41.398400;"AS6739 Cableuropa - ONO";"mlab2-mad01";0.025345;2013226.892190;"0.004012999";"darwin";"213.200.103.160";"speedtest";1340043807;580955.809364;0.024588;"d819736b-5ed3-4984-b542-ae4ca3b45457";6739;"56";"Barcelona";18;6;2012;0;18;"20120618"
"77.208.160.174";"ES";-4.000000;40.000000;"AS12430 VODAFONE ESPANA S.A.U.";"mlab2-mad01";0.096909;82987.370626;"0.004012999";"win32";"213.200.103.160";"speedtest";1340047422;125706.146542;0.124789;"655218da-a3ed-4cf6-8f08-e7b93feb2e1d";12430;"";"";19;6;2012;0;18;"20120618"
"109.69.8.72";"ES";2.174100;41.398400;"AS49835 Fundacio Privada per a la Xarxa Lliure, Oberta i Neutral, guifi.net";"mlab2-mad01";0.020797;826799.165183;"0.004012999";"linux2";"213.200.103.160";"bittorrent";1340048150;775819.424266;-1.000000;"71d22d52-7305-4391-9db4-e68d729b8d8e";49835;"56";"Barcelona";19;6;2012;0;18;"20120618"
"109.69.8.72";"ES";2.174100;41.398400;"AS49835 Fundacio Privada per a la Xarxa Lliure, Oberta i Neutral, guifi.net";"mlab2-mad01";0.022913;661629.624246;"0.004012999";"linux2";"213.200.103.160";"speedtest";1340049676;465617.508625;0.025804;"71d22d52-7305-4391-9db4-e68d729b8d8e";49835;"56";"Barcelona";20;6;2012;0;18;"20120618"
"62.57.164.27";"ES";2.174100;41.398400;"AS6739 Cableuropa - ONO";"mlab2-mad01";0.022764;3322993.793609;"0.004012999";"darwin";"213.200.103.160";"bittorrent";1340050934;609331.171095;-1.000000;"d819736b-5ed3-4984-b542-ae4ca3b45457";6739;"56";"Barcelona";20;6;2012;0;18;"20120618"
"109.69.8.72";"ES";2.174100;41.398400;"AS49835 Fundacio Privada per a la Xarxa Lliure, Oberta i Neutral, guifi.net";"mlab2-mad01";0.025386;857089.286531;"0.004012999";"linux2";"213.200.103.160";"bittorrent";1340051198;815254.958667;-1.000000;"71d22d52-7305-4391-9db4-e68d729b8d8e";49835;"56";"Barcelona";20;6;2012;0;18;"20120618"
"62.57.164.27";"ES";2.174100;41.398400;"AS6739 Cableuropa - ONO";"mlab2-mad01";0.022245;2456443.387970;"0.004012999";"darwin";"213.200.103.160";"speedtest";1340052360;574490.126571;0.025704;"d819736b-5ed3-4984-b542-ae4ca3b45457";6739;"56";"Barcelona";20;6;2012;0;18;"20120618"
"62.57.164.27";"ES";2.174100;41.398400;"AS6739 Cableuropa - ONO";"mlab2-mad01";0.022951;1827956.184626;"0.004012999";"darwin";"213.200.103.160";"bittorrent";1340053790;606154.040307;-1.000000;"d819736b-5ed3-4984-b542-ae4ca3b45457";6739;"56";"Barcelona";21;6;2012;0;18;"20120618"
"109.69.8.72";"ES";2.174100;41.398400;"AS49835 Fundacio Privada per a la Xarxa Lliure, Oberta i Neutral, guifi.net";"mlab2-mad01";0.026372;1058796.098149;"0.004012999";"linux2";"213.200.103.160";"bittorrent";1340054239;1255185.923565;-1.000000;"71d22d52-7305-4391-9db4-e68d729b8d8e";49835;"56";"Barcelona";21;6;2012;0;18;"20120618"
"85.50.135.237";"ES";2.174100;41.398400;"AS12479 France Telecom Espana SA";"mlab2-mad01";0.060445;507732.580807;"0.004011999";"win32";"213.200.103.160";"speedtest";1340054838;83382.714185;0.045216;"ca5ae8d4-9c43-48ee-a04a-b6da82b73b7d";12479;"56";"Barcelona";21;6;2012;0;18;"20120618"
"62.57.164.27";"ES";2.174100;41.398400;"AS6739 Cableuropa - ONO";"mlab2-mad01";0.023072;2601642.200410;"0.004012999";"darwin";"213.200.103.160";"speedtest";1340055214;570717.088788;0.027470;"d819736b-5ed3-4984-b542-ae4ca3b45457";6739;"56";"Barcelona";21;6;2012;0;18;"20120618"
"109.69.8.72";"ES";2.174100;41.398400;"AS49835 Fundacio Privada per a la Xarxa Lliure, Oberta i Neutral, guifi.net";"mlab2-mad01";0.019236;754308.801190;"0.004012999";"linux2";"213.200.103.160";"bittorrent";1340057295;411190.736254;-1.000000;"71d22d52-7305-4391-9db4-e68d729b8d8e";49835;"56";"Barcelona";22;6;2012;0;18;"20120618"
"109.69.8.72";"ES";2.174100;41.398400;"AS49835 Fundacio Privada per a la Xarxa Lliure, Oberta i Neutral, guifi.net";"mlab2-mad01";0.040282;876346.678428;"0.004012999";"linux2";"213.200.103.160";"bittorrent";1340060335;417433.320744;-1.000000;"71d22d52-7305-4391-9db4-e68d729b8d8e";49835;"56";"Barcelona";22;6;2012;0;18;"20120618"
"62.57.164.27";"ES";2.174100;41.398400;"AS6739 Cableuropa - ONO";"mlab2-mad01";0.020550;2489171.026662;"0.004012999";"darwin";"213.200.103.160";"bittorrent";1340062340;632314.163301;-1.000000;"d819736b-5ed3-4984-b542-ae4ca3b45457";6739;"56";"Barcelona";23;6;2012;0;18;"20120618"
"109.234.63.11";"IT";12.833300;42.833300;"AS43989 Ehinet Srl";"mlab3-mil01";0.092603;465001.713218;"0.004009999";"win32";"213.200.99.237";"bittorrent";1339977695;43769.609218;-1.000000;"5d6312ec-b414-42e6-8e89-702c7b4fd5e8";43989;"";"";2;6;2012;0;18;"20120618"
"134.255.171.36";"IT";12.833300;42.833300;"AS198292 Wave-Max S.r.L.";"mlab3-mil01";0.091418;215330.521554;"0.004012999";"win32";"213.200.99.237";"bittorrent";1339978025;43445.663019;-1.000000;"708a55f0-3758-4099-a346-23683a39926d";198292;"";"";2;6;2012;0;18;"20120618"
"195.110.137.171";"IT";12.483300;41.900000;"AS5396 MC-link Spa";"mlab3-mil01";0.034124;644015.917420;"0.004012999";"darwin";"213.200.99.237";"speedtest";1339978310;32990.346623;0.040855;"2d27e34d-ed0a-4c70-8dc2-070f5a0499a1";5396;"07";"Rome";2;6;2012;0;18;"20120618"
"94.34.162.92";"IT";11.183300;43.750000;"AS8612 Tiscali Italia S.P.A.";"mlab3-mil01";0.223743;622460.632874;"0.004012999";"darwin";"213.200.99.237";"speedtest";1339978333;24701.413157;0.218200;"5f59af2e-2b13-403e-ba8c-0801e50c8913";8612;"16";"Scandicci";2;6;2012;0;18;"20120618"
"130.192.91.211";"IT";7.666700;45.050000;"AS137 GARR Italian academic and research network";"mlab3-mil01";1.214308;11316.530207;"0.004012999";"linux2";"213.200.99.237";"speedtest";1339978482;23563.586426;1.217847;"91708cf1-7028-4b58-9520-faea0010494c";137;"12";"Torino";2;6;2012;0;18;"20120618"
"95.248.65.26";"IT";8.283300;46.016700;"AS3269 Telecom Italia S.p.a.";"mlab3-mil01";0.049680;720185.950008;"0.004012999";"win32";"213.200.99.237";"speedtest";1339979496;47762.230629;0.052135;"19176454-a721-4c97-8342-b9cf8e375390";3269;"12";"Vogogna";2;6;2012;0;18;"20120618"
"87.4.68.136";"IT";8.400000;45.783300;"AS3269 Telecom Italia S.p.a.";"mlab3-mil01";0.054372;80912.272698;"0.004012999";"win32";"213.200.99.237";"bittorrent";1339979535;33883.370633;-1.000000;"d8a56420-51dd-4f7f-811c-30fa9ca36858";3269;"12";"San Maurizio D'opaglio";2;6;2012;0;18;"20120618"
"151.49.229.123";"IT";13.780000;45.648600;"AS1267 WIND Telecomunicazioni S.p.A.";"mlab3-mil01";0.022704;803683.124579;"0.004011999";"linux2";"213.200.99.237";"speedtest";1339979666;53758.123522;0.025737;"db4c1f00-a6b9-40ad-b36d-a2fad669a491";1267;"06";"Trieste";2;6;2012;0;18;"20120618"
"2.227.55.184";"IT";12.500000;41.666700;"AS12874 Fastweb SpA";"mlab3-mil01";0.036085;874344.563892;"0.004012999";"linux2";"213.200.99.237";"bittorrent";1339980021;108760.027711;-1.000000;"202944e6-094c-4bb9-86da-7234fa3c010e";12874;"07";"Pomezia";2;6;2012;0;18;"20120618"
"188.11.197.8";"IT";12.483300;41.900000;"AS3269 Telecom Italia S.p.a.";"mlab3-mil01";0.036523;1361345.827871;"0.004012999";"darwin";"213.200.99.237";"bittorrent";1339980532;93330.032329;-1.000000;"c671e4d7-9027-4ae8-9058-ad41f0746af0";3269;"07";"Rome";2;6;2012;0;18;"20120618"
"134.255.171.36";"IT";12.833300;42.833300;"AS198292 Wave-Max S.r.L.";"mlab3-mil01";0.098551;288283.522708;"0.004012999";"win32";"213.200.99.237";"bittorrent";1339980814;43880.760850;-1.000000;"708a55f0-3758-4099-a346-23683a39926d";198292;"";"";2;6;2012;0;18;"20120618"
"79.9.218.223";"IT";12.483300;41.900000;"AS3269 Telecom Italia S.p.a.";"mlab3-mil01";0.033326;792887.572095;"0.004012999";"darwin";"213.200.99.237";"speedtest";1339980878;93298.055777;0.036357;"4372ef01-dfbb-4175-8485-4bcfde678997";3269;"07";"Rome";2;6;2012;0;18;"20120618"
"79.20.70.163";"IT";8.066600;45.572300;"AS3269 Telecom Italia S.p.a.";"mlab3-mil01";0.040145;812140.252412;"0.004012999";"darwin";"213.200.99.237";"speedtest";1339981028;41453.862682;0.045258;"432d3481-f83e-450d-b373-e60ae5f17efe";3269;"12";"Biella";2;6;2012;0;18;"20120618"
"95.232.210.92";"IT";7.550000;45.100000;"AS3269 Telecom Italia S.p.a.";"mlab3-mil01";0.047006;819421.267419;"0.004012999";"win32";"213.200.99.237";"speedtest";1339981409;40343.361140;0.050300;"f0582543-2bfe-4624-80ce-da152d4c2c58";3269;"12";"Pianezza";3;6;2012;0;18;"20120618"
"79.20.70.163";"IT";8.066600;45.572300;"AS3269 Telecom Italia S.p.a.";"mlab3-mil01";0.039187;808340.452424;"0.004012999";"darwin";"213.200.99.237";"speedtest";1339981772;41529.434100;0.044815;"e838c543-3d44-45bd-9a51-ed5e3c0d7d06";3269;"12";"Biella";3;6;2012;0;18;"20120618"
"94.36.33.130";"IT";8.950000;44.416700;"AS8612 Tiscali Italia S.P.A.";"mlab3-mil01";0.024141;837845.366364;"0.004012999";"darwin";"213.200.99.237";"speedtest";1339981871;52401.925889;0.030429;"894fe1ee-9250-416a-98be-74dd024aea06";8612;"08";"Genova";3;6;2012;0;18;"20120618"
"109.234.63.11";"IT";12.833300;42.833300;"AS43989 Ehinet Srl";"mlab3-mil01";0.022621;448706.040485;"0.004009999";"win32";"213.200.99.237";"speedtest";1339982017;32407.647120;0.029708;"5d6312ec-b414-42e6-8e89-702c7b4fd5e8";43989;"";"";3;6;2012;0;18;"20120618"
"188.11.197.8";"IT";12.483300;41.900000;"AS3269 Telecom Italia S.p.a.";"mlab3-mil01";0.037183;1293176.279360;"0.004012999";"darwin";"213.200.99.237";"speedtest";1339982078;93188.652276;0.040789;"c671e4d7-9027-4ae8-9058-ad41f0746af0";3269;"07";"Rome";3;6;2012;0;18;"20120618"
"80.180.3.244";"IT";8.933300;44.950000;"AS3269 Telecom Italia S.p.a.";"mlab3-mil01";0.034872;559153.692489;"0.004009999";"win32";"213.200.99.237";"bittorrent";1339982833;86045.754411;-1.000000;"43fc56b7-cfe0-496f-a712-ead0946dc63a";3269;"12";"Pontecurone";3;6;2012;0;18;"20120618"
"130.192.91.211";"IT";7.666700;45.050000;"AS137 GARR Italian academic and research network";"mlab3-mil01";1.213845;87353.486339;"0.004012999";"linux2";"213.200.99.237";"bittorrent";1339982890;99848.331606;-1.000000;"91708cf1-7028-4b58-9520-faea0010494c";137;"12";"Torino";3;6;2012;0;18;"20120618"
"188.152.109.177";"IT";7.666700;45.050000;"AS44957 Vodafone Omnitel N.V.";"mlab3-mil01";0.057465;451039.247611;"0.004012999";"darwin";"213.200.99.237";"speedtest";1339983202;49701.752868;0.064081;"fd2cba45-5000-4263-b0bc-8c4a654ac411";44957;"12";"Torino";3;6;2012;0;18;"20120618"
"109.234.63.11";"IT";12.833300;42.833300;"AS43989 Ehinet Srl";"mlab3-mil01";0.049408;470046.449895;"0.004009999";"win32";"213.200.99.237";"bittorrent";1339983461;53454.256942;-1.000000;"5d6312ec-b414-42e6-8e89-702c7b4fd5e8";43989;"";"";3;6;2012;0;18;"20120618"
"95.248.65.26";"IT";8.283300;46.016700;"AS3269 Telecom Italia S.p.a.";"mlab3-mil01";0.046873;749080.834871;"0.004012999";"win32";"213.200.99.237";"bittorrent";1339983865;48912.227040;-1.000000;"19176454-a721-4c97-8342-b9cf8e375390";3269;"12";"Vogogna";3;6;2012;0;18;"20120618"
"134.255.171.36";"IT";12.833300;42.833300;"AS198292 Wave-Max S.r.L.";"mlab3-mil01";0.099204;521678.119263;"0.004012999";"win32";"213.200.99.237";"speedtest";1339985000;45700.663416;0.097236;"708a55f0-3758-4099-a346-23683a39926d";198292;"";"";4;6;2012;0;18;"20120618"
"79.9.218.223";"IT";12.483300;41.900000;"AS3269 Telecom Italia S.p.a.";"mlab3-mil01";0.033173;825928.218282;"0.004012999";"darwin";"213.200.99.237";"bittorrent";1339985473;93855.374711;-1.000000;"4372ef01-dfbb-4175-8485-4bcfde678997";3269;"07";"Rome";4;6;2012;0;18;"20120618"
"151.49.229.123";"IT";13.780000;45.648600;"AS1267 WIND Telecomunicazioni S.p.A.";"mlab3-mil01";0.020921;804537.406788;"0.004011999";"linux2";"213.200.99.237";"speedtest";1339985614;53681.647891;0.025896;"db4c1f00-a6b9-40ad-b36d-a2fad669a491";1267;"06";"Trieste";4;6;2012;0;18;"20120618"
"2.230.212.185";"IT";7.666700;45.050000;"AS12874 Fastweb SpA";"mlab3-mil01";0.029705;520219.156970;"0.004012999";"win32";"213.200.99.237";"speedtest";1339985738;989493.525076;0.029192;"93a97de3-c431-4df5-a005-ea55834352bd";12874;"12";"Torino";4;6;2012;0;18;"20120618"
"130.192.91.211";"IT";7.666700;45.050000;"AS137 GARR Italian academic and research network";"mlab3-mil01";1.214630;91334.201770;"0.004012999";"linux2";"213.200.99.237";"bittorrent";1339985823;82530.422779;-1.000000;"91708cf1-7028-4b58-9520-faea0010494c";137;"12";"Torino";4;6;2012;0;18;"20120618"
"188.152.94.198";"IT";12.833300;42.833300;"AS44957 Vodafone Omnitel N.V.";"mlab3-mil01";0.056470;922511.988589;"0.004012999";"linux2";"213.200.99.237";"bittorrent";1339985928;41706.723480;-1.000000;"b6f7bc90-fab9-4db0-af8a-1737ebd554f1";44957;"";"";4;6;2012;0;18;"20120618"
"2.227.55.184";"IT";12.500000;41.666700;"AS12874 Fastweb SpA";"mlab3-mil01";0.034799;873782.062921;"0.004012999";"linux2";"213.200.99.237";"bittorrent";1339986156;86988.483874;-1.000000;"202944e6-094c-4bb9-86da-7234fa3c010e";12874;"07";"Pomezia";4;6;2012;0;18;"20120618"
"94.36.33.130";"IT";8.950000;44.416700;"AS8612 Tiscali Italia S.P.A.";"mlab3-mil01";0.025938;861601.246891;"0.004012999";"darwin";"213.200.99.237";"bittorrent";1339986209;52222.240337;-1.000000;"894fe1ee-9250-416a-98be-74dd024aea06";8612;"08";"Genova";4;6;2012;0;18;"20120618"
"62.98.65.177";"IT";14.250000;40.833300;"AS1267 WIND Telecomunicazioni S.p.A.";"mlab3-mil01";0.034863;667732.913278;"0.004012999";"win32";"213.200.99.237";"speedtest";1339986431;41018.242627;0.033730;"2d006d8d-7c04-46bb-b056-798468ee365e";1267;"04";"Napoli";4;6;2012;0;18;"20120618"
"79.9.218.223";"IT";12.483300;41.900000;"AS3269 Telecom Italia S.p.a.";"mlab3-mil01";0.034067;796693.407369;"0.004012999";"darwin";"213.200.99.237";"speedtest";1339987001;93363.500253;0.036068;"4372ef01-dfbb-4175-8485-4bcfde678997";3269;"07";"Rome";4;6;2012;0;18;"20120618"
"88.47.41.57";"IT";12.833300;42.833300;"AS3269 Telecom Italia S.p.a.";"mlab3-mil01";0.043827;715383.955047;"0.004012999";"win32";"213.200.99.237";"speedtest";1339987210;46728.258521;0.049969;"ec2e71be-f555-4dee-b674-bc8e80a61d77";3269;"";"";4;6;2012;0;18;"20120618"
"2.230.212.185";"IT";7.666700;45.050000;"AS12874 Fastweb SpA";"mlab3-mil01";0.029618;548085.604850;"0.004012999";"win32";"213.200.99.237";"bittorrent";1339987226;914045.900357;-1.000000;"93a97de3-c431-4df5-a005-ea55834352bd";12874;"12";"Torino";4;6;2012;0;18;"20120618"
"78.13.172.4";"IT";12.833300;42.833300;"AS8612 Tiscali Italia S.P.A.";"mlab3-mil01";0.211094;182265.186546;"0.004012999";"darwin";"213.200.99.237";"speedtest";1339987593;12093.824582;0.266869;"5f59af2e-2b13-403e-ba8c-0801e50c8913";8612;"";"";4;6;2012;0;18;"20120618"
"62.98.65.177";"IT";14.250000;40.833300;"AS1267 WIND Telecomunicazioni S.p.A.";"mlab3-mil01";0.022973;678506.396471;"0.004012999";"win32";"213.200.99.237";"bittorrent";1339987881;41594.485266;-1.000000;"2d006d8d-7c04-46bb-b056-798468ee365e";1267;"04";"Napoli";4;6;2012;0;18;"20120618"
"151.49.229.123";"IT";13.780000;45.648600;"AS1267 WIND Telecomunicazioni S.p.A.";"mlab3-mil01";0.021689;808543.712160;"0.004011999";"linux2";"213.200.99.237";"speedtest";1339988588;53735.367345;0.025502;"db4c1f00-a6b9-40ad-b36d-a2fad669a491";1267;"06";"Trieste";5;6;2012;0;18;"20120618"
"88.47.41.57";"IT";12.833300;42.833300;"AS3269 Telecom Italia S.p.a.";"mlab3-mil01";0.044134;761033.568518;"0.004012999";"win32";"213.200.99.237";"bittorrent";1339988614;46263.571520;-1.000000;"ec2e71be-f555-4dee-b674-bc8e80a61d77";3269;"";"";5;6;2012;0;18;"20120618"
"94.36.33.130";"IT";8.950000;44.416700;"AS8612 Tiscali Italia S.P.A.";"mlab3-mil01";0.026290;854733.270202;"0.004012999";"darwin";"213.200.99.237";"bittorrent";1339989104;52596.270218;-1.000000;"894fe1ee-9250-416a-98be-74dd024aea06";8612;"08";"Genova";5;6;2012;0;18;"20120618"
"84.221.231.178";"IT";7.666700;45.050000;"AS8612 Tiscali Italia S.P.A.";"mlab3-mil01";0.029163;1771013.668410;"0.004012999";"darwin";"213.200.99.237";"speedtest";1339989170;94949.799722;0.030934;"7e3598a2-40f8-4213-beaa-47abf033b292";8612;"12";"Torino";5;6;2012;0;18;"20120618"
"2.36.184.63";"IT";9.200000;45.466700;"AS30722 Vodafone Omnitel N.V.";"mlab3-mil01";0.049740;490036.290362;"0.004011999";"win32";"213.200.99.237";"bittorrent";1339989344;42537.565514;-1.000000;"60e4ddb8-b47b-4b72-a668-dea9c263699a";30722;"09";"Milan";5;6;2012;0;18;"20120618"
"95.252.38.138";"IT";9.200000;45.466700;"AS3269 Telecom Italia S.p.a.";"mlab3-mil01";0.024220;1022805.515717;"0.004012999";"win32";"213.200.99.237";"bittorrent";1339989462;74558.411833;-1.000000;"fabd9ec4-04a0-49f7-9afc-39e5f8c565ba";3269;"09";"Milan";5;6;2012;0;18;"20120618"
"188.11.197.8";"IT";12.483300;41.900000;"AS3269 Telecom Italia S.p.a.";"mlab3-mil01";0.037591;1368755.302482;"0.004012999";"darwin";"213.200.99.237";"bittorrent";1339989818;93621.292771;-1.000000;"c671e4d7-9027-4ae8-9058-ad41f0746af0";3269;"07";"Rome";5;6;2012;0;18;"20120618"
"79.20.70.163";"IT";8.066600;45.572300;"AS3269 Telecom Italia S.p.a.";"mlab3-mil01";0.038682;805955.749150;"0.004012999";"darwin";"213.200.99.237";"speedtest";1339990379;41376.677675;0.044764;"432d3481-f83e-450d-b373-e60ae5f17efe";3269;"12";"Biella";5;6;2012;0;18;"20120618"
"62.98.65.177";"IT";14.250000;40.833300;"AS1267 WIND Telecomunicazioni S.p.A.";"mlab3-mil01";0.022632;751662.144777;"0.004012999";"win32";"213.200.99.237";"bittorrent";1339990764;42018.166001;-1.000000;"2d006d8d-7c04-46bb-b056-798468ee365e";1267;"04";"Napoli";5;6;2012;0;18;"20120618"
"94.36.33.130";"IT";8.950000;44.416700;"AS8612 Tiscali Italia S.P.A.";"mlab3-mil01";0.024778;855942.958062;"0.004012999";"darwin";"213.200.99.237";"bittorrent";1339992003;52161.880366;-1.000000;"894fe1ee-9250-416a-98be-74dd024aea06";8612;"08";"Genova";6;6;2012;0;18;"20120618"
"88.47.41.57";"IT";12.833300;42.833300;"AS3269 Telecom Italia S.p.a.";"mlab3-mil01";0.044241;717729.230237;"0.004012999";"win32";"213.200.99.237";"speedtest";1339992941;40216.575799;0.050001;"ec2e71be-f555-4dee-b674-bc8e80a61d77";3269;"";"";6;6;2012;0;18;"20120618"
"130.192.91.213";"IT";7.666700;45.050000;"AS137 GARR Italian academic and research network";"mlab3-mil01";0.013518;11456051.872500;"0.004012999";"linux2";"213.200.99.237";"speedtest";1339993197;1589219.136260;0.015124;"cd78793c-1e3b-4944-b4b2-9768fc1cdb97";137;"12";"Torino";6;6;2012;0;18;"20120618"
"134.255.171.36";"IT";12.833300;42.833300;"AS198292 Wave-Max S.r.L.";"mlab3-mil01";0.088828;326860.023154;"0.004012999";"win32";"213.200.99.237";"speedtest";1339993382;44984.665771;0.101158;"708a55f0-3758-4099-a346-23683a39926d";198292;"";"";6;6;2012;0;18;"20120618"
"93.62.242.110";"IT";12.029400;45.421400;"AS12874 Fastweb SpA";"mlab3-mil01";0.031301;432739.733336;"0.004012999";"darwin";"213.200.99.237";"bittorrent";1339994749;430228.997540;-1.000000;"9905faad-2379-4ce5-bea7-d26dfd5ef167";12874;"20";"Fiesso D'artico";6;6;2012;0;18;"20120618"
"87.253.117.30";"IT";7.666700;45.050000;"AS35719 People & Communication S.R.L.";"mlab3-mil01";0.095332;273566.987366;"0.004012999";"darwin";"213.200.99.237";"speedtest";1339994793;52477.638186;0.102231;"60d5ec38-9b55-4e7a-b420-28c886960236";35719;"12";"Torino";6;6;2012;0;18;"20120618"
"79.20.70.163";"IT";8.066600;45.572300;"AS3269 Telecom Italia S.p.a.";"mlab3-mil01";0.040167;812865.834935;"0.004012999";"darwin";"213.200.99.237";"speedtest";1339994848;41365.459846;0.044631;"e838c543-3d44-45bd-9a51-ed5e3c0d7d06";3269;"12";"Biella";6;6;2012;0;18;"20120618"
"88.47.41.57";"IT";12.833300;42.833300;"AS3269 Telecom Italia S.p.a.";"mlab3-mil01";0.059964;718219.136597;"0.004012999";"win32";"213.200.99.237";"speedtest";1339995807;30755.922068;0.049672;"ec2e71be-f555-4dee-b674-bc8e80a61d77";3269;"";"";7;6;2012;0;18;"20120618"
"130.192.91.211";"IT";7.666700;45.050000;"AS137 GARR Italian academic and research network";"mlab3-mil01";1.214487;4572.062884;"0.004012999";"linux2";"213.200.99.237";"speedtest";1339996079;21536.664257;1.217771;"91708cf1-7028-4b58-9520-faea0010494c";137;"12";"Torino";7;6;2012;0;18;"20120618"
"2.230.212.185";"IT";7.666700;45.050000;"AS12874 Fastweb SpA";"mlab3-mil01";0.029328;547524.530842;"0.004012999";"win32";"213.200.99.237";"bittorrent";1339996170;959394.152658;-1.000000;"93a97de3-c431-4df5-a005-ea55834352bd";12874;"12";"Torino";7;6;2012;0;18;"20120618"
"130.192.91.213";"IT";7.666700;45.050000;"AS137 GARR Italian academic and research network";"mlab3-mil01";0.013076;11451041.699000;"0.004012999";"linux2";"213.200.99.237";"speedtest";1339996191;1602712.095430;0.015082;"cd78793c-1e3b-4944-b4b2-9768fc1cdb97";137;"12";"Torino";7;6;2012;0;18;"20120618"
"94.36.33.130";"IT";8.950000;44.416700;"AS8612 Tiscali Italia S.P.A.";"mlab3-mil01";0.025230;838410.172551;"0.004012999";"darwin";"213.200.99.237";"speedtest";1339996340;44244.181248;0.030374;"894fe1ee-9250-416a-98be-74dd024aea06";8612;"08";"Genova";7;6;2012;0;18;"20120618"
"87.13.39.29";"IT";12.833300;42.833300;"AS3269 Telecom Italia S.p.a.";"mlab3-mil01";0.045623;228452.028367;"0.004009999";"win32";"213.200.99.237";"speedtest";1339996450;31968.108876;0.053396;"51c03cdf-92f5-46e9-bdef-c1c88bec98ce";3269;"";"";7;6;2012;0;18;"20120618"
"188.216.183.24";"IT";12.833300;42.833300;"AS30722 Vodafone Omnitel N.V.";"mlab3-mil01";0.059442;863537.182632;"0.004012999";"darwin";"213.200.99.237";"bittorrent";1339997089;58522.967695;-1.000000;"eb287f52-d429-4a32-aa75-ba1fd1cf87d2";30722;"";"";7;6;2012;0;18;"20120618"
"87.5.126.10";"IT";9.150000;44.350000;"AS3269 Telecom Italia S.p.a.";"mlab3-mil01";0.043131;504898.750019;"0.004012999";"win32";"213.200.99.237";"speedtest";1339997593;50231.964238;0.048536;"8855f6ca-5043-4b7e-abfd-f4a8ef04d556";3269;"08";"Camogli";7;6;2012;0;18;"20120618"
"79.9.218.223";"IT";12.483300;41.900000;"AS3269 Telecom Italia S.p.a.";"mlab3-mil01";0.035781;820677.862162;"0.004012999";"darwin";"213.200.99.237";"bittorrent";1339997721;94062.224549;-1.000000;"4372ef01-dfbb-4175-8485-4bcfde678997";3269;"07";"Rome";7;6;2012;0;18;"20120618"
"79.20.70.163";"IT";8.066600;45.572300;"AS3269 Telecom Italia S.p.a.";"mlab3-mil01";0.038238;853298.658001;"0.004012999";"darwin";"213.200.99.237";"bittorrent";1339998176;41227.478205;-1.000000;"432d3481-f83e-450d-b373-e60ae5f17efe";3269;"12";"Biella";7;6;2012;0;18;"20120618"
"81.174.47.101";"IT";12.833300;42.833300;"AS35612 NGI Spa";"mlab3-mil01";0.011501;1763236.499140;"0.004012999";"darwin";"213.200.99.237";"speedtest";1339998956;108198.552408;0.015095;"59a9e8e1-3618-48e2-adea-6559f48400b8";35612;"";"";7;6;2012;0;18;"20120618"
"134.255.171.36";"IT";12.833300;42.833300;"AS198292 Wave-Max S.r.L.";"mlab3-mil01";0.093634;249662.262307;"0.004012999";"win32";"213.200.99.237";"speedtest";1339998980;44998.209856;0.099410;"708a55f0-3758-4099-a346-23683a39926d";198292;"";"";7;6;2012;0;18;"20120618"
"78.15.27.224";"IT";13.366700;38.116700;"AS8612 Tiscali Italia S.P.A.";"mlab3-mil01";0.234272;1233498.097916;"0.004012999";"win32";"213.200.99.237";"bittorrent";1339999984;101282.043872;-1.000000;"d237f6e8-0a11-4e9f-ac65-e61bb30f503f";8612;"15";"Palermo";8;6;2012;0;18;"20120618"
"188.216.183.24";"IT";12.833300;42.833300;"AS30722 Vodafone Omnitel N.V.";"mlab3-mil01";0.059884;855550.643380;"0.004012999";"darwin";"213.200.99.237";"bittorrent";1340000056;64522.677020;-1.000000;"eb287f52-d429-4a32-aa75-ba1fd1cf87d2";30722;"";"";8;6;2012;0;18;"20120618"
"95.252.38.138";"IT";9.200000;45.466700;"AS3269 Telecom Italia S.p.a.";"mlab3-mil01";0.024607;1021957.690660;"0.004012999";"win32";"213.200.99.237";"speedtest";1340000138;73755.110788;0.029424;"fabd9ec4-04a0-49f7-9afc-39e5f8c565ba";3269;"09";"Milan";8;6;2012;0;18;"20120618"
"134.255.171.36";"IT";12.833300;42.833300;"AS198292 Wave-Max S.r.L.";"mlab3-mil01";0.118891;260408.665923;"0.004012999";"win32";"213.200.99.237";"bittorrent";1340000382;26126.226392;-1.000000;"708a55f0-3758-4099-a346-23683a39926d";198292;"";"";8;6;2012;0;18;"20120618"
"151.49.229.123";"IT";13.780000;45.648600;"AS1267 WIND Telecomunicazioni S.p.A.";"mlab3-mil01";0.021886;808526.960862;"0.004011999";"linux2";"213.200.99.237";"speedtest";1340000485;53797.683076;0.025680;"db4c1f00-a6b9-40ad-b36d-a2fad669a491";1267;"06";"Trieste";8;6;2012;0;18;"20120618"
"130.192.91.211";"IT";7.666700;45.050000;"AS137 GARR Italian academic and research network";"mlab3-mil01";1.214255;39273.529122;"0.004012999";"linux2";"213.200.99.237";"bittorrent";1340000492;44551.530282;-1.000000;"91708cf1-7028-4b58-9520-faea0010494c";137;"12";"Torino";8;6;2012;0;18;"20120618"
"85.18.29.42";"IT";9.200000;45.466700;"AS12874 Fastweb SpA";"mlab3-mil01";0.023543;1176761.445889;"0.004012999";"darwin";"213.200.99.237";"bittorrent";1340000543;1173004.802155;-1.000000;"2c46fdf6-7306-4016-9a75-e529fa590549";12874;"09";"Milan";8;6;2012;0;18;"20120618"
"188.11.197.8";"IT";12.483300;41.900000;"AS3269 Telecom Italia S.p.a.";"mlab3-mil01";0.036600;1190006.668050;"0.004012999";"darwin";"213.200.99.237";"speedtest";1340000650;93231.412112;0.040722;"c671e4d7-9027-4ae8-9058-ad41f0746af0";3269;"07";"Rome";8;6;2012;0;18;"20120618"
"109.234.63.11";"IT";12.833300;42.833300;"AS43989 Ehinet Srl";"mlab3-mil01";0.048538;349800.033423;"0.004009999";"win32";"213.200.99.237";"bittorrent";1340000737;10466.693883;-1.000000;"5d6312ec-b414-42e6-8e89-702c7b4fd5e8";43989;"";"";8;6;2012;0;18;"20120618"
"217.133.46.117";"IT";11.316700;43.583300;"AS8612 Tiscali Italia S.P.A.";"mlab3-mil01";0.026986;1683159.342609;"0.004012999";"win32";"213.200.99.237";"bittorrent";1340001119;106871.627007;-1.000000;"2765e625-af97-4607-9fbe-b7195291ba59";8612;"16";"Greve";8;6;2012;0;18;"20120618"
"151.25.78.166";"IT";12.483300;41.900000;"AS1267 WIND Telecomunicazioni S.p.A.";"mlab3-mil01";0.022332;1879925.154117;"0.004012999";"darwin";"213.200.99.237";"bittorrent";1340001173;105061.005553;-1.000000;"2db37ed2-fec6-4c7a-947f-fbfa8575dbeb";1267;"07";"Rome";8;6;2012;0;18;"20120618"
"188.152.109.177";"IT";7.666700;45.050000;"AS44957 Vodafone Omnitel N.V.";"mlab3-mil01";0.058147;273466.672630;"0.004012999";"darwin";"213.200.99.237";"speedtest";1340001271;35421.181652;0.098941;"fd2cba45-5000-4263-b0bc-8c4a654ac411";44957;"12";"Torino";8;6;2012;0;18;"20120618"
"80.180.128.61";"IT";9.666700;45.016700;"AS3269 Telecom Italia S.p.a.";"mlab3-mil01";0.026203;1709350.600723;"0.004012999";"win32";"213.200.99.237";"bittorrent";1340001305;95993.430180;-1.000000;"a6b33ac3-0345-4892-98b5-ad125988a24b";3269;"05";"Piacenza";8;6;2012;0;18;"20120618"
"2.225.128.51";"IT";7.666700;45.050000;"AS12874 Fastweb SpA";"mlab3-mil01";0.048891;402633.011438;"0.004012999";"darwin";"213.200.99.237";"speedtest";1340001430;56233.766254;0.052090;"28ba3b2e-cd9a-4c00-8b29-33e0cfe5c596";12874;"12";"Torino";8;6;2012;0;18;"20120618"
"78.14.224.92";"IT";9.116700;45.766700;"AS8612 Tiscali Italia S.P.A.";"mlab3-mil01";0.031719;461986.075230;"0.004012999";"darwin";"213.200.99.237";"speedtest";1340001489;46926.414414;0.037098;"39792736-bd8b-4a56-942d-1cc983336add";8612;"09";"Lurago D'erba";8;6;2012;0;18;"20120618"
"188.216.183.24";"IT";12.833300;42.833300;"AS30722 Vodafone Omnitel N.V.";"mlab3-mil01";0.058750;792358.684321;"0.004012999";"darwin";"213.200.99.237";"speedtest";1340001537;65083.677794;0.065020;"eb287f52-d429-4a32-aa75-ba1fd1cf87d2";30722;"";"";8;6;2012;0;18;"20120618"
"134.255.171.36";"IT";12.833300;42.833300;"AS198292 Wave-Max S.r.L.";"mlab3-mil01";0.093969;305988.306417;"0.004012999";"win32";"213.200.99.237";"speedtest";1340001776;45556.985484;0.099879;"708a55f0-3758-4099-a346-23683a39926d";198292;"";"";8;6;2012;0;18;"20120618"
"95.226.164.10";"IT";11.416700;45.683300;"AS3269 Telecom Italia S.p.a.";"mlab3-mil01";0.051948;854538.349003;"0.004005999";"win32";"213.200.99.237";"bittorrent";1340001917;49918.659618;-1.000000;"54ca976f-8551-47fc-bce1-b06f00a12720";3269;"20";"Marano Vicentino";8;6;2012;0;18;"20120618"
"2.230.212.185";"IT";7.666700;45.050000;"AS12874 Fastweb SpA";"mlab3-mil01";0.028889;551175.999677;"0.004012999";"win32";"213.200.99.237";"bittorrent";1340002082;937194.384212;-1.000000;"93a97de3-c431-4df5-a005-ea55834352bd";12874;"12";"Torino";8;6;2012;0;18;"20120618"
"188.11.197.8";"IT";12.483300;41.900000;"AS3269 Telecom Italia S.p.a.";"mlab3-mil01";0.036233;1366398.935174;"0.004012999";"darwin";"213.200.99.237";"bittorrent";1340002199;91260.993299;-1.000000;"c671e4d7-9027-4ae8-9058-ad41f0746af0";3269;"07";"Rome";8;6;2012;0;18;"20120618"
"87.18.255.91";"IT";17.229700;40.476100;"AS3269 Telecom Italia S.p.a.";"mlab3-mil01";0.076535;735414.451276;"0.004009999";"win32";"213.200.99.237";"speedtest";1340002415;48154.531468;0.073335;"7989d7c5-459e-4910-93c2-ffd113604f5d";3269;"13";"Taranto";8;6;2012;0;18;"20120618"
"79.0.19.229";"IT";12.483300;41.900000;"AS3269 Telecom Italia S.p.a.";"mlab3-mil01";0.031342;1351707.476268;"0.004012999";"darwin";"213.200.99.237";"bittorrent";1340002441;104298.245632;-1.000000;"69fb5e33-52f0-4549-a67d-9deb0c9b5493";3269;"07";"Rome";8;6;2012;0;18;"20120618"
"188.152.109.177";"IT";7.666700;45.050000;"AS44957 Vodafone Omnitel N.V.";"mlab3-mil01";0.058074;310432.766110;"0.004012999";"darwin";"213.200.99.237";"bittorrent";1340002796;20983.523471;-1.000000;"fd2cba45-5000-4263-b0bc-8c4a654ac411";44957;"12";"Torino";8;6;2012;0;18;"20120618"
"80.180.128.61";"IT";9.666700;45.016700;"AS3269 Telecom Italia S.p.a.";"mlab3-mil01";0.026431;1652333.399070;"0.004012999";"win32";"213.200.99.237";"speedtest";1340002889;96285.152129;0.029104;"a6b33ac3-0345-4892-98b5-ad125988a24b";3269;"05";"Piacenza";9;6;2012;0;18;"20120618"
"93.63.140.2";"IT";12.435800;44.070800;"AS12874 Fastweb SpA";"mlab3-mil01";0.048449;148907.669451;"0.004012999";"win32";"213.200.99.237";"bittorrent";1340002928;221563.565761;-1.000000;"8050c4c2-de4c-4f89-ab47-528f246a0f23";12874;"05";"Santarcangelo";9;6;2012;0;18;"20120618"
"80.117.83.96";"IT";12.833300;42.833300;"AS3269 Telecom Italia S.p.a.";"mlab3-mil01";0.026660;823734.466638;"0.004012999";"win32";"213.200.99.237";"bittorrent";1340002935;40132.385696;-1.000000;"25353fbe-ce56-4192-a803-65a63443c70a";3269;"";"";9;6;2012;0;18;"20120618"
"87.13.39.29";"IT";12.833300;42.833300;"AS3269 Telecom Italia S.p.a.";"mlab3-mil01";0.045525;226337.221183;"0.004009999";"win32";"213.200.99.237";"speedtest";1340002972;30730.711121;0.053745;"51c03cdf-92f5-46e9-bdef-c1c88bec98ce";3269;"";"";9;6;2012;0;18;"20120618"
"87.4.83.224";"IT";16.483300;41.116700;"AS3269 Telecom Italia S.p.a.";"mlab3-mil01";0.044280;676699.907352;"0.004012999";"darwin";"213.200.99.237";"bittorrent";1340003154;42196.556047;-1.000000;"8c3b14ba-e923-48bd-8f2e-da456a7f071f";3269;"13";"Ruvo Di Puglia";9;6;2012;0;18;"20120618"
"84.221.231.178";"IT";7.666700;45.050000;"AS8612 Tiscali Italia S.P.A.";"mlab3-mil01";0.024075;1984895.447320;"0.004012999";"darwin";"213.200.99.237";"speedtest";1340003462;100504.334101;0.029208;"7e3598a2-40f8-4213-beaa-47abf033b292";8612;"12";"Torino";9;6;2012;0;18;"20120618"
"95.237.222.196";"IT";7.666700;45.050000;"AS3269 Telecom Italia S.p.a.";"mlab3-mil01";0.046924;393287.470847;"0.004012999";"win32";"213.200.99.237";"speedtest";1340003524;32009.890224;0.051636;"47bce1bd-51cc-4815-b6db-71ab66220dd6";3269;"12";"Torino";9;6;2012;0;18;"20120618"
"109.234.63.11";"IT";12.833300;42.833300;"AS43989 Ehinet Srl";"mlab3-mil01";0.022334;483629.090203;"0.004009999";"win32";"213.200.99.237";"bittorrent";1340003607;51570.333521;-1.000000;"5d6312ec-b414-42e6-8e89-702c7b4fd5e8";43989;"";"";9;6;2012;0;18;"20120618"
"188.11.197.8";"IT";12.483300;41.900000;"AS3269 Telecom Italia S.p.a.";"mlab3-mil01";0.037271;1286708.947950;"0.004012999";"darwin";"213.200.99.237";"speedtest";1340003745;85549.684650;0.040899;"c671e4d7-9027-4ae8-9058-ad41f0746af0";3269;"07";"Rome";9;6;2012;0;18;"20120618"
"82.50.179.32";"IT";12.065300;45.737800;"AS3269 Telecom Italia S.p.a.";"mlab3-mil01";0.040783;814846.026365;"0.004012999";"darwin";"213.200.99.237";"bittorrent";1340003769;44335.116973;-1.000000;"d2acd4a2-202f-465b-8502-2d0b1d7a5fd0";3269;"20";"Trevignano";9;6;2012;0;18;"20120618"
"87.2.107.159";"IT";11.083300;46.216700;"AS3269 Telecom Italia S.p.a.";"mlab3-mil01";0.076190;1329519.933080;"0.004012999";"darwin";"213.200.99.237";"speedtest";1340003914;8231.792665;0.057491;"8cfc4b59-c9c4-47a5-90ef-869237dc6ca3";3269;"17";"Mezzolombardo";9;6;2012;0;18;"20120618"
"87.18.255.91";"IT";17.229700;40.476100;"AS3269 Telecom Italia S.p.a.";"mlab3-mil01";0.067246;653574.466998;"0.004009999";"win32";"213.200.99.237";"bittorrent";1340004008;49524.483696;-1.000000;"7989d7c5-459e-4910-93c2-ffd113604f5d";3269;"13";"Taranto";9;6;2012;0;18;"20120618"
"80.182.50.90";"IT";12.833300;42.833300;"AS3269 Telecom Italia S.p.a.";"mlab3-mil01";0.040128;833967.876496;"0.004012999";"darwin";"213.200.99.237";"bittorrent";1340004225;50225.283170;-1.000000;"b78c474f-55bd-448a-8e4f-7b197dfe68ad";3269;"";"";9;6;2012;0;18;"20120618"
"80.180.128.61";"IT";9.666700;45.016700;"AS3269 Telecom Italia S.p.a.";"mlab3-mil01";0.026985;1688727.989485;"0.004012999";"win32";"213.200.99.237";"bittorrent";1340004410;96120.819301;-1.000000;"a6b33ac3-0345-4892-98b5-ad125988a24b";3269;"05";"Piacenza";9;6;2012;0;18;"20120618"
"79.20.70.163";"IT";8.066600;45.572300;"AS3269 Telecom Italia S.p.a.";"mlab3-mil01";0.038515;738121.147249;"0.004012999";"darwin";"213.200.99.237";"bittorrent";1340004412;31344.123533;-1.000000;"432d3481-f83e-450d-b373-e60ae5f17efe";3269;"12";"Biella";9;6;2012;0;18;"20120618"
"95.229.187.136";"IT";12.833300;42.833300;"AS3269 Telecom Italia S.p.a.";"mlab3-mil01";0.041181;826012.549098;"0.004012999";"win32";"213.200.99.237";"speedtest";1340004526;75023.733796;0.043223;"a4010725-b228-4400-bd21-b9e05989bafb";3269;"";"";9;6;2012;0;18;"20120618"
"81.174.11.50";"IT";8.650000;45.850000;"AS35612 NGI Spa";"mlab3-mil01";0.063157;552976.363192;"0.004012999";"darwin";"213.200.99.237";"speedtest";1340004564;73283.905663;0.071107;"04eb82ec-76b3-4615-b25a-7c0279090671";35612;"09";"Besozzo";9;6;2012;0;18;"20120618"
"2.225.128.51";"IT";7.666700;45.050000;"AS12874 Fastweb SpA";"mlab3-mil01";0.049420;416275.353599;"0.004012999";"darwin";"213.200.99.237";"speedtest";1340004651;54217.123259;0.051140;"28ba3b2e-cd9a-4c00-8b29-33e0cfe5c596";12874;"12";"Torino";9;6;2012;0;18;"20120618"
"85.18.46.24";"IT";9.200000;45.466700;"AS12874 Fastweb SpA";"mlab3-mil01";0.022032;11411836.643100;"0.004012999";"linux2";"213.200.99.237";"speedtest";1340004946;8446031.699910;0.023602;"6c471e39-d901-41fa-9266-23795dce3dc5";12874;"09";"Milan";9;6;2012;0;18;"20120618"
"82.50.179.32";"IT";12.065300;45.737800;"AS3269 Telecom Italia S.p.a.";"mlab3-mil01";0.039932;859756.272286;"0.004012999";"darwin";"213.200.99.237";"speedtest";1340005230;50007.237894;0.047872;"d2acd4a2-202f-465b-8502-2d0b1d7a5fd0";3269;"20";"Trevignano";9;6;2012;0;18;"20120618"
"79.9.218.223";"IT";12.483300;41.900000;"AS3269 Telecom Italia S.p.a.";"mlab3-mil01";0.033051;795647.717293;"0.004012999";"darwin";"213.200.99.237";"speedtest";1340005375;93320.279174;0.038446;"4372ef01-dfbb-4175-8485-4bcfde678997";3269;"07";"Rome";9;6;2012;0;18;"20120618"
"93.33.101.175";"IT";9.200000;45.466700;"AS12874 Fastweb SpA";"mlab3-mil01";0.024697;1159689.028358;"0.004012999";"darwin";"213.200.99.237";"bittorrent";1340005392;43116.428277;-1.000000;"29750ad8-f56c-4e95-a4f3-b9badf7da7af";12874;"09";"Milan";9;6;2012;0;18;"20120618"
"80.117.83.96";"IT";12.833300;42.833300;"AS3269 Telecom Italia S.p.a.";"mlab3-mil01";0.026372;839313.456837;"0.004012999";"win32";"213.200.99.237";"bittorrent";1340005759;32114.606398;-1.000000;"25353fbe-ce56-4192-a803-65a63443c70a";3269;"";"";9;6;2012;0;18;"20120618"
"88.47.41.57";"IT";12.833300;42.833300;"AS3269 Telecom Italia S.p.a.";"mlab3-mil01";0.043676;758795.020119;"0.004012999";"win32";"213.200.99.237";"bittorrent";1340005818;46009.612377;-1.000000;"ec2e71be-f555-4dee-b674-bc8e80a61d77";3269;"";"";9;6;2012;0;18;"20120618"
"78.14.224.92";"IT";9.116700;45.766700;"AS8612 Tiscali Italia S.P.A.";"mlab3-mil01";0.032807;161638.480233;"0.004012999";"darwin";"213.200.99.237";"bittorrent";1340006093;46745.317725;-1.000000;"39792736-bd8b-4a56-942d-1cc983336add";8612;"09";"Lurago D'erba";9;6;2012;0;18;"20120618"
"188.10.100.91";"IT";9.116700;45.683300;"AS3269 Telecom Italia S.p.a.";"mlab3-mil01";0.041310;766021.065965;"0.004012999";"win32";"213.200.99.237";"speedtest";1340006243;29557.256502;0.046021;"a0bc9ac6-3c40-4f42-be91-07152ae8b8fb";3269;"09";"Lentate Sul Seveso";9;6;2012;0;18;"20120618"
"188.153.45.136";"IT";8.850000;45.316700;"AS30722 Vodafone Omnitel N.V.";"mlab3-mil01";0.041050;899652.901247;"0.004012999";"linux2";"213.200.99.237";"speedtest";1340006589;48019.006560;0.045991;"0094fb04-cab2-42b8-abfa-f714dcef0097";30722;"09";"Vigevano";10;6;2012;0;18;"20120618"
"85.18.29.42";"IT";9.200000;45.466700;"AS12874 Fastweb SpA";"mlab3-mil01";0.023443;1108360.350110;"0.004012999";"darwin";"213.200.99.237";"bittorrent";1340006624;1155455.713711;-1.000000;"2c46fdf6-7306-4016-9a75-e529fa590549";12874;"09";"Milan";10;6;2012;0;18;"20120618"
"82.56.82.149";"IT";9.416700;45.700000;"AS3269 Telecom Italia S.p.a.";"mlab3-mil01";0.226536;740207.732663;"0.004012999";"win32";"213.200.99.237";"bittorrent";1340006803;49991.334074;-1.000000;"991257a9-87dd-455d-863e-b266080097e3";3269;"09";"Merate";10;6;2012;0;18;"20120618"
"77.242.135.27";"IT";12.833300;42.833300;"AS44092 Hal Service S.r.l";"mlab3-mil01";0.046962;345935.734493;"0.004012999";"win32";"213.200.99.237";"speedtest";1340007080;303324.419634;0.065655;"b836ef0f-1c67-4474-ba0a-2294612f2981";44092;"";"";10;6;2012;0;18;"20120618"
"87.18.255.91";"IT";17.229700;40.476100;"AS3269 Telecom Italia S.p.a.";"mlab3-mil01";0.108986;528529.244483;"0.004009999";"win32";"213.200.99.237";"bittorrent";1340007162;49599.449947;-1.000000;"7989d7c5-459e-4910-93c2-ffd113604f5d";3269;"13";"Taranto";10;6;2012;0;18;"20120618"
"147.162.42.20";"IT";11.883300;45.416700;"AS137 GARR Italian academic and research network";"mlab3-mil01";0.013650;8798252.415364;"0.004010999";"linux2";"213.200.99.237";"bittorrent";1340007284;8255177.232012;-1.000000;"727d6a40-2b78-4641-8061-04b6a384e6a6";137;"20";"Padova";10;6;2012;0;18;"20120618"
"81.174.11.50";"IT";8.650000;45.850000;"AS35612 NGI Spa";"mlab3-mil01";0.051832;819309.894777;"0.004012999";"darwin";"213.200.99.237";"speedtest";1340007395;75486.109412;0.098955;"04eb82ec-76b3-4615-b25a-7c0279090671";35612;"09";"Besozzo";10;6;2012;0;18;"20120618"
"87.4.83.224";"IT";16.483300;41.116700;"AS3269 Telecom Italia S.p.a.";"mlab3-mil01";0.047905;639986.230280;"0.004012999";"darwin";"213.200.99.237";"speedtest";1340007432;46673.309038;0.060124;"8c3b14ba-e923-48bd-8f2e-da456a7f071f";3269;"13";"Ruvo Di Puglia";10;6;2012;0;18;"20120618"
"217.133.23.13";"IT";12.833300;42.833300;"AS8612 Tiscali Italia S.P.A.";"mlab3-mil01";0.028407;1291468.283570;"0.004012999";"darwin";"213.200.99.237";"speedtest";1340007498;105216.606769;0.031331;"7da8ef87-6dfd-41fe-8a53-f1a960d7de12";8612;"";"";10;6;2012;0;18;"20120618"
"87.253.117.30";"IT";7.666700;45.050000;"AS35719 People & Communication S.R.L.";"mlab3-mil01";0.014808;802917.813004;"0.004012999";"darwin";"213.200.99.237";"speedtest";1340007769;53057.043909;0.019913;"60d5ec38-9b55-4e7a-b420-28c886960236";35719;"12";"Torino";10;6;2012;0;18;"20120618"
"2.230.212.185";"IT";7.666700;45.050000;"AS12874 Fastweb SpA";"mlab3-mil01";0.029198;513569.548233;"0.004012999";"win32";"213.200.99.237";"bittorrent";1340007991;876702.748868;-1.000000;"93a97de3-c431-4df5-a005-ea55834352bd";12874;"12";"Torino";10;6;2012;0;18;"20120618"
"2.225.231.97";"IT";7.666700;45.050000;"AS12874 Fastweb SpA";"mlab3-mil01";0.027273;1186893.043613;"0.004012999";"win32";"213.200.99.237";"bittorrent";1340007998;61956.655970;-1.000000;"252a836b-55fe-43a0-93e7-d33c5d47fae3";12874;"12";"Torino";10;6;2012;0;18;"20120618"
"93.62.242.110";"IT";12.029400;45.421400;"AS12874 Fastweb SpA";"mlab3-mil01";0.031124;419422.504863;"0.004012999";"darwin";"213.200.99.237";"speedtest";1340008124;420913.796819;0.033661;"9905faad-2379-4ce5-bea7-d26dfd5ef167";12874;"20";"Fiesso D'artico";10;6;2012;0;18;"20120618"
"94.33.1.179";"IT";9.216700;45.550000;"AS8612 Tiscali Italia S.P.A.";"mlab3-mil01";0.040846;716745.320543;"0.004012999";"linux2";"213.200.99.237";"bittorrent";1340008147;93450.212332;-1.000000;"c8e22a26-c7da-46ee-8473-787638c3fd84";8612;"09";"Cinisello Balsamo";10;6;2012;0;18;"20120618"
"130.192.91.213";"IT";7.666700;45.050000;"AS137 GARR Italian academic and research network";"mlab3-mil01";0.016488;8395401.469400;"0.004012999";"linux2";"213.200.99.237";"speedtest";1340008177;719103.863034;0.029353;"cd78793c-1e3b-4944-b4b2-9768fc1cdb97";137;"12";"Torino";10;6;2012;0;18;"20120618"
"88.87.119.170";"IT";7.666700;45.050000;"AS34606 BBBell s.r.l. - Telecommunication Services";"mlab3-mil01";0.090608;415123.572606;"0.004012999";"win32";"213.200.99.237";"speedtest";1340008380;663777.521033;0.035342;"241c3a7e-ba9b-4a0d-9bea-1c379895fdaa";34606;"12";"Torino";10;6;2012;0;18;"20120618"
"188.11.197.8";"IT";12.483300;41.900000;"AS3269 Telecom Italia S.p.a.";"mlab3-mil01";0.040401;1086691.877073;"0.004012999";"darwin";"213.200.99.237";"bittorrent";1340008411;41338.273896;-1.000000;"c671e4d7-9027-4ae8-9058-ad41f0746af0";3269;"07";"Rome";10;6;2012;0;18;"20120618"
"88.47.41.57";"IT";12.833300;42.833300;"AS3269 Telecom Italia S.p.a.";"mlab3-mil01";0.044003;759774.539517;"0.004012999";"win32";"213.200.99.237";"bittorrent";1340008683;44916.484611;-1.000000;"ec2e71be-f555-4dee-b674-bc8e80a61d77";3269;"";"";10;6;2012;0;18;"20120618"
"87.2.107.159";"IT";11.083300;46.216700;"AS3269 Telecom Italia S.p.a.";"mlab3-mil01";0.026804;1077463.744576;"0.004012999";"darwin";"213.200.99.237";"bittorrent";1340008769;4556.668702;-1.000000;"8cfc4b59-c9c4-47a5-90ef-869237dc6ca3";3269;"17";"Mezzolombardo";10;6;2012;0;18;"20120618"
"87.8.229.178";"IT";7.666700;45.050000;"AS3269 Telecom Italia S.p.a.";"mlab3-mil01";0.051343;576647.120197;"0.004012999";"win32";"213.200.99.237";"bittorrent";1340008804;49071.775341;-1.000000;"d6bbc582-d8eb-4ead-ba2c-3fffeda97549";3269;"12";"Torino";10;6;2012;0;18;"20120618"
"80.180.128.61";"IT";9.666700;45.016700;"AS3269 Telecom Italia S.p.a.";"mlab3-mil01";0.037049;1658224.344810;"0.004012999";"win32";"213.200.99.237";"speedtest";1340009100;96306.440419;0.029091;"a6b33ac3-0345-4892-98b5-ad125988a24b";3269;"05";"Piacenza";10;6;2012;0;18;"20120618"
"79.20.70.163";"IT";8.066600;45.572300;"AS3269 Telecom Italia S.p.a.";"mlab3-mil01";0.037965;806178.338390;"0.004012999";"darwin";"213.200.99.237";"speedtest";1340009082;33445.986541;0.044932;"432d3481-f83e-450d-b373-e60ae5f17efe";3269;"12";"Biella";10;6;2012;0;18;"20120618"
"93.62.73.167";"IT";7.666700;45.050000;"AS12874 Fastweb SpA";"mlab3-mil01";0.049198;1830308.609128;"0.004012999";"win32";"213.200.99.237";"bittorrent";1340009101;75139.066695;-1.000000;"ba264b82-0dde-485e-bdfd-b866b37d1bf8";12874;"12";"Torino";10;6;2012;0;18;"20120618"
"95.226.164.10";"IT";11.416700;45.683300;"AS3269 Telecom Italia S.p.a.";"mlab3-mil01";0.053356;800254.229029;"0.004005999";"win32";"213.200.99.237";"speedtest";1340009147;41964.052256;0.059632;"54ca976f-8551-47fc-bce1-b06f00a12720";3269;"20";"Marano Vicentino";10;6;2012;0;18;"20120618"
"188.10.100.91";"IT";9.116700;45.683300;"AS3269 Telecom Italia S.p.a.";"mlab3-mil01";0.082391;807741.899924;"0.004012999";"win32";"213.200.99.237";"speedtest";1340009483;33071.744348;0.045759;"a0bc9ac6-3c40-4f42-be91-07152ae8b8fb";3269;"09";"Lentate Sul Seveso";10;6;2012;0;18;"20120618"
"130.192.91.213";"IT";7.666700;45.050000;"AS137 GARR Italian academic and research network";"mlab3-mil01";0.012807;11707370.801300;"0.004012999";"linux2";"213.200.99.237";"bittorrent";1340009701;10945088.666314;-1.000000;"cd78793c-1e3b-4944-b4b2-9768fc1cdb97";137;"12";"Torino";10;6;2012;0;18;"20120618"
"82.56.82.149";"IT";9.416700;45.700000;"AS3269 Telecom Italia S.p.a.";"mlab3-mil01";0.036612;707839.157319;"0.004012999";"win32";"213.200.99.237";"bittorrent";1340009840;48315.014193;-1.000000;"991257a9-87dd-455d-863e-b266080097e3";3269;"09";"Merate";10;6;2012;0;18;"20120618"
"93.36.8.235";"IT";9.183300;45.700000;"AS12874 Fastweb SpA";"mlab3-mil01";0.046495;774465.322510;"0.004011999";"win32";"213.200.99.237";"bittorrent";1340010240;47334.752035;-1.000000;"9a8fa0ab-ee51-4da8-b32c-4f50bc470f20";12874;"09";"Mariano Comense";11;6;2012;0;18;"20120618"
"87.4.83.224";"IT";16.483300;41.116700;"AS3269 Telecom Italia S.p.a.";"mlab3-mil01";0.045266;813812.116815;"0.004012999";"darwin";"213.200.99.237";"speedtest";1340010278;45634.218885;0.054111;"8c3b14ba-e923-48bd-8f2e-da456a7f071f";3269;"13";"Ruvo Di Puglia";11;6;2012;0;18;"20120618"
"87.18.255.91";"IT";17.229700;40.476100;"AS3269 Telecom Italia S.p.a.";"mlab3-mil01";0.065889;683853.661642;"0.004009999";"win32";"213.200.99.237";"bittorrent";1340010315;49572.134579;-1.000000;"7989d7c5-459e-4910-93c2-ffd113604f5d";3269;"13";"Taranto";11;6;2012;0;18;"20120618"
"93.62.73.167";"IT";7.666700;45.050000;"AS12874 Fastweb SpA";"mlab3-mil01";0.050416;1999481.504680;"0.004012999";"win32";"213.200.99.237";"speedtest";1340010554;74243.885517;0.053650;"ba264b82-0dde-485e-bdfd-b866b37d1bf8";12874;"12";"Torino";11;6;2012;0;18;"20120618"
"31.196.6.210";"IT";12.833300;42.833300;"AS3269 Telecom Italia S.p.a.";"mlab3-mil01";0.024132;188827.132520;"0.004012999";"win32";"213.200.99.237";"bittorrent";1340010600;181780.480708;-1.000000;"8f96be96-0318-4e62-a639-7816bf69ae7b";3269;"";"";11;6;2012;0;18;"20120618"
"85.18.46.24";"IT";9.200000;45.466700;"AS12874 Fastweb SpA";"mlab3-mil01";0.022212;5631387.968480;"0.004012999";"linux2";"213.200.99.237";"speedtest";1340010724;5210642.263820;0.023729;"6c471e39-d901-41fa-9266-23795dce3dc5";12874;"09";"Milan";11;6;2012;0;18;"20120618"
"2.225.231.97";"IT";7.666700;45.050000;"AS12874 Fastweb SpA";"mlab3-mil01";0.027106;1172312.692608;"0.004012999";"win32";"213.200.99.237";"bittorrent";1340010840;61133.988510;-1.000000;"252a836b-55fe-43a0-93e7-d33c5d47fae3";12874;"12";"Torino";11;6;2012;0;18;"20120618"
"79.0.19.229";"IT";12.483300;41.900000;"AS3269 Telecom Italia S.p.a.";"mlab3-mil01";0.030736;1351998.591373;"0.004012999";"darwin";"213.200.99.237";"bittorrent";1340011068;93458.266205;-1.000000;"69fb5e33-52f0-4549-a67d-9deb0c9b5493";3269;"07";"Rome";11;6;2012;0;18;"20120618"
"79.39.193.153";"IT";12.833300;42.833300;"AS3269 Telecom Italia S.p.a.";"mlab3-mil01";0.106895;497955.109014;"0.004012999";"win32";"213.200.99.237";"speedtest";1340011174;45733.221078;0.110773;"ec58670d-cc26-4c10-aeb5-a22a61fd34c0";3269;"";"";11;6;2012;0;18;"20120618"
"188.10.100.91";"IT";9.116700;45.683300;"AS3269 Telecom Italia S.p.a.";"mlab3-mil01";0.039631;857321.999862;"0.004012999";"win32";"213.200.99.237";"bittorrent";1340011107;49922.045945;-1.000000;"a0bc9ac6-3c40-4f42-be91-07152ae8b8fb";3269;"09";"Lentate Sul Seveso";11;6;2012;0;18;"20120618"
"195.110.137.171";"IT";12.483300;41.900000;"AS5396 MC-link Spa";"mlab3-mil01";0.033689;648148.513117;"0.004012999";"darwin";"213.200.99.237";"speedtest";1340011648;30728.453360;0.040947;"2d27e34d-ed0a-4c70-8dc2-070f5a0499a1";5396;"07";"Rome";11;6;2012;0;18;"20120618"
"77.242.135.27";"IT";12.833300;42.833300;"AS44092 Hal Service S.r.l";"mlab3-mil01";0.122206;110650.771149;"0.004012999";"win32";"213.200.99.237";"bittorrent";1340011665;162295.335295;-1.000000;"b836ef0f-1c67-4474-ba0a-2294612f2981";44092;"";"";11;6;2012;0;18;"20120618"
"87.4.83.224";"IT";16.483300;41.116700;"AS3269 Telecom Italia S.p.a.";"mlab3-mil01";0.047296;713976.345706;"0.004012999";"darwin";"213.200.99.237";"bittorrent";1340011705;46467.441638;-1.000000;"8c3b14ba-e923-48bd-8f2e-da456a7f071f";3269;"13";"Ruvo Di Puglia";11;6;2012;0;18;"20120618"
"188.152.109.177";"IT";7.666700;45.050000;"AS44957 Vodafone Omnitel N.V.";"mlab3-mil01";0.066535;426855.447142;"0.004012999";"darwin";"213.200.99.237";"bittorrent";1340011893;40396.896511;-1.000000;"fd2cba45-5000-4263-b0bc-8c4a654ac411";44957;"12";"Torino";11;6;2012;0;18;"20120618"
"93.62.73.167";"IT";7.666700;45.050000;"AS12874 Fastweb SpA";"mlab3-mil01";0.050952;2193738.520203;"0.004012999";"win32";"213.200.99.237";"bittorrent";1340012009;77244.492073;-1.000000;"ba264b82-0dde-485e-bdfd-b866b37d1bf8";12874;"12";"Torino";11;6;2012;0;18;"20120618"
"94.36.33.130";"IT";8.950000;44.416700;"AS8612 Tiscali Italia S.P.A.";"mlab3-mil01";0.026290;863292.508154;"0.004012999";"darwin";"213.200.99.237";"bittorrent";1340012246;52458.673502;-1.000000;"894fe1ee-9250-416a-98be-74dd024aea06";8612;"08";"Genova";11;6;2012;0;18;"20120618"
"2.36.37.80";"IT";7.666700;45.050000;"AS30722 Vodafone Omnitel N.V.";"mlab3-mil01";0.037115;876512.521456;"0.004012999";"win32";"213.200.99.237";"bittorrent";1340012505;60176.236067;-1.000000;"dd1eb1c2-416e-467c-b945-ec64ed841caa";30722;"12";"Torino";11;6;2012;0;18;"20120618"
"217.133.46.117";"IT";11.316700;43.583300;"AS8612 Tiscali Italia S.P.A.";"mlab3-mil01";0.028382;1680670.787769;"0.004012999";"win32";"213.200.99.237";"bittorrent";1340012633;101334.376202;-1.000000;"2765e625-af97-4607-9fbe-b7195291ba59";8612;"16";"Greve";11;6;2012;0;18;"20120618"
"188.10.100.91";"IT";9.116700;45.683300;"AS3269 Telecom Italia S.p.a.";"mlab3-mil01";0.040922;792543.048743;"0.004012999";"win32";"213.200.99.237";"speedtest";1340012725;33148.338663;0.050165;"a0bc9ac6-3c40-4f42-be91-07152ae8b8fb";3269;"09";"Lentate Sul Seveso";11;6;2012;0;18;"20120618"
"79.20.70.163";"IT";8.066600;45.572300;"AS3269 Telecom Italia S.p.a.";"mlab3-mil01";0.039257;755494.109764;"0.004012999";"darwin";"213.200.99.237";"bittorrent";1340012834;41254.800024;-1.000000;"e838c543-3d44-45bd-9a51-ed5e3c0d7d06";3269;"12";"Biella";11;6;2012;0;18;"20120618"
"134.255.171.36";"IT";12.833300;42.833300;"AS198292 Wave-Max S.r.L.";"mlab3-mil01";0.098734;364527.835482;"0.004012999";"win32";"213.200.99.237";"speedtest";1340012990;45466.425795;0.101342;"708a55f0-3758-4099-a346-23683a39926d";198292;"";"";11;6;2012;0;18;"20120618"
"85.18.116.244";"IT";8.900000;45.400000;"AS12874 Fastweb SpA";"mlab3-mil01";0.022248;10565372.462027;"0.004012999";"linux2";"213.200.99.237";"bittorrent";1340013017;4882634.893884;-1.000000;"c76e28cf-4020-40f2-ae3f-39482e23ced0";12874;"09";"Abbiategrasso";11;6;2012;0;18;"20120618"
"2.227.55.184";"IT";12.500000;41.666700;"AS12874 Fastweb SpA";"mlab3-mil01";0.037114;874179.837104;"0.004012999";"linux2";"213.200.99.237";"bittorrent";1340013511;108616.905664;-1.000000;"202944e6-094c-4bb9-86da-7234fa3c010e";12874;"07";"Pomezia";11;6;2012;0;18;"20120618"
"85.18.46.24";"IT";9.200000;45.466700;"AS12874 Fastweb SpA";"mlab3-mil01";0.022626;6759211.786000;"0.004012999";"linux2";"213.200.99.237";"speedtest";1340013615;3707298.739690;0.024384;"6c471e39-d901-41fa-9266-23795dce3dc5";12874;"09";"Milan";12;6;2012;0;18;"20120618"
"94.36.33.130";"IT";8.950000;44.416700;"AS8612 Tiscali Italia S.P.A.";"mlab3-mil01";0.026093;836376.430229;"0.004012999";"darwin";"213.200.99.237";"speedtest";1340013689;43052.137442;0.030405;"894fe1ee-9250-416a-98be-74dd024aea06";8612;"08";"Genova";12;6;2012;0;18;"20120618"
"79.21.87.98";"IT";9.533300;45.700000;"AS3269 Telecom Italia S.p.a.";"mlab3-mil01";0.014426;735029.395130;"0.004012999";"darwin";"213.200.99.237";"speedtest";1340014131;24832.093753;0.031850;"2ce2bf8b-ae24-462e-9d50-8546bf97935c";3269;"09";"Mapello";12;6;2012;0;18;"20120618"
"93.33.101.175";"IT";9.200000;45.466700;"AS12874 Fastweb SpA";"mlab3-mil01";0.024268;911091.924886;"0.004012999";"darwin";"213.200.99.237";"bittorrent";1340014155;49594.290755;-1.000000;"29750ad8-f56c-4e95-a4f3-b9badf7da7af";12874;"09";"Milan";12;6;2012;0;18;"20120618"
"87.253.117.30";"IT";7.666700;45.050000;"AS35719 People & Communication S.R.L.";"mlab3-mil01";0.014094;556669.954580;"0.004012999";"darwin";"213.200.99.237";"bittorrent";1340014261;50200.443906;-1.000000;"60d5ec38-9b55-4e7a-b420-28c886960236";35719;"12";"Torino";12;6;2012;0;18;"20120618"
"2.225.128.51";"IT";7.666700;45.050000;"AS12874 Fastweb SpA";"mlab3-mil01";0.051071;412996.088300;"0.004012999";"darwin";"213.200.99.237";"speedtest";1340014314;62243.479924;0.050069;"28ba3b2e-cd9a-4c00-8b29-33e0cfe5c596";12874;"12";"Torino";12;6;2012;0;18;"20120618"
"87.4.211.23";"IT";7.666700;45.050000;"AS3269 Telecom Italia S.p.a.";"mlab3-mil01";0.050230;24768.835184;"0.004010999";"darwin";"213.200.99.237";"speedtest";1340014344;49323.590229;0.079917;"16cafecd-b020-46be-b968-897209d1eb5c";3269;"12";"Torino";12;6;2012;0;18;"20120618"
"195.110.137.171";"IT";12.483300;41.900000;"AS5396 MC-link Spa";"mlab3-mil01";0.034178;631626.293631;"0.004012999";"darwin";"213.200.99.237";"speedtest";1340014667;32635.884911;0.041128;"2d27e34d-ed0a-4c70-8dc2-070f5a0499a1";5396;"07";"Rome";12;6;2012;0;18;"20120618"
"87.8.229.178";"IT";7.666700;45.050000;"AS3269 Telecom Italia S.p.a.";"mlab3-mil01";0.050634;577042.238660;"0.004012999";"win32";"213.200.99.237";"bittorrent";1340014927;49575.464719;-1.000000;"d6bbc582-d8eb-4ead-ba2c-3fffeda97549";3269;"12";"Torino";12;6;2012;0;18;"20120618"
"147.162.42.20";"IT";11.883300;45.416700;"AS137 GARR Italian academic and research network";"mlab3-mil01";0.013723;6867029.540570;"0.004010999";"linux2";"213.200.99.237";"speedtest";1340015032;8059170.326810;0.015045;"727d6a40-2b78-4641-8061-04b6a384e6a6";137;"20";"Padova";12;6;2012;0;18;"20120618"
"130.192.91.211";"IT";7.666700;45.050000;"AS137 GARR Italian academic and research network";"mlab3-mil01";0.015448;11322265.602243;"0.004012999";"linux2";"213.200.99.237";"bittorrent";1340015039;11454509.899482;-1.000000;"91708cf1-7028-4b58-9520-faea0010494c";137;"12";"Torino";12;6;2012;0;18;"20120618"
"188.218.203.155";"IT";18.166700;40.300000;"AS30722 Vodafone Omnitel N.V.";"mlab3-mil01";0.067362;23457.943574;"0.004009999";"win32";"213.200.99.237";"bittorrent";1340015042;61112.775417;-1.000000;"1a885600-ab28-499c-8adf-fb4b2b758c63";30722;"13";"San Cesario";12;6;2012;0;18;"20120618"
"93.35.248.80";"IT";9.083300;45.783300;"AS12874 Fastweb SpA";"mlab3-mil01";0.047828;765137.053706;"0.004011999";"win32";"213.200.99.237";"speedtest";1340015059;44935.176198;0.051014;"9a8fa0ab-ee51-4da8-b32c-4f50bc470f20";12874;"09";"Como";12;6;2012;0;18;"20120618"
"2.230.212.185";"IT";7.666700;45.050000;"AS12874 Fastweb SpA";"mlab3-mil01";0.032093;486000.360216;"0.004012999";"win32";"213.200.99.237";"speedtest";1340015435;673259.723135;0.032638;"93a97de3-c431-4df5-a005-ea55834352bd";12874;"12";"Torino";12;6;2012;0;18;"20120618"
"87.2.107.159";"IT";11.083300;46.216700;"AS3269 Telecom Italia S.p.a.";"mlab3-mil01";0.027515;1327283.086834;"0.004012999";"darwin";"213.200.99.237";"bittorrent";1340015504;122896.378399;-1.000000;"3a2b787f-c941-4b74-b356-2363c9904a6c";3269;"17";"Mezzolombardo";12;6;2012;0;18;"20120618"
"81.174.37.39";"IT";9.200000;45.466700;"AS35612 NGI Spa";"mlab3-mil01";0.082424;240934.094759;"0.004012999";"darwin";"213.200.99.237";"speedtest";1340015569;114633.259506;0.061019;"40b77977-9095-4ac0-82ab-5053c835779f";35612;"09";"Milan";12;6;2012;0;18;"20120618"
"85.18.116.244";"IT";8.900000;45.400000;"AS12874 Fastweb SpA";"mlab3-mil01";0.021143;10768452.024809;"0.004012999";"linux2";"213.200.99.237";"bittorrent";1340015862;4693546.044403;-1.000000;"c76e28cf-4020-40f2-ae3f-39482e23ced0";12874;"09";"Abbiategrasso";12;6;2012;0;18;"20120618"
"188.10.100.91";"IT";9.116700;45.683300;"AS3269 Telecom Italia S.p.a.";"mlab3-mil01";0.038792;798700.579181;"0.004012999";"win32";"213.200.99.237";"speedtest";1340015968;32083.309242;0.046704;"a0bc9ac6-3c40-4f42-be91-07152ae8b8fb";3269;"09";"Lentate Sul Seveso";12;6;2012;0;18;"20120618"
"85.18.28.68";"IT";12.833300;42.833300;"AS12874 Fastweb SpA";"mlab3-mil01";0.031627;134328.156434;"0.004009999";"win32";"213.200.99.237";"bittorrent";1340016115;153560.394146;-1.000000;"209e0493-6ac3-47f4-8a7e-513e3ce88ea8";12874;"";"";12;6;2012;0;18;"20120618"
"95.226.164.10";"IT";11.416700;45.683300;"AS3269 Telecom Italia S.p.a.";"mlab3-mil01";0.052987;854345.761977;"0.004005999";"win32";"213.200.99.237";"bittorrent";1340016383;47799.505280;-1.000000;"54ca976f-8551-47fc-bce1-b06f00a12720";3269;"20";"Marano Vicentino";12;6;2012;0;18;"20120618"
"188.152.109.177";"IT";7.666700;45.050000;"AS44957 Vodafone Omnitel N.V.";"mlab3-mil01";0.094096;315974.197847;"0.004012999";"darwin";"213.200.99.237";"speedtest";1340016411;25358.868836;0.262359;"fd2cba45-5000-4263-b0bc-8c4a654ac411";44957;"12";"Torino";12;6;2012;0;18;"20120618"
"79.13.203.101";"IT";10.100000;44.083300;"AS3269 Telecom Italia S.p.a.";"mlab3-mil01";0.032578;756119.696481;"0.004009999";"win32";"213.200.99.237";"speedtest";1340016404;10706.325773;0.039742;"ae73866b-a211-42d8-b6f2-d31777806a2e";3269;"16";"Carrara";12;6;2012;0;18;"20120618"
"2.227.55.184";"IT";12.500000;41.666700;"AS12874 Fastweb SpA";"mlab3-mil01";0.039537;873697.905187;"0.004012999";"linux2";"213.200.99.237";"bittorrent";1340016512;108801.724521;-1.000000;"202944e6-094c-4bb9-86da-7234fa3c010e";12874;"07";"Pomezia";12;6;2012;0;18;"20120618"
"109.234.63.11";"IT";12.833300;42.833300;"AS43989 Ehinet Srl";"mlab3-mil01";0.044045;354658.016083;"0.004009999";"win32";"213.200.99.237";"speedtest";1340016579;39842.092079;0.057482;"5d6312ec-b414-42e6-8e89-702c7b4fd5e8";43989;"";"";12;6;2012;0;18;"20120618"
"87.18.255.91";"IT";17.229700;40.476100;"AS3269 Telecom Italia S.p.a.";"mlab3-mil01";0.065892;799003.783741;"0.004009999";"win32";"213.200.99.237";"bittorrent";1340016621;49604.540607;-1.000000;"7989d7c5-459e-4910-93c2-ffd113604f5d";3269;"13";"Taranto";12;6;2012;0;18;"20120618"
"93.35.229.201";"IT";9.233300;45.700000;"AS12874 Fastweb SpA";"mlab3-mil01";0.045864;795730.450770;"0.004011999";"win32";"213.200.99.237";"bittorrent";1340016668;48203.205706;-1.000000;"9a8fa0ab-ee51-4da8-b32c-4f50bc470f20";12874;"09";"Giussano";12;6;2012;0;18;"20120618"
"95.238.39.184";"IT";11.033300;44.733300;"AS3269 Telecom Italia S.p.a.";"mlab3-mil01";0.046380;28151.720875;"0.004009999";"darwin";"213.200.99.237";"speedtest";1340016786;49761.299542;0.057920;"954b4861-0452-4dc0-a401-1dffef49bddf";3269;"05";"Bomporto";12;6;2012;0;18;"20120618"
"217.133.46.117";"IT";11.316700;43.583300;"AS8612 Tiscali Italia S.P.A.";"mlab3-mil01";0.029307;1619708.069410;"0.004012999";"win32";"213.200.99.237";"speedtest";1340016972;70521.514868;0.030605;"2765e625-af97-4607-9fbe-b7195291ba59";8612;"16";"Greve";12;6;2012;0;18;"20120618"
"79.21.87.98";"IT";9.533300;45.700000;"AS3269 Telecom Italia S.p.a.";"mlab3-mil01";0.038774;588635.915168;"0.004012999";"darwin";"213.200.99.237";"speedtest";1340017226;14175.130466;0.079926;"2ce2bf8b-ae24-462e-9d50-8546bf97935c";3269;"09";"Mapello";13;6;2012;0;18;"20120618"
"85.18.29.42";"IT";9.200000;45.466700;"AS12874 Fastweb SpA";"mlab3-mil01";0.023697;1020312.202160;"0.004012999";"darwin";"213.200.99.237";"speedtest";1340017263;1157271.492770;0.024707;"2c46fdf6-7306-4016-9a75-e529fa590549";12874;"09";"Milan";13;6;2012;0;18;"20120618"
"85.18.116.244";"IT";8.900000;45.400000;"AS12874 Fastweb SpA";"mlab3-mil01";0.021297;10098822.833500;"0.004012999";"linux2";"213.200.99.237";"speedtest";1340017286;5345186.437240;0.023068;"c76e28cf-4020-40f2-ae3f-39482e23ced0";12874;"09";"Abbiategrasso";13;6;2012;0;18;"20120618"
"88.47.41.57";"IT";12.833300;42.833300;"AS3269 Telecom Italia S.p.a.";"mlab3-mil01";0.045490;695829.621450;"0.004012999";"win32";"213.200.99.237";"bittorrent";1340017333;37823.298517;-1.000000;"ec2e71be-f555-4dee-b674-bc8e80a61d77";3269;"";"";13;6;2012;0;18;"20120618"
"93.38.84.118";"IT";7.666700;45.050000;"AS12874 Fastweb SpA";"mlab3-mil01";0.032415;655659.295008;"0.004012999";"darwin";"213.200.99.237";"bittorrent";1340017623;109166.094373;-1.000000;"9862a835-84ea-47e3-9817-0036cae1dff1";12874;"12";"Torino";13;6;2012;0;18;"20120618"
"87.13.39.29";"IT";12.833300;42.833300;"AS3269 Telecom Italia S.p.a.";"mlab3-mil01";0.046348;262827.916451;"0.004009999";"win32";"213.200.99.237";"bittorrent";1340017725;36965.863712;-1.000000;"51c03cdf-92f5-46e9-bdef-c1c88bec98ce";3269;"";"";13;6;2012;0;18;"20120618"
"81.174.47.101";"IT";12.833300;42.833300;"AS35612 NGI Spa";"mlab3-mil01";0.012402;660006.431707;"0.004012999";"darwin";"213.200.99.237";"speedtest";1340018237;111218.479091;0.014792;"59a9e8e1-3618-48e2-adea-6559f48400b8";35612;"";"";13;6;2012;0;18;"20120618"
"93.35.227.105";"IT";9.050000;45.750000;"AS12874 Fastweb SpA";"mlab3-mil01";0.046675;810744.036264;"0.004011999";"win32";"213.200.99.237";"speedtest";1340018272;41948.026656;0.051440;"9a8fa0ab-ee51-4da8-b32c-4f50bc470f20";12874;"09";"Fino Mornasco";13;6;2012;0;18;"20120618"
"2.230.212.185";"IT";7.666700;45.050000;"AS12874 Fastweb SpA";"mlab3-mil01";0.053084;403118.833322;"0.004012999";"win32";"213.200.99.237";"speedtest";1340018391;641175.911229;0.049887;"93a97de3-c431-4df5-a005-ea55834352bd";12874;"12";"Torino";13;6;2012;0;18;"20120618"
"87.2.107.159";"IT";11.083300;46.216700;"AS3269 Telecom Italia S.p.a.";"mlab3-mil01";0.031908;1268073.761050;"0.004012999";"darwin";"213.200.99.237";"speedtest";1340018485;98843.200372;0.035178;"3a2b787f-c941-4b74-b356-2363c9904a6c";3269;"17";"Mezzolombardo";13;6;2012;0;18;"20120618"
"130.192.91.211";"IT";7.666700;45.050000;"AS137 GARR Italian academic and research network";"mlab3-mil01";0.014311;10552742.642300;"0.004012999";"win32";"213.200.99.237";"speedtest";1340018633;25434.753002;0.015032;"cadc2d8d-b4b9-491c-be07-81ba3b638dc9";137;"12";"Torino";13;6;2012;0;18;"20120618"
"130.192.91.213";"IT";7.666700;45.050000;"AS137 GARR Italian academic and research network";"mlab3-mil01";0.013170;11689984.404009;"0.004012999";"linux2";"213.200.99.237";"bittorrent";1340018681;11051100.246465;-1.000000;"cd78793c-1e3b-4944-b4b2-9768fc1cdb97";137;"12";"Torino";13;6;2012;0;18;"20120618"
"188.217.129.219";"IT";14.333300;40.916700;"AS30722 Vodafone Omnitel N.V.";"mlab3-mil01";0.140426;8902.636163;"0.004012999";"win32";"213.200.99.237";"bittorrent";1340018701;18393.215912;-1.000000;"bb6c2e6b-7f94-482d-ab7a-ba9256571bd8";30722;"04";"Casalnuovo Di Napoli";13;6;2012;0;18;"20120618"
"79.21.87.98";"IT";9.533300;45.700000;"AS3269 Telecom Italia S.p.a.";"mlab3-mil01";0.028018;577873.071544;"0.004012999";"darwin";"213.200.99.237";"bittorrent";1340018775;20395.981341;-1.000000;"2ce2bf8b-ae24-462e-9d50-8546bf97935c";3269;"09";"Mapello";13;6;2012;0;18;"20120618"
"81.174.11.50";"IT";8.650000;45.850000;"AS35612 NGI Spa";"mlab3-mil01";0.039665;357487.571692;"0.004012999";"darwin";"213.200.99.237";"speedtest";1340018818;40494.620705;0.072362;"04eb82ec-76b3-4615-b25a-7c0279090671";35612;"09";"Besozzo";13;6;2012;0;18;"20120618"
"93.63.140.2";"IT";12.435800;44.070800;"AS12874 Fastweb SpA";"mlab3-mil01";0.820560;105794.463007;"0.004012999";"win32";"213.200.99.237";"bittorrent";1340018872;283134.528854;-1.000000;"8050c4c2-de4c-4f89-ab47-528f246a0f23";12874;"05";"Santarcangelo";13;6;2012;0;18;"20120618"
"87.13.39.29";"IT";12.833300;42.833300;"AS3269 Telecom Italia S.p.a.";"mlab3-mil01";0.045598;73057.350283;"0.004009999";"win32";"213.200.99.237";"speedtest";1340019304;35669.917258;0.054303;"51c03cdf-92f5-46e9-bdef-c1c88bec98ce";3269;"";"";13;6;2012;0;18;"20120618"
"85.18.46.24";"IT";9.200000;45.466700;"AS12874 Fastweb SpA";"mlab3-mil01";0.022491;11256960.100800;"0.004012999";"linux2";"213.200.99.237";"speedtest";1340019407;6473363.243570;0.023918;"6c471e39-d901-41fa-9266-23795dce3dc5";12874;"09";"Milan";13;6;2012;0;18;"20120618"
"2.227.55.184";"IT";12.500000;41.666700;"AS12874 Fastweb SpA";"mlab3-mil01";0.035473;873609.757133;"0.004012999";"linux2";"213.200.99.237";"bittorrent";1340019508;106717.249248;-1.000000;"202944e6-094c-4bb9-86da-7234fa3c010e";12874;"07";"Pomezia";13;6;2012;0;18;"20120618"
"147.162.42.20";"IT";11.883300;45.416700;"AS137 GARR Italian academic and research network";"mlab3-mil01";0.013756;8329352.614240;"0.004010999";"linux2";"213.200.99.237";"speedtest";1340019543;8237432.537830;0.015063;"727d6a40-2b78-4641-8061-04b6a384e6a6";137;"20";"Padova";13;6;2012;0;18;"20120618"
"2.36.37.80";"IT";7.666700;45.050000;"AS30722 Vodafone Omnitel N.V.";"mlab3-mil01";0.038472;833266.109601;"0.004012999";"win32";"213.200.99.237";"speedtest";1340019653;27864.206665;0.043720;"dd1eb1c2-416e-467c-b945-ec64ed841caa";30722;"12";"Torino";13;6;2012;0;18;"20120618"
"79.0.19.229";"IT";12.483300;41.900000;"AS3269 Telecom Italia S.p.a.";"mlab3-mil01";0.030936;1435598.280058;"0.004012999";"darwin";"213.200.99.237";"bittorrent";1340019691;104362.988841;-1.000000;"69fb5e33-52f0-4549-a67d-9deb0c9b5493";3269;"07";"Rome";13;6;2012;0;18;"20120618"
"95.246.196.190";"IT";12.283300;43.833300;"AS3269 Telecom Italia S.p.a.";"mlab3-mil01";0.040246;426393.046974;"0.004012999";"linux2";"213.200.99.237";"bittorrent";1340019727;48168.351440;-1.000000;"31473688-952a-4923-bbda-3f33e45bcf5b";3269;"10";"Castello";13;6;2012;0;18;"20120618"
"93.33.101.175";"IT";9.200000;45.466700;"AS12874 Fastweb SpA";"mlab3-mil01";0.026296;1094342.417666;"0.004012999";"darwin";"213.200.99.237";"bittorrent";1340019990;44870.065540;-1.000000;"29750ad8-f56c-4e95-a4f3-b9badf7da7af";12874;"09";"Milan";13;6;2012;0;18;"20120618"
"79.20.70.163";"IT";8.066600;45.572300;"AS3269 Telecom Italia S.p.a.";"mlab3-mil01";0.038945;761891.855251;"0.004012999";"darwin";"213.200.99.237";"bittorrent";1340020000;41235.793053;-1.000000;"432d3481-f83e-450d-b373-e60ae5f17efe";3269;"12";"Biella";13;6;2012;0;18;"20120618"
"188.216.124.199";"IT";7.666700;45.050000;"AS30722 Vodafone Omnitel N.V.";"mlab3-mil01";0.041191;793594.181969;"0.004012999";"darwin";"213.200.99.237";"speedtest";1340020056;65777.454300;0.047960;"821aa4b7-0495-4899-9210-11d94170a73b";30722;"12";"Torino";13;6;2012;0;18;"20120618"
"95.238.39.184";"IT";11.033300;44.733300;"AS3269 Telecom Italia S.p.a.";"mlab3-mil01";0.044950;294458.441597;"0.004009999";"darwin";"213.200.99.237";"speedtest";1340020095;33450.717110;0.052132;"954b4861-0452-4dc0-a401-1dffef49bddf";3269;"05";"Bomporto";13;6;2012;0;18;"20120618"
"151.49.229.123";"IT";13.780000;45.648600;"AS1267 WIND Telecomunicazioni S.p.A.";"mlab3-mil01";0.021373;828995.952582;"0.004011999";"linux2";"213.200.99.237";"speedtest";1340020095;53742.720156;0.025218;"db4c1f00-a6b9-40ad-b36d-a2fad669a491";1267;"06";"Trieste";13;6;2012;0;18;"20120618"
"94.33.1.179";"IT";9.216700;45.550000;"AS8612 Tiscali Italia S.P.A.";"mlab3-mil01";0.025183;590740.372497;"0.004012999";"linux2";"213.200.99.237";"bittorrent";1340020130;105688.167459;-1.000000;"c8e22a26-c7da-46ee-8473-787638c3fd84";8612;"09";"Cinisello Balsamo";13;6;2012;0;18;"20120618"
"88.47.41.57";"IT";12.833300;42.833300;"AS3269 Telecom Italia S.p.a.";"mlab3-mil01";0.054431;40884.726076;"0.004012999";"win32";"213.200.99.237";"bittorrent";1340020297;23518.741761;-1.000000;"ec2e71be-f555-4dee-b674-bc8e80a61d77";3269;"";"";13;6;2012;0;18;"20120618"
"81.174.11.50";"IT";8.650000;45.850000;"AS35612 NGI Spa";"mlab3-mil01";0.062677;238868.367387;"0.004012999";"darwin";"213.200.99.237";"bittorrent";1340020300;38451.083855;-1.000000;"04eb82ec-76b3-4615-b25a-7c0279090671";35612;"09";"Besozzo";13;6;2012;0;18;"20120618"
"2.225.128.51";"IT";7.666700;45.050000;"AS12874 Fastweb SpA";"mlab3-mil01";0.047455;349008.395926;"0.004012999";"darwin";"213.200.99.237";"speedtest";1340020758;61007.707499;0.048964;"28ba3b2e-cd9a-4c00-8b29-33e0cfe5c596";12874;"12";"Torino";13;6;2012;0;18;"20120618"
"85.18.117.112";"IT";7.883300;45.183300;"AS12874 Fastweb SpA";"mlab3-mil01";0.083342;1191421.074726;"0.004012999";"darwin";"213.200.99.237";"bittorrent";1340020766;1325343.339293;-1.000000;"e28f6cdb-f2d1-41fe-bb40-53e7a0b0e31d";12874;"12";"Chivasso";13;6;2012;0;18;"20120618"
"130.192.91.211";"IT";7.666700;45.050000;"AS137 GARR Italian academic and research network";"mlab3-mil01";0.016349;10916124.436660;"0.004012999";"linux2";"213.200.99.237";"bittorrent";1340020776;11710157.021155;-1.000000;"91708cf1-7028-4b58-9520-faea0010494c";137;"12";"Torino";13;6;2012;0;18;"20120618"
"188.218.203.155";"IT";18.166700;40.300000;"AS30722 Vodafone Omnitel N.V.";"mlab3-mil01";0.076987;24327.820853;"0.004009999";"win32";"213.200.99.237";"bittorrent";1340020797;60703.284340;-1.000000;"1a885600-ab28-499c-8adf-fb4b2b758c63";30722;"13";"San Cesario";13;6;2012;0;18;"20120618"
"82.50.16.67";"IT";11.583300;44.400000;"AS3269 Telecom Italia S.p.a.";"mlab3-mil01";0.031855;988322.086144;"0.004008999";"darwin";"213.200.99.237";"speedtest";1340020818;80131.374562;0.035575;"470583b1-76be-479b-a12e-d79962295075";3269;"05";"Castel San Pietro Terme";14;6;2012;0;18;"20120618"
"94.36.33.130";"IT";8.950000;44.416700;"AS8612 Tiscali Italia S.P.A.";"mlab3-mil01";0.025339;860872.978629;"0.004012999";"darwin";"213.200.99.237";"bittorrent";1340020924;52151.258870;-1.000000;"894fe1ee-9250-416a-98be-74dd024aea06";8612;"08";"Genova";14;6;2012;0;18;"20120618"
"2.227.55.184";"IT";12.500000;41.666700;"AS12874 Fastweb SpA";"mlab3-mil01";0.036304;835362.679996;"0.004012999";"linux2";"213.200.99.237";"speedtest";1340021003;104207.565697;0.038858;"202944e6-094c-4bb9-86da-7234fa3c010e";12874;"07";"Pomezia";14;6;2012;0;18;"20120618"
"88.87.119.170";"IT";7.666700;45.050000;"AS34606 BBBell s.r.l. - Telecommunication Services";"mlab3-mil01";0.065713;227838.427239;"0.004012999";"win32";"213.200.99.237";"speedtest";1340021123;687508.908569;0.070040;"241c3a7e-ba9b-4a0d-9bea-1c379895fdaa";34606;"12";"Torino";14;6;2012;0;18;"20120618"
"79.0.19.229";"IT";12.483300;41.900000;"AS3269 Telecom Italia S.p.a.";"mlab3-mil01";0.032664;174908.799062;"0.004012999";"darwin";"213.200.99.237";"speedtest";1340021161;96035.682095;0.119473;"69fb5e33-52f0-4549-a67d-9deb0c9b5493";3269;"07";"Rome";14;6;2012;0;18;"20120618"
"2.230.212.185";"IT";7.666700;45.050000;"AS12874 Fastweb SpA";"mlab3-mil01";0.031145;480901.494980;"0.004012999";"win32";"213.200.99.237";"speedtest";1340021352;959011.273069;0.031676;"93a97de3-c431-4df5-a005-ea55834352bd";12874;"12";"Torino";14;6;2012;0;18;"20120618"
"78.14.224.92";"IT";9.116700;45.766700;"AS8612 Tiscali Italia S.P.A.";"mlab3-mil01";0.036936;198295.260172;"0.004012999";"darwin";"213.200.99.237";"bittorrent";1340021400;46473.416469;-1.000000;"39792736-bd8b-4a56-942d-1cc983336add";8612;"09";"Lurago D'erba";14;6;2012;0;18;"20120618"
"93.33.101.175";"IT";9.200000;45.466700;"AS12874 Fastweb SpA";"mlab3-mil01";0.025946;1111826.150660;"0.004012999";"darwin";"213.200.99.237";"speedtest";1340021429;1003101.075310;0.031825;"29750ad8-f56c-4e95-a4f3-b9badf7da7af";12874;"09";"Milan";14;6;2012;0;18;"20120618"
"85.18.116.244";"IT";8.900000;45.400000;"AS12874 Fastweb SpA";"mlab3-mil01";0.021467;10913418.950400;"0.004012999";"linux2";"213.200.99.237";"bittorrent";1340021554;5479172.156695;-1.000000;"c76e28cf-4020-40f2-ae3f-39482e23ced0";12874;"09";"Abbiategrasso";14;6;2012;0;18;"20120618"
"88.47.41.57";"IT";12.833300;42.833300;"AS3269 Telecom Italia S.p.a.";"mlab3-mil01";0.063773;91865.704995;"0.004012999";"win32";"213.200.99.237";"speedtest";1340021792;40224.964802;0.103796;"ec2e71be-f555-4dee-b674-bc8e80a61d77";3269;"";"";14;6;2012;0;18;"20120618"
"85.18.28.68";"IT";12.833300;42.833300;"AS12874 Fastweb SpA";"mlab3-mil01";0.459307;86182.191811;"0.004009999";"win32";"213.200.99.237";"bittorrent";1340021895;121906.470990;-1.000000;"209e0493-6ac3-47f4-8a7e-513e3ce88ea8";12874;"";"";14;6;2012;0;18;"20120618"
"82.52.163.45";"IT";7.666700;45.050000;"AS3269 Telecom Italia S.p.a.";"mlab3-mil01";0.044964;277170.556257;"0.004012999";"win32";"213.200.99.237";"speedtest";1340022005;50102.828931;0.046649;"6cef0c0b-db28-40fc-a50b-adbf586b1014";3269;"12";"Torino";14;6;2012;0;18;"20120618"
"93.63.140.2";"IT";12.435800;44.070800;"AS12874 Fastweb SpA";"mlab3-mil01";0.040369;306526.731486;"0.004012999";"win32";"213.200.99.237";"bittorrent";1340022066;171728.774693;-1.000000;"8050c4c2-de4c-4f89-ab47-528f246a0f23";12874;"05";"Santarcangelo";14;6;2012;0;18;"20120618"
"151.60.120.179";"IT";7.316700;44.633300;"AS1267 WIND Telecomunicazioni S.p.A.";"mlab3-mil01";0.024373;167541.646169;"0.004012999";"linux2";"213.200.99.237";"bittorrent";1340022224;61770.424129;-1.000000;"ce15cdd9-fbc9-4be9-8f83-94df036818bb";1267;"12";"Sanfront";14;6;2012;0;18;"20120618"
"195.110.137.171";"IT";12.483300;41.900000;"AS5396 MC-link Spa";"mlab3-mil01";0.033126;659472.776180;"0.004012999";"darwin";"213.200.99.237";"bittorrent";1340022226;31783.679931;-1.000000;"2d27e34d-ed0a-4c70-8dc2-070f5a0499a1";5396;"07";"Rome";14;6;2012;0;18;"20120618"
"85.18.117.112";"IT";7.883300;45.183300;"AS12874 Fastweb SpA";"mlab3-mil01";0.028662;1237498.551790;"0.004012999";"darwin";"213.200.99.237";"speedtest";1340022327;1095974.942390;0.031265;"e28f6cdb-f2d1-41fe-bb40-53e7a0b0e31d";12874;"12";"Chivasso";14;6;2012;0;18;"20120618"
"109.234.63.11";"IT";12.833300;42.833300;"AS43989 Ehinet Srl";"mlab3-mil01";0.024953;320491.015963;"0.004009999";"win32";"213.200.99.237";"speedtest";1340022341;40421.542351;0.072310;"5d6312ec-b414-42e6-8e89-702c7b4fd5e8";43989;"";"";14;6;2012;0;18;"20120618"
"2.227.55.184";"IT";12.500000;41.666700;"AS12874 Fastweb SpA";"mlab3-mil01";0.037098;873125.169557;"0.004012999";"linux2";"213.200.99.237";"bittorrent";1340022502;108787.539373;-1.000000;"202944e6-094c-4bb9-86da-7234fa3c010e";12874;"07";"Pomezia";14;6;2012;0;18;"20120618"
"31.185.19.156";"IT";12.566700;43.050000;"AS47187 Forinicom S.r.l.";"mlab3-mil01";0.032188;47833.030424;"0.004012999";"win32";"213.200.99.237";"speedtest";1340022739;29776.944233;0.025798;"2a30a2a8-273c-4b16-9671-803dc3d96492";47187;"18";"Santa Maria Degli Angeli";14;6;2012;0;18;"20120618"
"149.132.117.110";"IT";9.200000;45.466700;"AS137 GARR Italian academic and research network";"mlab3-mil01";0.012457;7614277.478230;"0.004012999";"darwin";"213.200.99.237";"speedtest";1340022862;7063195.698210;0.013842;"c9d3d685-6087-4faf-a87c-eb1dfaa2b53c";137;"18";"Milan";14;6;2012;0;18;"20120618"
"78.14.224.92";"IT";9.116700;45.766700;"AS8612 Tiscali Italia S.P.A.";"mlab3-mil01";0.031789;239455.563900;"0.004012999";"darwin";"213.200.99.237";"speedtest";1340022932;22754.667186;0.037786;"39792736-bd8b-4a56-942d-1cc983336add";8612;"09";"Lurago D'erba";14;6;2012;0;18;"20120618"
"87.18.255.91";"IT";17.229700;40.476100;"AS3269 Telecom Italia S.p.a.";"mlab3-mil01";0.068449;423242.439480;"0.004009999";"win32";"213.200.99.237";"bittorrent";1340022932;48513.060930;-1.000000;"7989d7c5-459e-4910-93c2-ffd113604f5d";3269;"13";"Taranto";14;6;2012;0;18;"20120618"
"79.20.70.163";"IT";8.066600;45.572300;"AS3269 Telecom Italia S.p.a.";"mlab3-mil01";0.042587;403135.131244;"0.004012999";"darwin";"213.200.99.237";"bittorrent";1340023170;41243.018755;-1.000000;"432d3481-f83e-450d-b373-e60ae5f17efe";3269;"12";"Biella";14;6;2012;0;18;"20120618"
"94.34.148.136";"IT";12.833300;42.833300;"AS8612 Tiscali Italia S.P.A.";"mlab3-mil01";0.655073;113421.703228;"0.004012999";"darwin";"213.200.99.237";"speedtest";1340023223;35379.051356;0.599532;"a8a2ab27-6236-470f-8b46-b6121b018b6c";8612;"";"";14;6;2012;0;18;"20120618"
"95.249.243.52";"IT";11.850000;45.650000;"AS3269 Telecom Italia S.p.a.";"mlab3-mil01";0.074720;63550.775385;"0.004012999";"win32";"213.200.99.237";"speedtest";1340023238;25840.964584;0.139961;"97b0c82a-c0a8-4adc-aed6-a65b4d93c3d6";3269;"20";"San Martino Di Lupari";14;6;2012;0;18;"20120618"
"79.30.49.39";"IT";8.950000;44.416700;"AS3269 Telecom Italia S.p.a.";"mlab3-mil01";0.064953;72937.340625;"0.004012999";"win32";"213.200.99.237";"speedtest";1340023291;16559.666367;0.075684;"14b0478f-78ea-46ec-8409-548af450a827";3269;"08";"Genova";14;6;2012;0;18;"20120618"
"85.18.28.68";"IT";12.833300;42.833300;"AS12874 Fastweb SpA";"mlab3-mil01";0.038574;132019.094529;"0.004009999";"win32";"213.200.99.237";"speedtest";1340023619;97803.484737;0.036192;"209e0493-6ac3-47f4-8a7e-513e3ce88ea8";12874;"";"";14;6;2012;0;18;"20120618"
"195.110.137.171";"IT";12.483300;41.900000;"AS5396 MC-link Spa";"mlab3-mil01";0.034287;646931.356435;"0.004012999";"darwin";"213.200.99.237";"speedtest";1340023725;33040.540736;0.040891;"2d27e34d-ed0a-4c70-8dc2-070f5a0499a1";5396;"07";"Rome";14;6;2012;0;18;"20120618"
"109.234.63.11";"IT";12.833300;42.833300;"AS43989 Ehinet Srl";"mlab3-mil01";0.061498;207955.487002;"0.004009999";"win32";"213.200.99.237";"bittorrent";1340023789;51768.242307;-1.000000;"5d6312ec-b414-42e6-8e89-702c7b4fd5e8";43989;"";"";14;6;2012;0;18;"20120618"
"31.196.6.210";"IT";12.833300;42.833300;"AS3269 Telecom Italia S.p.a.";"mlab3-mil01";2.932646;162715.389177;"0.004012999";"win32";"213.200.99.237";"speedtest";1340023926;188155.218107;0.016988;"8f96be96-0318-4e62-a639-7816bf69ae7b";3269;"";"";14;6;2012;0;18;"20120618"
"79.0.19.229";"IT";12.483300;41.900000;"AS3269 Telecom Italia S.p.a.";"mlab3-mil01";0.032551;1435836.480970;"0.004012999";"darwin";"213.200.99.237";"speedtest";1340024040;99414.377445;0.117539;"69fb5e33-52f0-4549-a67d-9deb0c9b5493";3269;"07";"Rome";14;6;2012;0;18;"20120618"
"80.117.83.96";"IT";12.833300;42.833300;"AS3269 Telecom Italia S.p.a.";"mlab3-mil01";0.029613;360154.443216;"0.004012999";"win32";"213.200.99.237";"speedtest";1340024088;39722.394749;0.039720;"25353fbe-ce56-4192-a803-65a63443c70a";3269;"";"";14;6;2012;0;18;"20120618"
"31.185.19.156";"IT";12.566700;43.050000;"AS47187 Forinicom S.r.l.";"mlab3-mil01";0.029084;47718.445856;"0.004012999";"win32";"213.200.99.237";"bittorrent";1340024167;48120.768097;-1.000000;"2a30a2a8-273c-4b16-9671-803dc3d96492";47187;"18";"Santa Maria Degli Angeli";14;6;2012;0;18;"20120618"
"62.98.65.177";"IT";14.250000;40.833300;"AS1267 WIND Telecomunicazioni S.p.A.";"mlab3-mil01";0.022735;720098.497376;"0.004012999";"win32";"213.200.99.237";"speedtest";1340024213;38375.959590;0.035546;"2d006d8d-7c04-46bb-b056-798468ee365e";1267;"04";"Napoli";14;6;2012;0;18;"20120618"
"79.4.10.186";"IT";12.833300;42.833300;"AS3269 Telecom Italia S.p.a.";"mlab3-mil01";0.056779;133482.157571;"0.004005999";"win32";"213.200.99.237";"bittorrent";1340024276;42609.672784;-1.000000;"54ca976f-8551-47fc-bce1-b06f00a12720";3269;"";"";14;6;2012;0;18;"20120618"
"130.192.91.211";"IT";7.666700;45.050000;"AS137 GARR Italian academic and research network";"mlab3-mil01";0.014512;11081954.156600;"0.004012999";"win32";"213.200.99.237";"speedtest";1340024429;24944.256935;0.014805;"cadc2d8d-b4b9-491c-be07-81ba3b638dc9";137;"12";"Torino";15;6;2012;0;18;"20120618"
"79.13.203.101";"IT";10.100000;44.083300;"AS3269 Telecom Italia S.p.a.";"mlab3-mil01";0.035011;306174.344718;"0.004009999";"win32";"213.200.99.237";"bittorrent";1340024491;38039.861048;-1.000000;"ae73866b-a211-42d8-b6f2-d31777806a2e";3269;"16";"Carrara";15;6;2012;0;18;"20120618"
"95.237.222.196";"IT";7.666700;45.050000;"AS3269 Telecom Italia S.p.a.";"mlab3-mil01";0.048975;116046.587653;"0.004012999";"win32";"213.200.99.237";"speedtest";1340024499;48954.150788;0.053309;"47bce1bd-51cc-4815-b6db-71ab66220dd6";3269;"12";"Torino";15;6;2012;0;18;"20120618"
"37.116.41.81";"IT";8.866700;44.900000;"AS30722 Vodafone Omnitel N.V.";"mlab3-mil01";0.037818;391400.297974;"0.004012999";"win32";"213.200.99.237";"speedtest";1340024504;62530.786131;0.041791;"19176454-a721-4c97-8342-b9cf8e375390";30722;"12";"Tortona";15;6;2012;0;18;"20120618"
"81.174.37.39";"IT";9.200000;45.466700;"AS35612 NGI Spa";"mlab3-mil01";0.054777;537552.765228;"0.004012999";"darwin";"213.200.99.237";"speedtest";1340024543;122483.942978;0.063507;"40b77977-9095-4ac0-82ab-5053c835779f";35612;"09";"Milan";15;6;2012;0;18;"20120618"
"87.4.83.224";"IT";16.483300;41.116700;"AS3269 Telecom Italia S.p.a.";"mlab3-mil01";0.047396;116848.128877;"0.004012999";"darwin";"213.200.99.237";"speedtest";1340024562;36886.072245;0.060942;"8c3b14ba-e923-48bd-8f2e-da456a7f071f";3269;"13";"Ruvo Di Puglia";15;6;2012;0;18;"20120618"
"188.216.183.24";"IT";12.833300;42.833300;"AS30722 Vodafone Omnitel N.V.";"mlab3-mil01";0.059342;677462.978442;"0.004012999";"darwin";"213.200.99.237";"speedtest";1340024620;61394.961694;0.071745;"eb287f52-d429-4a32-aa75-ba1fd1cf87d2";30722;"";"";15;6;2012;0;18;"20120618"
"130.192.91.213";"IT";7.666700;45.050000;"AS137 GARR Italian academic and research network";"mlab3-mil01";0.013120;11725535.787346;"0.004012999";"linux2";"213.200.99.237";"bittorrent";1340024670;7271770.184032;-1.000000;"cd78793c-1e3b-4944-b4b2-9768fc1cdb97";137;"12";"Torino";15;6;2012;0;18;"20120618"
"81.174.47.101";"IT";12.833300;42.833300;"AS35612 NGI Spa";"mlab3-mil01";0.013154;452028.259751;"0.004012999";"darwin";"213.200.99.237";"speedtest";1340024676;112666.576024;0.015940;"59a9e8e1-3618-48e2-adea-6559f48400b8";35612;"";"";15;6;2012;0;18;"20120618"
"95.249.243.52";"IT";11.850000;45.650000;"AS3269 Telecom Italia S.p.a.";"mlab3-mil01";0.131679;17277.230389;"0.004012999";"win32";"213.200.99.237";"bittorrent";1340024856;26037.797824;-1.000000;"97b0c82a-c0a8-4adc-aed6-a65b4d93c3d6";3269;"20";"San Martino Di Lupari";15;6;2012;0;18;"20120618"
"95.250.43.165";"IT";12.833300;42.833300;"AS3269 Telecom Italia S.p.a.";"mlab3-mil01";3.063727;96830.719441;"0.004012999";"win32";"213.200.99.237";"bittorrent";1340025088;49135.985481;-1.000000;"f201d94b-ffc9-44aa-ac62-215bbc3baddd";3269;"";"";15;6;2012;0;18;"20120618"
"93.63.140.2";"IT";12.435800;44.070800;"AS12874 Fastweb SpA";"mlab3-mil01";0.065115;343601.948696;"0.004012999";"win32";"213.200.99.237";"bittorrent";1340025359;249854.978357;-1.000000;"8050c4c2-de4c-4f89-ab47-528f246a0f23";12874;"05";"Santarcangelo";15;6;2012;0;18;"20120618"
"2.36.37.80";"IT";7.666700;45.050000;"AS30722 Vodafone Omnitel N.V.";"mlab3-mil01";0.040812;831934.075764;"0.004012999";"win32";"213.200.99.237";"speedtest";1340025380;31131.267526;0.044088;"dd1eb1c2-416e-467c-b945-ec64ed841caa";30722;"12";"Torino";15;6;2012;0;18;"20120618"
"93.62.242.110";"IT";12.029400;45.421400;"AS12874 Fastweb SpA";"mlab3-mil01";0.030366;414766.148999;"0.004012999";"darwin";"213.200.99.237";"speedtest";1340025436;427902.252343;0.032843;"9905faad-2379-4ce5-bea7-d26dfd5ef167";12874;"20";"Fiesso D'artico";15;6;2012;0;18;"20120618"
"2.156.24.54";"IT";17.229700;40.476100;"AS24608 H3G S.p.A.";"mlab3-mil01";1.884916;65253.910649;"0.004012999";"win32";"213.200.99.237";"bittorrent";1340025549;45159.980991;-1.000000;"e626a4e8-676c-4763-aa1d-83e26fccb7cb";24608;"13";"Taranto";15;6;2012;0;18;"20120618"
"80.117.83.96";"IT";12.833300;42.833300;"AS3269 Telecom Italia S.p.a.";"mlab3-mil01";0.028705;63750.770628;"0.004012999";"win32";"213.200.99.237";"bittorrent";1340025555;38108.550595;-1.000000;"25353fbe-ce56-4192-a803-65a63443c70a";3269;"";"";15;6;2012;0;18;"20120618"
"217.133.46.117";"IT";11.316700;43.583300;"AS8612 Tiscali Italia S.P.A.";"mlab3-mil01";0.029416;1565024.282610;"0.004012999";"win32";"213.200.99.237";"speedtest";1340025614;62371.694952;0.030857;"2765e625-af97-4607-9fbe-b7195291ba59";8612;"16";"Greve";15;6;2012;0;18;"20120618"
"134.255.175.21";"IT";13.216700;43.366700;"AS198292 Wave-Max S.r.L.";"mlab3-mil01";0.121655;138105.467729;"0.004012999";"win32";"213.200.99.237";"bittorrent";1340025612;43434.064297;-1.000000;"708a55f0-3758-4099-a346-23683a39926d";198292;"10";"Cingoli";15;6;2012;0;18;"20120618"
"188.152.94.198";"IT";12.833300;42.833300;"AS44957 Vodafone Omnitel N.V.";"mlab3-mil01";0.055868;862292.750677;"0.004012999";"linux2";"213.200.99.237";"speedtest";1340025678;49564.233188;0.061400;"b6f7bc90-fab9-4db0-af8a-1737ebd554f1";44957;"";"";15;6;2012;0;18;"20120618"
"82.50.16.67";"IT";11.583300;44.400000;"AS3269 Telecom Italia S.p.a.";"mlab3-mil01";0.030348;1023534.884431;"0.004008999";"darwin";"213.200.99.237";"bittorrent";1340025690;80948.014782;-1.000000;"470583b1-76be-479b-a12e-d79962295075";3269;"05";"Castel San Pietro Terme";15;6;2012;0;18;"20120618"
"188.10.100.91";"IT";9.116700;45.683300;"AS3269 Telecom Italia S.p.a.";"mlab3-mil01";0.042470;74665.556377;"0.004012999";"win32";"213.200.99.237";"speedtest";1340025749;32612.767959;0.071310;"a0bc9ac6-3c40-4f42-be91-07152ae8b8fb";3269;"09";"Lentate Sul Seveso";15;6;2012;0;18;"20120618"
"37.116.41.81";"IT";8.866700;44.900000;"AS30722 Vodafone Omnitel N.V.";"mlab3-mil01";0.039879;295422.594167;"0.004012999";"win32";"213.200.99.237";"bittorrent";1340025924;61064.692408;-1.000000;"19176454-a721-4c97-8342-b9cf8e375390";30722;"12";"Tortona";15;6;2012;0;18;"20120618"
"78.14.224.92";"IT";9.116700;45.766700;"AS8612 Tiscali Italia S.P.A.";"mlab3-mil01";0.031863;319188.421018;"0.004012999";"darwin";"213.200.99.237";"speedtest";1340025995;24077.607185;0.037596;"39792736-bd8b-4a56-942d-1cc983336add";8612;"09";"Lurago D'erba";15;6;2012;0;18;"20120618"
"95.237.222.196";"IT";7.666700;45.050000;"AS3269 Telecom Italia S.p.a.";"mlab3-mil01";0.047762;62577.915177;"0.004012999";"win32";"213.200.99.237";"bittorrent";1340026023;45780.762563;-1.000000;"47bce1bd-51cc-4815-b6db-71ab66220dd6";3269;"12";"Torino";15;6;2012;0;18;"20120618"
"188.217.129.219";"IT";14.333300;40.916700;"AS30722 Vodafone Omnitel N.V.";"mlab3-mil01";0.079423;95633.945276;"0.004012999";"win32";"213.200.99.237";"speedtest";1340025962;23229.893210;0.114363;"bb6c2e6b-7f94-482d-ab7a-ba9256571bd8";30722;"04";"Casalnuovo Di Napoli";15;6;2012;0;18;"20120618"
"94.34.148.136";"IT";12.833300;42.833300;"AS8612 Tiscali Italia S.P.A.";"mlab3-mil01";0.511256;68497.098789;"0.004012999";"darwin";"213.200.99.237";"speedtest";1340026257;26214.406478;0.614569;"a8a2ab27-6236-470f-8b46-b6121b018b6c";8612;"";"";15;6;2012;0;18;"20120618"
"93.35.229.140";"IT";9.233300;45.700000;"AS12874 Fastweb SpA";"mlab3-mil01";0.046292;881317.477267;"0.004011999";"win32";"213.200.99.237";"bittorrent";1340026308;48399.554486;-1.000000;"9a8fa0ab-ee51-4da8-b32c-4f50bc470f20";12874;"09";"Giussano";15;6;2012;0;18;"20120618"
"78.13.237.190";"IT";12.483300;41.900000;"AS8612 Tiscali Italia S.P.A.";"mlab3-mil01";0.051752;868564.049303;"0.004006999";"win32";"213.200.99.237";"speedtest";1340026333;90371.032796;0.068872;"8ee12da3-a021-4416-8b12-6168449ae5ad";8612;"07";"Rome";15;6;2012;0;18;"20120618"
"79.30.49.39";"IT";8.950000;44.416700;"AS3269 Telecom Italia S.p.a.";"mlab3-mil01";0.067669;31211.540429;"0.004012999";"win32";"213.200.99.237";"speedtest";1340026380;19519.102083;0.102090;"14b0478f-78ea-46ec-8409-548af450a827";3269;"08";"Genova";15;6;2012;0;18;"20120618"
"95.249.243.52";"IT";11.850000;45.650000;"AS3269 Telecom Italia S.p.a.";"mlab3-mil01";0.327851;16269.018286;"0.004012999";"win32";"213.200.99.237";"speedtest";1340026464;18752.646221;0.558491;"97b0c82a-c0a8-4adc-aed6-a65b4d93c3d6";3269;"20";"San Martino Di Lupari";15;6;2012;0;18;"20120618"
"95.250.43.165";"IT";12.833300;42.833300;"AS3269 Telecom Italia S.p.a.";"mlab3-mil01";0.062307;756394.946801;"0.004012999";"win32";"213.200.99.237";"speedtest";1340026499;49513.964729;0.068492;"f201d94b-ffc9-44aa-ac62-215bbc3baddd";3269;"";"";15;6;2012;0;18;"20120618"
"2.156.24.54";"IT";17.229700;40.476100;"AS24608 H3G S.p.A.";"mlab3-mil01";0.138950;21266.203000;"0.004012999";"win32";"213.200.99.237";"speedtest";1340026969;10900.480971;0.320512;"e626a4e8-676c-4763-aa1d-83e26fccb7cb";24608;"13";"Taranto";15;6;2012;0;18;"20120618"
"84.221.231.178";"IT";7.666700;45.050000;"AS8612 Tiscali Italia S.P.A.";"mlab3-mil01";0.022850;1993544.234560;"0.004012999";"darwin";"213.200.99.237";"speedtest";1340027152;105521.593600;0.031400;"7e3598a2-40f8-4213-beaa-47abf033b292";8612;"12";"Torino";15;6;2012;0;18;"20120618"
"79.4.10.186";"IT";12.833300;42.833300;"AS3269 Telecom Italia S.p.a.";"mlab3-mil01";0.079217;262906.516303;"0.004005999";"win32";"213.200.99.237";"bittorrent";1340027194;24657.373546;-1.000000;"54ca976f-8551-47fc-bce1-b06f00a12720";3269;"";"";15;6;2012;0;18;"20120618"
"83.211.172.129";"IT";13.566700;42.583300;"AS15589 Clouditalia Communications S.p.A.";"mlab3-mil01";0.030994;510068.947701;"0.004012999";"win32";"213.200.99.237";"bittorrent";1340027210;31552.880725;-1.000000;"b6e23738-aa63-4482-8754-26d879467631";15589;"01";"Altavilla";15;6;2012;0;18;"20120618"
"37.116.41.81";"IT";8.866700;44.900000;"AS30722 Vodafone Omnitel N.V.";"mlab3-mil01";0.037816;642271.433813;"0.004012999";"win32";"213.200.99.237";"speedtest";1340027336;59969.403196;0.043727;"19176454-a721-4c97-8342-b9cf8e375390";30722;"12";"Tortona";15;6;2012;0;18;"20120618"
"88.87.119.170";"IT";7.666700;45.050000;"AS34606 BBBell s.r.l. - Telecommunication Services";"mlab3-mil01";0.144951;330145.586653;"0.004012999";"win32";"213.200.99.237";"speedtest";1340027617;605970.387987;0.036193;"241c3a7e-ba9b-4a0d-9bea-1c379895fdaa";34606;"12";"Torino";15;6;2012;0;18;"20120618"
"79.13.203.101";"IT";10.100000;44.083300;"AS3269 Telecom Italia S.p.a.";"mlab3-mil01";0.030764;746586.297223;"0.004009999";"win32";"213.200.99.237";"bittorrent";1340027713;34066.482867;-1.000000;"ae73866b-a211-42d8-b6f2-d31777806a2e";3269;"16";"Carrara";15;6;2012;0;18;"20120618"
"94.34.148.136";"IT";12.833300;42.833300;"AS8612 Tiscali Italia S.P.A.";"mlab3-mil01";0.028735;1680839.557810;"0.004012999";"darwin";"213.200.99.237";"bittorrent";1340027729;105031.135357;-1.000000;"a8a2ab27-6236-470f-8b46-b6121b018b6c";8612;"";"";15;6;2012;0;18;"20120618"
"80.180.128.61";"IT";9.666700;45.016700;"AS3269 Telecom Italia S.p.a.";"mlab3-mil01";0.028936;236645.743986;"0.004012999";"win32";"213.200.99.237";"speedtest";1340027778;86311.177352;0.030886;"a6b33ac3-0345-4892-98b5-ad125988a24b";3269;"05";"Piacenza";15;6;2012;0;18;"20120618"
"85.18.29.42";"IT";9.200000;45.466700;"AS12874 Fastweb SpA";"mlab3-mil01";0.023546;1080847.226705;"0.004012999";"darwin";"213.200.99.237";"bittorrent";1340027902;1172370.442787;-1.000000;"2c46fdf6-7306-4016-9a75-e529fa590549";12874;"09";"Milan";15;6;2012;0;18;"20120618"
"95.250.43.165";"IT";12.833300;42.833300;"AS3269 Telecom Italia S.p.a.";"mlab3-mil01";0.062450;863720.450107;"0.004012999";"win32";"213.200.99.237";"bittorrent";1340027925;49271.531993;-1.000000;"f201d94b-ffc9-44aa-ac62-215bbc3baddd";3269;"";"";15;6;2012;0;18;"20120618"
"85.18.46.24";"IT";9.200000;45.466700;"AS12874 Fastweb SpA";"mlab3-mil01";0.022018;10735318.262600;"0.004012999";"linux2";"213.200.99.237";"speedtest";1340028087;6247048.645800;0.024063;"6c471e39-d901-41fa-9266-23795dce3dc5";12874;"09";"Milan";16;6;2012;0;18;"20120618"
"31.196.6.210";"IT";12.833300;42.833300;"AS3269 Telecom Italia S.p.a.";"mlab3-mil01";0.018591;151704.246791;"0.004012999";"win32";"213.200.99.237";"bittorrent";1340028284;120334.956366;-1.000000;"8f96be96-0318-4e62-a639-7816bf69ae7b";3269;"";"";16;6;2012;0;18;"20120618"
"2.156.24.54";"IT";17.229700;40.476100;"AS24608 H3G S.p.A.";"mlab3-mil01";0.120748;51150.416221;"0.004012999";"win32";"213.200.99.237";"bittorrent";1340028402;41554.044356;-1.000000;"e626a4e8-676c-4763-aa1d-83e26fccb7cb";24608;"13";"Taranto";16;6;2012;0;18;"20120618"
"2.227.55.184";"IT";12.500000;41.666700;"AS12874 Fastweb SpA";"mlab3-mil01";0.036383;861112.489541;"0.004012999";"linux2";"213.200.99.237";"bittorrent";1340028493;98969.450027;-1.000000;"202944e6-094c-4bb9-86da-7234fa3c010e";12874;"07";"Pomezia";16;6;2012;0;18;"20120618"
"188.216.124.199";"IT";7.666700;45.050000;"AS30722 Vodafone Omnitel N.V.";"mlab3-mil01";0.042452;801024.782264;"0.004012999";"darwin";"213.200.99.237";"speedtest";1340028514;65258.415767;0.051599;"821aa4b7-0495-4899-9210-11d94170a73b";30722;"12";"Torino";16;6;2012;0;18;"20120618"
"188.152.94.198";"IT";12.833300;42.833300;"AS44957 Vodafone Omnitel N.V.";"mlab3-mil01";0.056628;853407.986120;"0.004012999";"linux2";"213.200.99.237";"speedtest";1340028551;49769.269831;0.061783;"b6f7bc90-fab9-4db0-af8a-1737ebd554f1";44957;"";"";16;6;2012;0;18;"20120618"
"85.18.117.112";"IT";7.883300;45.183300;"AS12874 Fastweb SpA";"mlab3-mil01";0.026989;1344115.034350;"0.004012999";"darwin";"213.200.99.237";"speedtest";1340028588;904318.129720;0.028968;"e28f6cdb-f2d1-41fe-bb40-53e7a0b0e31d";12874;"12";"Chivasso";16;6;2012;0;18;"20120618"
"79.4.10.186";"IT";12.833300;42.833300;"AS3269 Telecom Italia S.p.a.";"mlab3-mil01";0.054354;127146.501681;"0.004005999";"win32";"213.200.99.237";"speedtest";1340028668;42309.597152;0.063047;"54ca976f-8551-47fc-bce1-b06f00a12720";3269;"";"";16;6;2012;0;18;"20120618"
"2.225.128.51";"IT";7.666700;45.050000;"AS12874 Fastweb SpA";"mlab3-mil01";0.047059;436266.425958;"0.004012999";"darwin";"213.200.99.237";"bittorrent";1340028813;62010.825064;-1.000000;"28ba3b2e-cd9a-4c00-8b29-33e0cfe5c596";12874;"12";"Torino";16;6;2012;0;18;"20120618"
"87.4.83.224";"IT";16.483300;41.116700;"AS3269 Telecom Italia S.p.a.";"mlab3-mil01";0.045951;580547.318269;"0.004012999";"darwin";"213.200.99.237";"bittorrent";1340028847;42307.842730;-1.000000;"8c3b14ba-e923-48bd-8f2e-da456a7f071f";3269;"13";"Ruvo Di Puglia";16;6;2012;0;18;"20120618"
"188.10.100.91";"IT";9.116700;45.683300;"AS3269 Telecom Italia S.p.a.";"mlab3-mil01";0.043344;288314.885595;"0.004012999";"win32";"213.200.99.237";"speedtest";1340028995;29567.564476;0.045990;"a0bc9ac6-3c40-4f42-be91-07152ae8b8fb";3269;"09";"Lentate Sul Seveso";16;6;2012;0;18;"20120618"
"94.33.1.179";"IT";9.216700;45.550000;"AS8612 Tiscali Italia S.P.A.";"mlab3-mil01";0.025180;1003493.732623;"0.004012999";"linux2";"213.200.99.237";"bittorrent";1340029119;92905.247733;-1.000000;"c8e22a26-c7da-46ee-8473-787638c3fd84";8612;"09";"Cinisello Balsamo";16;6;2012;0;18;"20120618"
"93.38.84.118";"IT";7.666700;45.050000;"AS12874 Fastweb SpA";"mlab3-mil01";0.057298;630327.200038;"0.004012999";"darwin";"213.200.99.237";"bittorrent";1340029152;58333.704398;-1.000000;"9862a835-84ea-47e3-9817-0036cae1dff1";12874;"12";"Torino";16;6;2012;0;18;"20120618"
"130.192.91.213";"IT";7.666700;45.050000;"AS137 GARR Italian academic and research network";"mlab3-mil01";0.013035;11414044.615800;"0.004012999";"linux2";"213.200.99.237";"speedtest";1340029138;1176077.049990;0.015066;"cd78793c-1e3b-4944-b4b2-9768fc1cdb97";137;"12";"Torino";16;6;2012;0;18;"20120618"
"188.10.109.16";"IT";9.187800;45.461200;"AS3269 Telecom Italia S.p.a.";"mlab3-mil01";0.025233;696716.789956;"0.004012999";"win32";"213.200.99.237";"bittorrent";1340029220;68081.344897;-1.000000;"fabd9ec4-04a0-49f7-9afc-39e5f8c565ba";3269;"09";"Milan";16;6;2012;0;18;"20120618"
"87.18.255.91";"IT";17.229700;40.476100;"AS3269 Telecom Italia S.p.a.";"mlab3-mil01";0.066405;400186.764589;"0.004009999";"win32";"213.200.99.237";"bittorrent";1340029241;47730.917423;-1.000000;"7989d7c5-459e-4910-93c2-ffd113604f5d";3269;"13";"Taranto";16;6;2012;0;18;"20120618"
"188.218.203.155";"IT";18.166700;40.300000;"AS30722 Vodafone Omnitel N.V.";"mlab3-mil01";0.067777;23848.739528;"0.004009999";"win32";"213.200.99.237";"bittorrent";1340029427;58616.911340;-1.000000;"1a885600-ab28-499c-8adf-fb4b2b758c63";30722;"13";"San Cesario";16;6;2012;0;18;"20120618"
"81.174.47.101";"IT";12.833300;42.833300;"AS35612 NGI Spa";"mlab3-mil01";0.012283;1815901.262801;"0.004012999";"darwin";"213.200.99.237";"bittorrent";1340029498;113091.359726;-1.000000;"59a9e8e1-3618-48e2-adea-6559f48400b8";35612;"";"";16;6;2012;0;18;"20120618"
"151.64.48.181";"IT";9.200000;45.650000;"AS1267 WIND Telecomunicazioni S.p.A.";"mlab3-mil01";0.024780;801917.145226;"0.004012999";"linux2";"213.200.99.237";"speedtest";1340029506;36386.723125;0.027398;"122a0eee-5444-44b6-9181-38ffae82c977";1267;"09";"Seregno";16;6;2012;0;18;"20120618"
"95.248.79.141";"IT";9.683300;45.366700;"AS3269 Telecom Italia S.p.a.";"mlab3-mil01";0.022677;1977863.521912;"0.004012999";"win32";"213.200.99.237";"bittorrent";1340029545;105468.582073;-1.000000;"4e01c135-aee3-4a25-a2fd-429c447dc4bd";3269;"09";"Crema";16;6;2012;0;18;"20120618"
"195.110.137.171";"IT";12.483300;41.900000;"AS5396 MC-link Spa";"mlab3-mil01";0.128496;246974.435903;"0.004012999";"darwin";"213.200.99.237";"speedtest";1340029783;19167.121403;0.214055;"2d27e34d-ed0a-4c70-8dc2-070f5a0499a1";5396;"07";"Rome";16;6;2012;0;18;"20120618"
"134.255.175.21";"IT";13.216700;43.366700;"AS198292 Wave-Max S.r.L.";"mlab3-mil01";0.099425;204819.867884;"0.004012999";"win32";"213.200.99.237";"speedtest";1340029798;44942.945358;0.104437;"708a55f0-3758-4099-a346-23683a39926d";198292;"10";"Cingoli";16;6;2012;0;18;"20120618"
"31.185.19.156";"IT";12.566700;43.050000;"AS47187 Forinicom S.r.l.";"mlab3-mil01";0.028948;47866.904515;"0.004012999";"win32";"213.200.99.237";"bittorrent";1340029848;48314.865678;-1.000000;"2a30a2a8-273c-4b16-9671-803dc3d96492";47187;"18";"Santa Maria Degli Angeli";16;6;2012;0;18;"20120618"
"188.152.94.198";"IT";12.833300;42.833300;"AS44957 Vodafone Omnitel N.V.";"mlab3-mil01";0.055863;922363.950393;"0.004012999";"linux2";"213.200.99.237";"bittorrent";1340029992;49306.166483;-1.000000;"b6f7bc90-fab9-4db0-af8a-1737ebd554f1";44957;"";"";16;6;2012;0;18;"20120618"
"151.28.230.117";"IT";12.866700;41.466700;"AS1267 WIND Telecomunicazioni S.p.A.";"mlab3-mil01";0.024306;832793.066771;"0.004012999";"linux2";"213.200.99.237";"speedtest";1340030259;52753.866204;0.026960;"a9afa6cb-a1b8-48a4-ad2d-ea26b9cc8bf4";1267;"07";"Latina";16;6;2012;0;18;"20120618"
"151.28.230.117";"IT";12.866700;41.466700;"AS1267 WIND Telecomunicazioni S.p.A.";"mlab3-mil01";0.022317;842482.578423;"0.004012999";"linux2";"213.200.99.237";"bittorrent";1340030328;50748.657373;-1.000000;"a9afa6cb-a1b8-48a4-ad2d-ea26b9cc8bf4";1267;"07";"Latina";16;6;2012;0;18;"20120618"
"83.211.172.129";"IT";13.566700;42.583300;"AS15589 Clouditalia Communications S.p.A.";"mlab3-mil01";0.032722;511001.320634;"0.004012999";"win32";"213.200.99.237";"bittorrent";1340030405;31386.087303;-1.000000;"b6e23738-aa63-4482-8754-26d879467631";15589;"01";"Altavilla";16;6;2012;0;18;"20120618"
"95.237.222.196";"IT";7.666700;45.050000;"AS3269 Telecom Italia S.p.a.";"mlab3-mil01";0.047796;107965.235143;"0.004012999";"win32";"213.200.99.237";"speedtest";1340030521;48922.934989;0.053157;"47bce1bd-51cc-4815-b6db-71ab66220dd6";3269;"12";"Torino";16;6;2012;0;18;"20120618"
"93.38.84.118";"IT";7.666700;45.050000;"AS12874 Fastweb SpA";"mlab3-mil01";0.221886;482127.904241;"0.004012999";"darwin";"213.200.99.237";"speedtest";1340030545;75843.467736;0.109114;"9862a835-84ea-47e3-9817-0036cae1dff1";12874;"12";"Torino";16;6;2012;0;18;"20120618"
"78.14.224.92";"IT";9.116700;45.766700;"AS8612 Tiscali Italia S.P.A.";"mlab3-mil01";0.032116;494106.646003;"0.004012999";"darwin";"213.200.99.237";"bittorrent";1340030603;45120.143741;-1.000000;"39792736-bd8b-4a56-942d-1cc983336add";8612;"09";"Lurago D'erba";16;6;2012;0;18;"20120618"
"188.10.109.16";"IT";9.187800;45.461200;"AS3269 Telecom Italia S.p.a.";"mlab3-mil01";0.028531;186711.487147;"0.004012999";"win32";"213.200.99.237";"speedtest";1340030766;61907.463647;0.096095;"fabd9ec4-04a0-49f7-9afc-39e5f8c565ba";3269;"09";"Milan";16;6;2012;0;18;"20120618"
"79.20.70.163";"IT";8.066600;45.572300;"AS3269 Telecom Italia S.p.a.";"mlab3-mil01";0.042552;126973.984517;"0.004012999";"darwin";"213.200.99.237";"speedtest";1340030964;41362.783319;0.046757;"432d3481-f83e-450d-b373-e60ae5f17efe";3269;"12";"Biella";16;6;2012;0;18;"20120618"
"95.248.79.141";"IT";9.683300;45.366700;"AS3269 Telecom Italia S.p.a.";"mlab3-mil01";0.024310;1879204.327610;"0.004012999";"win32";"213.200.99.237";"speedtest";1340030966;101713.177444;0.027111;"4e01c135-aee3-4a25-a2fd-429c447dc4bd";3269;"09";"Crema";16;6;2012;0;18;"20120618"
"79.30.49.39";"IT";8.950000;44.416700;"AS3269 Telecom Italia S.p.a.";"mlab3-mil01";0.066053;77087.817992;"0.004012999";"win32";"213.200.99.237";"bittorrent";1340031021;24929.095424;-1.000000;"14b0478f-78ea-46ec-8409-548af450a827";3269;"08";"Genova";16;6;2012;0;18;"20120618"
"151.73.33.145";"IT";14.566700;40.733300;"AS1267 WIND Telecomunicazioni S.p.A.";"mlab3-mil01";0.026060;842135.865603;"0.004009999";"win32";"213.200.99.237";"speedtest";1340031072;39855.640002;0.031020;"23d04e8c-1632-480a-8b47-f5057b877ee1";1267;"04";"Angri";16;6;2012;0;18;"20120618"
"87.13.39.29";"IT";12.833300;42.833300;"AS3269 Telecom Italia S.p.a.";"mlab3-mil01";0.045592;62984.297176;"0.004009999";"win32";"213.200.99.237";"bittorrent";1340031106;36901.146039;-1.000000;"51c03cdf-92f5-46e9-bdef-c1c88bec98ce";3269;"";"";16;6;2012;0;18;"20120618"
"2.36.37.80";"IT";7.666700;45.050000;"AS30722 Vodafone Omnitel N.V.";"mlab3-mil01";0.039041;830083.496317;"0.004012999";"win32";"213.200.99.237";"speedtest";1340031109;31722.595394;0.044280;"dd1eb1c2-416e-467c-b945-ec64ed841caa";30722;"12";"Torino";16;6;2012;0;18;"20120618"
"93.36.13.47";"IT";9.116700;45.583300;"AS12874 Fastweb SpA";"mlab3-mil01";0.046638;762068.922521;"0.004011999";"win32";"213.200.99.237";"speedtest";1340031124;44530.968424;0.051503;"9a8fa0ab-ee51-4da8-b32c-4f50bc470f20";12874;"09";"Senago";16;6;2012;0;18;"20120618"
"79.0.19.229";"IT";12.483300;41.900000;"AS3269 Telecom Italia S.p.a.";"mlab3-mil01";0.057823;1262362.864294;"0.004012999";"darwin";"213.200.99.237";"bittorrent";1340031314;67745.008704;-1.000000;"69fb5e33-52f0-4549-a67d-9deb0c9b5493";3269;"07";"Rome";16;6;2012;0;18;"20120618"
"85.18.116.244";"IT";8.900000;45.400000;"AS12874 Fastweb SpA";"mlab3-mil01";0.021205;9201936.584740;"0.004012999";"linux2";"213.200.99.237";"speedtest";1340031520;6275735.398820;0.022893;"c76e28cf-4020-40f2-ae3f-39482e23ced0";12874;"09";"Abbiategrasso";16;6;2012;0;18;"20120618"
"37.116.41.81";"IT";8.866700;44.900000;"AS30722 Vodafone Omnitel N.V.";"mlab3-mil01";0.036528;264744.942960;"0.004012999";"win32";"213.200.99.237";"bittorrent";1340031599;62121.518285;-1.000000;"19176454-a721-4c97-8342-b9cf8e375390";30722;"12";"Tortona";16;6;2012;0;18;"20120618"
"93.33.101.175";"IT";9.200000;45.466700;"AS12874 Fastweb SpA";"mlab3-mil01";0.030657;1155066.231410;"0.004012999";"darwin";"213.200.99.237";"bittorrent";1340031651;47601.948686;-1.000000;"29750ad8-f56c-4e95-a4f3-b9badf7da7af";12874;"09";"Milan";17;6;2012;0;18;"20120618"
"87.8.229.178";"IT";7.666700;45.050000;"AS3269 Telecom Italia S.p.a.";"mlab3-mil01";0.038434;572860.422263;"0.004012999";"win32";"213.200.99.237";"speedtest";1340031771;50317.004930;0.034079;"d6bbc582-d8eb-4ead-ba2c-3fffeda97549";3269;"12";"Torino";17;6;2012;0;18;"20120618"
"2.230.35.188";"IT";9.316700;45.350000;"AS12874 Fastweb SpA";"mlab3-mil01";0.028809;655548.368763;"0.004012999";"darwin";"213.200.99.237";"bittorrent";1340031790;108933.203246;-1.000000;"681448f5-2440-4cd6-afef-f44ecf59facf";12874;"09";"Melegnano";17;6;2012;0;18;"20120618"
"88.47.41.57";"IT";12.833300;42.833300;"AS3269 Telecom Italia S.p.a.";"mlab3-mil01";0.062655;79058.705294;"0.004012999";"win32";"213.200.99.237";"bittorrent";1340031913;36604.344529;-1.000000;"ec2e71be-f555-4dee-b674-bc8e80a61d77";3269;"";"";17;6;2012;0;18;"20120618"
"37.116.41.81";"IT";8.866700;44.900000;"AS30722 Vodafone Omnitel N.V.";"mlab3-mil01";0.037026;424072.955231;"0.004012999";"win32";"213.200.99.237";"speedtest";1340032008;63379.871955;0.045281;"19176454-a721-4c97-8342-b9cf8e375390";30722;"12";"Tortona";17;6;2012;0;18;"20120618"
"2.225.231.97";"IT";7.666700;45.050000;"AS12874 Fastweb SpA";"mlab3-mil01";0.028274;1124137.128400;"0.004012999";"win32";"213.200.99.237";"speedtest";1340032091;1145436.058060;0.028868;"252a836b-55fe-43a0-93e7-d33c5d47fae3";12874;"12";"Torino";17;6;2012;0;18;"20120618"
"130.192.91.213";"IT";7.666700;45.050000;"AS137 GARR Italian academic and research network";"mlab3-mil01";0.014335;10636041.446700;"0.004012999";"linux2";"213.200.99.237";"speedtest";1340032135;1326600.278090;0.015479;"cd78793c-1e3b-4944-b4b2-9768fc1cdb97";137;"12";"Torino";17;6;2012;0;18;"20120618"
"130.192.91.211";"IT";7.666700;45.050000;"AS137 GARR Italian academic and research network";"mlab3-mil01";0.013878;11055058.637887;"0.004012999";"linux2";"213.200.99.237";"bittorrent";1340032250;11665514.466774;-1.000000;"91708cf1-7028-4b58-9520-faea0010494c";137;"12";"Torino";17;6;2012;0;18;"20120618"
"79.41.215.191";"IT";7.666700;45.050000;"AS3269 Telecom Italia S.p.a.";"mlab3-mil01";0.050544;196477.362642;"0.004012999";"darwin";"213.200.99.237";"bittorrent";1340032263;36639.188660;-1.000000;"54b1973f-e000-498d-8aee-038597e2696e";3269;"12";"Torino";17;6;2012;0;18;"20120618"
"188.218.203.155";"IT";18.166700;40.300000;"AS30722 Vodafone Omnitel N.V.";"mlab3-mil01";0.069207;24724.003449;"0.004009999";"win32";"213.200.99.237";"bittorrent";1340032316;60085.316658;-1.000000;"1a885600-ab28-499c-8adf-fb4b2b758c63";30722;"13";"San Cesario";17;6;2012;0;18;"20120618"
"79.20.70.163";"IT";8.066600;45.572300;"AS3269 Telecom Italia S.p.a.";"mlab3-mil01";0.038850;792164.284729;"0.004012999";"darwin";"213.200.99.237";"bittorrent";1340032485;41252.239775;-1.000000;"e838c543-3d44-45bd-9a51-ed5e3c0d7d06";3269;"12";"Biella";17;6;2012;0;18;"20120618"
"79.39.193.153";"IT";12.833300;42.833300;"AS3269 Telecom Italia S.p.a.";"mlab3-mil01";0.106452;466499.224117;"0.004012999";"win32";"213.200.99.237";"speedtest";1340032609;45403.069759;0.111469;"ec58670d-cc26-4c10-aeb5-a22a61fd34c0";3269;"";"";17;6;2012;0;18;"20120618"
"93.50.201.172";"IT";7.666700;45.050000;"AS12874 Fastweb SpA";"mlab3-mil01";0.026167;980666.069039;"0.004012999";"win32";"213.200.99.237";"bittorrent";1340032777;1180135.911585;-1.000000;"82d7cd8b-95b2-4fb4-be64-f55010d39d3e";12874;"12";"Torino";17;6;2012;0;18;"20120618"
"195.110.137.171";"IT";12.483300;41.900000;"AS5396 MC-link Spa";"mlab3-mil01";0.033460;667806.869934;"0.004012999";"darwin";"213.200.99.237";"speedtest";1340032795;10997.146096;0.040924;"2d27e34d-ed0a-4c70-8dc2-070f5a0499a1";5396;"07";"Rome";17;6;2012;0;18;"20120618"
"151.28.230.117";"IT";12.866700;41.466700;"AS1267 WIND Telecomunicazioni S.p.A.";"mlab3-mil01";0.021205;814361.439525;"0.004012999";"linux2";"213.200.99.237";"speedtest";1340032998;52363.231067;0.026836;"a9afa6cb-a1b8-48a4-ad2d-ea26b9cc8bf4";1267;"07";"Latina";17;6;2012;0;18;"20120618"
"188.11.197.8";"IT";12.483300;41.900000;"AS3269 Telecom Italia S.p.a.";"mlab3-mil01";0.036850;1288278.584265;"0.004012999";"darwin";"213.200.99.237";"bittorrent";1340033242;93349.065282;-1.000000;"c671e4d7-9027-4ae8-9058-ad41f0746af0";3269;"07";"Rome";17;6;2012;0;18;"20120618"
"87.4.74.136";"IT";8.850000;44.716700;"AS3269 Telecom Italia S.p.a.";"mlab3-mil01";0.067129;38705.378283;"0.004012999";"win32";"213.200.99.237";"speedtest";1340033372;33308.808861;0.069394;"d8a56420-51dd-4f7f-811c-30fa9ca36858";3269;"12";"Serravalle Scrivia";17;6;2012;0;18;"20120618"
"151.65.28.229";"IT";9.016700;44.983300;"AS1267 WIND Telecomunicazioni S.p.A.";"mlab3-mil01";0.024107;566280.140411;"0.004012999";"win32";"213.200.99.237";"speedtest";1340033570;63950.473946;0.032025;"a5016d11-f6c1-4d6d-a30f-48088faa5e70";1267;"09";"Voghera";17;6;2012;0;18;"20120618"
"2.225.231.97";"IT";7.666700;45.050000;"AS12874 Fastweb SpA";"mlab3-mil01";0.028722;1186645.693061;"0.004012999";"win32";"213.200.99.237";"bittorrent";1340033595;61951.259812;-1.000000;"252a836b-55fe-43a0-93e7-d33c5d47fae3";12874;"12";"Torino";17;6;2012;0;18;"20120618"
"83.211.172.129";"IT";13.566700;42.583300;"AS15589 Clouditalia Communications S.p.A.";"mlab3-mil01";0.032429;511012.374214;"0.004012999";"win32";"213.200.99.237";"bittorrent";1340033596;31284.288553;-1.000000;"b6e23738-aa63-4482-8754-26d879467631";15589;"01";"Altavilla";17;6;2012;0;18;"20120618"
"93.62.73.167";"IT";7.666700;45.050000;"AS12874 Fastweb SpA";"mlab3-mil01";0.051258;1711624.176070;"0.004012999";"win32";"213.200.99.237";"speedtest";1340033844;66515.179201;0.053910;"ba264b82-0dde-485e-bdfd-b866b37d1bf8";12874;"12";"Torino";17;6;2012;0;18;"20120618"
"85.18.46.24";"IT";9.200000;45.466700;"AS12874 Fastweb SpA";"mlab3-mil01";0.022412;10049935.804100;"0.004012999";"linux2";"213.200.99.237";"speedtest";1340033875;4122071.795220;0.024370;"6c471e39-d901-41fa-9266-23795dce3dc5";12874;"09";"Milan";17;6;2012;0;18;"20120618"
"147.162.42.20";"IT";11.883300;45.416700;"AS137 GARR Italian academic and research network";"mlab3-mil01";0.013619;8442992.404320;"0.004010999";"linux2";"213.200.99.237";"speedtest";1340033952;8124071.237850;0.014901;"727d6a40-2b78-4641-8061-04b6a384e6a6";137;"20";"Padova";17;6;2012;0;18;"20120618"
"81.174.47.101";"IT";12.833300;42.833300;"AS35612 NGI Spa";"mlab3-mil01";0.011830;1138692.178420;"0.004012999";"darwin";"213.200.99.237";"speedtest";1340034316;112985.490911;0.015211;"59a9e8e1-3618-48e2-adea-6559f48400b8";35612;"";"";17;6;2012;0;18;"20120618"
"85.18.116.244";"IT";8.900000;45.400000;"AS12874 Fastweb SpA";"mlab3-mil01";0.021178;9822928.234410;"0.004012999";"linux2";"213.200.99.237";"speedtest";1340034366;5303961.408660;0.022907;"c76e28cf-4020-40f2-ae3f-39482e23ced0";12874;"09";"Abbiategrasso";17;6;2012;0;18;"20120618"
"93.38.144.155";"IT";8.633300;45.466700;"AS12874 Fastweb SpA";"mlab3-mil01";0.027141;634505.955366;"0.004012999";"linux2";"213.200.99.237";"bittorrent";1340034691;63664.416092;-1.000000;"59a80d29-1a50-4c2a-8d30-fbef29507c3a";12874;"12";"Novara";17;6;2012;0;18;"20120618"
"93.38.84.118";"IT";7.666700;45.050000;"AS12874 Fastweb SpA";"mlab3-mil01";0.029887;626140.940736;"0.004012999";"darwin";"213.200.99.237";"bittorrent";1340034741;106492.431820;-1.000000;"9862a835-84ea-47e3-9817-0036cae1dff1";12874;"12";"Torino";17;6;2012;0;18;"20120618"
"2.40.51.151";"IT";8.700000;45.466700;"AS30722 Vodafone Omnitel N.V.";"mlab3-mil01";0.042542;900432.685120;"0.004012999";"linux2";"213.200.99.237";"speedtest";1340034823;49897.633783;0.046182;"0094fb04-cab2-42b8-abfa-f714dcef0097";30722;"12";"Romentino";17;6;2012;0;18;"20120618"
"87.4.74.136";"IT";8.850000;44.716700;"AS3269 Telecom Italia S.p.a.";"mlab3-mil01";0.057244;72879.667450;"0.004012999";"win32";"213.200.99.237";"bittorrent";1340034830;26932.837033;-1.000000;"d8a56420-51dd-4f7f-811c-30fa9ca36858";3269;"12";"Serravalle Scrivia";17;6;2012;0;18;"20120618"
"81.174.11.50";"IT";8.650000;45.850000;"AS35612 NGI Spa";"mlab3-mil01";0.096845;362435.450606;"0.004012999";"darwin";"213.200.99.237";"bittorrent";1340034871;54584.667517;-1.000000;"04eb82ec-76b3-4615-b25a-7c0279090671";35612;"09";"Besozzo";17;6;2012;0;18;"20120618"
"149.132.117.110";"IT";9.200000;45.466700;"AS137 GARR Italian academic and research network";"mlab3-mil01";0.012220;2678.984561;"0.004012999";"darwin";"213.200.99.237";"bittorrent";1340035058;8095.370976;-1.000000;"c9d3d685-6087-4faf-a87c-eb1dfaa2b53c";137;"18";"Milan";17;6;2012;0;18;"20120618"
"94.33.1.179";"IT";9.216700;45.550000;"AS8612 Tiscali Italia S.P.A.";"mlab3-mil01";0.793955;931101.662083;"0.004012999";"linux2";"213.200.99.237";"bittorrent";1340035117;77293.411408;-1.000000;"c8e22a26-c7da-46ee-8473-787638c3fd84";8612;"09";"Cinisello Balsamo";17;6;2012;0;18;"20120618"
"130.192.91.213";"IT";7.666700;45.050000;"AS137 GARR Italian academic and research network";"mlab3-mil01";0.014335;11433227.808300;"0.004012999";"linux2";"213.200.99.237";"speedtest";1340035128;1214380.748990;0.015114;"cd78793c-1e3b-4944-b4b2-9768fc1cdb97";137;"12";"Torino";17;6;2012;0;18;"20120618"
"83.211.172.129";"IT";13.566700;42.583300;"AS15589 Clouditalia Communications S.p.A.";"mlab3-mil01";0.032902;495500.881336;"0.004012999";"win32";"213.200.99.237";"speedtest";1340035187;31648.434838;0.037395;"b6e23738-aa63-4482-8754-26d879467631";15589;"01";"Altavilla";17;6;2012;0;18;"20120618"
"2.225.128.51";"IT";7.666700;45.050000;"AS12874 Fastweb SpA";"mlab3-mil01";0.046287;343989.563409;"0.004012999";"darwin";"213.200.99.237";"bittorrent";1340035261;61757.931424;-1.000000;"28ba3b2e-cd9a-4c00-8b29-33e0cfe5c596";12874;"12";"Torino";18;6;2012;0;18;"20120618"
"85.18.46.24";"IT";9.200000;45.466700;"AS12874 Fastweb SpA";"mlab3-mil01";0.022107;11573852.219265;"0.004012999";"linux2";"213.200.99.237";"bittorrent";1340035323;7025309.090704;-1.000000;"6c471e39-d901-41fa-9266-23795dce3dc5";12874;"09";"Milan";18;6;2012;0;18;"20120618"
"2.36.37.80";"IT";7.666700;45.050000;"AS30722 Vodafone Omnitel N.V.";"mlab3-mil01";0.037555;872466.574386;"0.004012999";"win32";"213.200.99.237";"bittorrent";1340035406;51175.096775;-1.000000;"dd1eb1c2-416e-467c-b945-ec64ed841caa";30722;"12";"Torino";18;6;2012;0;18;"20120618"
"79.41.215.191";"IT";7.666700;45.050000;"AS3269 Telecom Italia S.p.a.";"mlab3-mil01";0.049505;225823.720712;"0.004012999";"darwin";"213.200.99.237";"bittorrent";1340035417;36795.459779;-1.000000;"54b1973f-e000-498d-8aee-038597e2696e";3269;"12";"Torino";18;6;2012;0;18;"20120618"
"79.17.156.34";"IT";9.188100;45.463700;"AS3269 Telecom Italia S.p.a.";"mlab3-mil01";0.036882;405960.302241;"0.004012999";"win32";"213.200.99.237";"speedtest";1340035455;49766.068429;0.043897;"991257a9-87dd-455d-863e-b266080097e3";3269;"09";"Milan";18;6;2012;0;18;"20120618"
"151.49.229.123";"IT";13.780000;45.648600;"AS1267 WIND Telecomunicazioni S.p.A.";"mlab3-mil01";0.021423;806903.004975;"0.004011999";"linux2";"213.200.99.237";"speedtest";1340035516;53228.066116;0.025384;"db4c1f00-a6b9-40ad-b36d-a2fad669a491";1267;"06";"Trieste";18;6;2012;0;18;"20120618"
"93.66.116.63";"IT";12.833300;42.833300;"AS30722 Vodafone Omnitel N.V.";"mlab3-mil01";0.045942;208130.943699;"0.004012999";"darwin";"213.200.99.237";"bittorrent";1340035522;61240.179911;-1.000000;"e03eb71c-5d1f-41bc-9e20-cd6dfc7634e9";30722;"";"";18;6;2012;0;18;"20120618"
"31.185.19.156";"IT";12.566700;43.050000;"AS47187 Forinicom S.r.l.";"mlab3-mil01";0.053759;47818.707425;"0.004012999";"win32";"213.200.99.237";"bittorrent";1340035531;47405.996326;-1.000000;"2a30a2a8-273c-4b16-9671-803dc3d96492";47187;"18";"Santa Maria Degli Angeli";18;6;2012;0;18;"20120618"
"84.222.108.196";"IT";11.866700;44.583300;"AS8612 Tiscali Italia S.P.A.";"mlab3-mil01";0.051972;299336.778186;"0.004012999";"darwin";"213.200.99.237";"speedtest";1340035563;42887.318930;0.061231;"8c002889-ba22-4c1b-a026-e262143a9d1d";8612;"05";"San Biagio";18;6;2012;0;18;"20120618"
"2.230.35.188";"IT";9.316700;45.350000;"AS12874 Fastweb SpA";"mlab3-mil01";0.027800;651019.977394;"0.004012999";"darwin";"213.200.99.237";"speedtest";1340035583;108009.747075;0.030162;"681448f5-2440-4cd6-afef-f44ecf59facf";12874;"09";"Melegnano";18;6;2012;0;18;"20120618"
"79.20.70.163";"IT";8.066600;45.572300;"AS3269 Telecom Italia S.p.a.";"mlab3-mil01";0.039136;730815.411248;"0.004012999";"darwin";"213.200.99.237";"bittorrent";1340035639;41227.678788;-1.000000;"432d3481-f83e-450d-b373-e60ae5f17efe";3269;"12";"Biella";18;6;2012;0;18;"20120618"
"79.30.49.39";"IT";8.950000;44.416700;"AS3269 Telecom Italia S.p.a.";"mlab3-mil01";0.067880;73014.284001;"0.004012999";"win32";"213.200.99.237";"speedtest";1340035647;23264.395941;0.082367;"14b0478f-78ea-46ec-8409-548af450a827";3269;"08";"Genova";18;6;2012;0;18;"20120618"
"79.39.193.153";"IT";12.833300;42.833300;"AS3269 Telecom Italia S.p.a.";"mlab3-mil01";0.110439;124781.471519;"0.004012999";"win32";"213.200.99.237";"speedtest";1340035871;45587.117078;0.112435;"ec58670d-cc26-4c10-aeb5-a22a61fd34c0";3269;"";"";18;6;2012;0;18;"20120618"
"188.218.203.155";"IT";18.166700;40.300000;"AS30722 Vodafone Omnitel N.V.";"mlab3-mil01";0.066833;588283.714442;"0.004009999";"win32";"213.200.99.237";"speedtest";1340037111;53843.921496;0.072906;"1a885600-ab28-499c-8adf-fb4b2b758c63";30722;"13";"San Cesario";18;6;2012;0;18;"20120618"
"134.255.175.21";"IT";13.216700;43.366700;"AS198292 Wave-Max S.r.L.";"mlab3-mil01";0.102192;164508.276637;"0.004012999";"win32";"213.200.99.237";"bittorrent";1340036800;43581.188889;-1.000000;"708a55f0-3758-4099-a346-23683a39926d";198292;"10";"Cingoli";18;6;2012;0;18;"20120618"
"2.225.128.51";"IT";7.666700;45.050000;"AS12874 Fastweb SpA";"mlab3-mil01";0.047200;366151.409516;"0.004012999";"darwin";"213.200.99.237";"speedtest";1340036869;60974.436145;0.050155;"28ba3b2e-cd9a-4c00-8b29-33e0cfe5c596";12874;"12";"Torino";18;6;2012;0;18;"20120618"
"93.62.242.110";"IT";12.029400;45.421400;"AS12874 Fastweb SpA";"mlab3-mil01";0.133488;215523.870652;"0.004012999";"darwin";"213.200.99.237";"speedtest";1340036985;389681.838252;0.167768;"9905faad-2379-4ce5-bea7-d26dfd5ef167";12874;"20";"Fiesso D'artico";18;6;2012;0;18;"20120618"
"78.134.91.209";"IT";9.316700;45.516700;"AS35612 NGI Spa";"mlab3-mil01";0.064293;510320.169734;"0.004012999";"darwin";"213.200.99.237";"speedtest";1340037071;24478.514150;0.084811;"7da8ef87-6dfd-41fe-8a53-f1a960d7de12";35612;"09";"Cernusco";18;6;2012;0;18;"20120618"
"79.30.49.39";"IT";8.950000;44.416700;"AS3269 Telecom Italia S.p.a.";"mlab3-mil01";0.077311;77585.654699;"0.004012999";"win32";"213.200.99.237";"bittorrent";1340037203;33554.108689;-1.000000;"14b0478f-78ea-46ec-8409-548af450a827";3269;"08";"Genova";18;6;2012;0;18;"20120618"
"85.18.116.244";"IT";8.900000;45.400000;"AS12874 Fastweb SpA";"mlab3-mil01";0.021281;10348231.361700;"0.004012999";"linux2";"213.200.99.237";"speedtest";1340037210;5131293.955300;0.022925;"c76e28cf-4020-40f2-ae3f-39482e23ced0";12874;"09";"Abbiategrasso";18;6;2012;0;18;"20120618"
"79.20.70.163";"IT";8.066600;45.572300;"AS3269 Telecom Italia S.p.a.";"mlab3-mil01";0.042911;488911.575328;"0.004012999";"darwin";"213.200.99.237";"speedtest";1340037386;41353.135763;0.047476;"e838c543-3d44-45bd-9a51-ed5e3c0d7d06";3269;"12";"Biella";18;6;2012;0;18;"20120618"
"151.32.58.7";"IT";7.600000;45.233300;"AS1267 WIND Telecomunicazioni S.p.A.";"mlab3-mil01";0.011798;832434.106286;"0.004012999";"linux2";"213.200.99.237";"bittorrent";1340037446;53257.288396;-1.000000;"e58cbc1f-8414-4fe3-8578-f8c48106d21d";1267;"12";"Ciriè";18;6;2012;0;18;"20120618"
"87.253.117.30";"IT";7.666700;45.050000;"AS35719 People & Communication S.R.L.";"mlab3-mil01";0.020324;582809.204723;"0.004012999";"darwin";"213.200.99.237";"speedtest";1340037483;49982.270917;0.022771;"60d5ec38-9b55-4e7a-b420-28c886960236";35719;"12";"Torino";18;6;2012;0;18;"20120618"
"151.64.147.108";"IT";9.187800;45.461200;"AS1267 WIND Telecomunicazioni S.p.A.";"mlab3-mil01";0.020804;858212.590572;"0.004012999";"darwin";"213.200.99.237";"bittorrent";1340037557;63542.758126;-1.000000;"e10426cb-5035-441b-b484-603a906f7b30";1267;"09";"Milan";18;6;2012;0;18;"20120618"
"88.47.41.57";"IT";12.833300;42.833300;"AS3269 Telecom Italia S.p.a.";"mlab3-mil01";0.049387;441875.973904;"0.004012999";"win32";"213.200.99.237";"bittorrent";1340037652;44234.188377;-1.000000;"ec2e71be-f555-4dee-b674-bc8e80a61d77";3269;"";"";18;6;2012;0;18;"20120618"
"87.8.229.178";"IT";7.666700;45.050000;"AS3269 Telecom Italia S.p.a.";"mlab3-mil01";0.039741;560680.282237;"0.004012999";"win32";"213.200.99.237";"speedtest";1340037892;49774.010868;0.034207;"d6bbc582-d8eb-4ead-ba2c-3fffeda97549";3269;"12";"Torino";18;6;2012;0;18;"20120618"
"87.13.60.222";"IT";7.783300;44.766700;"AS3269 Telecom Italia S.p.a.";"mlab3-mil01";0.043115;260494.090392;"0.004012999";"darwin";"213.200.99.237";"bittorrent";1340037978;47309.915695;-1.000000;"c839c4a6-844e-4a80-917c-a2ee7d29e3d4";3269;"12";"Sommariva Del Bosco";18;6;2012;0;18;"20120618"
"82.57.12.248";"IT";17.216700;41.000000;"AS3269 Telecom Italia S.p.a.";"mlab3-mil01";0.065656;194189.694656;"0.004012999";"win32";"213.200.99.237";"speedtest";1340038137;46793.926821;0.099918;"f201d94b-ffc9-44aa-ac62-215bbc3baddd";3269;"13";"Polignano A Mare";18;6;2012;0;18;"20120618"
"79.39.193.153";"IT";12.833300;42.833300;"AS3269 Telecom Italia S.p.a.";"mlab3-mil01";0.109057;147570.085552;"0.004012999";"win32";"213.200.99.237";"speedtest";1340038403;45937.908399;0.114698;"ec58670d-cc26-4c10-aeb5-a22a61fd34c0";3269;"";"";18;6;2012;0;18;"20120618"
"83.211.172.129";"IT";13.566700;42.583300;"AS15589 Clouditalia Communications S.p.A.";"mlab3-mil01";0.033116;482064.131686;"0.004012999";"win32";"213.200.99.237";"speedtest";1340038379;31237.633472;0.037239;"b6e23738-aa63-4482-8754-26d879467631";15589;"01";"Altavilla";18;6;2012;0;18;"20120618"
"93.62.242.110";"IT";12.029400;45.421400;"AS12874 Fastweb SpA";"mlab3-mil01";0.030557;419239.838667;"0.004012999";"darwin";"213.200.99.237";"bittorrent";1340038424;430261.403928;-1.000000;"9905faad-2379-4ce5-bea7-d26dfd5ef167";12874;"20";"Fiesso D'artico";18;6;2012;0;18;"20120618"
"84.221.231.178";"IT";7.666700;45.050000;"AS8612 Tiscali Italia S.P.A.";"mlab3-mil01";0.023624;1523710.771150;"0.004012999";"darwin";"213.200.99.237";"speedtest";1340038549;105448.718828;0.029601;"7e3598a2-40f8-4213-beaa-47abf033b292";8612;"12";"Torino";18;6;2012;0;18;"20120618"
"79.41.215.191";"IT";7.666700;45.050000;"AS3269 Telecom Italia S.p.a.";"mlab3-mil01";0.050196;250232.478441;"0.004012999";"darwin";"213.200.99.237";"bittorrent";1340038576;36748.149696;-1.000000;"54b1973f-e000-498d-8aee-038597e2696e";3269;"12";"Torino";18;6;2012;0;18;"20120618"
"79.30.49.39";"IT";8.950000;44.416700;"AS3269 Telecom Italia S.p.a.";"mlab3-mil01";0.067964;71244.667407;"0.004012999";"win32";"213.200.99.237";"speedtest";1340038741;18191.024243;0.078876;"14b0478f-78ea-46ec-8409-548af450a827";3269;"08";"Genova";18;6;2012;0;18;"20120618"
"195.110.137.171";"IT";12.483300;41.900000;"AS5396 MC-link Spa";"mlab3-mil01";0.033869;643248.158970;"0.004012999";"darwin";"213.200.99.237";"speedtest";1340038817;30348.259780;0.040948;"2d27e34d-ed0a-4c70-8dc2-070f5a0499a1";5396;"07";"Rome";19;6;2012;0;18;"20120618"
"79.6.123.156";"IT";8.950000;44.416700;"AS3269 Telecom Italia S.p.a.";"mlab3-mil01";0.610994;41174.247776;"0.004012999";"win32";"213.200.99.237";"bittorrent";1340039393;9888.146533;-1.000000;"6a12726c-966c-40eb-9e83-a5dd6efd419a";3269;"08";"Genova";19;6;2012;0;18;"20120618"
"79.41.80.159";"IT";12.833300;42.833300;"AS3269 Telecom Italia S.p.a.";"mlab3-mil01";0.043813;349049.238901;"0.004012999";"win32";"213.200.99.237";"speedtest";1340039421;44453.890993;0.055445;"82d91f18-b22f-4114-9d5f-c95a1ed7ad87";3269;"";"";19;6;2012;0;18;"20120618"
"93.38.84.118";"IT";7.666700;45.050000;"AS12874 Fastweb SpA";"mlab3-mil01";0.031650;576496.607930;"0.004012999";"darwin";"213.200.99.237";"bittorrent";1340039430;98891.805994;-1.000000;"9862a835-84ea-47e3-9817-0036cae1dff1";12874;"12";"Torino";19;6;2012;0;18;"20120618"
"109.234.63.11";"IT";12.833300;42.833300;"AS43989 Ehinet Srl";"mlab3-mil01";0.031864;379571.771791;"0.004009999";"win32";"213.200.99.237";"speedtest";1340039646;30746.622444;0.034480;"5d6312ec-b414-42e6-8e89-702c7b4fd5e8";43989;"";"";19;6;2012;0;18;"20120618"
"147.162.42.20";"IT";11.883300;45.416700;"AS137 GARR Italian academic and research network";"mlab3-mil01";0.013522;8805692.530590;"0.004010999";"linux2";"213.200.99.237";"speedtest";1340039698;8267461.933080;0.014976;"727d6a40-2b78-4641-8061-04b6a384e6a6";137;"20";"Padova";19;6;2012;0;18;"20120618"
"84.221.231.178";"IT";7.666700;45.050000;"AS8612 Tiscali Italia S.P.A.";"mlab3-mil01";0.026516;1603628.259732;"0.004012999";"darwin";"213.200.99.237";"bittorrent";1340039976;103851.768371;-1.000000;"7e3598a2-40f8-4213-beaa-47abf033b292";8612;"12";"Torino";19;6;2012;0;18;"20120618"
"2.230.35.188";"IT";9.316700;45.350000;"AS12874 Fastweb SpA";"mlab3-mil01";0.028552;655561.303449;"0.004012999";"darwin";"213.200.99.237";"bittorrent";1340039991;106392.466176;-1.000000;"681448f5-2440-4cd6-afef-f44ecf59facf";12874;"09";"Melegnano";19;6;2012;0;18;"20120618"
"151.49.229.123";"IT";13.780000;45.648600;"AS1267 WIND Telecomunicazioni S.p.A.";"mlab3-mil01";0.020861;817092.640513;"0.004011999";"linux2";"213.200.99.237";"bittorrent";1340040084;52546.119710;-1.000000;"db4c1f00-a6b9-40ad-b36d-a2fad669a491";1267;"06";"Trieste";19;6;2012;0;18;"20120618"
"78.134.91.209";"IT";9.316700;45.516700;"AS35612 NGI Spa";"mlab3-mil01";0.065501;321751.754676;"0.004012999";"darwin";"213.200.99.237";"speedtest";1340040249;29657.619158;0.125696;"7da8ef87-6dfd-41fe-8a53-f1a960d7de12";35612;"09";"Cernusco";19;6;2012;0;18;"20120618"
"93.66.116.63";"IT";12.833300;42.833300;"AS30722 Vodafone Omnitel N.V.";"mlab3-mil01";0.050777;225879.265670;"0.004012999";"darwin";"213.200.99.237";"speedtest";1340040283;60694.698745;0.057328;"e03eb71c-5d1f-41bc-9e20-cd6dfc7634e9";30722;"";"";19;6;2012;0;18;"20120618"
"79.20.70.163";"IT";8.066600;45.572300;"AS3269 Telecom Italia S.p.a.";"mlab3-mil01";0.039005;778486.915550;"0.004012999";"darwin";"213.200.99.237";"speedtest";1340040653;41521.610692;0.045431;"e838c543-3d44-45bd-9a51-ed5e3c0d7d06";3269;"12";"Biella";19;6;2012;0;18;"20120618"
"188.218.203.155";"IT";18.166700;40.300000;"AS30722 Vodafone Omnitel N.V.";"mlab3-mil01";0.069550;23474.111906;"0.004009999";"win32";"213.200.99.237";"bittorrent";1340040972;60858.151385;-1.000000;"1a885600-ab28-499c-8adf-fb4b2b758c63";30722;"13";"San Cesario";19;6;2012;0;18;"20120618"
"95.237.222.196";"IT";7.666700;45.050000;"AS3269 Telecom Italia S.p.a.";"mlab3-mil01";0.044723;398664.663210;"0.004012999";"win32";"213.200.99.237";"bittorrent";1340040993;46656.673756;-1.000000;"47bce1bd-51cc-4815-b6db-71ab66220dd6";3269;"12";"Torino";19;6;2012;0;18;"20120618"
"79.20.199.38";"IT";8.250000;44.133300;"AS3269 Telecom Italia S.p.a.";"mlab3-mil01";0.048433;477357.294013;"0.004012999";"darwin";"213.200.99.237";"bittorrent";1340041023;47548.526557;-1.000000;"a55fc3a4-6716-42c1-ba71-2271ab7783ac";3269;"08";"Loano";19;6;2012;0;18;"20120618"
"188.216.124.199";"IT";7.666700;45.050000;"AS30722 Vodafone Omnitel N.V.";"mlab3-mil01";0.233434;845219.264434;"0.004012999";"darwin";"213.200.99.237";"bittorrent";1340041204;65108.498864;-1.000000;"821aa4b7-0495-4899-9210-11d94170a73b";30722;"12";"Torino";19;6;2012;0;18;"20120618"
"188.10.109.16";"IT";9.187800;45.461200;"AS3269 Telecom Italia S.p.a.";"mlab3-mil01";0.023392;885358.794518;"0.004012999";"win32";"213.200.99.237";"bittorrent";1340041480;72007.353904;-1.000000;"fabd9ec4-04a0-49f7-9afc-39e5f8c565ba";3269;"09";"Milan";19;6;2012;0;18;"20120618"
"62.98.65.177";"IT";14.250000;40.833300;"AS1267 WIND Telecomunicazioni S.p.A.";"mlab3-mil01";0.021634;522764.175903;"0.004012999";"win32";"213.200.99.237";"speedtest";1340041653;38913.850202;0.035557;"2d006d8d-7c04-46bb-b056-798468ee365e";1267;"04";"Napoli";19;6;2012;0;18;"20120618"
"151.64.147.108";"IT";9.187800;45.461200;"AS1267 WIND Telecomunicazioni S.p.A.";"mlab3-mil01";0.021923;965353.129425;"0.004012999";"darwin";"213.200.99.237";"speedtest";1340041747;66191.093848;0.025631;"e10426cb-5035-441b-b484-603a906f7b30";1267;"09";"Milan";19;6;2012;0;18;"20120618"
"87.253.117.30";"IT";7.666700;45.050000;"AS35719 People & Communication S.R.L.";"mlab3-mil01";0.012525;853746.939484;"0.004012999";"darwin";"213.200.99.237";"bittorrent";1340041804;53868.902255;-1.000000;"60d5ec38-9b55-4e7a-b420-28c886960236";35719;"12";"Torino";19;6;2012;0;18;"20120618"
"82.57.12.248";"IT";17.216700;41.000000;"AS3269 Telecom Italia S.p.a.";"mlab3-mil01";0.064258;856756.778309;"0.004012999";"win32";"213.200.99.237";"bittorrent";1340042441;49131.757998;-1.000000;"f201d94b-ffc9-44aa-ac62-215bbc3baddd";3269;"13";"Polignano A Mare";20;6;2012;0;18;"20120618"
"188.217.129.219";"IT";14.333300;40.916700;"AS30722 Vodafone Omnitel N.V.";"mlab3-mil01";0.071071;22300.927722;"0.004012999";"win32";"213.200.99.237";"bittorrent";1340042591;19155.373609;-1.000000;"bb6c2e6b-7f94-482d-ab7a-ba9256571bd8";30722;"04";"Casalnuovo Di Napoli";20;6;2012;0;18;"20120618"
"151.65.186.18";"IT";10.250000;45.550000;"AS1267 WIND Telecomunicazioni S.p.A.";"mlab3-mil01";0.026528;1037472.836621;"0.004012999";"win32";"213.200.99.237";"bittorrent";1340042722;103564.950915;-1.000000;"9861474e-5920-4dc4-b269-535f5029f86a";1267;"09";"Brescia";20;6;2012;0;18;"20120618"
"188.10.200.91";"IT";9.716700;45.683300;"AS3269 Telecom Italia S.p.a.";"mlab3-mil01";1.544808;104637.641065;"0.004012999";"darwin";"213.200.99.237";"speedtest";1340043070;2099.988124;0.590413;"84b0a809-ea3e-464e-9590-f84cd3a89ac5";3269;"09";"Bergamo";20;6;2012;0;18;"20120618"
"95.252.40.120";"IT";9.466700;45.683300;"AS3269 Telecom Italia S.p.a.";"mlab3-mil01";0.034943;720091.887217;"0.004012999";"linux2";"213.200.99.237";"speedtest";1340043131;50123.577193;0.039542;"a4fb4910-ec49-4ae0-91f7-a2e3e4aa9e45";3269;"09";"Calusco D'adda";20;6;2012;0;18;"20120618"
"151.64.147.108";"IT";9.187800;45.461200;"AS1267 WIND Telecomunicazioni S.p.A.";"mlab3-mil01";0.021617;1037961.845378;"0.004012999";"darwin";"213.200.99.237";"bittorrent";1340043146;65763.343491;-1.000000;"e10426cb-5035-441b-b484-603a906f7b30";1267;"09";"Milan";20;6;2012;0;18;"20120618"
"85.18.28.68";"IT";12.833300;42.833300;"AS12874 Fastweb SpA";"mlab3-mil01";0.042874;132260.907468;"0.004009999";"win32";"213.200.99.237";"speedtest";1340043793;153369.125483;0.035522;"209e0493-6ac3-47f4-8a7e-513e3ce88ea8";12874;"";"";20;6;2012;0;18;"20120618"
"2.37.33.36";"IT";11.000000;45.450000;"AS30722 Vodafone Omnitel N.V.";"mlab3-mil01";0.060206;841927.654428;"0.004012999";"win32";"213.200.99.237";"speedtest";1340043536;66084.875883;0.065229;"fbf16a61-0135-4285-b426-89f0f0e74041";30722;"20";"Verona";20;6;2012;0;18;"20120618"
"79.13.203.101";"IT";10.100000;44.083300;"AS3269 Telecom Italia S.p.a.";"mlab3-mil01";0.031337;762916.045065;"0.004009999";"win32";"213.200.99.237";"bittorrent";1340043830;38130.379613;-1.000000;"ae73866b-a211-42d8-b6f2-d31777806a2e";3269;"16";"Carrara";20;6;2012;0;18;"20120618"
"82.57.12.248";"IT";17.216700;41.000000;"AS3269 Telecom Italia S.p.a.";"mlab3-mil01";0.064233;699235.200896;"0.004012999";"win32";"213.200.99.237";"speedtest";1340043864;47391.664812;0.070587;"f201d94b-ffc9-44aa-ac62-215bbc3baddd";3269;"13";"Polignano A Mare";20;6;2012;0;18;"20120618"
"151.65.186.18";"IT";10.250000;45.550000;"AS1267 WIND Telecomunicazioni S.p.A.";"mlab3-mil01";0.027166;526259.037171;"0.004012999";"win32";"213.200.99.237";"bittorrent";1340043955;102981.712892;-1.000000;"a5016d11-f6c1-4d6d-a30f-48088faa5e70";1267;"09";"Brescia";20;6;2012;0;18;"20120618"
"2.36.37.80";"IT";7.666700;45.050000;"AS30722 Vodafone Omnitel N.V.";"mlab3-mil01";0.039977;874050.291892;"0.004012999";"win32";"213.200.99.237";"bittorrent";1340043992;60682.012747;-1.000000;"dd1eb1c2-416e-467c-b945-ec64ed841caa";30722;"12";"Torino";20;6;2012;0;18;"20120618"
"151.73.33.145";"IT";14.566700;40.733300;"AS1267 WIND Telecomunicazioni S.p.A.";"mlab3-mil01";0.028506;383389.666406;"0.004009999";"win32";"213.200.99.237";"bittorrent";1340044488;51777.311047;-1.000000;"23d04e8c-1632-480a-8b47-f5057b877ee1";1267;"04";"Angri";20;6;2012;0;18;"20120618"
"151.64.147.108";"IT";9.187800;45.461200;"AS1267 WIND Telecomunicazioni S.p.A.";"mlab3-mil01";0.021104;981276.546522;"0.004012999";"darwin";"213.200.99.237";"speedtest";1340044539;54650.173362;0.025714;"e10426cb-5035-441b-b484-603a906f7b30";1267;"09";"Milan";20;6;2012;0;18;"20120618"
"79.6.133.81";"IT";9.200000;45.466700;"AS3269 Telecom Italia S.p.a.";"mlab3-mil01";0.026473;935705.020738;"0.004012999";"win32";"213.200.99.237";"bittorrent";1340044565;73309.626901;-1.000000;"fabd9ec4-04a0-49f7-9afc-39e5f8c565ba";3269;"09";"Milan";20;6;2012;0;18;"20120618"
"80.182.50.90";"IT";12.833300;42.833300;"AS3269 Telecom Italia S.p.a.";"mlab3-mil01";0.038636;676604.748550;"0.004012999";"darwin";"213.200.99.237";"bittorrent";1340044684;49092.749132;-1.000000;"b78c474f-55bd-448a-8e4f-7b197dfe68ad";3269;"";"";20;6;2012;0;18;"20120618"
"151.51.238.160";"IT";13.778400;45.653600;"AS1267 WIND Telecomunicazioni S.p.A.";"mlab3-mil01";0.020911;826351.778391;"0.004011999";"linux2";"213.200.99.237";"speedtest";1340044715;53770.908630;0.025188;"db4c1f00-a6b9-40ad-b36d-a2fad669a491";1267;"06";"Trieste";20;6;2012;0;18;"20120618"
"93.35.236.92";"IT";9.233300;45.683300;"AS12874 Fastweb SpA";"mlab3-mil01";0.048356;809784.884610;"0.004011999";"win32";"213.200.99.237";"speedtest";1340044880;35163.363489;0.051486;"9a8fa0ab-ee51-4da8-b32c-4f50bc470f20";12874;"09";"Carate Brianza";20;6;2012;0;18;"20120618"
"95.236.109.240";"IT";11.133300;46.066700;"AS3269 Telecom Italia S.p.a.";"mlab3-mil01";0.035127;1221023.495126;"0.004012999";"darwin";"213.200.99.237";"bittorrent";1340044948;111573.078398;-1.000000;"3a2b787f-c941-4b74-b356-2363c9904a6c";3269;"17";"Trento";20;6;2012;0;18;"20120618"
"79.20.70.163";"IT";8.066600;45.572300;"AS3269 Telecom Italia S.p.a.";"mlab3-mil01";0.039438;840493.471051;"0.004012999";"darwin";"213.200.99.237";"bittorrent";1340045013;40928.283666;-1.000000;"432d3481-f83e-450d-b373-e60ae5f17efe";3269;"12";"Biella";20;6;2012;0;18;"20120618"
"134.255.175.21";"IT";13.216700;43.366700;"AS198292 Wave-Max S.r.L.";"mlab3-mil01";0.097913;296829.253889;"0.004012999";"win32";"213.200.99.237";"bittorrent";1340045177;43533.455092;-1.000000;"708a55f0-3758-4099-a346-23683a39926d";198292;"10";"Cingoli";20;6;2012;0;18;"20120618"
"93.145.96.49";"IT";12.833300;42.833300;"AS44957 Vodafone Omnitel N.V.";"mlab3-mil01";3.665374;201143.888807;"0.004012999";"win32";"213.200.99.237";"bittorrent";1340045425;5862.666146;-1.000000;"4cf5e6e0-bdab-4304-be70-6c0813dd5cd1";44957;"";"";20;6;2012;0;18;"20120618"
"79.13.203.101";"IT";10.100000;44.083300;"AS3269 Telecom Italia S.p.a.";"mlab3-mil01";0.031345;745182.827668;"0.004009999";"win32";"213.200.99.237";"speedtest";1340045443;46352.391596;0.038210;"ae73866b-a211-42d8-b6f2-d31777806a2e";3269;"16";"Carrara";20;6;2012;0;18;"20120618"
"147.162.42.20";"IT";11.883300;45.416700;"AS137 GARR Italian academic and research network";"mlab3-mil01";0.013426;9091718.782520;"0.004010999";"linux2";"213.200.99.237";"speedtest";1340045446;8208996.701560;0.014882;"727d6a40-2b78-4641-8061-04b6a384e6a6";137;"20";"Padova";20;6;2012;0;18;"20120618"
"31.185.19.156";"IT";12.566700;43.050000;"AS47187 Forinicom S.r.l.";"mlab3-mil01";0.021455;48175.618042;"0.004012999";"win32";"213.200.99.237";"speedtest";1340045470;43590.338471;0.021310;"2a30a2a8-273c-4b16-9671-803dc3d96492";47187;"18";"Santa Maria Degli Angeli";20;6;2012;0;18;"20120618"
"84.221.231.178";"IT";7.666700;45.050000;"AS8612 Tiscali Italia S.P.A.";"mlab3-mil01";0.023878;1450121.702524;"0.004012999";"darwin";"213.200.99.237";"bittorrent";1340045681;84059.410830;-1.000000;"7e3598a2-40f8-4213-beaa-47abf033b292";8612;"12";"Torino";20;6;2012;0;18;"20120618"
"217.133.46.117";"IT";11.316700;43.583300;"AS8612 Tiscali Italia S.P.A.";"mlab3-mil01";0.028420;1622585.287870;"0.004012999";"win32";"213.200.99.237";"speedtest";1340045765;70053.902880;0.030729;"2765e625-af97-4607-9fbe-b7195291ba59";8612;"16";"Greve";20;6;2012;0;18;"20120618"
"188.217.129.219";"IT";14.333300;40.916700;"AS30722 Vodafone Omnitel N.V.";"mlab3-mil01";0.071716;24519.877801;"0.004012999";"win32";"213.200.99.237";"bittorrent";1340045821;25876.257618;-1.000000;"bb6c2e6b-7f94-482d-ab7a-ba9256571bd8";30722;"04";"Casalnuovo Di Napoli";20;6;2012;0;18;"20120618"
"188.216.183.24";"IT";12.833300;42.833300;"AS30722 Vodafone Omnitel N.V.";"mlab3-mil01";0.059304;788506.304113;"0.004012999";"darwin";"213.200.99.237";"speedtest";1340045998;65030.110840;0.064624;"eb287f52-d429-4a32-aa75-ba1fd1cf87d2";30722;"";"";20;6;2012;0;18;"20120618"
"79.6.133.81";"IT";9.200000;45.466700;"AS3269 Telecom Italia S.p.a.";"mlab3-mil01";0.023296;1018686.496770;"0.004012999";"win32";"213.200.99.237";"speedtest";1340046087;71600.904876;0.028947;"fabd9ec4-04a0-49f7-9afc-39e5f8c565ba";3269;"09";"Milan";21;6;2012;0;18;"20120618"
"87.253.117.30";"IT";7.666700;45.050000;"AS35719 People & Communication S.R.L.";"mlab3-mil01";0.020009;464518.093870;"0.004012999";"darwin";"213.200.99.237";"speedtest";1340046126;52451.923180;0.029465;"60d5ec38-9b55-4e7a-b420-28c886960236";35719;"12";"Torino";21;6;2012;0;18;"20120618"
"80.182.50.90";"IT";12.833300;42.833300;"AS3269 Telecom Italia S.p.a.";"mlab3-mil01";0.038198;775148.625085;"0.004012999";"darwin";"213.200.99.237";"speedtest";1340046145;48934.089305;0.130990;"b78c474f-55bd-448a-8e4f-7b197dfe68ad";3269;"";"";21;6;2012;0;18;"20120618"
"78.13.176.56";"IT";11.250000;43.766700;"AS8612 Tiscali Italia S.P.A.";"mlab3-mil01";1.100419;492725.252376;"0.004012999";"darwin";"213.200.99.237";"speedtest";1340046148;14194.461510;0.270016;"5f59af2e-2b13-403e-ba8c-0801e50c8913";8612;"16";"Florence";21;6;2012;0;18;"20120618"
"83.211.172.129";"IT";13.566700;42.583300;"AS15589 Clouditalia Communications S.p.A.";"mlab3-mil01";0.036855;480087.944434;"0.004012999";"win32";"213.200.99.237";"bittorrent";1340046371;29149.041796;-1.000000;"b6e23738-aa63-4482-8754-26d879467631";15589;"01";"Altavilla";21;6;2012;0;18;"20120618"
"151.64.24.143";"IT";9.233300;45.533300;"AS1267 WIND Telecomunicazioni S.p.A.";"mlab3-mil01";0.026722;705402.068265;"0.004012999";"linux2";"213.200.99.237";"bittorrent";1340046849;47907.869343;-1.000000;"122a0eee-5444-44b6-9181-38ffae82c977";1267;"09";"Sesto San Giovanni";21;6;2012;0;18;"20120618"
"81.174.47.101";"IT";12.833300;42.833300;"AS35612 NGI Spa";"mlab3-mil01";0.012795;148534.905350;"0.004012999";"darwin";"213.200.99.237";"speedtest";1340047211;112745.367105;0.016826;"59a9e8e1-3618-48e2-adea-6559f48400b8";35612;"";"";21;6;2012;0;18;"20120618"
"151.66.214.95";"IT";12.833300;42.833300;"AS1267 WIND Telecomunicazioni S.p.A.";"mlab3-mil01";0.021531;840186.041454;"0.004012999";"darwin";"213.200.99.237";"speedtest";1340047559;17476.989493;0.027482;"c68a8737-d4bf-4091-a499-f0a98b3059f8";1267;"";"";21;6;2012;0;18;"20120618"
"83.211.172.129";"IT";13.566700;42.583300;"AS15589 Clouditalia Communications S.p.A.";"mlab3-mil01";0.037592;506367.901763;"0.004012999";"win32";"213.200.99.237";"speedtest";1340047965;31745.253903;0.037189;"b6e23738-aa63-4482-8754-26d879467631";15589;"01";"Altavilla";21;6;2012;0;18;"20120618"
"130.192.91.211";"IT";7.666700;45.050000;"AS137 GARR Italian academic and research network";"mlab3-mil01";0.013978;11419193.811300;"0.004012999";"linux2";"213.200.99.237";"speedtest";1340048021;1430368.731340;0.017251;"91708cf1-7028-4b58-9520-faea0010494c";137;"12";"Torino";21;6;2012;0;18;"20120618"
"95.252.40.120";"IT";9.466700;45.683300;"AS3269 Telecom Italia S.p.a.";"mlab3-mil01";0.038035;559561.270665;"0.004012999";"linux2";"213.200.99.237";"bittorrent";1340048037;45984.769235;-1.000000;"a4fb4910-ec49-4ae0-91f7-a2e3e4aa9e45";3269;"09";"Calusco D'adda";21;6;2012;0;18;"20120618"
"151.65.173.172";"IT";9.166700;45.166700;"AS1267 WIND Telecomunicazioni S.p.A.";"mlab3-mil01";0.027845;537171.041820;"0.004012999";"win32";"213.200.99.237";"speedtest";1340048388;65983.409748;0.034176;"a5016d11-f6c1-4d6d-a30f-48088faa5e70";1267;"09";"Pavia";21;6;2012;0;18;"20120618"
"151.64.24.143";"IT";9.233300;45.533300;"AS1267 WIND Telecomunicazioni S.p.A.";"mlab3-mil01";0.021969;712169.629258;"0.004012999";"linux2";"213.200.99.237";"speedtest";1340048390;42269.475168;0.026069;"122a0eee-5444-44b6-9181-38ffae82c977";1267;"09";"Sesto San Giovanni";21;6;2012;0;18;"20120618"
"151.64.147.108";"IT";9.187800;45.461200;"AS1267 WIND Telecomunicazioni S.p.A.";"mlab3-mil01";0.020459;1037096.631396;"0.004012999";"darwin";"213.200.99.237";"bittorrent";1340048792;65894.794567;-1.000000;"e10426cb-5035-441b-b484-603a906f7b30";1267;"09";"Milan";21;6;2012;0;18;"20120618"
"79.0.144.41";"IT";10.233300;45.650000;"AS3269 Telecom Italia S.p.a.";"mlab3-mil01";0.109937;141590.431042;"0.004009999";"win32";"213.200.99.237";"speedtest";1340048786;18736.094113;0.151217;"6cb01856-9933-4988-87fe-32c12ca4ed72";3269;"09";"Pieve";21;6;2012;0;18;"20120618"
"151.33.118.238";"IT";7.516700;45.066700;"AS1267 WIND Telecomunicazioni S.p.A.";"mlab3-mil01";0.193661;829119.374052;"0.004011999";"win32";"213.200.99.237";"speedtest";1340049007;52537.434256;0.018017;"d9b73a6d-f8f5-4b51-ad98-19348e823a58";1267;"12";"Rivoli";21;6;2012;0;18;"20120618"
"151.66.214.95";"IT";12.833300;42.833300;"AS1267 WIND Telecomunicazioni S.p.A.";"mlab3-mil01";0.021643;841050.275325;"0.004012999";"darwin";"213.200.99.237";"bittorrent";1340049061;52699.160380;-1.000000;"c68a8737-d4bf-4091-a499-f0a98b3059f8";1267;"";"";21;6;2012;0;18;"20120618"
"88.47.41.57";"IT";12.833300;42.833300;"AS3269 Telecom Italia S.p.a.";"mlab3-mil01";0.044611;725008.323355;"0.004012999";"win32";"213.200.99.237";"bittorrent";1340049116;46355.290199;-1.000000;"ec2e71be-f555-4dee-b674-bc8e80a61d77";3269;"";"";21;6;2012;0;18;"20120618"
"188.10.200.91";"IT";9.716700;45.683300;"AS3269 Telecom Italia S.p.a.";"mlab3-mil01";1.040129;88229.753132;"0.004012999";"darwin";"213.200.99.237";"bittorrent";1340049250;49744.262286;-1.000000;"84b0a809-ea3e-464e-9590-f84cd3a89ac5";3269;"09";"Bergamo";21;6;2012;0;18;"20120618"
"93.35.243.124";"IT";9.200000;45.650000;"AS12874 Fastweb SpA";"mlab3-mil01";0.048233;879505.420035;"0.004011999";"win32";"213.200.99.237";"bittorrent";1340049272;48342.687416;-1.000000;"9a8fa0ab-ee51-4da8-b32c-4f50bc470f20";12874;"09";"Seregno";21;6;2012;0;18;"20120618"
"82.57.12.248";"IT";17.216700;41.000000;"AS3269 Telecom Italia S.p.a.";"mlab3-mil01";0.064029;708571.658333;"0.004012999";"win32";"213.200.99.237";"speedtest";1340049584;41257.652351;0.070229;"f201d94b-ffc9-44aa-ac62-215bbc3baddd";3269;"13";"Polignano A Mare";21;6;2012;0;18;"20120618"
"95.252.40.120";"IT";9.466700;45.683300;"AS3269 Telecom Italia S.p.a.";"mlab3-mil01";0.033402;482481.816843;"0.004012999";"linux2";"213.200.99.237";"speedtest";1340049667;49566.575960;0.038540;"a4fb4910-ec49-4ae0-91f7-a2e3e4aa9e45";3269;"09";"Calusco D'adda";22;6;2012;0;18;"20120618"
"94.36.33.130";"IT";8.950000;44.416700;"AS8612 Tiscali Italia S.P.A.";"mlab3-mil01";0.025381;872983.984665;"0.004012999";"darwin";"213.200.99.237";"bittorrent";1340049837;52298.009757;-1.000000;"894fe1ee-9250-416a-98be-74dd024aea06";8612;"08";"Genova";22;6;2012;0;18;"20120618"
"151.60.120.179";"IT";7.316700;44.633300;"AS1267 WIND Telecomunicazioni S.p.A.";"mlab3-mil01";0.026993;378886.037025;"0.004012999";"linux2";"213.200.99.237";"bittorrent";1340049952;61373.633631;-1.000000;"ce15cdd9-fbc9-4be9-8f83-94df036818bb";1267;"12";"Sanfront";22;6;2012;0;18;"20120618"
"151.64.17.245";"IT";9.200000;45.466700;"AS1267 WIND Telecomunicazioni S.p.A.";"mlab3-mil01";0.029163;561128.072985;"0.004012999";"linux2";"213.200.99.237";"bittorrent";1340049996;53333.671008;-1.000000;"122a0eee-5444-44b6-9181-38ffae82c977";1267;"09";"Milan";22;6;2012;0;18;"20120618"
"2.225.243.157";"IT";7.666700;45.050000;"AS12874 Fastweb SpA";"mlab3-mil01";0.034047;653158.012501;"0.004012999";"win32";"213.200.99.237";"speedtest";1340050224;101402.990458;0.037010;"d6f86b56-e8d8-492a-b6b6-1b402173691e";12874;"12";"Torino";22;6;2012;0;18;"20120618"
"80.182.50.90";"IT";12.833300;42.833300;"AS3269 Telecom Italia S.p.a.";"mlab3-mil01";0.039301;859620.479441;"0.004012999";"darwin";"213.200.99.237";"bittorrent";1340050524;73137.435019;-1.000000;"b78c474f-55bd-448a-8e4f-7b197dfe68ad";3269;"";"";22;6;2012;0;18;"20120618"
"151.66.214.95";"IT";12.833300;42.833300;"AS1267 WIND Telecomunicazioni S.p.A.";"mlab3-mil01";0.021351;792373.081206;"0.004012999";"darwin";"213.200.99.237";"speedtest";1340050576;53711.742831;0.027244;"c68a8737-d4bf-4091-a499-f0a98b3059f8";1267;"";"";22;6;2012;0;18;"20120618"
"62.98.65.177";"IT";14.250000;40.833300;"AS1267 WIND Telecomunicazioni S.p.A.";"mlab3-mil01";0.025494;706326.249430;"0.004012999";"win32";"213.200.99.237";"speedtest";1340050715;37575.873190;0.033768;"2d006d8d-7c04-46bb-b056-798468ee365e";1267;"04";"Napoli";22;6;2012;0;18;"20120618"
"195.110.137.171";"IT";12.483300;41.900000;"AS5396 MC-link Spa";"mlab3-mil01";0.032271;383522.439863;"0.004012999";"darwin";"213.200.99.237";"speedtest";1340050900;22927.870463;0.040637;"2d27e34d-ed0a-4c70-8dc2-070f5a0499a1";5396;"07";"Rome";22;6;2012;0;18;"20120618"
"84.222.108.196";"IT";11.866700;44.583300;"AS8612 Tiscali Italia S.P.A.";"mlab3-mil01";0.057010;483985.088605;"0.004012999";"darwin";"213.200.99.237";"speedtest";1340051240;38143.794255;0.059242;"8c002889-ba22-4c1b-a026-e262143a9d1d";8612;"05";"San Biagio";22;6;2012;0;18;"20120618"
"94.36.33.130";"IT";8.950000;44.416700;"AS8612 Tiscali Italia S.P.A.";"mlab3-mil01";0.025455;805278.799153;"0.004012999";"darwin";"213.200.99.237";"speedtest";1340051280;52731.997192;0.030694;"894fe1ee-9250-416a-98be-74dd024aea06";8612;"08";"Genova";22;6;2012;0;18;"20120618"
"2.225.128.51";"IT";7.666700;45.050000;"AS12874 Fastweb SpA";"mlab3-mil01";0.051992;434954.966195;"0.004012999";"darwin";"213.200.99.237";"bittorrent";1340051375;61616.701211;-1.000000;"28ba3b2e-cd9a-4c00-8b29-33e0cfe5c596";12874;"12";"Torino";22;6;2012;0;18;"20120618"
"84.221.231.178";"IT";7.666700;45.050000;"AS8612 Tiscali Italia S.P.A.";"mlab3-mil01";0.060508;1568813.039976;"0.004012999";"darwin";"213.200.99.237";"bittorrent";1340051400;82435.151566;-1.000000;"7e3598a2-40f8-4213-beaa-47abf033b292";8612;"12";"Torino";22;6;2012;0;18;"20120618"
"151.64.147.108";"IT";9.187800;45.461200;"AS1267 WIND Telecomunicazioni S.p.A.";"mlab3-mil01";0.021373;915723.765792;"0.004012999";"darwin";"213.200.99.237";"bittorrent";1340051584;66688.963068;-1.000000;"e10426cb-5035-441b-b484-603a906f7b30";1267;"09";"Milan";22;6;2012;0;18;"20120618"
"2.225.243.157";"IT";7.666700;45.050000;"AS12874 Fastweb SpA";"mlab3-mil01";0.033188;659249.361352;"0.004012999";"win32";"213.200.99.237";"bittorrent";1340051843;100032.129271;-1.000000;"d6f86b56-e8d8-492a-b6b6-1b402173691e";12874;"12";"Torino";22;6;2012;0;18;"20120618"
"87.253.117.30";"IT";7.666700;45.050000;"AS35719 People & Communication S.R.L.";"mlab3-mil01";0.026285;701792.938113;"0.004012999";"darwin";"213.200.99.237";"speedtest";1340051885;52836.811095;0.025377;"60d5ec38-9b55-4e7a-b420-28c886960236";35719;"12";"Torino";22;6;2012;0;18;"20120618"
"79.20.199.38";"IT";8.250000;44.133300;"AS3269 Telecom Italia S.p.a.";"mlab3-mil01";0.049460;454696.802973;"0.004012999";"darwin";"213.200.99.237";"speedtest";1340052010;49603.362852;0.055599;"a55fc3a4-6716-42c1-ba71-2271ab7783ac";3269;"08";"Loano";22;6;2012;0;18;"20120618"
"79.0.144.41";"IT";10.233300;45.650000;"AS3269 Telecom Italia S.p.a.";"mlab3-mil01";0.139120;567090.984910;"0.004009999";"win32";"213.200.99.237";"speedtest";1340052017;13595.321091;0.062407;"6cb01856-9933-4988-87fe-32c12ca4ed72";3269;"09";"Pieve";22;6;2012;0;18;"20120618"
"151.66.214.95";"IT";12.833300;42.833300;"AS1267 WIND Telecomunicazioni S.p.A.";"mlab3-mil01";0.022871;675699.081055;"0.004012999";"darwin";"213.200.99.237";"bittorrent";1340052076;53884.308630;-1.000000;"c68a8737-d4bf-4091-a499-f0a98b3059f8";1267;"";"";22;6;2012;0;18;"20120618"
"130.192.91.211";"IT";7.666700;45.050000;"AS137 GARR Italian academic and research network";"mlab3-mil01";0.014018;11409817.630721;"0.004012999";"linux2";"213.200.99.237";"bittorrent";1340052327;11710386.951837;-1.000000;"91708cf1-7028-4b58-9520-faea0010494c";137;"12";"Torino";22;6;2012;0;18;"20120618"
"93.32.51.187";"IT";9.200000;45.466700;"AS12874 Fastweb SpA";"mlab3-mil01";0.026450;1027538.163510;"0.004012999";"darwin";"213.200.99.237";"speedtest";1340052499;1136040.029920;0.027389;"02b45d50-da10-46a8-baa8-1a137c9ecf76";12874;"09";"Milan";22;6;2012;0;18;"20120618"
"31.185.19.156";"IT";12.566700;43.050000;"AS47187 Forinicom S.r.l.";"mlab3-mil01";0.050348;47357.498286;"0.004012999";"win32";"213.200.99.237";"bittorrent";1340052580;47894.585022;-1.000000;"2a30a2a8-273c-4b16-9671-803dc3d96492";47187;"18";"Santa Maria Degli Angeli";22;6;2012;0;18;"20120618"
"79.27.89.167";"IT";12.483300;41.900000;"AS3269 Telecom Italia S.p.a.";"mlab3-mil01";0.041460;982861.713211;"0.004012999";"darwin";"213.200.99.237";"bittorrent";1340052955;85970.575732;-1.000000;"c671e4d7-9027-4ae8-9058-ad41f0746af0";3269;"07";"Rome";22;6;2012;0;18;"20120618"
"151.64.147.108";"IT";9.187800;45.461200;"AS1267 WIND Telecomunicazioni S.p.A.";"mlab3-mil01";0.021820;968372.647896;"0.004012999";"darwin";"213.200.99.237";"speedtest";1340052977;66121.405554;0.025646;"e10426cb-5035-441b-b484-603a906f7b30";1267;"09";"Milan";22;6;2012;0;18;"20120618"
"2.225.128.51";"IT";7.666700;45.050000;"AS12874 Fastweb SpA";"mlab3-mil01";0.047167;403736.473167;"0.004012999";"darwin";"213.200.99.237";"speedtest";1340052981;60212.237520;0.050668;"28ba3b2e-cd9a-4c00-8b29-33e0cfe5c596";12874;"12";"Torino";22;6;2012;0;18;"20120618"
"151.60.120.179";"IT";7.316700;44.633300;"AS1267 WIND Telecomunicazioni S.p.A.";"mlab3-mil01";0.028767;206142.518524;"0.004012999";"linux2";"213.200.99.237";"bittorrent";1340053026;54692.210680;-1.000000;"ce15cdd9-fbc9-4be9-8f83-94df036818bb";1267;"12";"Sanfront";22;6;2012;0;18;"20120618"
"151.64.46.8";"IT";9.200000;45.466700;"AS1267 WIND Telecomunicazioni S.p.A.";"mlab3-mil01";0.030260;720212.983479;"0.004012999";"linux2";"213.200.99.237";"bittorrent";1340053080;52731.611158;-1.000000;"122a0eee-5444-44b6-9181-38ffae82c977";1267;"09";"Milan";22;6;2012;0;18;"20120618"
"2.230.35.188";"IT";9.316700;45.350000;"AS12874 Fastweb SpA";"mlab3-mil01";0.028139;617243.061265;"0.004012999";"darwin";"213.200.99.237";"speedtest";1340053368;108578.820781;0.030444;"681448f5-2440-4cd6-afef-f44ecf59facf";12874;"09";"Melegnano";23;6;2012;0;18;"20120618"
"78.14.224.92";"IT";9.116700;45.766700;"AS8612 Tiscali Italia S.P.A.";"mlab3-mil01";0.209792;45557.735280;"0.004012999";"darwin";"213.200.99.237";"bittorrent";1340053620;20554.245202;-1.000000;"39792736-bd8b-4a56-942d-1cc983336add";8612;"09";"Lurago D'erba";23;6;2012;0;18;"20120618"
"79.6.133.81";"IT";9.200000;45.466700;"AS3269 Telecom Italia S.p.a.";"mlab3-mil01";0.056488;434632.212730;"0.004012999";"win32";"213.200.99.237";"bittorrent";1340053725;69242.578555;-1.000000;"fabd9ec4-04a0-49f7-9afc-39e5f8c565ba";3269;"09";"Milan";23;6;2012;0;18;"20120618"
"79.20.70.163";"IT";8.066600;45.572300;"AS3269 Telecom Italia S.p.a.";"mlab3-mil01";0.039732;758937.229846;"0.004012999";"darwin";"213.200.99.237";"speedtest";1340053739;41386.002325;0.045073;"e838c543-3d44-45bd-9a51-ed5e3c0d7d06";3269;"12";"Biella";23;6;2012;0;18;"20120618"
"93.35.82.167";"IT";9.187800;45.461200;"AS12874 Fastweb SpA";"mlab3-mil01";0.065883;529390.352595;"0.004012999";"win32";"213.200.99.237";"bittorrent";1340053834;536533.428378;-1.000000;"a74b42dc-9390-4a0a-b2b2-2173de36eb4c";12874;"09";"Milan";23;6;2012;0;18;"20120618"
"147.162.42.20";"IT";11.883300;45.416700;"AS137 GARR Italian academic and research network";"mlab3-mil01";0.013422;8931497.035920;"0.004010999";"linux2";"213.200.99.237";"speedtest";1340054067;8438259.310600;0.014879;"727d6a40-2b78-4641-8061-04b6a384e6a6";137;"20";"Padova";23;6;2012;0;18;"20120618"
"78.13.176.56";"IT";11.250000;43.766700;"AS8612 Tiscali Italia S.P.A.";"mlab3-mil01";0.216806;339194.445206;"0.004012999";"darwin";"213.200.99.237";"bittorrent";1340054186;26448.164282;-1.000000;"5f59af2e-2b13-403e-ba8c-0801e50c8913";8612;"16";"Florence";23;6;2012;0;18;"20120618"
"93.62.242.110";"IT";12.029400;45.421400;"AS12874 Fastweb SpA";"mlab3-mil01";0.030288;427100.584895;"0.004012999";"darwin";"213.200.99.237";"speedtest";1340054306;431148.176508;0.032834;"9905faad-2379-4ce5-bea7-d26dfd5ef167";12874;"20";"Fiesso D'artico";23;6;2012;0;18;"20120618"
"217.133.46.117";"IT";11.316700;43.583300;"AS8612 Tiscali Italia S.P.A.";"mlab3-mil01";0.027838;1621461.594310;"0.004012999";"win32";"213.200.99.237";"speedtest";1340054395;107898.006649;0.030645;"2765e625-af97-4607-9fbe-b7195291ba59";8612;"16";"Greve";23;6;2012;0;18;"20120618"
"79.27.89.167";"IT";12.483300;41.900000;"AS3269 Telecom Italia S.p.a.";"mlab3-mil01";0.034007;930298.898738;"0.004012999";"darwin";"213.200.99.237";"speedtest";1340054405;93459.497786;0.038585;"c671e4d7-9027-4ae8-9058-ad41f0746af0";3269;"07";"Rome";23;6;2012;0;18;"20120618"
"151.32.58.7";"IT";7.600000;45.233300;"AS1267 WIND Telecomunicazioni S.p.A.";"mlab3-mil01";0.010752;841450.615926;"0.004012999";"linux2";"213.200.99.237";"bittorrent";1340054512;53266.073231;-1.000000;"e58cbc1f-8414-4fe3-8578-f8c48106d21d";1267;"12";"Ciriè";23;6;2012;0;18;"20120618"
"2.225.128.51";"IT";7.666700;45.050000;"AS12874 Fastweb SpA";"mlab3-mil01";0.134057;351701.926161;"0.004012999";"darwin";"213.200.99.237";"bittorrent";1340054600;45305.762802;-1.000000;"28ba3b2e-cd9a-4c00-8b29-33e0cfe5c596";12874;"12";"Torino";23;6;2012;0;18;"20120618"
"95.237.222.196";"IT";7.666700;45.050000;"AS3269 Telecom Italia S.p.a.";"mlab3-mil01";0.047590;327574.202481;"0.004012999";"win32";"213.200.99.237";"speedtest";1340054876;47753.012372;0.051759;"47bce1bd-51cc-4815-b6db-71ab66220dd6";3269;"12";"Torino";23;6;2012;0;18;"20120618"
"147.162.42.20";"IT";11.883300;45.416700;"AS137 GARR Italian academic and research network";"mlab3-mil01";0.013515;9222200.421012;"0.004010999";"linux2";"213.200.99.237";"bittorrent";1340055504;8532588.405288;-1.000000;"727d6a40-2b78-4641-8061-04b6a384e6a6";137;"20";"Padova";23;6;2012;0;18;"20120618"
"109.234.63.11";"IT";12.833300;42.833300;"AS43989 Ehinet Srl";"mlab3-mil01";0.022214;469691.902777;"0.004009999";"win32";"213.200.99.237";"bittorrent";1340055533;16191.240618;-1.000000;"5d6312ec-b414-42e6-8e89-702c7b4fd5e8";43989;"";"";23;6;2012;0;18;"20120618"
"93.62.242.110";"IT";12.029400;45.421400;"AS12874 Fastweb SpA";"mlab3-mil01";0.030614;437110.039576;"0.004012999";"darwin";"213.200.99.237";"bittorrent";1340055746;432275.018041;-1.000000;"9905faad-2379-4ce5-bea7-d26dfd5ef167";12874;"20";"Fiesso D'artico";23;6;2012;0;18;"20120618"
"87.4.82.50";"IT";9.716700;45.683300;"AS3269 Telecom Italia S.p.a.";"mlab3-mil01";0.037342;240049.931202;"0.004012999";"darwin";"213.200.99.237";"bittorrent";1340055790;49662.407017;-1.000000;"84b0a809-ea3e-464e-9590-f84cd3a89ac5";3269;"09";"Bergamo";23;6;2012;0;18;"20120618"
"151.33.12.183";"IT";7.666700;45.050000;"AS1267 WIND Telecomunicazioni S.p.A.";"mlab3-mil01";0.024210;786426.704539;"0.004012999";"win32";"213.200.99.237";"speedtest";1340056441;91082.254892;0.014518;"750b74dc-a4a8-4f1d-be31-231d72d952a2";1267;"12";"Torino";23;6;2012;0;18;"20120618"
"93.35.224.167";"IT";9.133300;45.633300;"AS12874 Fastweb SpA";"mlab3-mil01";0.049359;818311.322119;"0.004011999";"win32";"213.200.99.237";"speedtest";1340056571;47932.666063;0.051050;"9a8fa0ab-ee51-4da8-b32c-4f50bc470f20";12874;"09";"Cesano Maderno";23;6;2012;0;18;"20120618"
"2.225.231.97";"IT";7.666700;45.050000;"AS12874 Fastweb SpA";"mlab3-mil01";0.029812;1085705.654920;"0.004012999";"win32";"213.200.99.237";"speedtest";1340057032;996781.287966;0.030987;"252a836b-55fe-43a0-93e7-d33c5d47fae3";12874;"12";"Torino";0;6;2012;1;19;"20120618"
"151.51.238.160";"IT";13.778400;45.653600;"AS1267 WIND Telecomunicazioni S.p.A.";"mlab3-mil01";0.020819;808675.617739;"0.004011999";"linux2";"213.200.99.237";"speedtest";1340057164;49637.867685;0.027380;"db4c1f00-a6b9-40ad-b36d-a2fad669a491";1267;"06";"Trieste";0;6;2012;1;19;"20120618"
"79.31.20.251";"IT";8.533300;45.883300;"AS3269 Telecom Italia S.p.a.";"mlab3-mil01";0.026502;1487892.275827;"0.004012999";"win32";"213.200.99.237";"bittorrent";1340057592;100186.038644;-1.000000;"dfb9440f-b9f6-431b-b2f8-5386b49d1b01";3269;"12";"Stresa";0;6;2012;1;19;"20120618"
"88.47.41.57";"IT";12.833300;42.833300;"AS3269 Telecom Italia S.p.a.";"mlab3-mil01";0.044723;742018.012824;"0.004012999";"win32";"213.200.99.237";"bittorrent";1340057712;46289.622074;-1.000000;"ec2e71be-f555-4dee-b674-bc8e80a61d77";3269;"";"";0;6;2012;1;19;"20120618"
"2.37.33.36";"IT";11.000000;45.450000;"AS30722 Vodafone Omnitel N.V.";"mlab3-mil01";0.073955;519495.995486;"0.004012999";"win32";"213.200.99.237";"speedtest";1340057922;34057.602989;0.083054;"fbf16a61-0135-4285-b426-89f0f0e74041";30722;"20";"Verona";0;6;2012;1;19;"20120618"
"62.98.65.177";"IT";14.250000;40.833300;"AS1267 WIND Telecomunicazioni S.p.A.";"mlab3-mil01";0.024594;684861.712598;"0.004012999";"win32";"213.200.99.237";"bittorrent";1340057946;40821.772860;-1.000000;"2d006d8d-7c04-46bb-b056-798468ee365e";1267;"04";"Napoli";0;6;2012;1;19;"20120618"
"130.192.91.211";"IT";7.666700;45.050000;"AS137 GARR Italian academic and research network";"mlab3-mil01";0.014315;11358254.600189;"0.004012999";"linux2";"213.200.99.237";"bittorrent";1340058063;11681490.396544;-1.000000;"91708cf1-7028-4b58-9520-faea0010494c";137;"12";"Torino";0;6;2012;1;19;"20120618"
"81.174.11.50";"IT";8.650000;45.850000;"AS35612 NGI Spa";"mlab3-mil01";0.041642;182415.323957;"0.004012999";"darwin";"213.200.99.237";"bittorrent";1340058099;59725.613085;-1.000000;"04eb82ec-76b3-4615-b25a-7c0279090671";35612;"09";"Besozzo";0;6;2012;1;19;"20120618"
"82.57.12.248";"IT";17.216700;41.000000;"AS3269 Telecom Italia S.p.a.";"mlab3-mil01";0.071377;698353.243916;"0.004012999";"win32";"213.200.99.237";"speedtest";1340058163;49410.729076;0.070233;"f201d94b-ffc9-44aa-ac62-215bbc3baddd";3269;"13";"Polignano A Mare";0;6;2012;1;19;"20120618"
"2.230.212.185";"IT";7.666700;45.050000;"AS12874 Fastweb SpA";"mlab3-mil01";0.032810;492005.611504;"0.004012999";"win32";"213.200.99.237";"speedtest";1340058225;202961.932297;0.031492;"93a97de3-c431-4df5-a005-ea55834352bd";12874;"12";"Torino";0;6;2012;1;19;"20120618"
"79.13.203.101";"IT";10.100000;44.083300;"AS3269 Telecom Italia S.p.a.";"mlab3-mil01";0.030965;745643.736688;"0.004009999";"win32";"213.200.99.237";"speedtest";1340058330;46369.347748;0.037918;"ae73866b-a211-42d8-b6f2-d31777806a2e";3269;"16";"Carrara";0;6;2012;1;19;"20120618"
"151.64.147.108";"IT";9.187800;45.461200;"AS1267 WIND Telecomunicazioni S.p.A.";"mlab3-mil01";0.021318;695064.395156;"0.004012999";"darwin";"213.200.99.237";"speedtest";1340058586;59053.305661;0.025756;"e10426cb-5035-441b-b484-603a906f7b30";1267;"09";"Milan";0;6;2012;1;19;"20120618"
"78.13.176.56";"IT";11.250000;43.766700;"AS8612 Tiscali Italia S.P.A.";"mlab3-mil01";0.080074;312526.706244;"0.004012999";"darwin";"213.200.99.237";"speedtest";1340058928;21757.334678;0.307067;"5f59af2e-2b13-403e-ba8c-0801e50c8913";8612;"16";"Florence";0;6;2012;1;19;"20120618"
"79.24.12.129";"IT";9.350000;45.566700;"AS3269 Telecom Italia S.p.a.";"mlab3-mil01";0.037659;1487760.693500;"0.004012999";"win32";"213.200.99.237";"speedtest";1340059020;88050.152548;0.104475;"dfb9440f-b9f6-431b-b2f8-5386b49d1b01";3269;"09";"Agrate";0;6;2012;1;19;"20120618"
"87.253.117.30";"IT";7.666700;45.050000;"AS35719 People & Communication S.R.L.";"mlab3-mil01";0.012522;853559.933209;"0.004012999";"darwin";"213.200.99.237";"bittorrent";1340059083;53156.017740;-1.000000;"60d5ec38-9b55-4e7a-b420-28c886960236";35719;"12";"Torino";0;6;2012;1;19;"20120618"
"80.117.83.96";"IT";12.833300;42.833300;"AS3269 Telecom Italia S.p.a.";"mlab3-mil01";0.027576;836939.086625;"0.004012999";"win32";"213.200.99.237";"bittorrent";1340059367;40756.374879;-1.000000;"25353fbe-ce56-4192-a803-65a63443c70a";3269;"";"";0;6;2012;1;19;"20120618"
"62.98.65.177";"IT";14.250000;40.833300;"AS1267 WIND Telecomunicazioni S.p.A.";"mlab3-mil01";0.021328;691286.657773;"0.004012999";"win32";"213.200.99.237";"speedtest";1340059380;40796.913644;0.029871;"2d006d8d-7c04-46bb-b056-798468ee365e";1267;"04";"Napoli";0;6;2012;1;19;"20120618"
"2.225.128.51";"IT";7.666700;45.050000;"AS12874 Fastweb SpA";"mlab3-mil01";0.418409;144988.518760;"0.004012999";"darwin";"213.200.99.237";"speedtest";1340059450;32293.675663;0.303584;"28ba3b2e-cd9a-4c00-8b29-33e0cfe5c596";12874;"12";"Torino";0;6;2012;1;19;"20120618"
"79.27.89.167";"IT";12.483300;41.900000;"AS3269 Telecom Italia S.p.a.";"mlab3-mil01";0.038485;1246122.273450;"0.004012999";"darwin";"213.200.99.237";"speedtest";1340060212;89444.961351;0.042542;"c671e4d7-9027-4ae8-9058-ad41f0746af0";3269;"07";"Rome";0;6;2012;1;19;"20120618"
"79.20.70.163";"IT";8.066600;45.572300;"AS3269 Telecom Italia S.p.a.";"mlab3-mil01";0.039128;810254.767723;"0.004012999";"darwin";"213.200.99.237";"speedtest";1340060277;41444.328510;0.045257;"e838c543-3d44-45bd-9a51-ed5e3c0d7d06";3269;"12";"Biella";0;6;2012;1;19;"20120618"
"78.14.224.92";"IT";9.116700;45.766700;"AS8612 Tiscali Italia S.P.A.";"mlab3-mil01";0.080052;120797.960746;"0.004012999";"darwin";"213.200.99.237";"speedtest";1340060695;6292.023627;0.073489;"39792736-bd8b-4a56-942d-1cc983336add";8612;"09";"Lurago D'erba";1;6;2012;1;19;"20120618"
"2.37.33.36";"IT";11.000000;45.450000;"AS30722 Vodafone Omnitel N.V.";"mlab3-mil01";0.117148;411913.152652;"0.004012999";"win32";"213.200.99.237";"speedtest";1340060792;53298.334887;0.123791;"fbf16a61-0135-4285-b426-89f0f0e74041";30722;"20";"Verona";1;6;2012;1;19;"20120618"
"82.57.12.248";"IT";17.216700;41.000000;"AS3269 Telecom Italia S.p.a.";"mlab3-mil01";0.064267;698580.023045;"0.004012999";"win32";"213.200.99.237";"speedtest";1340061023;49151.855064;0.070020;"f201d94b-ffc9-44aa-ac62-215bbc3baddd";3269;"13";"Polignano A Mare";1;6;2012;1;19;"20120618"
"2.225.128.51";"IT";7.666700;45.050000;"AS12874 Fastweb SpA";"mlab3-mil01";0.137144;352592.148652;"0.004012999";"darwin";"213.200.99.237";"bittorrent";1340061070;42024.404975;-1.000000;"28ba3b2e-cd9a-4c00-8b29-33e0cfe5c596";12874;"12";"Torino";1;6;2012;1;19;"20120618"
"2.225.231.97";"IT";7.666700;45.050000;"AS12874 Fastweb SpA";"mlab3-mil01";0.027806;1145722.290643;"0.004012999";"win32";"213.200.99.237";"bittorrent";1340061370;62016.117784;-1.000000;"252a836b-55fe-43a0-93e7-d33c5d47fae3";12874;"12";"Torino";1;6;2012;1;19;"20120618"
"79.27.89.167";"IT";12.483300;41.900000;"AS3269 Telecom Italia S.p.a.";"mlab3-mil01";0.038733;973803.734285;"0.004012999";"darwin";"213.200.99.237";"bittorrent";1340061666;93263.232274;-1.000000;"c671e4d7-9027-4ae8-9058-ad41f0746af0";3269;"07";"Rome";1;6;2012;1;19;"20120618"
"130.192.91.213";"IT";7.666700;45.050000;"AS137 GARR Italian academic and research network";"mlab3-mil01";0.013604;11430712.249000;"0.004012999";"linux2";"213.200.99.237";"speedtest";1340062076;1594970.983530;0.015044;"cd78793c-1e3b-4944-b4b2-9768fc1cdb97";137;"12";"Torino";1;6;2012;1;19;"20120618"
"2.37.33.36";"IT";11.000000;45.450000;"AS30722 Vodafone Omnitel N.V.";"mlab3-mil01";3.172637;567275.281065;"0.004012999";"win32";"213.200.99.237";"bittorrent";1340062241;34387.498283;-1.000000;"fbf16a61-0135-4285-b426-89f0f0e74041";30722;"20";"Verona";1;6;2012;1;19;"20120618"
"62.98.65.177";"IT";14.250000;40.833300;"AS1267 WIND Telecomunicazioni S.p.A.";"mlab3-mil01";0.021883;680372.137004;"0.004012999";"win32";"213.200.99.237";"speedtest";1340062263;40323.134341;0.034758;"2d006d8d-7c04-46bb-b056-798468ee365e";1267;"04";"Napoli";1;6;2012;1;19;"20120618"
"188.216.124.199";"IT";7.666700;45.050000;"AS30722 Vodafone Omnitel N.V.";"mlab3-mil01";0.043892;799101.577375;"0.004012999";"darwin";"213.200.99.237";"speedtest";1340062344;65700.272417;0.047753;"821aa4b7-0495-4899-9210-11d94170a73b";30722;"12";"Torino";1;6;2012;1;19;"20120618"
"130.192.91.211";"IT";7.666700;45.050000;"AS137 GARR Italian academic and research network";"mlab3-mil01";0.014140;11416393.161900;"0.004012999";"linux2";"213.200.99.237";"speedtest";1340062362;1500880.861270;0.017497;"91708cf1-7028-4b58-9520-faea0010494c";137;"12";"Torino";1;6;2012;1;19;"20120618"
"31.185.19.156";"IT";12.566700;43.050000;"AS47187 Forinicom S.r.l.";"mlab3-mil01";0.029178;236312.648883;"0.004012999";"win32";"213.200.99.237";"speedtest";1340062541;218299.070814;0.026702;"2a30a2a8-273c-4b16-9671-803dc3d96492";47187;"18";"Santa Maria Degli Angeli";1;6;2012;1;19;"20120618"
"80.117.83.96";"IT";12.833300;42.833300;"AS3269 Telecom Italia S.p.a.";"mlab3-mil01";0.026508;780312.850428;"0.004012999";"win32";"213.200.99.237";"speedtest";1340063587;40157.458388;0.034043;"25353fbe-ce56-4192-a803-65a63443c70a";3269;"";"";1;6;2012;1;19;"20120618"
"87.4.74.136";"IT";8.850000;44.716700;"AS3269 Telecom Italia S.p.a.";"mlab3-mil01";0.446121;47184.669270;"0.004012999";"win32";"213.200.99.237";"bittorrent";1340063684;12361.651680;-1.000000;"d8a56420-51dd-4f7f-811c-30fa9ca36858";3269;"12";"Serravalle Scrivia";1;6;2012;1;19;"20120618"
"87.11.255.90";"IT";17.229700;40.476100;"AS3269 Telecom Italia S.p.a.";"mlab3-mil01";0.066606;754823.496314;"0.004009999";"win32";"213.200.99.237";"bittorrent";1340063937;49040.259470;-1.000000;"7989d7c5-459e-4910-93c2-ffd113604f5d";3269;"13";"Taranto";1;6;2012;1;19;"20120618"
"111.103.214.248";"JP";139.426300;35.742400;"AS2516 KDDI KDDI CORPORATION";"mlab2-hnd01";0.004129;18781922.015800;"0.004012999";"win32";"203.178.130.224";"speedtest";1339995813;61452426.070700;0.005168;"0707a788-a7ec-4504-8940-479dd69d995e";2516;"40";"Musashimurayama";14;6;2012;0;18;"20120618"
"111.103.214.248";"JP";139.426300;35.742400;"AS2516 KDDI KDDI CORPORATION";"mlab2-hnd01";0.004558;58535638.308680;"0.004012999";"win32";"203.178.130.224";"bittorrent";1340006605;45159846.261253;-1.000000;"0707a788-a7ec-4504-8940-479dd69d995e";2516;"40";"Musashimurayama";17;6;2012;0;18;"20120618"
"111.103.214.248";"JP";139.426300;35.742400;"AS2516 KDDI KDDI CORPORATION";"mlab2-hnd01";0.004946;18098780.391400;"0.004012999";"win32";"203.178.130.224";"speedtest";1340008180;60014446.200600;0.005199;"0707a788-a7ec-4504-8940-479dd69d995e";2516;"40";"Musashimurayama";17;6;2012;0;18;"20120618"
"111.103.214.248";"JP";139.426300;35.742400;"AS2516 KDDI KDDI CORPORATION";"mlab2-hnd01";0.004597;18008774.180500;"0.004012999";"win32";"203.178.130.224";"speedtest";1340011331;59632034.900600;0.005181;"0707a788-a7ec-4504-8940-479dd69d995e";2516;"40";"Musashimurayama";18;6;2012;0;18;"20120618"
"111.103.214.248";"JP";139.426300;35.742400;"AS2516 KDDI KDDI CORPORATION";"mlab2-hnd01";0.004409;37644374.187300;"0.004012999";"win32";"203.178.130.224";"speedtest";1340014479;60578026.867200;0.005171;"0707a788-a7ec-4504-8940-479dd69d995e";2516;"40";"Musashimurayama";19;6;2012;0;18;"20120618"
"111.103.214.248";"JP";139.426300;35.742400;"AS2516 KDDI KDDI CORPORATION";"mlab2-hnd01";0.004878;20668611.285800;"0.004012999";"win32";"203.178.130.224";"speedtest";1340017636;57966688.820700;0.005138;"0707a788-a7ec-4504-8940-479dd69d995e";2516;"40";"Musashimurayama";20;6;2012;0;18;"20120618"
"111.103.214.248";"JP";139.426300;35.742400;"AS2516 KDDI KDDI CORPORATION";"mlab2-hnd01";0.004222;47685957.110678;"0.004012999";"win32";"203.178.130.224";"bittorrent";1340019210;42389760.881031;-1.000000;"0707a788-a7ec-4504-8940-479dd69d995e";2516;"40";"Musashimurayama";20;6;2012;0;18;"20120618"
"111.103.214.248";"JP";139.426300;35.742400;"AS2516 KDDI KDDI CORPORATION";"mlab2-hnd01";0.005091;32837875.451000;"0.004012999";"win32";"203.178.130.224";"speedtest";1340020783;58938515.140700;0.005212;"0707a788-a7ec-4504-8940-479dd69d995e";2516;"40";"Musashimurayama";20;6;2012;0;18;"20120618"
